268.15
65.133
-133.65
158.8
446.617
131.53300000000002
206.083
239.267
237.88299999999998
252.933
127.75
-167.333
212.017
205.267
25.549999999999997
-39.266999999999996
346.817
-1.8670000000000044
54.683
360.4
421.817
182.8
463.883
148.267
288.55
207.46699999999998
216.75
-124.6
197.483
197.933
317.817
21.933000000000007
282.683
199.53300000000002
238.28300000000002
22.933000000000007
553.75
476.4
93.35
-70.733
238.61700000000002
126.267
-12.716999999999999
184.267
192.88299999999998
242.933
142.483
221.733
213.35
240.667
-39.583
44.733000000000004
609.883
281.467
-17.382999999999996
-269.0
435.15
436.867
34.016999999999996
43.333
378.883
430.067
382.75
236.667
420.283
368.467
148.417
310.4
396.75
394.4
327.75
-136.267
448.883
283.533
24.75
79.667
375.283
185.0
135.35
74.4
302.55
488.33299999999997
198.817
65.067
241.417
340.33299999999997
24.083
5.066999999999993
239.483
192.13299999999998
488.41700000000003
1.6670000000000016
178.88299999999998
213.067
348.41700000000003
-66.933
197.55
254.4
201.417
82.067
408.08299999999997
353.533
-232.05
26.132999999999996
405.883
299.133
217.21699999999998
206.6
457.08299999999997
290.867
-5.25
271.933
99.15
318.133
248.817
276.867
408.817
280.8
551.55
-237.067
318.15
369.867
103.617
359.067
384.283
450.133
261.41700000000003
97.733
344.15
237.46699999999998
-63.650000000000006
113.2
331.683
300.067
130.817
5.733000000000004
408.75
437.933
58.68300000000001
-249.667
345.35
305.8
87.55
144.733
275.15
408.867
328.75
40.333
295.41700000000003
324.0
-286.983
-137.13299999999998
301.683
204.13299999999998
167.483
-10.200000000000003
328.95
255.067
48.016999999999996
216.267
407.883
295.8
245.28300000000002
-112.533
453.15
408.867
434.617
149.667
484.08299999999997
271.4
157.75
340.0
408.617
79.333
363.75
-167.733
123.95
217.067
1.8829999999999956
356.2
592.35
418.33299999999997
170.483
-81.4
491.55
152.53300000000002
450.817
24.400000000000006
377.41700000000003
352.867
302.75
394.33299999999997
522.35
347.6
431.55
305.2
329.617
227.933
379.35
-361.0
386.55
364.533
171.417
138.8
138.88299999999998
314.067
477.617
173.13299999999998
246.15
306.133
113.617
-195.8
273.35
377.133
458.75
174.53300000000002
389.08299999999997
299.8
42.283
-319.4
439.35
241.667
-65.25
12.200000000000003
265.017
186.6
-1000.85
-107.867
127.95
279.66700000000003
242.483
-69.133
555.217
403.467
254.21699999999998
68.133
258.35
234.0
-119.05
425.533
520.617
278.067
-193.85
36.93300000000001
313.217
313.267
-118.583
357.8
373.883
262.467
393.41700000000003
340.4
322.683
406.133
239.28300000000002
180.46699999999998
373.817
244.267
403.08299999999997
26.867000000000004
395.483
432.267
336.017
-72.333
225.61700000000002
319.133
75.35
-289.0
363.017
346.267
256.817
-127.8
351.017
333.33299999999997
214.75
82.733
354.883
350.267
-153.183
199.267
329.817
63.400000000000006
-144.71699999999998
164.53300000000002
265.683
211.067
317.817
154.667
261.817
526.467
87.817
161.067
377.683
533.133
386.683
162.8
220.88299999999998
276.733
100.617
494.067
358.08299999999997
208.667
-161.11700000000002
102.0
218.483
291.8
261.95
-10.667000000000002
550.55
555.2
30.882999999999996
278.33299999999997
372.817
344.33299999999997
233.417
107.6
343.283
387.0
82.483
136.6
284.617
319.533
184.017
300.533
472.883
443.733
404.75
110.067
569.95
186.0
394.883
-128.267
374.017
185.067
-78.44999999999999
290.6
352.61699999999996
210.8
547.55
400.267
382.883
269.733
635.283
93.19999999999999
394.817
299.533
-30.583
286.533
636.95
422.6
554.817
-36.733000000000004
449.35
381.66700000000003
393.08299999999997
208.0
358.017
540.2
-38.05000000000001
247.267
621.083
345.6
152.55
184.867
361.017
365.2
532.283
196.133
654.55
558.933
699.817
454.933
707.95
522.867
243.617
354.333
395.75
619.933
790.75
212.86700000000002
711.883
587.2
539.483
685.467
616.283
509.0
360.817
642.267
498.283
775.8
121.75
291.0
566.4169999999999
554.733
574.55
413.933
891.15
567.467
721.883
550.2
697.217
658.467
688.4169999999999
321.333
1017.483
473.467
575.4169999999999
508.933
857.75
536.6
717.95
600.267
611.35
874.933
782.75
667.6669999999999
626.483
880.133
653.55
446.933
951.15
738.133
627.617
573.133
576.4169999999999
676.3330000000001
782.217
667.6669999999999
887.15
778.4
567.483
506.20000000000005
675.283
787.867
685.017
557.667
906.217
476.33299999999997
743.55
466.73299999999995
681.15
580.067
753.817
845.933
731.35
470.73299999999995
777.083
975.4
447.217
878.867
713.55
755.533
780.417
757.2
608.95
960.4
1150.083
659.067
688.217
1271.133
913.35
1110.533
488.54999999999995
695.267
1160.55
988.333
1126.817
1200.333
733.417
699.267
838.817
799.133
1344.15
1152.8
644.017
1112.0
1003.55
1227.2
1260.683
1071.067
988.35
1336.2
609.417
885.533
1010.75
1181.733
1499.75
1450.467
1394.75
1337.867
1129.95
1237.933
1257.15
1151.2
794.883
1008.0
1345.15
1161.467
1429.017
987.4000000000001
1498.017
1379.2
1498.083
1313.0
1452.55
1381.867
975.817
1443.933
1306.95
1216.733
1149.95
1273.6
1265.35
1384.333
1282.95
1073.467
1384.15
1165.933
1142.283
1025.733
1498.617
1388.133
1315.017
1398.333
1507.75
1258.267
1246.683
1141.667
1393.15
1427.8
1303.483
1061.467
1557.417
1292.933
1341.083
1316.0
1473.083
1344.8
852.4169999999999
1293.6
1363.35
1433.733
1454.55
1634.533
1761.283
1572.067
1596.55
1567.333
1699.55
1770.933
1619.083
1688.6
1685.617
1699.933
1861.55
1712.133
2085.283
1574.267
1141.017
1392.933
1612.75
1904.667
1630.483
1719.867
2078.217
1886.2
1804.017
1731.933
1969.35
2021.8
2037.417
1767.733
2137.017
1810.8
1705.483
1582.4
1634.55
1568.467
1888.283
1236.333
1613.55
1742.867
1983.683
1624.533
1941.283
1834.6
2049.75
1854.6
1921.817
1993.2
1978.017
1867.133
2197.017
1768.867
2296.617
2039.333
2066.883
1987.733
1900.55
2091.467
2328.417
1696.133
1806.683
2114.867
2361.95
2074.067
2156.35
1912.6
1984.483
1848.067
1952.083
2077.133
2050.017
2349.933
2635.283
1922.933
2496.483
2478.933
2357.417
2264.6
2313.15
2174.8
2142.683
2427.0
2376.883
2190.2
1981.55
2103.667
2035.483
1992.933
2333.083
2216.0
2370.35
2577.067
2392.083
2527.667
2744.55
2489.733
2826.217
2662.267
2973.95
2738.6
2583.35
2825.533
2831.217
2728.6
2536.883
2672.467
2508.817
2582.933
2472.017
2641.867
2607.683
2395.333
2068.217
2328.533
2274.883
2289.2
2111.15
2061.333
2314.35
2064.667
2012.35
1716.933
2325.95
1886.6
2228.417
2246.067
2437.817
2908.333
2702.55
2979.6
2849.417
3016.733
3129.15
2765.2
2953.483
2897.667
2623.55
2535.2
2818.683
2676.0
2924.683
2497.0
2756.55
2798.8
2777.55
2948.8
2907.95
2971.133
3136.75
3071.4
3109.083
3105.0
3021.417
2735.333
3064.483
3128.6
2976.483
3234.533
3308.417
3150.133
3037.883
2761.0
3267.817
3158.533
3456.083
3742.667
3826.283
4173.532999999999
4164.017
4022.8
3947.683
3879.867
3983.75
3593.533
4158.282999999999
3840.067
4004.617
3908.733
4145.75
3657.133
3819.483
3965.0
3787.017
3850.267
3625.15
3336.2
3952.417
4045.8
3911.817
4090.867
4264.95
4248.0
4124.55
3897.933
4243.217000000001
4180.133
3655.817
3867.8
3845.75
4064.6
3948.55
4163.8
4355.683
4106.6
3970.95
3451.467
3713.483
3835.8
3863.95
3589.133
3998.417
3678.733
3717.35
3504.867
3441.017
3374.333
3301.95
3363.733
3405.817
3525.133
3302.483
3441.667
3174.017
3368.0
3487.95
3611.533
3895.083
4057.933
4186.15
4337.6669999999995
4141.617
4211.733
3774.483
4309.0
4079.95
4088.067
4622.417
4313.267
4999.617
5021.6
4947.283
5134.4
5746.683
5234.0
5370.083
4822.667
4991.55
4889.333
4505.15
4239.133
4311.55
4172.267
3961.883
4088.667
4581.017
4196.333
4487.35
4540.467
5008.283
4996.467
5142.883
4874.6
4693.15
4565.333
4193.95
4066.133
4144.017
3743.333
3607.683
3455.067
3526.75
3466.8
2873.417
3228.267
3205.55
2880.933
2573.017
3333.867
3375.883
3491.2
3784.75
3534.6
4357.15
4580.933
4667.55
4506.333
4598.617
4365.933
3994.15
4147.067
4082.883
4261.267
4244.35
4065.3329999999996
4629.617
4293.333
4471.817
4365.933
4538.95
4467.0
4396.55
3858.6000000000004
4443.75
4327.933
4468.483
4397.133
4289.55
4333.133
4367.683
4373.333
5053.617
5092.933
5093.883
5325.733
5488.817
5586.467
5572.617
5376.067
5723.417
5475.2
5883.883
5482.0
5930.483
6366.8
5667.017
5900.467
6004.483
5778.333
5746.683
5015.6
4918.217
4375.333
4126.683
3213.6
3065.15
2574.133
2403.95
2392.0
2916.95
3201.0
3524.283
4048.867
4380.083
4610.2
4909.683
5334.467
5629.15
6030.267
5900.75
5894.8
6027.283
5494.267
5367.55
5080.867
4718.15
3947.4
3649.617
3327.533
3338.617
3672.667
3836.817
4395.667
5241.617
5511.0
5705.883
6582.733
6847.483
6934.133
7327.55
7040.267
7777.617
7795.933
8197.483
7909.533
7848.683
8273.667000000001
8039.017
8100.2
8251.082999999999
8082.733
8329.483
8108.6
8777.483
8592.934
8700.616
8495.0
8992.684
8818.667
8654.816
8711.866
9275.55
9036.134
8991.616
8774.2
8929.684
8456.733
8561.684
8725.8
8800.483
9225.6
8960.35
9060.333
9126.083
8804.6
8535.083
8337.066
8503.95
8790.733
8956.017
8869.333
8880.55
8874.134
8825.283
8671.6
8586.417
8566.066
8411.15
8477.667
8919.35
8696.2
8900.35
8573.134
8737.083
8968.733
8733.616
9117.2
9251.95
9226.667
9383.017
9462.333
9555.55
9878.2
10113.816
9905.0
9866.55
9794.134
9130.95
8602.667
8771.75
8706.467
8634.35
8540.533
8833.217
9093.533
9205.417
9835.533
9769.483
10391.066
10311.483
10332.533
10313.217
10727.934
10117.017
10247.0
10668.884
10189.6
10258.95
10437.533
10404.55
10194.0
10810.816
10317.733
10643.283
10583.934
10463.083
10214.733
10483.483
10314.733
10363.55
9784.667
10439.217
10243.066
10243.217
9827.066
10231.283
10596.6
10764.616
10424.533
10687.35
10807.467
10573.884
10563.333
10499.283
9493.8
9951.884
10008.866
10091.75
9605.733
10219.95
10023.066
10120.55
9814.333
9784.15
10142.6
10284.95
10211.066
10306.417
10034.533
9816.083
9787.533
9216.816
9449.8
10168.15
9950.066
10086.884
10419.6
10755.417
10810.467
11005.083
10643.467
10796.017
10910.866
10841.017
10375.866
10235.417
9735.667
9913.95
9162.934
9828.283
10043.333
9716.684
9715.4
10504.15
10477.6
9924.75
9987.333
10786.35
10992.6
10669.15
10488.667
10608.95
10682.934
10416.017
10350.8
10580.884
10369.866
10654.816
10939.6
10636.55
10849.866
11161.884
10252.934
10541.884
10386.4
10027.35
10298.267
9587.616
9862.066
9888.083
10849.8
10752.017
10557.934
10546.55
10100.733
10404.283
10367.733
10699.816
10337.267
10134.884
9571.066
9449.95
9139.4
8772.95
8694.6
8089.217
7951.6
7975.15
7965.667
8440.283
8864.4
9743.684
10331.267
11429.816
11563.0
12588.75
11765.134
11226.684
11668.667
11547.95
11375.533
12139.684
12210.733
12447.017
12267.533
12176.55
11533.2
11106.217
10763.066
11001.884
10879.8
12169.15
11652.333
12250.417
12290.733
12597.017
12658.2
12292.684
13018.733
13175.95
13758.2
13652.616
13787.267
14010.884
14396.533
13356.017
13572.134
12975.616
13297.2
13243.95
13695.2
13137.083
12936.733
12472.017
12265.066
12522.616
12237.267
11352.35
12224.667
12106.483
12881.533
13061.75
13100.533
13994.217
13582.467
13231.483
13556.733
13548.616
13361.134
13316.017
13476.467
13905.75
14348.134
14374.884
14086.2
14185.55
15780.333
14552.616
14608.934
14878.616
14246.4
14843.417
14792.333
15423.684
14828.066
14295.217
14630.333
14868.816
14724.267
14213.684
14145.6
15219.684
15662.934
15313.684
14701.866
15013.35
14801.333
14698.684
13852.934
14772.417
14579.934
14264.283
13575.733
14167.816
14438.134
14400.684
13966.733
15024.15
15045.267
14813.816
15184.866
15356.884
16079.267
15375.616
15163.134
15764.616
15322.2
15636.884
14759.866
15107.95
15834.2
15375.55
15507.333
15536.083
15109.066
15332.95
15754.8
16383.017
16087.0
16053.95
16269.8
16105.15
16512.934
16978.482
16547.2
16499.217
16067.2
16112.884
15578.667
16071.417
15657.467
16013.684
15359.267
14956.15
15191.533
15080.417
14783.667
15365.15
14912.333
15058.083
15120.467
15095.75
15169.4
14992.884
15581.866
16063.217
16445.667
15566.95
15651.934
15716.884
15178.267
15972.55
15596.2
16136.017
16171.533
16497.417
16526.667
16684.816
16922.801
16353.55
15894.934
17535.617
16924.467
16838.949
17083.666
17353.018
16144.733
16855.15
16100.533
17086.684
16841.4
16117.217
16629.199
17123.883
16869.066
16974.084
17908.0
17310.416
16739.934
16556.283
16320.533
16205.017
16767.867
17417.018
17332.867
17976.75
18122.934
18509.482
18011.467
18067.416
18452.199
18221.35
18187.334
18204.084
18313.467
18708.816
18380.066
19078.018
18836.467
18940.018
19400.268
19210.816
19190.732
18717.75
18846.533
19121.482
18719.732
18562.217
18388.334
19084.949
18789.4
19785.551
19033.867
18667.949
19140.467
19220.35
19982.0
20067.416
20154.268
19547.949
19804.934
19324.482
19484.732
19267.816
19611.867
19823.617
21638.666
19991.217
20841.066
21161.949
21334.666
20788.217
22074.934
21555.551
21844.801
22553.084
23224.666
22073.949
22636.467
22115.883
22366.334
23996.482
22503.4
22662.018
21806.199
21795.35
21906.934
22599.949
22407.0
22912.416
23685.4
23093.416
23894.801
24542.283
25188.4
25206.35
25386.732
26198.283
26844.066
26188.35
24844.268
25723.684
25906.867
25134.883
25677.666
26288.617
26317.467
26157.949
26606.801
27236.15
26521.666
28018.283
28631.934
28267.084
27702.133
28810.482
28610.801
28667.551
28344.4
28715.35
28898.199
28638.551
28683.4
28285.75
28584.934
29463.018
30175.268
30613.482
30903.533
32319.416
32551.4
31993.018
32616.6
32659.949
32416.533
32458.416
31493.4
32465.35
31644.867
31592.482
33153.199
33733.484
34091.934
34157.352
34327.465
35078.215
34201.266
34444.551
33897.668
34185.949
34433.398
33900.684
34624.867
35363.418
35744.535
35834.684
36041.0
36457.551
36459.465
35901.215
36186.668
35998.883
36106.332
35433.148
36027.535
36144.816
36298.867
36693.148
36222.867
36101.215
36278.602
36347.75
36444.535
36499.617
36859.734
36562.484
36751.133
36978.215
36700.332
35591.215
35090.801
33390.484
31970.133
31094.283
30695.467
30701.15
31097.133
31059.617
32399.4
33996.484
34571.0
35203.082
35339.535
35583.418
36523.934
37501.551
37125.535
37828.148
37854.133
37488.551
36700.266
36421.148
36698.668
37244.75
37605.535
38023.551
38637.332
39513.75
40123.602
40217.082
40294.266
39502.352
39367.801
38877.418
39185.133
39232.816
39239.0
39186.684
38492.332
38065.75
37853.801
37306.016
37348.602
37690.148
37463.199
38891.352
39108.867
39494.816
40110.398
40324.617
39439.465
39708.016
39256.535
39343.684
39660.066
40062.082
40468.668
41513.75
41270.0
41913.617
41448.0
41424.551
40994.867
40238.75
40414.668
40342.484
40516.602
40265.816
40536.934
41141.949
41463.867
40941.617
41071.668
42058.816
41598.465
41991.352
41275.066
41844.352
41284.398
40342.082
39821.465
39504.352
39392.602
39634.418
39919.668
40380.551
41532.0
41198.352
42064.734
41509.883
41550.734
41385.949
40885.465
40548.617
40130.668
39449.75
39639.668
39604.816
39355.668
39581.285
39571.398
39330.285
39416.867
39288.016
39362.465
39898.418
40381.934
40286.148
40822.867
41520.816
41757.734
41675.883
42075.602
41855.016
41712.801
41007.285
40523.066
40032.082
40328.0
40715.883
40482.066
41281.617
41668.535
42238.016
42504.133
42517.949
42440.934
43258.883
43600.602
44153.016
44279.934
43921.484
43700.867
43483.551
43443.465
42705.016
42500.602
42645.148
42624.801
42272.883
42170.801
41253.617
41894.934
41390.551
41890.535
41805.684
42694.133
43197.215
43867.133
44201.418
44538.332
43541.352
43681.801
43112.215
43124.934
43499.883
43136.602
43111.418
42723.465
43094.082
43478.934
43465.551
43690.668
43711.418
44249.066
44702.215
45514.867
44757.75
44561.199
43893.883
43901.668
43085.883
43025.734
42974.949
42712.934
43346.352
43482.867
41702.684
42859.602
42750.148
42418.734
42613.816
42329.066
42229.617
42491.332
43081.949
43391.867
43403.418
43269.133
43480.684
44193.0
44228.617
44584.0
44297.215
43736.602
42355.949
40770.465
39910.285
38389.332
36722.418
36209.0
36887.352
37944.668
40326.484
40996.066
40394.285
40418.0
40636.883
40107.801
40526.883
39939.266
39443.684
40354.801
41615.148
42608.734
42513.082
42965.801
43105.285
43587.734
44425.148
43904.332
43765.816
43880.465
43055.551
43553.867
44023.949
44106.801
43829.418
44721.535
45129.816
45172.734
45236.215
44464.266
44360.016
44066.133
44206.215
43932.266
43195.148
42954.199
42467.352
43521.398
44304.082
44994.535
44775.352
45460.199
46352.816
46669.398
46113.75
45694.734
46017.016
45421.801
45309.484
44641.266
45335.75
45886.398
45371.418
45095.535
44718.148
43600.398
42926.082
41278.465
40179.816
39743.535
39840.883
40255.867
40766.883
42031.535
42221.285
43563.867
43895.285
43919.867
44595.816
44752.668
45270.949
45414.199
45612.285
46064.602
46958.551
46286.398
45853.418
45022.867
44881.617
44738.332
44638.684
44653.934
44641.75
45421.199
46391.816
46459.867
46458.816
46447.465
46374.215
46128.668
46102.352
46094.332
44851.684
44306.465
43888.016
43279.266
42442.816
41927.332
42280.016
42583.266
43043.215
43483.465
44190.148
44253.133
44026.352
43887.668
44055.883
43750.734
43347.617
43447.734
43888.148
44419.332
44540.617
44606.801
45151.418
45685.398
45680.684
45724.934
45490.352
45282.266
44598.016
43874.867
43523.148
42597.934
41547.617
42872.266
42774.215
43119.066
43297.285
43944.801
44040.75
44392.668
43912.684
43991.465
44271.883
43780.734
43652.684
43481.066
43358.949
43067.199
42380.016
41848.801
42023.215
42067.332
41589.418
40933.199
41302.418
41078.199
40850.551
40851.668
41087.816
41379.266
41618.082
42075.535
42228.816
42750.133
42470.285
42299.398
42704.016
42639.934
41497.082
42217.734
41750.551
41829.133
42018.484
41384.602
41469.551
42367.133
42530.352
42983.668
42882.285
42941.133
42913.418
42573.266
43025.148
42526.867
42010.215
41937.066
42234.418
42722.199
42861.016
42143.602
42290.418
42189.266
41725.484
42036.535
42203.148
42052.266
41861.617
42047.266
41733.883
41966.867
41371.148
41098.465
41000.484
40884.602
41207.215
40705.867
41566.215
41833.133
42335.551
41679.066
41865.617
41893.535
42166.418
42054.867
41765.949
41944.867
41943.883
41721.066
41683.617
41767.668
41419.285
40949.602
41299.215
41453.0
41567.949
41499.398
41701.082
41725.199
41615.352
42022.867
42071.016
42310.133
41436.148
41017.332
41296.484
40712.266
40753.352
40535.199
41082.082
41614.465
41455.285
41287.332
41609.75
41528.398
41819.816
41648.668
41748.352
42109.867
41862.617
41851.602
42030.684
42059.398
41948.617
41857.266
41116.285
41341.465
40540.215
40755.734
40854.617
40718.801
40405.082
40558.199
40476.352
40377.0
40445.949
40839.465
40443.215
41041.734
40809.949
40773.734
40256.484
39829.133
39492.285
39589.734
39244.883
39237.801
38939.215
39493.0
39732.285
39786.465
39618.215
39238.801
40273.148
40494.535
40791.75
40862.602
41420.816
41654.801
40952.352
40740.0
40613.816
40595.398
39706.352
39895.266
40121.617
40079.535
40404.215
40369.867
40875.016
40735.734
40860.082
40645.668
40903.418
40537.266
40306.148
39724.199
40386.484
40523.602
39624.215
40540.535
40169.016
40525.332
40727.016
40177.934
40454.484
40052.398
39235.352
38800.535
39277.883
39090.934
38722.016
39183.668
39218.883
40181.266
39921.816
40596.066
40752.551
40477.934
40427.816
40767.266
41074.484
40546.668
40071.285
39806.734
39798.418
39299.801
39146.016
39066.133
39697.285
39694.398
39624.75
39570.801
40211.684
40249.465
39889.016
39626.266
39631.352
39194.0
38569.016
38082.867
38138.75
38124.535
37754.883
38067.266
38462.684
39007.465
39218.285
39351.535
39659.684
39860.734
40232.215
40157.133
40336.75
40056.734
39944.082
40426.934
39824.684
40291.867
39951.816
39542.934
40109.016
40019.0
40158.816
39790.266
39633.816
39582.199
39577.551
38970.199
39130.285
38852.801
38674.816
38926.668
38635.352
38403.535
38381.75
38277.465
39115.285
39332.199
38560.617
38626.0
39258.684
39129.801
39039.215
39482.801
39017.148
38674.332
38589.949
37833.332
38277.352
37489.535
37692.215
37569.535
37550.617
38097.398
37832.082
38158.332
38038.016
38009.066
38354.484
38235.398
38569.215
38529.199
38015.418
38124.199
38283.484
38466.734
37617.684
37962.332
38132.418
38189.801
37547.215
38001.266
38684.883
38283.133
38023.617
38832.199
38857.215
38771.867
38424.082
38015.801
38582.016
38087.266
38323.148
38251.066
38001.883
38181.602
38045.883
37857.734
38175.883
37897.398
37247.949
37432.066
37701.215
37482.934
36878.148
36902.398
36616.949
36456.535
36346.816
35907.934
36499.285
36511.668
36095.816
37070.934
36956.352
37221.398
37193.883
36816.266
37429.016
37162.266
36846.816
36324.801
36831.684
37000.734
36220.75
35507.0
34760.016
34083.801
33548.016
32857.801
32473.416
31884.666
31463.482
32598.732
33228.684
33245.934
33785.215
34476.0
35619.148
35312.535
35743.484
35550.734
35513.883
35699.734
35289.551
35100.0
35285.148
35254.535
34854.215
34956.133
35082.352
35279.133
35070.949
34784.668
35182.816
34937.199
34998.148
34754.332
35178.684
35138.0
34815.484
35335.133
35233.148
35038.535
34640.949
34383.465
34416.418
34293.332
34262.352
34396.398
34228.551
34571.734
34652.949
34404.266
34627.484
35069.066
34792.949
34567.801
34816.75
34932.066
34793.75
34908.801
34866.684
34411.133
34267.016
34191.0
34380.883
34262.0
33509.75
33933.133
33777.75
34065.801
33881.949
33691.602
33772.816
33913.266
34281.082
33809.199
33979.551
34236.734
33657.418
33938.801
33891.352
33806.266
33326.551
33416.535
33320.617
33361.801
33459.551
33348.133
33265.148
33231.668
32660.217
32963.867
32786.482
32999.732
32546.883
32924.199
33514.352
33120.465
33561.285
33569.535
33467.016
33812.066
33622.016
33661.668
33673.551
33557.133
33796.016
33545.801
33700.75
33447.0
33694.016
33439.398
33876.684
33264.602
33366.484
33107.266
33361.484
33495.398
33048.816
32906.801
33044.551
33036.133
33051.816
33082.398
33125.215
33227.266
33178.082
33073.668
33047.684
32670.199
32258.018
32182.4
32314.283
31869.934
31560.949
31740.066
32086.35
32042.666
31629.949
31663.533
32031.084
31826.334
31485.684
31246.934
31520.883
31295.6
30943.283
30465.801
30853.551
30930.0
30870.416
31132.334
31044.15
31056.133
30461.283
30730.934
30308.949
30259.199
29501.949
29399.533
29425.883
28980.533
28958.883
28324.867
28668.617
28348.268
27747.283
27055.867
26958.283
27017.6
26885.617
26264.467
26517.551
26460.467
26740.35
26759.066
27367.482
27774.334
28534.949
29247.467
29365.15
29529.6
29530.416
29819.6
29612.883
29236.066
29302.551
29079.732
29386.551
29120.467
29409.949
29489.0
29809.283
29731.066
29944.684
29859.533
30286.551
30145.4
29891.217
30154.934
30434.684
30212.334
29976.416
29723.666
30101.551
29959.666
29735.35
29634.867
29747.084
29792.6
30169.551
29396.732
29909.482
29895.467
29896.35
29766.533
30031.883
29779.732
29435.35
29426.066
29554.816
29745.334
28993.15
28916.334
29133.75
28881.0
28805.75
29020.934
29132.949
28821.801
28684.883
28492.934
28437.816
28470.801
28598.617
28513.4
28441.416
28404.533
28421.15
28345.4
28205.416
28195.6
28020.816
27444.0
27829.15
27442.934
27531.816
27519.934
27628.482
27411.4
27576.416
27529.4
27527.482
27871.133
27655.684
27968.934
27846.684
28047.467
27796.816
27345.666
27496.15
27296.334
27132.283
27336.066
27236.35
27230.334
27240.15
27085.934
27528.816
28034.199
27551.35
28142.133
28230.018
27966.133
28112.816
27785.334
28033.949
28174.732
28299.75
28461.801
28575.883
28873.199
28788.482
29173.801
29490.949
29789.934
29255.949
29121.4
29432.883
29959.533
29776.15
30212.199
30407.217
30820.334
30568.15
30716.732
30595.416
30354.199
29605.617
28608.867
28110.018
27761.334
27478.551
27229.133
26997.416
26995.732
26903.816
26759.268
27041.482
26913.732
26888.15
26875.133
27250.482
26987.133
26859.816
26507.867
26510.949
26713.133
26293.35
26602.732
26456.482
26646.066
26648.949
26768.867
26833.949
27030.133
26662.084
26818.934
27168.617
26940.6
26390.949
26738.666
27086.482
26913.066
26533.617
26780.533
27027.482
26460.801
26871.816
26209.533
26533.217
26213.268
25987.416
26157.268
25996.75
26054.467
25845.949
25398.6
26015.283
26096.4
25746.551
25781.268
25981.15
25731.4
26089.35
25566.867
25719.684
25812.4
25923.35
25922.801
26063.217
25794.199
25956.482
26037.4
26272.35
25864.4
25430.949
25431.732
25721.883
25888.801
25592.816
25695.0
25613.35
25798.4
25557.482
25573.199
25585.416
25522.0
25119.684
24852.066
25518.816
25297.6
24845.551
24725.0
25194.416
24811.467
24824.018
24901.199
25140.416
24882.533
23879.283
24654.934
25098.75
24676.199
24627.15
24250.199
24537.482
24603.199
24835.816
24804.4
24690.684
24408.133
24452.018
24440.467
23896.283
23723.199
23181.883
23483.199
23020.283
23415.268
22964.684
23031.801
24320.551
24138.6
24078.617
24645.268
24469.949
24546.801
24124.084
23948.467
23756.416
23775.4
23541.084
23618.066
23690.482
23692.666
23288.15
23535.467
24175.816
23734.133
23199.35
23560.4
23820.084
23882.666
23518.75
23678.133
23806.551
23481.801
23127.949
22771.867
23233.283
22784.6
22723.551
22270.199
22316.018
22374.199
21727.482
21273.467
21125.816
19804.801
19065.883
18272.4
18443.75
18427.732
18534.15
18697.066
19479.217
20369.533
20821.084
20890.334
21070.883
21721.934
22198.018
22052.0
21772.75
22179.334
22078.018
22225.066
22164.816
21799.867
21508.416
21364.066
21841.883
21664.934
21273.684
21943.801
21816.416
22016.867
22129.35
21953.666
22116.482
22073.334
21854.551
21918.732
22048.35
22234.199
21793.816
21794.4
22144.482
22275.801
22152.283
22173.934
22364.018
22346.666
22166.949
21710.4
22171.617
22070.0
21782.35
21589.934
21862.75
21999.199
21774.35
21347.133
21589.283
21931.0
21327.35
21948.0
22067.684
22028.0
22430.217
22159.0
22275.15
22225.467
21999.482
22134.4
22069.416
22010.4
21674.551
21762.533
21781.684
21862.934
21739.084
21821.334
22046.883
22085.732
21768.416
21525.268
21842.018
21695.867
21886.217
21480.268
21954.617
21788.4
21999.35
21976.867
22087.75
21984.533
21542.084
21249.533
21825.949
21678.199
21870.617
21451.467
21364.551
21457.334
21377.416
21700.467
21478.75
21425.268
20905.217
20898.666
20999.084
21318.133
20401.416
20703.934
20930.816
20951.533
20701.684
20571.732
20987.816
20888.133
20715.883
20800.666
20909.018
21083.199
20372.018
20579.4
21066.283
21086.268
20784.482
20646.467
20764.416
20932.268
20546.816
20566.268
20733.75
20609.133
20083.283
20374.934
20381.684
20198.801
20158.684
20314.199
19976.084
20723.467
20085.816
19973.533
20109.75
20133.467
20019.482
19451.199
19987.482
20012.133
19721.883
19448.867
19958.551
19815.666
19657.617
19181.867
19749.551
19715.334
19634.482
19663.4
19362.75
19574.066
19456.816
19001.066
19297.018
19107.467
19149.482
18649.133
19083.217
19031.934
18382.816
18033.467
18799.551
18601.533
18417.816
18304.467
18548.551
18432.4
18071.084
18011.467
18633.75
18344.6
18211.816
18043.533
18504.283
18105.666
17929.551
17817.6
18411.217
18201.199
17945.217
17925.0
18107.551
17791.6
17413.816
17117.268
17607.15
17716.666
17602.482
17889.867
18008.084
17909.066
17274.084
17937.334
17732.684
17613.066
17571.15
17500.666
17444.883
17587.0
17082.75
17060.801
16461.95
15758.533
15100.75
14392.866
13988.884
13885.8
13841.483
13742.134
14677.417
15115.733
15323.616
15750.4
16051.55
16097.934
16184.217
16100.0
16244.816
15757.866
15741.483
14982.934
16033.95
15976.2
15728.684
15660.467
16079.75
16263.467
16427.55
16107.4
16546.75
16764.4
16411.417
16480.934
16825.684
16845.6
16829.416
16932.666
17041.35
17043.133
16807.949
16432.6
17323.482
17076.801
17042.551
16661.0
17346.75
17457.732
17197.949
17407.334
17466.883
17017.801
17186.816
16832.4
17391.416
17297.268
17185.617
17108.133
17122.551
17369.666
16913.283
17437.0
17444.018
17470.934
17437.617
17037.934
17693.283
17698.334
17272.949
17416.867
18065.018
17789.666
17551.551
18020.934
18250.75
17934.6
17702.617
17793.666
17454.617
17618.801
17125.217
17288.467
17616.684
17473.066
17499.35
17966.732
17631.482
17726.6
17087.084
16959.732
17855.684
17635.467
17500.018
17650.732
17492.217
17567.801
17703.217
17390.0
17434.15
17400.133
17330.883
17300.934
17508.018
17137.934
17196.416
17092.867
17467.551
17228.467
17350.15
17274.268
17684.684
17264.867
17309.684
17233.867
17482.416
17724.533
17728.084
17588.066
17516.482
17413.732
17287.018
17530.334
17652.35
17767.4
17781.816
17351.268
18033.617
17823.334
17794.684
17299.467
17884.684
17750.0
17566.75
17440.732
17539.018
17653.334
17782.35
17689.6
17778.283
17475.4
17604.816
17792.133
17509.283
17595.268
17503.883
17339.268
17495.15
17574.533
17343.283
17258.867
17361.084
17670.533
16703.018
17442.334
17491.15
17377.199
16726.217
17116.6
17401.551
17528.732
17331.416
17399.666
17328.283
17478.467
17205.217
17095.6
17481.416
17213.133
17281.35
16979.467
17231.217
17236.6
16963.217
16870.801
17157.816
16782.334
16770.283
16565.934
16942.883
16775.666
16481.617
16784.732
16786.816
16513.2
16653.35
16785.6
16616.684
16644.8
16357.15
16390.268
16690.416
16369.333
16509.75
16179.333
16246.35
16309.0
16184.616
16273.6
16117.483
16055.066
15992.884
15937.6
16177.35
16163.066
16101.417
15200.733
15497.884
15412.6
15270.417
14688.533
14668.816
14723.8
14355.083
13747.467
14351.35
14160.333
13332.283
13719.533
13663.35
13328.267
13475.417
12936.934
13084.884
12911.6
12683.483
12798.6
13035.083
12870.4
13080.417
11797.0
12614.017
12703.134
12211.816
12527.267
12763.083
12850.667
12535.417
12919.2
13133.75
13177.0
13328.684
13697.8
13688.616
13533.267
13630.15
13393.333
13378.684
13607.733
13587.884
12997.733
13476.616
13317.8
13014.083
12458.866
12816.083
12612.467
12306.816
12249.467
12087.217
12167.2
12014.017
11858.6
12267.483
12237.934
12083.083
12138.6
12249.684
12089.6
11987.017
11887.533
12325.217
12102.6
11779.616
12228.8
12584.083
12381.0
12093.15
12248.4
12212.55
12287.533
12193.483
12066.733
12173.417
11918.6
11365.95
11910.934
11793.417
11901.733
12051.483
11550.533
12066.884
11938.934
11201.616
11511.533
11768.483
11595.6
11643.483
11870.2
11983.684
11981.134
12125.884
12078.467
12168.417
12021.267
12000.283
11696.733
11907.083
12008.6
11737.95
11711.333
11997.55
11964.134
11688.083
12176.6
12203.35
12319.333
11878.017
12076.934
12220.017
12151.866
12381.684
11691.0
12196.483
12087.066
12258.684
11836.934
12507.816
12250.733
12415.75
12016.2
12531.15
12484.934
12169.083
11956.467
12209.15
11988.866
11898.616
12100.866
12078.684
11918.066
11590.684
11537.467
11823.083
11959.533
11822.884
11985.733
11980.217
11808.134
11579.684
11797.267
11902.417
11757.267
12041.217
11444.6
11752.017
12018.0
11958.083
11665.934
11722.35
11300.134
10990.95
11492.6
11362.884
11453.267
10633.483
11194.267
11489.75
11326.733
11037.55
11372.333
11594.15
11198.733
11314.017
11181.4
11415.616
11081.866
10807.816
10806.667
11140.35
11087.733
10672.017
10944.066
10905.083
11061.267
10886.884
10941.4
11033.95
10886.8
10688.816
10921.4
11065.35
10961.0
10804.217
11187.467
10892.95
10996.134
10898.417
10734.667
10893.684
10894.866
10691.616
10573.066
10649.55
10701.134
10421.017
10337.8
10817.217
10811.667
10507.417
10541.667
10805.017
10792.2
10371.217
10422.533
10658.816
10438.066
10229.017
10632.333
10585.55
10399.267
10591.95
10380.467
10462.816
10422.2
10116.15
9755.667
10462.816
10077.333
10333.417
10164.934
10252.283
10052.267
10018.616
9848.934
10211.217
10093.6
9976.75
9728.267
10010.75
10036.533
9848.417
9791.0
10071.083
10030.667
9552.483
9737.4
9990.417
9956.733
9289.95
9462.6
9912.816
9831.733
9731.35
9396.866
9935.35
9842.934
9760.75
9521.333
9645.083
9518.2
9388.217
9512.2
9702.017
9475.134
9316.35
9371.0
9802.55
9779.066
9566.15
9279.866
9433.15
9512.866
9370.417
9172.267
9508.283
9407.866
9390.483
9117.267
9279.75
9389.8
9345.816
9169.8
9360.95
9149.533
9583.483
8877.467
9334.35
9232.4
9020.35
8593.333
9323.417
9273.8
9308.217
8981.2
9072.283
8934.533
9067.283
9158.066
9438.483
8673.733
8953.884
8747.733
8993.017
8424.6
8028.617
7414.8
7235.683
6452.867
5692.283
5108.267
4512.483
3802.4
3436.15
2774.067
3089.15
2981.133
2711.35
2926.933
3778.35
3965.8
3944.2830000000004
4900.333
5402.55
5710.133
5999.017
5338.6
6101.55
5720.933
5571.017
5233.533
5025.217
5134.6
4815.15
4562.667
4965.15
5055.8
5005.617
4760.133
5520.15
5288.667
5302.283
5937.6
5968.883
6185.4
5865.083
6350.2
6521.217
6504.533
6489.883
6734.067
6993.55
7042.067
6585.683
6841.133
7346.283
7380.6
6951.017
7427.933
7681.35
7824.4
7731.083
7721.2
8186.417
8151.933
7558.817
7684.4
8372.617
8467.6
8266.483
8008.867
8539.417000000001
8324.4
8142.55
8133.267
8618.75
8396.667000000001
7553.55
8420.2
8573.883
8649.133
8318.617
8110.4
8604.817
8515.467
8308.35
8233.267
8384.217
8487.2
8078.017
7920.733
8838.15
8416.8
8225.883
8256.0
8566.082999999999
8447.467
8330.95
8288.133
8518.684
8452.0
8282.083
8279.6
8575.884
8550.0
8395.15
8274.0
8591.017
8506.333
7980.683999999999
8174.6
8490.55
8389.134
8041.95
7999.667
8384.817
8244.0
8323.082999999999
8061.133
8334.15
8481.332999999999
8177.15
7705.4
8497.35
8377.733
8368.55
8163.667
8655.75
8382.4
8217.817
7994.733
8468.617
8267.533
7843.417
7699.533
8321.483
8286.933
8283.017
7661.333
8372.082999999999
8248.933
8123.683
8168.4
8368.683
8328.6
8133.617
8040.267
8575.817
8361.733
7550.35
7908.333
8463.95
8239.933
8210.817
8103.933
8442.55
8333.267
7899.483
7697.8
8271.883
8127.2
8095.283
7960.533
8305.217
8282.533
8102.017
7642.067
8319.95
8287.6
7905.217
7585.933
8194.283
8313.733
8027.95
7932.267
8290.55
7916.867
7878.083
7994.533
8024.417
7928.133
7798.017
7626.4
8185.883
8028.467
7648.283
7581.467
8053.417
8193.733
7493.017
7566.667
8044.483
7968.133
8015.817
7774.8
7962.55
7891.133
7818.55
7478.267
8141.283
7937.867
7622.15
7620.867
7974.817
7896.733
7728.083
7240.6
7871.883
7795.4
7672.683
7188.267
7953.95
7756.2
7273.217
7678.933
7768.083
7677.667
7261.35
7386.467
7541.75
7663.867
7390.35
7362.6
7667.55
7454.733
7428.35
7204.067
7512.817
7525.6
7055.95
7036.733
7505.15
7474.867
7193.817
7137.933
7189.017
7385.533
6915.15
7086.4
7154.95
7201.067
7031.883
6799.067
7366.283
7219.667
6847.95
6500.467
7083.217
7270.467
7043.95
6764.6
7115.95
7084.333
6370.683
6781.6
7220.35
6853.867
6703.883
6741.133
6984.55
7030.8
6645.217
6529.133
6910.283
7034.867
6821.617
6740.333
7069.683
6863.8
6577.55
6318.6
6928.35
6738.467
7002.417
6485.133
6983.483
6911.533
6411.55
6461.733
6960.95
6760.2
6576.617
6633.4
6925.217
6848.667
6434.283
6368.667
6963.817
6712.133
6572.017
6626.733
6862.617
6727.6
6276.75
6176.2
6558.883
6502.933
6025.883
6133.667
6610.95
6432.067
6611.483
6279.6
6632.083
6489.133
6687.95
6307.467
6555.417
6451.667
6066.55
6073.067
6527.883
6410.733
5969.817
5439.6
6382.017
6427.133
5971.617
6153.267
6394.483
6185.0
6051.417
5995.933
6374.35
6180.4
5990.883
5654.133
6225.283
6276.333
5546.75
5717.0
6268.55
6061.133
5791.417
5590.667
6172.217
6169.867
6076.617
5655.733
6242.417
6157.333
6107.283
5983.867
6185.75
6038.0
4815.683
5313.0
6087.55
6156.133
5790.483
5512.933
6014.95
6148.6
5499.883
5506.467
5940.083
5890.8
5429.083
5461.533
5952.55
5914.267
5271.017
5279.933
5827.15
5765.6
5506.283
5509.933
5749.083
5675.6
5251.15
5646.133
5773.217
5767.667
5241.217
5497.2
5854.417
5636.333
5189.683
5077.867
5670.617
5673.2
5531.883
4968.467
5756.083
5633.067
4976.35
5084.733
