273.067
67.417
-135.933
149.15
452.133
135.017
209.333
241.28300000000002
238.2
257.683
125.667
-172.317
197.53300000000002
212.083
29.599999999999994
-34.783
343.133
-8.917000000000002
57.067
360.883
419.66700000000003
181.28300000000002
458.66700000000003
148.417
276.867
189.683
225.46699999999998
-123.783
196.2
205.75
326.8
21.417
285.067
197.083
239.0
11.149999999999999
562.0
470.683
93.933
-63.25
251.0
120.817
-8.466999999999999
185.417
203.733
234.35
145.267
235.417
219.067
244.21699999999998
-37.400000000000006
40.95
619.0
273.75
-5.533000000000001
-254.917
435.8
437.08299999999997
31.667
35.217
388.067
437.817
396.467
236.75
413.867
368.483
162.8
323.217
389.533
391.15
324.0
-150.517
441.4
277.883
39.0
75.283
376.267
194.95
136.6
71.883
301.467
497.75
203.733
62.81699999999999
229.8
341.55
29.599999999999994
11.016999999999996
248.86700000000002
202.15
499.66700000000003
-3.8499999999999943
189.6
218.55
340.067
-65.717
194.13299999999998
256.15
201.4
87.817
416.867
364.75
-229.6
34.483000000000004
404.4
300.883
223.267
216.15
463.8
285.883
-5.533000000000001
277.55
99.133
310.75
254.333
282.017
404.33299999999997
283.08299999999997
554.333
-230.71699999999998
325.733
369.75
105.067
365.483
393.467
452.483
254.667
99.283
346.267
244.083
-58.733000000000004
107.883
339.733
304.55
133.067
8.816999999999993
413.6
439.483
62.667
-237.983
346.6
307.41700000000003
91.867
135.75
278.133
416.483
342.133
42.81699999999999
292.66700000000003
324.08299999999997
-290.467
-137.917
312.133
202.483
164.2
-8.849999999999994
330.533
265.75
53.533
206.617
405.0
291.35
245.86700000000002
-103.583
459.533
408.08299999999997
433.0
150.417
488.267
271.683
159.13299999999998
337.35
405.33299999999997
68.817
374.267
-170.71699999999998
131.333
229.61700000000002
7.0
359.883
584.067
419.617
170.667
-82.25
495.733
156.61700000000002
455.33299999999997
18.283
394.067
361.95
312.133
383.35
529.0
345.683
421.133
312.017
334.133
224.083
385.867
-348.91700000000003
392.933
356.283
178.4
145.683
145.53300000000002
312.683
464.267
182.28300000000002
247.13299999999998
309.283
118.667
-190.38299999999998
272.2
389.217
461.867
187.75
391.66700000000003
306.08299999999997
54.533
-315.183
444.4
239.21699999999998
-66.067
14.082999999999998
260.4
186.61700000000002
-1004.8
-93.45
120.2
264.617
237.667
-62.25
582.267
402.08299999999997
265.867
71.883
266.533
228.35
-115.4
418.08299999999997
531.067
280.817
-187.333
40.083
307.133
321.217
-113.8
350.283
377.0
258.017
394.467
341.08299999999997
325.933
406.41700000000003
250.667
177.21699999999998
371.6
254.95
406.4
27.417
392.0
432.95
339.933
-67.183
223.733
312.483
79.8
-285.717
371.66700000000003
344.95
256.2
-129.05
352.533
329.883
219.667
76.95
361.533
353.35
-155.933
209.95
335.533
68.55
-156.13299999999998
154.88299999999998
263.267
204.28300000000002
323.133
166.683
269.733
521.55
94.467
172.35
383.467
535.883
381.467
163.017
220.667
278.15
98.8
492.41700000000003
356.067
212.017
-150.8
99.483
218.13299999999998
292.283
266.33299999999997
-5.516999999999996
540.2
550.817
28.667
290.017
366.0
345.283
237.067
99.017
330.533
384.41700000000003
85.933
133.75
306.267
325.95
191.86700000000002
300.55
479.66700000000003
437.75
405.4
115.817
569.667
176.083
389.467
-132.65
381.133
186.61700000000002
-76.13300000000001
301.017
357.267
212.683
558.467
407.75
394.4
279.35
655.2
108.81700000000001
398.533
300.55
-17.80000000000001
284.683
644.2
426.61699999999996
556.8
-26.11699999999999
467.467
382.483
405.86699999999996
215.617
362.2
546.683
-30.266999999999996
247.15
625.533
351.41700000000003
157.333
196.283
376.933
372.88300000000004
530.733
187.683
661.533
563.883
715.867
462.41700000000003
720.0
520.35
238.8
357.283
414.0
621.35
795.3330000000001
222.21699999999998
737.6669999999999
603.0830000000001
558.6669999999999
695.35
632.467
530.75
372.933
663.483
510.067
786.55
126.13299999999998
296.417
584.6
560.683
589.4
426.083
904.3330000000001
581.683
723.6669999999999
556.0830000000001
710.267
663.883
703.0
334.483
1031.467
493.483
596.067
523.4169999999999
864.933
539.217
717.6669999999999
605.0830000000001
631.4
888.883
795.933
685.817
637.467
900.017
662.933
460.15
968.133
752.283
638.0
575.4169999999999
571.267
679.883
805.467
671.483
906.267
794.35
577.267
526.283
690.733
797.883
693.867
580.35
929.333
494.683
748.333
488.01700000000005
696.0
596.55
768.533
865.217
753.467
492.88300000000004
796.133
982.283
457.66700000000003
883.683
740.6
772.35
781.333
764.417
630.933
976.083
1164.133
689.883
708.533
1296.683
924.2
1136.417
516.0
702.083
1178.267
1004.95
1150.467
1223.15
760.6
726.35
848.667
816.483
1352.0
1183.683
656.267
1124.75
1034.933
1245.15
1271.067
1094.083
1020.533
1345.15
624.533
907.35
1034.0
1195.75
1521.733
1457.15
1407.667
1339.083
1150.4
1262.417
1275.8
1184.817
799.6669999999999
1017.95
1376.267
1186.083
1442.733
1009.017
1515.0
1409.95
1516.267
1327.15
1477.133
1411.683
994.867
1459.283
1319.067
1223.217
1171.133
1303.217
1276.933
1388.083
1291.333
1074.55
1409.8
1189.417
1171.467
1035.75
1508.2
1401.35
1348.067
1426.417
1527.467
1270.083
1253.733
1155.35
1409.2
1444.817
1326.533
1074.817
1561.867
1298.883
1349.4
1343.417
1492.533
1373.217
872.867
1301.017
1373.867
1456.95
1477.933
1650.217
1797.0
1604.883
1624.733
1586.75
1728.467
1780.95
1626.333
1704.083
1714.667
1705.083
1885.533
1717.617
2108.867
1595.883
1164.4
1430.883
1636.6
1920.617
1633.533
1743.35
2080.333
1916.417
1820.6
1748.817
1987.067
2035.75
2062.2
1792.617
2171.4
1838.417
1717.8
1609.883
1670.667
1580.083
1901.0
1234.35
1649.533
1760.95
1995.267
1639.55
1977.133
1855.35
2059.733
1858.35
1940.733
2019.017
1988.467
1900.55
2210.667
1773.417
2332.4
2068.883
2091.067
2010.55
1909.6
2111.617
2341.933
1706.817
1822.133
2147.35
2372.333
2098.35
2169.133
1919.083
2002.267
1885.817
1977.933
2106.083
2073.933
2378.75
2654.267
1943.8829999999998
2526.067
2497.75
2372.467
2284.483
2334.733
2187.617
2165.0
2452.55
2401.667
2201.617
1997.933
2114.417
2044.2
2029.0169999999998
2346.733
2242.017
2400.4
2598.283
2414.4
2555.483
2761.8
2497.55
2829.467
2663.483
3001.0
2770.683
2599.667
2831.15
2843.6
2742.083
2549.533
2707.083
2516.067
2599.55
2481.2
2657.217
2616.467
2407.883
2078.667
2343.617
2285.133
2311.95
2117.133
2063.083
2330.6
2082.217
2017.067
1708.883
2333.333
1900.35
2243.6
2244.283
2450.867
2904.883
2727.4
3010.217
2864.667
3025.083
3184.0
2772.617
2951.0
2908.75
2615.267
2551.483
2847.933
2687.417
2939.867
2513.683
2770.933
2835.883
2801.667
2963.883
2925.6
2979.15
3139.6
3079.75
3129.733
3125.75
3045.533
2762.417
3101.133
3150.883
2996.0
3220.15
3325.333
3177.75
3061.667
2769.35
3291.667
3179.883
3483.6
3754.35
3843.733
4198.15
4187.467000000001
4044.35
3988.133
3912.083
4021.6
3603.55
4178.467000000001
3852.75
4021.0
3919.217
4163.6
3676.683
3826.0
3973.217
3808.467
3862.617
3646.133
3368.083
3970.6
4064.883
3943.0
4114.217000000001
4265.267
4278.75
4182.2
3907.217
4247.8
4177.817
3671.133
3883.883
3849.267
4069.817
3950.267
4198.617
4397.133
4110.55
3987.6
3455.883
3728.8
3839.75
3895.733
3597.95
4022.6
3695.483
3741.667
3529.817
3442.133
3399.417
3323.733
3370.15
3408.0
3526.817
3314.133
3447.683
3206.467
3376.217
3504.933
3610.75
3915.667
4057.617
4180.733
4344.75
4147.3330000000005
4200.017
3795.933
4292.617
4110.267
4113.35
4637.4
4324.483
5011.867
5020.283
4957.2
5171.017
5741.133
5233.883
5371.333
4827.283
5019.667
4915.217
4509.2
4267.817
4340.6669999999995
4172.0830000000005
3965.933
4101.0830000000005
4589.2
4206.15
4494.6
4536.95
5029.6
5010.15
5153.0
4879.35
4718.4
4583.15
4227.532999999999
4066.617
4152.867
3743.883
3607.0
3484.35
3538.333
3465.15
2882.333
3229.75
3227.6
2890.417
2560.4
3345.35
3385.067
3496.083
3807.733
3544.75
4372.467000000001
4587.883
4681.2
4509.617
4594.333
4370.95
4002.067
4160.282999999999
4072.933
4268.55
4245.467000000001
4081.75
4632.467
4306.017
4471.133
4362.883
4526.8
4501.417
4404.267
3856.683
4454.333
4328.683
4469.133
4391.15
4320.867
4329.217000000001
4370.067
4360.217
5071.133
5107.083
5101.867
5344.017
5496.0
5605.083
5561.133
5394.483
5736.733
5480.817
5884.4
5459.617
5929.8
6356.083
5678.267
5894.817
6007.067
5772.417
5752.467
5020.283
4920.733
4373.683
4125.532999999999
3196.883
3076.8
2575.95
2379.6
2397.55
2939.733
3212.017
3556.267
4039.75
4409.0
4624.283
4906.733
5323.083
5653.8
6054.683
5900.0
5890.15
6049.067
5470.483
5364.533
5076.95
4714.333
3940.15
3654.733
3332.617
3314.733
3658.083
3840.467
4386.017
5246.667
5530.75
5727.8
6587.883
6831.133
6936.883
7349.6
7035.75
7745.467
7781.35
8205.867
7903.15
7846.267
8276.15
8024.867
8077.283
8254.867
8064.483
8320.933
8128.283
8766.067
8585.55
8696.333
8470.083
8974.467
8812.15
8662.866
8739.884
9248.066
9048.017
8982.6
8754.35
8925.0
8467.083
8528.267
8686.616
8796.8
9225.283
8944.6
9049.616
9121.6
8791.75
8513.267
8300.217
8500.533
8807.283
8940.2
8830.283
8835.667
8843.616
8779.066
8642.083
8565.467
8537.417
8408.0
8477.083
8944.533
8693.417
8888.0
8559.15
8699.8
8917.616
8720.2
9091.95
9232.0
9227.616
9323.934
9421.083
9520.2
9863.616
10094.134
9884.417
9818.134
9784.55
9118.667
8616.95
8737.0
8684.417
8623.6
8506.483
8800.2
9069.283
9180.866
9824.816
9761.934
10340.483
10269.0
10314.35
10301.267
10695.217
10068.0
10201.884
10629.6
10176.75
10221.467
10410.55
10343.267
10168.083
10748.4
10286.217
10606.533
10544.017
10464.2
10176.417
10453.267
10283.283
10324.934
9747.483
10409.4
10209.083
10225.733
9840.483
10206.866
10550.884
10752.6
10392.684
10667.467
10763.283
10541.866
10534.417
10488.733
9485.15
9927.8
9955.283
10049.6
9552.616
10183.0
10011.083
10077.6
9807.083
9743.533
10104.017
10254.667
10166.95
10253.467
10024.35
9773.866
9772.017
9183.4
9434.95
10139.667
9893.884
10039.733
10405.15
10711.134
10772.55
10954.0
10593.884
10746.333
10874.483
10818.733
10350.75
10208.866
9706.75
9879.8
9134.884
9774.667
10003.017
9668.2
9670.017
10472.866
10431.884
9891.533
9957.15
10750.333
10919.816
10628.6
10441.017
10555.134
10641.483
10364.066
10290.884
10526.6
10333.75
10629.267
10880.35
10596.667
10834.483
11112.2
10229.417
10523.6
10373.417
9964.134
10254.75
9541.6
9828.017
9877.267
10783.217
10721.866
10516.217
10514.4
10080.616
10363.2
10313.017
10647.0
10323.816
10101.6
9540.816
9437.4
9068.217
8739.134
8679.884
8035.933
7939.817
7943.533
7914.283
8388.8
8787.083
9704.8
10266.884
11401.6
11545.75
12532.2
11712.884
11209.866
11631.35
11486.0
11330.483
12087.134
12175.15
12375.6
12237.483
12104.6
11507.55
11065.934
10721.884
10973.866
10861.283
12092.733
11585.816
12199.866
12253.55
12535.6
12568.017
12202.8
12955.95
13116.2
13691.816
13588.134
13725.884
13981.134
14316.75
13298.2
13530.417
12927.467
13200.75
13206.533
13618.017
13088.533
12835.417
12454.4
12211.616
12512.667
12205.55
11292.467
12147.417
12010.4
12809.55
12976.333
12986.017
13895.467
13533.083
13170.6
13477.95
13498.8
13271.75
13288.333
13442.417
13854.0
14288.017
14345.467
13972.283
14119.066
15684.684
14484.267
14533.35
14798.066
14200.417
14774.2
14720.95
15372.066
14773.55
14227.667
14528.75
14800.934
14664.483
14147.8
14065.417
15129.934
15612.35
15219.934
14586.95
14917.0
14719.083
14598.2
13757.217
14685.667
14521.616
14135.6
13511.15
14103.6
14354.95
14361.733
13962.283
14941.0
14991.684
14759.4
15115.483
15280.667
15984.884
15297.267
15073.483
15644.533
15231.017
15543.333
14693.616
15014.667
15725.283
15275.733
15430.35
15447.134
15005.483
15275.8
15706.017
16307.2
16039.684
16007.6
16180.55
16010.134
16452.684
16909.066
16467.55
16409.333
16002.217
15997.4
15494.15
15971.4
15584.083
15916.2
15246.75
14873.8
15122.35
15030.667
14703.95
15319.4
14831.483
14981.6
15070.75
15006.667
15089.55
14939.066
15502.017
15978.4
16328.75
15498.733
15582.884
15657.866
15075.483
15894.4
15531.483
16092.2
16053.083
16404.6
16410.217
16574.2
16831.684
16252.4
15814.55
17449.334
16853.084
16735.732
16990.283
17220.334
16053.884
16752.467
16011.884
17001.533
16735.083
16010.733
16568.018
17035.199
16747.15
16869.934
17784.15
17215.268
16626.35
16434.934
16225.816
16130.467
16646.949
17316.934
17221.617
17862.066
17983.15
18374.4
17897.816
17968.6
18351.35
18113.6
18068.217
18094.133
18189.482
18559.666
18240.617
18963.268
18702.018
18819.268
19260.084
19096.934
19040.217
18547.934
18720.283
18965.6
18575.75
18439.467
18299.816
18950.4
18649.816
19637.0
18899.018
18546.934
19014.15
19142.268
19851.283
19921.4
20036.084
19473.467
19707.416
19197.867
19368.283
19132.4
19508.75
19740.268
21485.35
19857.666
20680.551
20990.732
21212.15
20655.066
21947.617
21396.666
21741.35
22463.867
23127.35
21956.0
22507.283
21962.666
22254.018
23870.467
22349.75
22511.732
21741.684
21665.4
21804.482
22448.732
22295.883
22786.867
23548.283
22987.6
23787.084
24368.334
25039.816
25067.732
25238.551
26020.666
26686.217
26053.867
24713.018
25538.4
25732.15
24966.467
25515.018
26093.199
26179.949
25970.934
26457.35
27052.801
26328.416
27832.334
28468.15
28079.334
27509.883
28599.268
28408.883
28490.133
28221.949
28572.0
28656.551
28438.801
28527.15
28079.801
28402.15
29297.199
30015.084
30449.066
30710.617
32083.732
32364.482
31753.268
32469.35
32495.066
32243.283
32273.666
31292.75
32255.934
31456.35
31403.867
33023.418
33566.332
33837.949
33904.535
34095.949
34920.398
34009.016
34256.133
33717.352
33971.398
34273.816
33719.398
34436.684
35151.465
35519.883
35627.398
35787.016
36237.066
36228.016
35673.332
35936.551
35810.734
35942.617
35254.199
35857.082
35950.266
36084.617
36535.398
36025.75
35884.535
36063.016
36147.199
36175.285
36265.602
36597.551
36324.867
36490.352
36753.602
36483.75
35354.066
34821.684
33150.602
31823.684
30894.801
30489.416
30439.732
30929.35
30836.199
32228.35
33809.398
34350.816
34959.266
35098.082
35363.266
36304.684
37277.535
36854.883
37550.465
37588.215
37210.266
36479.016
36171.602
36416.684
37042.465
37283.484
37732.934
38382.352
39318.266
39766.949
39924.133
39990.148
39240.266
39119.551
38619.668
38947.082
38998.801
38943.684
38948.602
38262.551
37842.867
37631.484
37024.934
37078.949
37458.535
37181.551
38657.801
38884.617
39220.801
39879.949
40094.0
39218.684
39420.133
39019.816
39091.066
39375.484
39736.133
40145.285
41208.867
41053.215
41663.668
41170.148
41085.398
40747.016
39980.066
40144.418
40089.535
40253.082
40017.266
40284.418
40847.801
41181.949
40663.133
40776.016
41888.398
41302.551
41697.668
40936.215
41559.199
41000.285
40091.332
39571.082
39244.0
39186.551
39437.602
39697.551
40164.668
41267.684
40953.398
41834.684
41312.465
41307.484
41102.066
40638.684
40340.133
39916.75
39223.602
39380.684
39369.332
39151.484
39358.535
39333.484
39067.801
39157.352
39025.867
39122.215
39635.0
40087.215
40069.668
40536.617
41292.332
41485.484
41425.801
41767.016
41555.535
41442.816
40722.199
40265.285
39788.535
40089.215
40506.066
40159.617
41024.133
41338.418
41956.535
42197.551
42174.465
42204.082
42984.133
43318.551
43872.668
43974.285
43637.398
43420.617
43189.465
43137.285
42425.332
42206.684
42346.133
42367.551
42037.332
41916.883
40998.934
41581.883
41210.535
41619.215
41509.199
42384.816
42916.734
43568.148
43936.133
44219.215
43246.801
43324.883
42808.266
42838.75
43188.535
42836.684
42820.199
42420.684
42795.535
43236.816
43181.934
43378.016
43438.801
43938.551
44356.801
45242.418
44433.934
44225.484
43552.801
43596.75
42825.199
42833.285
42757.734
42447.883
43050.199
43176.016
41416.398
42549.484
42464.332
42117.352
42345.133
42045.949
41976.266
42208.016
42743.465
43076.617
43119.266
43055.484
43227.734
43959.285
44005.066
44346.215
44025.332
43437.082
42104.266
40513.75
39670.867
38225.418
36491.801
35987.352
36669.734
37700.484
40059.266
40689.285
40124.465
40118.285
40343.133
39787.285
40226.199
39666.016
39189.734
40078.617
41341.934
42295.215
42227.066
42627.684
42825.535
43316.148
44110.066
43619.816
43519.0
43605.883
42737.199
43287.75
43733.934
43744.285
43612.199
44469.352
44898.801
44864.285
44920.0
44228.285
44057.332
43756.418
43965.0
43659.215
42923.398
42705.883
42210.535
43232.883
44015.266
44775.551
44486.199
45136.551
46039.066
46370.949
45740.867
45386.883
45726.934
45086.215
44991.465
44308.949
44983.398
45575.484
45007.734
44753.484
44381.133
43272.215
42631.668
41016.418
39908.934
39453.418
39554.867
39983.418
40461.133
41720.551
41960.398
43260.551
43586.934
43641.082
44319.133
44459.684
44960.734
45105.883
45290.398
45719.949
46630.398
45936.684
45581.734
44703.016
44617.801
44423.484
44346.332
44363.816
44388.535
45039.285
46077.332
46130.75
46202.934
46173.148
46034.734
45755.082
45762.332
45782.285
44597.668
44017.816
43613.332
42987.617
42116.398
41658.484
42031.535
42277.285
42737.934
43147.215
43896.934
43991.352
43755.332
43566.75
43740.934
43397.016
43054.199
43144.75
43616.133
44104.352
44278.199
44327.082
44868.066
45414.816
45311.465
45464.617
45202.801
45015.016
44316.133
43581.418
43233.668
42343.285
41311.465
42549.883
42461.801
42789.883
43016.066
43671.418
43751.734
44114.617
43558.266
43612.949
44021.801
43530.016
43359.199
43209.016
43128.668
42746.551
42030.734
41626.148
41768.465
41810.418
41312.465
40661.484
41002.465
40844.082
40535.066
40568.148
40845.266
41076.082
41342.535
41806.617
41967.0
42448.285
42177.266
41924.484
42427.734
42372.215
41191.332
41901.551
41458.934
41523.617
41764.867
41072.684
41224.465
42072.484
42283.602
42702.148
42557.934
42678.949
42609.867
42234.016
42744.867
42248.148
41684.668
41652.551
42007.801
42390.082
42554.133
41841.016
42030.602
41869.418
41446.0
41745.285
41888.199
41746.949
41539.0
41762.949
41481.398
41638.285
41080.066
40794.949
40677.801
40641.883
40860.734
40382.148
41327.066
41525.949
42039.602
41400.883
41540.535
41612.949
41906.332
41718.484
41479.602
41692.484
41646.668
41382.75
41378.734
41439.148
41137.867
40599.148
41030.066
41210.684
41281.332
41203.75
41438.602
41473.617
41302.199
41731.617
41796.199
42017.949
41189.332
40744.352
40971.266
40415.082
40456.465
40267.883
40815.867
41301.082
41160.602
41041.016
41315.602
41234.148
41553.867
41397.684
41450.266
41812.418
41571.465
41563.484
41732.602
41756.883
41632.266
41520.016
40817.734
41019.352
40241.867
40493.684
40561.066
40431.816
40123.066
40280.816
40168.867
40125.016
40156.668
40573.816
40166.0
40784.484
40529.066
40453.016
39945.332
39601.684
39155.668
39383.949
38965.668
39010.816
38670.465
39278.949
39475.535
39489.148
39367.066
38931.75
40010.0
40280.883
40510.266
40608.082
41138.535
41348.215
40654.734
40470.883
40315.066
40286.148
39455.934
39531.75
39849.066
39798.215
40162.199
40076.016
40574.0
40496.016
40546.668
40332.082
40638.734
40264.082
40003.867
39452.352
40108.066
40157.75
39388.668
40235.551
39864.0
40265.215
40395.398
39870.484
40219.398
39782.285
38972.465
38545.75
39033.734
38789.418
38488.398
38914.016
38922.133
39979.215
39635.266
40299.883
40521.867
40168.883
40117.602
40451.883
40815.133
40260.684
39783.934
39506.684
39533.934
39047.816
38876.734
38758.082
39381.0
39448.883
39389.0
39290.148
39985.602
40017.949
39623.199
39331.617
39365.133
38943.883
38325.734
37787.016
37858.734
37900.617
37491.535
37809.215
38117.867
38713.148
38944.133
39057.215
39370.801
39578.082
39964.066
39849.285
40043.332
39821.418
39649.133
40141.75
39552.066
40009.816
39716.668
39283.684
39800.801
39719.883
39871.465
39525.484
39408.066
39312.352
39274.0
38704.016
38915.602
38604.551
38442.465
38681.418
38331.801
38208.352
38157.133
37993.883
38834.398
39021.949
38274.867
38447.082
38959.398
38833.883
38785.668
39278.215
38751.801
38449.949
38354.535
37580.684
37995.266
37242.352
37459.934
37328.949
37250.668
37817.418
37604.199
37865.484
37840.332
37778.816
38136.934
37996.148
38286.066
38267.883
37776.867
37843.148
38061.465
38149.816
37352.668
37721.148
37837.465
37891.684
37302.934
37754.949
38434.266
38033.684
37703.934
38558.016
38613.465
38502.949
38107.535
37768.285
38342.0
37876.418
38050.0
38012.816
37711.465
37909.949
37792.199
37563.148
37899.199
37705.684
37021.0
37157.949
37437.867
37225.285
36616.0
36631.816
36346.668
36199.285
36065.465
35570.883
36173.934
36241.949
35895.332
36774.352
36707.266
36951.352
36932.332
36609.082
37134.668
36907.684
36550.398
36111.949
36540.199
36755.949
35947.465
35206.551
34520.734
33816.75
33275.668
32606.75
32245.199
31708.684
31213.6
32340.883
32917.467000000004
32989.551
33496.867
34216.75
35327.535
35049.418
35497.332
35284.949
35247.133
35431.75
34993.199
34879.215
35031.801
34974.551
34592.332
34692.816
34828.867
35038.285
34782.867
34523.484
34909.332
34700.684
34701.066
34521.551
34926.801
34881.418
34555.133
35090.418
34973.934
34828.082
34380.867
34107.551
34209.465
34054.082
34059.934
34175.082
33967.535
34321.75
34413.332
34160.352
34415.0
34886.016
34503.266
34283.684
34535.199
34699.484
34581.465
34703.551
34584.801
34192.684
33999.266
33926.816
34120.801
33980.551
33289.668
33637.016
33570.867
33770.016
33646.465
33460.484
33564.066
33689.285
33990.734
33523.684
33703.398
33957.484
33416.934
33682.484
33668.801
33570.148
33042.465
33101.883
33044.133
33111.75
33194.066
33082.883
33027.6
33035.285
32414.732
32729.883
32500.666
32830.084
32324.334
32669.883
33235.268
32885.949
33297.332
33249.949
33129.332
33522.551
33339.266
33353.215
33386.668
33351.484
33547.332
33298.551
33467.535
33188.617
33487.332
33207.352
33612.465
33037.285
33107.934
32856.949
33059.0
33298.016
32789.666
32666.15
32718.133
32789.949
32745.066
32821.282999999996
32848.0
32970.082
32924.668
32859.617
32782.066
32365.75
32000.133
31919.684
32138.867
31618.084
31331.6
31453.084
31834.801
31831.617
31339.801
31388.018
31757.4
31549.018
31290.4
30975.217
31320.6
31105.684
30706.199
30247.684
30531.801
30678.949
30644.666
30907.35
30771.0
30833.018
30254.6
30460.283
30107.066
29975.15
29264.6
29131.018
29164.268
28703.684
28695.934
28054.617
28428.801
28086.75
27535.334
26811.883
26713.867
26797.482
26644.334
26059.883
26352.4
26258.084
26485.133
26605.416
27184.334
27521.416
28290.4
29021.949
29145.732
29288.15
29343.732
29561.217
29375.334
29028.283
29058.199
28849.084
29130.666
28895.416
29201.4
29249.551
29588.666
29502.816
29708.467
29609.416
30055.199
29890.551
29653.0
29932.617
30242.334
29969.416
29717.133
29494.217
29818.066
29706.816
29494.934
29430.35
29530.199
29512.416
29901.467
29161.217
29688.6
29690.283
29689.934
29497.75
29776.066
29562.949
29189.732
29161.15
29306.533
29482.084
28811.666
28686.949
28901.0
28578.084
28536.934
28765.283
28883.467
28608.75
28485.533
28223.551
28203.467
28246.617
28317.268
28278.217
28278.334
28188.75
28201.4
28110.35
28059.4
27995.283
27793.666
27225.551
27647.4
27192.551
27332.732
27235.217
27449.199
27188.15
27357.934
27309.15
27339.268
27648.35
27434.801
27759.283
27625.533
27819.15
27592.732
27115.883
27290.199
27082.283
26934.934
27164.949
27056.133
27036.551
27022.199
26908.217
27348.6
27808.084
27357.268
27859.949
27987.467
27728.949
27896.133
27551.883
27820.6
27918.949
28071.467
28250.283
28300.467
28693.018
28594.934
28918.018
29277.533
29544.283
29019.066
28887.684
29206.066
29742.949
29544.732
30020.949
30170.066
30553.35
30318.0
30452.35
30377.732
30094.883
29383.199
28367.018
27906.467
27573.883
27273.199
26993.482
26772.666
26776.283
26669.0
26571.217
26795.6
26694.883
26724.467
26655.283
27031.934
26745.883
26658.199
26311.416
26301.199
26494.217
26079.133
26376.75
26244.334
26456.684
26451.533
26542.949
26615.066
26789.75
26457.4
26589.084
26920.467
26726.018
26173.199
26478.949
26864.334
26705.684
26313.732
26582.283
26814.533
26252.416
26649.467
25991.482
26340.133
26027.617
25773.0
25915.684
25790.334
25893.684
25645.934
25135.883
25798.6
25881.217
25569.133
25563.217
25744.801
25540.416
25825.334
25310.416
25530.867
25600.551
25709.199
25716.482
25815.666
25517.816
25656.4
25832.883
26039.199
25618.35
25205.199
25259.551
25508.867
25614.75
25350.199
25479.283
25384.066
25517.283
25322.467
25293.949
25347.0
25293.949
24892.666
24665.217
25272.732
25080.551
24618.133
24547.684
24976.867
24586.75
24613.066
24687.35
24910.867
24644.816
23660.934
24424.482
24847.801
24467.816
24391.0
24099.084
24285.268
24366.416
24668.4
24591.15
24474.934
24210.35
24279.0
24251.482
23721.867
23538.217
22965.6
23289.35
22862.334
23224.816
22776.066
22860.283
24146.268
23876.617
23892.934
24486.883
24284.4
24352.684
23917.4
23726.482
23586.867
23591.949
23310.934
23387.949
23468.133
23519.883
23103.533
23350.283
23998.0
23525.551
22995.268
23293.15
23594.732
23704.75
23371.467
23480.15
23631.4
23273.217
22962.133
22614.084
23012.133
22578.617
22519.334
22087.684
22129.268
22188.551
21540.268
21040.75
20948.533
19631.75
18911.801
18153.551
18279.801
18260.617
18362.4
18603.883
19322.199
20178.283
20646.801
20703.949
20898.867
21491.018
21991.0
21891.816
21535.533
21999.217
21910.666
22025.684
22003.867
21620.084
21307.6
21153.018
21649.0
21495.883
21064.334
21750.35
21635.732
21829.35
21948.4
21790.949
21918.934
21861.949
21625.467
21746.217
21848.801
22015.35
21580.934
21591.15
21965.066
22077.283
21960.4
21994.551
22143.934
22123.949
21975.732
21550.949
21983.4
21927.482
21582.934
21385.283
21669.133
21798.482
21605.533
21146.949
21424.334
21716.35
21098.934
21749.949
21885.6
21806.217
22253.334
21990.283
22098.533
21996.75
21793.334
21961.684
21884.801
21854.816
21513.4
21564.949
21583.666
21677.617
21568.467
21609.416
21874.533
21839.617
21566.467
21319.482
21628.801
21510.75
21695.467
21264.75
21773.732
21606.75
21783.467
21803.617
21865.666
21825.482
21349.467
21063.15
21601.867
21485.15
21674.732
21261.617
21209.801
21270.15
21165.133
21534.617
21294.533
21286.617
20702.467
20763.75
20848.4
21124.35
20214.6
20512.018
20752.467
20717.551
20541.066
20381.75
20774.801
20737.883
20486.801
20639.018
20708.467
20888.816
20191.801
20389.217
20859.801
20883.883
20600.066
20461.15
20541.867
20762.617
20360.934
20398.283
20515.268
20425.617
19910.334
20173.416
20177.334
20011.35
19962.4
20116.551
19811.4
20513.816
19944.801
19780.084
19911.066
19955.15
19856.801
19282.617
19800.801
19822.949
19550.268
19279.816
19749.867
19615.75
19503.334
18997.084
19583.732
19528.35
19448.0
19473.35
19134.133
19381.018
19276.268
18845.482
19117.268
18971.883
18956.467
18470.482
18911.6
18806.551
18218.6
17886.283
18634.133
18436.883
18227.867
18110.883
18401.732
18209.15
17923.467
17853.949
18501.066
18205.482
18011.934
17878.35
18363.0
17942.551
17735.4
17664.018
18265.268
18013.75
17797.4
17775.15
17913.334
17583.551
17263.801
16944.551
17454.268
17520.617
17397.0
17716.35
17854.666
17710.949
17108.934
17764.816
17550.199
17466.416
17410.066
17327.416
17277.133
17390.816
16946.533
16950.551
16372.4
15627.15
14970.4
14283.816
13897.467
13807.083
13727.6
13686.283
14563.467
15038.684
15180.4
15633.283
15926.733
15958.15
16078.6
15979.083
16128.066
15607.684
15618.4
14899.884
15930.467
15834.483
15635.066
15530.483
15917.333
16189.884
16262.066
16000.017
16401.8
16642.616
16274.733
16332.283
16658.866
16698.816
16699.333
16778.35
16894.666
16894.35
16666.133
16299.018
17173.133
16951.416
16916.666
16496.018
17169.934
17286.283
17072.133
17276.883
17274.934
16842.949
17010.6
16710.35
17270.867
17136.217
17017.6
16958.283
16960.533
17213.018
16767.867
17305.617
17241.533
17295.482
17268.0
16845.084
17551.934
17510.883
17105.199
17274.617
17942.867
17646.684
17392.867
17897.816
18072.066
17756.416
17534.066
17636.949
17304.0
17447.15
16941.133
17105.75
17411.0
17359.883
17314.867
17763.283
17458.334
17589.217
16982.801
16768.75
17732.6
17530.084
17353.666
17480.018
17330.199
17430.75
17521.732
17195.551
17276.133
17233.883
17193.4
17132.883
17318.732
16991.283
17098.0
16918.35
17306.268
17044.617
17184.334
17115.75
17530.934
17122.816
17184.732
17068.684
17325.732
17548.75
17586.0
17447.551
17356.934
17227.35
17107.0
17331.217
17494.867
17600.816
17585.801
17185.75
17812.934
17689.617
17641.6
17120.35
17674.066
17579.949
17363.666
17284.949
17391.867
17495.949
17640.066
17525.084
17631.934
17340.15
17445.934
17628.15
17333.533
17429.018
17353.0
17154.15
17318.268
17407.35
17195.467
17112.35
17225.732
17510.283
16530.666
17295.416
17319.867
17232.283
16568.732
16938.883
17250.0
17351.084
17170.533
17234.75
17153.0
17322.684
17021.199
16897.75
17290.867
17044.084
17121.0
16815.883
17033.801
17091.018
16756.934
16702.35
17004.0
16582.482
16603.0
16438.684
16800.334
16667.35
16332.267
16621.55
16621.2
16360.35
16525.134
16622.75
16484.267
16448.15
16215.934
16205.55
16511.533
16188.816
16344.8
15976.684
16079.066
16149.017
16048.0
16128.483
15941.467
15897.017
15827.866
15798.684
16043.866
16004.083
15971.6
15060.95
15371.8
15288.884
15142.2
14569.35
14515.267
14577.616
14223.467
13642.15
14192.0
14058.616
13208.733
13598.55
13564.134
13178.684
13352.2
12821.217
12987.2
12805.417
12527.134
12682.55
12915.733
12733.35
12936.333
11714.95
12511.0
12570.283
12110.467
12430.283
12644.267
12709.816
12457.8
12823.884
13047.267
13033.95
13215.533
13585.75
13563.0
13414.55
13495.0
13306.15
13268.4
13484.95
13456.467
12901.616
13350.934
13214.55
12903.0
12337.083
12702.667
12501.15
12176.733
12152.083
12008.733
12054.217
11913.4
11743.35
12157.934
12119.95
12004.667
11981.017
12122.667
11982.616
11859.4
11757.283
12208.934
12015.217
11669.733
12095.684
12522.533
12251.217
11974.0
12132.816
12085.667
12153.816
12074.066
11961.884
12037.866
11803.083
11240.866
11811.483
11670.333
11824.083
11894.667
11450.616
11929.533
11817.35
11110.2
11411.884
11637.866
11492.017
11533.6
11762.884
11884.2
11871.15
12030.934
11969.884
12080.467
11915.75
11885.066
11590.816
11851.533
11906.083
11628.866
11636.417
11871.2
11858.017
11619.0
12046.017
12086.6
12230.35
11776.6
11986.616
12112.733
12093.55
12284.267
11578.684
12112.533
11970.217
12130.6
11714.55
12414.2
12164.684
12305.866
11892.017
12433.267
12385.417
12047.2
11857.35
12101.667
11874.15
11781.866
11983.483
11947.066
11770.95
11472.066
11456.75
11690.866
11854.35
11702.333
11884.884
11852.866
11695.55
11454.267
11674.483
11757.2
11641.55
11912.533
11299.15
11647.6
11912.35
11890.533
11554.75
11599.8
11185.55
10918.0
11357.083
11262.4
11329.15
10507.6
11043.75
11363.934
11221.083
10948.8
11267.816
11484.333
11067.55
11232.667
11088.684
11335.0
10981.616
10730.333
10680.75
11046.533
10984.15
10563.934
10838.684
10817.467
10989.616
10819.066
10844.616
10909.934
10792.15
10611.4
10838.684
10985.4
10883.75
10759.8
11030.95
10773.934
10883.483
10821.333
10622.884
10804.733
10765.884
10635.267
10522.884
10531.533
10639.417
10315.0
10208.15
10715.733
10686.283
10421.934
10441.884
10687.533
10676.55
10277.8
10310.816
10546.733
10333.35
10131.467
10550.217
10516.2
10297.083
10513.333
10282.884
10331.733
10286.816
10023.934
9663.283
10367.4
9999.616
10241.267
10064.483
10186.8
9981.217
9952.4
9761.75
10117.066
9996.75
9889.333
9628.35
9919.066
9939.417
9759.6
9723.083
10006.733
9986.816
9469.267
9624.75
9929.0
9872.217
9206.8
9353.017
9801.6
9742.75
9637.333
9318.283
9874.134
9751.217
9658.267
9433.15
9583.733
9432.75
9261.6
9441.95
9582.4
9409.083
9230.934
9303.083
9738.2
9709.083
9490.4
9225.55
9328.267
9471.15
9306.934
9099.55
9441.467
9341.884
9343.066
8981.417
9213.267
9284.816
9255.4
9083.884
9269.8
9072.55
9490.8
8816.483
9257.667
9158.75
8961.134
8530.616
9253.866
9213.75
9225.134
8877.15
8984.333
8856.684
8966.733
9097.816
9348.134
8563.816
8862.2
8643.483
8944.934
8368.283
7967.133
7372.883
7203.867
6424.55
5649.8
5122.35
4524.6669999999995
3814.483
3467.333
2782.483
3126.133
3025.35
2746.2
2935.817
3816.733
3988.083
3951.4669999999996
4890.35
5391.0
5658.683
5981.267
5317.283
6085.333
5696.95
5552.133
5212.15
5033.667
5104.35
4802.267
4576.15
4954.133
5035.417
4996.267
4770.15
5501.2
5273.35
5302.933
5904.083
5969.333
6167.217
5837.2
6326.15
6486.0
6448.15
6462.467
6722.817
6955.867
7003.083
6534.6
6771.817
7308.533
7343.883
6877.467
7392.017
7645.4
7773.883
7658.2
7684.017
8124.667
8117.283
7513.667
7634.883
8311.867
8391.75
8211.667000000001
7908.55
8455.667000000001
8283.283
8080.0
8081.017
8544.933
8352.082999999999
7489.6
8358.55
8507.267
8559.017
8284.467
8040.683
8526.733
8449.017
8256.067
8184.35
8319.066
8431.15
7995.267
7843.883
8761.933
8354.017
8174.8
8181.55
8497.867
8388.617
8255.8
8235.35
8454.733
8401.683
8213.267
8194.95
8501.467
8475.15
8327.0
8213.15
8529.332999999999
8449.483
7898.933999999999
8116.35
8434.0
8345.217
7981.8
7914.883
8310.533
8206.483
8241.332999999999
7995.017
8273.667000000001
8370.35
8086.133
7653.55
8409.533
8301.017
8278.8
8111.483
8592.467
8344.417000000001
8149.0
7903.483
8425.0
8200.483
7766.267
7614.417
8265.332999999999
8212.082999999999
8199.0
7604.083
8307.8
8176.017
8044.6
8097.217
8284.533
8256.617
8059.133
7999.083
8501.2
8290.082999999999
7494.0
7803.083
8402.667000000001
8168.483
8169.8
8025.617
8394.933
8278.55
7822.533
7634.55
8219.867
8031.283
8033.6
7901.883
8242.2
8188.95
8078.333
7600.483
8265.2
8195.15
7865.867
7543.483
8132.6
8274.283
7937.267
7874.417
8216.332999999999
7825.883
7807.667
7931.483
7945.733
7879.55
7722.333
7543.083
8119.933
7943.417
7592.667
7512.15
7991.067
8133.283
7436.933
7494.217
7985.067
7885.35
7929.6
7679.617
7910.133
7821.483
7755.467
7468.55
8073.667
7858.283
7571.733
7556.55
7906.2
7833.15
7667.2
7166.817
7808.0
7751.017
7631.067
7107.483
7891.733
7701.817
7211.2
7621.417
7704.8
7622.083
7203.667
7318.55
7473.133
7606.083
7335.733
7329.95
7593.133
7359.883
7345.733
7144.217
7465.533
7473.217
7012.4
6967.283
7460.6
7410.617
7136.4
7062.617
7140.067
7333.95
6881.2
7033.75
7115.533
7160.283
6955.067
6733.817
7307.667
7160.417
6793.867
6458.417
7039.267
7186.35
6995.267
6713.483
7047.267
7009.55
6323.8
6723.883
7166.867
6784.283
6639.4
6699.95
6946.067
6975.75
6574.533
6456.283
6880.333
6955.683
6782.733
6684.017
7015.333
6806.417
6523.2
6270.417
6870.133
6699.283
6934.867
6429.083
6927.933
6847.95
6344.333
6397.417
6885.267
6707.017
6517.733
6601.15
6863.067
6800.75
6396.8
6340.483
6923.467
6668.55
6525.733
6558.75
6796.933
6651.55
6235.4
6136.417
6512.533
6475.35
5974.267
6096.95
6551.267
6399.483
6554.467
6215.95
6593.533
6428.75
6641.667
6263.55
6491.6
6395.75
6032.333
6023.35
6494.733
6380.55
5904.8
5403.017
6334.467
6375.683
5923.8
6126.15
6364.533
6141.217
6013.6
5939.083
6312.8
6105.75
5943.267
5605.083
6176.4
6241.95
5503.733
5673.417
6255.4
6007.883
5770.867
5550.95
6151.333
6106.55
6029.2
5620.483
6215.2
6104.35
6054.4
5918.15
6139.267
5981.883
4759.467
5239.883
6033.467
6107.75
5727.4
5471.817
5978.2
6092.617
5464.867
5453.417
5874.267
5859.75
5392.067
5434.017
5920.6
5874.017
5232.8
5220.483
5767.667
5729.217
5476.8
5467.217
5708.867
5639.883
5212.4
5614.35
5701.933
5723.483
5215.4
5438.217
5832.867
5583.95
5152.267
5055.15
5645.667
5650.417
5491.8
4934.017
5715.2
5601.75
4924.0
5053.283
