270.467
69.117
-132.267
145.65
451.867
137.78300000000002
212.867
233.25
244.933
258.783
123.467
-166.35
207.667
204.25
19.267000000000003
-34.150000000000006
349.867
-2.3499999999999943
61.733
358.85
424.33299999999997
188.11700000000002
466.933
160.65
279.2
200.45
228.267
-127.883
208.267
201.517
324.533
22.316999999999993
281.067
191.983
235.46699999999998
21.849999999999994
559.4
473.85
88.4
-63.75
249.933
129.78300000000002
-12.266999999999996
174.583
199.46699999999998
228.38299999999998
143.4
227.85
220.2
236.11700000000002
-38.06699999999999
36.45
613.133
277.717
-12.332999999999998
-259.217
430.467
443.983
33.533
37.650000000000006
377.267
430.85
384.067
228.11700000000002
417.267
366.91700000000003
155.733
322.91700000000003
395.267
388.983
321.733
-139.88299999999998
438.6
281.317
35.333
78.85
377.4
188.71699999999998
142.6
64.117
294.867
485.783
197.2
56.05
236.4
341.983
30.200000000000003
10.117000000000004
245.86700000000002
203.38299999999998
501.4
-3.4170000000000016
182.733
215.78300000000002
348.0
-69.683
198.4
246.78300000000002
205.067
88.85
410.267
357.91700000000003
-226.6
21.25
399.467
309.783
228.8
197.11700000000002
465.733
286.383
-6.266999999999996
271.05
94.6
314.05
248.267
272.85
419.467
286.91700000000003
548.2
-230.21699999999998
320.733
374.65
102.733
360.91700000000003
390.533
456.183
257.66700000000003
100.917
348.4
238.583
-55.400000000000006
115.983
339.66700000000003
305.517
125.4
0.9830000000000041
416.2
433.05
55.533
-243.15
357.533
314.517
80.267
136.25
274.733
417.717
342.133
43.31699999999999
298.867
326.183
-279.6
-139.88299999999998
311.267
207.917
169.6
-6.950000000000003
326.467
252.78300000000002
52.266999999999996
220.183
409.6
291.517
247.733
-110.483
467.66700000000003
407.117
433.6
152.38299999999998
482.467
277.383
164.4
345.58299999999997
406.66700000000003
73.583
363.8
-158.017
131.13299999999998
223.05
14.0
357.517
588.133
419.91700000000003
164.53300000000002
-91.417
499.133
145.05
456.4
16.450000000000003
382.067
349.517
312.733
384.783
526.667
358.25
423.2
307.117
327.8
230.05
381.067
-353.35
383.067
356.383
176.53300000000002
142.71699999999998
143.4
320.25
469.0
172.05
239.2
302.383
121.467
-199.017
272.933
386.717
464.267
185.85
391.533
307.183
47.93300000000001
-309.95
435.8
236.11700000000002
-64.8
7.316999999999993
266.6
189.317
-1001.0
-97.95
127.933
270.58299999999997
246.86700000000002
-64.283
562.933
397.65
264.467
70.783
262.467
232.25
-116.267
428.517
518.867
271.383
-185.267
41.583
314.467
322.45
-110.0
339.517
370.33299999999997
257.85
391.733
342.45
327.267
411.58299999999997
242.733
183.11700000000002
367.467
254.583
408.33299999999997
28.382999999999996
404.33299999999997
437.05
334.66700000000003
-76.817
221.4
317.183
76.6
-283.75
377.66700000000003
347.91700000000003
256.6
-122.95
349.733
329.717
217.53300000000002
90.583
353.0
353.85
-160.0
204.317
334.133
59.583
-144.2
151.38299999999998
269.133
215.983
310.467
165.45
269.33299999999997
515.45
91.533
169.25
379.533
537.317
401.8
160.317
226.53300000000002
280.85
100.067
502.517
354.8
207.85
-154.46699999999998
113.05
221.86700000000002
288.783
272.8
-6.417000000000002
543.2
562.517
32.867000000000004
290.58299999999997
383.133
342.58299999999997
234.667
106.717
346.933
388.25
93.667
135.38299999999998
299.2
337.05
193.2
307.117
483.467
450.517
412.733
122.383
573.867
198.517
398.33299999999997
-124.75
391.2
195.917
-62.400000000000006
303.183
354.8
225.25
572.933
416.983
408.267
289.91700000000003
661.467
111.38300000000001
406.467
312.983
-10.332999999999998
297.783
666.333
442.38300000000004
572.533
-17.682999999999993
475.6
407.25
428.933
227.383
385.33299999999997
566.45
-15.467000000000013
269.05
645.4
366.91700000000003
174.133
210.45
388.467
387.05
554.6
209.717
677.067
574.783
726.333
474.45
737.133
557.25
274.867
383.25
433.2
657.117
838.0
243.78300000000002
758.2
639.383
580.8
718.45
652.4
545.317
396.933
689.5830000000001
538.4
805.65
163.933
335.25
614.067
598.183
610.733
448.783
933.733
596.05
763.133
591.317
745.867
703.25
736.467
357.517
1060.667
514.45
609.8
548.517
893.0
577.05
758.133
648.9169999999999
659.067
932.517
838.333
730.317
684.4
925.983
697.6669999999999
500.583
1004.8
781.783
677.933
625.9169999999999
620.467
719.65
845.8
708.983
935.733
825.517
618.933
565.05
755.933
856.383
746.4
628.45
973.467
542.85
790.067
527.783
735.4
630.45
811.933
893.117
787.0
525.65
848.867
1013.05
503.467
917.85
770.133
812.583
833.6
818.717
670.267
1022.583
1217.533
733.05
743.4
1331.85
982.267
1187.25
562.867
756.65
1230.133
1070.117
1201.667
1288.317
814.267
793.9169999999999
913.5329999999999
878.517
1411.6
1237.317
718.933
1190.783
1088.133
1298.783
1325.667
1153.717
1071.267
1421.583
696.0
961.7170000000001
1092.133
1260.183
1584.2
1535.45
1482.8
1427.917
1222.133
1326.983
1339.333
1251.783
882.933
1096.117
1435.8
1256.65
1515.267
1064.983
1567.667
1471.917
1569.133
1387.65
1536.867
1457.117
1060.067
1512.45
1391.333
1290.05
1230.933
1364.383
1358.0
1474.117
1376.467
1139.25
1473.867
1248.25
1219.6
1103.117
1587.4
1474.517
1418.667
1493.65
1621.667
1344.917
1317.533
1206.517
1488.067
1510.983
1367.733
1127.783
1615.067
1370.45
1419.867
1393.183
1545.667
1426.65
942.5999999999999
1368.05
1441.133
1520.05
1549.4
1722.383
1850.4
1662.65
1692.133
1663.583
1798.4
1871.183
1712.133
1792.717
1785.933
1803.85
1963.0
1807.517
2193.333
1669.517
1242.667
1500.983
1699.4
1999.917
1723.6
1827.25
2166.467
1979.317
1901.533
1832.25
2069.4
2122.317
2147.867
1870.45
2234.267
1918.65
1801.333
1694.25
1724.933
1654.983
1958.533
1306.85
1715.467
1842.05
2072.667
1726.25
2041.533
1941.717
2136.133
1951.05
2026.467
2080.717
2059.467
1985.183
2294.867
1855.983
2413.6
2166.183
2172.533
2097.783
1999.867
2183.65
2423.733
1790.45
1900.933
2211.317
2475.533
2178.117
2260.667
2017.85
2080.067
1962.65
2052.667
2178.25
2159.4
2478.25
2737.6
2043.9830000000002
2623.2
2609.583
2473.933
2370.383
2429.333
2303.25
2254.733
2558.783
2489.667
2286.65
2084.867
2194.717
2136.0
2098.25
2441.6
2307.85
2474.0
2694.917
2525.067
2659.383
2869.0
2617.05
2941.133
2795.383
3111.6
2883.517
2714.0
2938.183
2944.0
2846.783
2644.067
2806.25
2632.067
2694.917
2578.6
2742.85
2730.4
2501.517
2158.867
2437.117
2382.533
2394.117
2204.8
2146.583
2429.867
2160.45
2100.133
1796.517
2404.867
1966.983
2317.4
2344.85
2529.4
3016.85
2824.733
3124.917
2965.2
3156.45
3282.533
2888.983
3076.867
3011.383
2743.533
2653.05
2935.8
2793.783
3046.667
2601.05
2864.0
2932.65
2915.4
3063.383
3043.2
3098.65
3267.6
3202.917
3253.133
3237.85
3146.067
2852.05
3199.0
3265.917
3126.067
3343.783
3437.6
3287.917
3185.133
2883.983
3402.533
3265.85
3613.467
3896.25
3978.467
4356.117
4339.532999999999
4196.383
4133.6669999999995
4039.783
4165.0
3756.85
4311.8
4020.517
4145.4
4093.983
4320.6669999999995
3802.25
3985.133
4108.85
3933.4
3979.45
3775.8
3488.117
4121.267
4205.45
4072.533
4291.117
4434.4
4428.25
4320.133
4059.5829999999996
4399.6
4342.383
3809.6
4030.783
3982.667
4241.782999999999
4109.933
4331.65
4534.4
4281.117
4140.067
3593.317
3856.867
3965.85
4011.867
3731.983
4147.6
3815.717
3864.333
3644.117
3565.667
3519.183
3425.267
3500.65
3542.2
3651.117
3420.333
3567.25
3328.533
3491.383
3636.067
3745.117
4050.933
4200.383
4331.333
4494.917
4289.0
4345.9169999999995
3908.0
4447.05
4249.933
4258.717
4789.267
4493.183
5195.6
5208.65
5133.067
5348.65
5935.133
5452.05
5548.133
5025.517
5185.333
5075.317
4672.667
4400.65
4481.067
4307.65
4127.333
4233.383
4728.6
4374.317
4638.867
4701.85
5196.0
5164.983
5304.0
5038.383
4888.2
4746.25
4354.867
4197.183
4286.4
3870.45
3722.0
3581.983
3641.133
3566.917
2998.2
3335.717
3319.867
2997.583
2682.0
3442.317
3489.6
3614.383
3943.067
3675.517
4466.4
4746.917
4827.867
4655.983
4753.6
4513.917
4158.467
4287.917
4228.467000000001
4421.783
4390.933
4219.05
4777.867
4445.65
4630.267
4504.917
4683.467
4632.183
4549.6
3988.8500000000004
4601.467
4466.717
4618.067
4527.917
4442.2
4462.517
4517.133
4528.65
5222.467
5270.383
5265.2
5515.717
5677.8
5758.25
5737.2
5579.983
5906.467
5669.85
6057.867
5687.65
6126.667
6566.183
5869.333
6118.45
6206.4
5948.317
5913.0
5185.783
5070.2
4520.517
4256.0
3332.45
3178.6
2665.85
2477.467
2482.717
3037.267
3310.783
3659.267
4184.383
4550.933
4778.05
5063.6
5515.25
5798.933
6221.983
6103.6
6096.183
6236.333
5647.383
5573.733
5230.983
4858.4
4086.917
3768.6
3455.917
3446.067
3793.85
3967.867
4520.783
5435.133
5700.583
5933.667
6809.05
7052.867
7166.45
7577.867
7289.717
8005.4
8054.717
8438.267
8146.783
8103.067
8546.517
8275.067
8355.383
8481.8
8312.05
8564.934
8363.583
9017.533
8850.583
8947.6
8732.583
9250.2
9059.65
8947.066
9032.65
9539.733
9306.384
9239.467
9026.65
9191.733
8733.917
8811.2
8997.65
9079.267
9488.717
9252.0
9344.583
9424.333
9085.184
8791.934
8597.65
8767.467
9052.917
9225.6
9126.85
9131.6
9128.517
9069.533
8934.983
8832.2
8843.583
8674.467
8739.583
9215.267
8967.184
9182.134
8841.384
8988.333
9202.116
9003.134
9378.45
9545.4
9509.184
9625.066
9732.316
9853.733
10147.917
10415.0
10200.316
10161.4
10098.384
9408.8
8867.116
9014.4
8961.917
8891.866
8786.983
9101.267
9341.717
9487.733
10127.917
10065.4
10657.45
10624.8
10659.517
10634.2
11065.316
10417.934
10522.65
10966.733
10497.65
10540.066
10741.517
10687.733
10475.116
11074.733
10595.45
10924.0
10884.316
10778.6
10491.316
10738.467
10615.05
10691.267
10076.384
10706.333
10527.85
10552.8
10137.65
10524.4
10903.717
11093.533
10726.65
11018.066
11099.05
10896.066
10876.583
10797.267
9821.316
10250.733
10280.316
10382.134
9886.917
10501.6
10327.45
10378.333
10094.116
10079.134
10422.05
10571.2
10479.517
10566.2
10326.116
10078.134
10052.983
9455.4
9721.05
10447.733
10225.517
10362.267
10721.517
11028.733
11116.384
11292.134
10941.316
11066.333
11202.983
11122.467
10666.983
10482.267
9973.917
10176.733
9426.783
10086.934
10317.116
9954.0
9939.65
10787.8
10753.384
10186.934
10235.65
11071.267
11267.717
10955.6
10737.917
10868.066
10965.05
10688.733
10595.316
10858.2
10658.717
10928.066
11250.45
10934.467
11186.517
11455.6
10586.917
10838.6
10684.917
10318.267
10585.717
9866.4
10128.783
10148.467
11125.05
11023.066
10838.184
10866.8
10393.316
10685.733
10620.116
10967.0
10653.65
10422.6
9855.65
9716.667
9361.917
9008.733
8903.45
8292.133
8149.183
8191.533
8156.917
8663.267
9095.783
10007.134
10619.917
11756.0
11907.316
12914.2
12088.116
11548.0
12009.983
11879.467
11709.717
12437.2
12536.65
12801.934
12616.05
12506.8
11852.583
11415.0
11050.184
11315.8
11204.517
12480.134
11939.783
12574.066
12615.45
12936.6
12962.316
12576.934
13301.85
13500.533
14129.316
13992.134
14146.384
14404.934
14755.983
13731.267
13968.25
13314.267
13652.05
13611.667
14055.517
13478.733
13274.25
12831.8
12622.116
12859.934
12581.85
11674.0
12549.184
12378.533
13203.583
13337.4
13391.517
14321.4
13921.45
13514.333
13872.116
13878.866
13686.05
13670.667
13856.116
14309.667
14746.65
14803.934
14417.517
14567.667
16207.917
14966.0
15011.05
15234.267
14653.517
15266.866
15200.983
15804.467
15240.983
14664.866
15010.517
15223.934
15104.983
14595.8
14502.717
15620.0
16067.917
15677.134
15034.517
15376.8
15160.85
15029.0
14221.05
15085.934
14960.583
14614.134
13928.316
14532.333
14805.384
14799.467
14370.85
15443.134
15483.316
15243.4
15584.116
15761.467
16478.316
15730.6
15502.25
16103.4
15674.783
15986.733
15119.783
15456.333
16196.316
15739.667
15907.65
15941.934
15515.583
15729.134
16138.25
16807.133
16557.783
16513.6
16714.783
16538.667
16933.051
17411.934
16965.316
16910.4
16504.116
16517.6
16012.983
16455.667
16071.783
16413.6
15736.384
15333.134
15572.65
15468.934
15204.45
15760.2
15277.384
15441.066
15562.983
15479.267
15598.783
15435.934
15996.25
16485.267
16847.449
15980.066
16056.45
16104.866
15548.717
16410.934
16024.45
16576.934
16570.917
16943.0
16967.783
17094.801
17326.783
16796.8
16371.051
17974.867
17348.051
17261.199
17520.783
17772.934
16540.983
17240.934
16509.518
17494.133
17262.584
16500.733
17077.717
17585.6
17319.117
17386.0
18336.65
17766.066
17180.184
16980.066
16717.584
16596.333
17174.518
17864.133
17735.85
18421.268
18572.449
18920.4
18460.518
18553.268
18934.717
18651.467
18663.916
18628.6
18763.051
19190.533
18872.316
19500.533
19255.916
19383.467
19844.25
19685.6
19599.982
19162.801
19311.518
19622.0
19180.051
19043.334
18886.25
19565.133
19262.518
20270.268
19520.584
19133.4
19652.518
19799.467
20501.449
20555.4
20706.584
20087.801
20342.449
19835.133
19955.25
19764.4
20113.25
20323.0
22154.449
20433.533
21356.65
21683.867
21878.916
21342.732
22659.316
22084.6
22419.117
23168.334
23862.051
22662.066
23220.982
22703.867
22972.051
24642.732
23101.449
23295.334
22405.518
22330.6
22519.717
23156.066
23049.184
23539.133
24272.85
23708.133
24480.25
25179.6
25841.449
25869.801
26064.584
26885.268
27533.117
26900.0
25492.117
26378.467
26550.25
25782.732
26339.783
26959.6
26946.316
26801.334
27245.449
27882.199
27158.584
28660.133
29358.982
28966.934
28327.916
29497.801
29288.449
29350.666
29107.316
29444.133
29629.449
29372.6
29436.584
29072.268
29306.449
30236.732
30998.916
31441.0
31758.25
33149.934
33410.383
32784.334
33521.051
33549.066
33276.516
33280.867
32307.916
33284.0
32456.783
32424.133
34037.117
34645.066
34894.25
35000.0
35160.582
35952.801
35079.316
35337.0
34800.449
35078.398
35308.715
34755.465
35509.852
36274.734
36622.516
36775.867
36965.582
37401.199
37354.648
36773.266
37103.852
36937.934
37033.582
36394.867
36952.852
37102.602
37293.383
37763.133
37196.316
37088.602
37231.184
37350.602
37413.316
37432.398
37737.648
37510.332
37685.852
37978.535
37621.383
36537.332
35951.25
34255.066
32911.449
31923.4
31565.717
31476.467
31975.117
31957.6
33298.117
34940.934
35450.715
36124.934
36230.184
36541.867
37463.383
38502.199
38056.852
38774.266
38759.715
38390.734
37558.852
37246.332
37516.785
38128.602
38420.051
38938.133
39594.051
40490.133
41031.984
41156.734
41234.648
40479.934
40341.918
39838.668
40183.984
40227.867
40191.918
40207.332
39488.582
39053.332
38844.316
38251.465
38298.918
38647.066
38408.785
39898.465
40181.117
40500.199
41130.383
41387.867
40397.984
40649.668
40202.316
40279.734
40600.918
40972.801
41353.184
42521.266
42353.383
42934.133
42407.117
42415.332
41996.785
41191.602
41389.785
41341.535
41481.785
41222.465
41531.516
42144.0
42494.25
41986.066
42069.984
43182.734
42624.516
43026.332
42306.184
42935.133
42353.316
41383.398
40893.449
40490.934
40452.051
40673.266
40997.648
41437.668
42616.648
42342.734
43177.184
42627.602
42672.582
42488.332
41994.449
41590.867
41179.918
40491.465
40704.715
40681.934
40421.715
40606.066
40596.449
40387.133
40427.785
40307.133
40426.383
40907.398
41386.648
41351.867
41826.852
42593.0
42802.582
42785.465
43063.051
42858.668
42803.184
42007.266
41594.117
41056.602
41340.918
41755.668
41456.117
42325.332
42638.516
43266.934
43531.117
43540.199
43458.984
44343.066
44700.051
45233.668
45343.918
45012.199
44821.449
44549.867
44496.383
43787.199
43570.051
43723.266
43757.918
43381.602
43250.785
42364.266
42908.117
42529.668
42966.383
42836.066
43793.582
44258.332
44908.117
45321.867
45587.648
44648.668
44708.449
44145.199
44178.184
44525.332
44157.051
44092.465
43820.852
44170.934
44581.918
44589.602
44766.715
44781.535
45291.715
45809.668
46629.582
45809.602
45597.316
44931.066
44911.715
44113.801
44208.184
44035.535
43819.715
44416.465
44598.449
42672.332
43935.051
43873.266
43476.984
43697.266
43420.984
43326.934
43582.648
44200.668
44492.785
44516.398
44397.516
44618.535
45324.383
45389.0
45714.449
45401.734
44875.117
43433.867
41856.984
41039.602
39459.184
37716.266
37245.051
37951.734
39020.715
41421.066
42051.648
41458.465
41488.852
41719.133
41148.582
41559.734
40953.449
40466.066
41435.516
42696.398
43641.449
43586.0
44025.383
44218.668
44718.383
45535.801
45028.516
44917.398
44955.984
44177.602
44649.648
45128.266
45126.715
45027.934
45887.918
46336.535
46343.648
46378.934
45651.852
45527.465
45166.582
45415.199
45032.715
44310.332
44070.852
43605.602
44656.051
45474.398
46188.715
45910.199
46609.648
47509.199
47848.715
47224.602
46803.918
47215.934
46572.117
46393.066
45749.316
46471.266
46985.918
46518.398
46198.316
45841.867
44670.715
43997.199
42389.648
41150.133
40742.316
40894.934
41253.516
41847.668
43071.785
43309.934
44679.184
44996.133
45050.449
45746.199
45958.316
46435.801
46639.117
46759.066
47257.984
48156.332
47445.449
47079.199
46168.25
46080.602
45961.383
45819.535
45742.449
45833.934
46546.316
47569.535
47644.25
47683.465
47649.117
47574.266
47257.449
47298.668
47239.25
46074.734
45491.117
45068.668
44379.984
43514.668
42996.516
43376.734
43686.715
44179.734
44590.582
45330.332
45446.516
45193.199
45054.984
45240.133
44855.25
44495.266
44628.316
45052.934
45603.051
45785.602
45847.582
46342.398
46908.25
46845.602
46940.25
46700.199
46514.516
45833.801
44998.648
44625.0
43757.785
42697.133
44033.184
43945.398
44294.117
44465.266
45112.184
45221.199
45590.117
45044.0
45086.785
45474.867
44927.852
44799.332
44599.715
44509.668
44188.582
43440.199
42989.516
43124.602
43256.316
42707.934
42025.051
42382.801
42186.051
41956.199
41940.516
42184.867
42503.648
42726.266
43224.383
43393.734
43867.852
43550.465
43352.715
43894.332
43797.449
42605.199
43350.383
42899.734
42896.316
43131.266
42452.449
42585.332
43476.785
43685.0
44048.918
44006.668
44105.184
44028.133
43698.715
44194.199
43658.25
43121.199
43048.785
43358.332
43835.449
43989.398
43222.25
43410.266
43308.984
42872.535
43155.785
43257.734
43247.316
42973.398
43127.383
42863.867
43020.918
42400.398
42171.25
42061.133
42035.516
42270.398
41797.918
42733.199
42950.25
43461.266
42792.852
42960.801
42986.852
43291.535
43117.918
42907.0
43069.516
43022.535
42818.383
42810.066
42845.316
42492.535
42040.852
42471.066
42563.918
42675.199
42669.852
42827.332
42856.648
42709.867
43155.449
43209.332
43430.316
42511.535
42083.25
42344.867
41802.918
41879.199
41632.516
42200.734
42717.051
42521.934
42434.449
42738.668
42647.516
42993.934
42885.715
42883.465
43187.984
42969.066
42950.25
43161.133
43241.918
43120.801
42935.051
42230.801
42451.383
41648.602
41893.184
41955.801
41877.984
41502.465
41656.383
41567.199
41512.852
41567.465
41952.316
41589.066
42174.648
41977.535
41899.648
41321.602
40953.316
40571.465
40683.785
40316.332
40344.184
40028.266
40633.449
40832.535
40879.918
40725.332
40341.648
41436.734
41676.316
41932.0
42004.984
42605.199
42738.715
42128.867
41869.984
41688.867
41637.516
40856.398
40955.117
41198.801
41177.117
41558.535
41453.25
41976.199
41899.383
42003.465
41756.918
42002.602
41691.582
41370.133
40815.984
41491.602
41618.117
40767.465
41634.715
41235.535
41583.648
41802.734
41320.516
41559.332
41174.449
40321.867
39881.184
40404.465
40130.516
39843.734
40275.516
40313.266
41365.184
41069.133
41745.25
41959.266
41655.184
41499.668
41919.516
42219.602
41671.918
41174.398
40970.852
40915.066
40376.582
40208.266
40159.449
40779.934
40796.25
40792.266
40720.383
41333.066
41365.516
41006.867
40755.051
40734.199
40305.051
39689.535
39147.984
39198.734
39180.984
38833.465
39106.852
39507.199
40034.785
40312.133
40421.316
40749.668
41009.184
41363.066
41324.383
41443.602
41219.918
41055.734
41587.25
40920.398
41437.051
41098.066
40706.715
41236.535
41129.516
41306.602
40911.184
40786.332
40681.648
40654.0
40044.316
40279.801
39979.715
39794.867
40091.383
39769.535
39548.984
39513.867
39417.984
40206.332
40500.316
39654.332
39763.051
40401.867
40261.25
40140.266
40658.516
40215.465
39814.852
39705.934
38869.852
39384.199
38565.383
38799.934
38659.785
38606.266
39182.648
38907.465
39299.184
39191.867
39104.25
39472.867
39412.117
39699.602
39614.184
39138.734
39158.117
39464.332
39534.516
38709.398
39044.316
39232.133
39255.582
38630.734
39129.383
39749.465
39379.383
39078.465
39940.051
39950.133
39839.383
39515.668
39119.648
39688.465
39221.25
39401.133
39362.051
39088.602
39247.715
39143.133
38932.051
39246.602
38957.582
38317.934
38468.918
38791.133
38595.383
37944.934
37902.184
37627.867
37535.715
37356.668
36926.852
37486.066
37544.383
37166.199
38121.316
38090.133
38303.117
38237.332
37881.184
38433.199
38244.582
37937.668
37383.25
37911.398
38057.184
37268.266
36447.918
35802.332
35041.117
34500.668
33790.984
33494.934
32845.85
32359.801
33544.184
34127.801
34189.984
34760.867
35519.918
36648.867
36336.648
36823.332
36589.785
36550.398
36754.582
36239.398
36147.852
36296.066
36283.25
35846.066
35985.449
36093.0
36286.051
36082.934
35798.984
36238.332
35968.316
35948.266
35775.449
36213.867
36187.516
35826.867
36407.648
36208.801
36029.582
35636.535
35358.383
35448.668
35335.25
35276.066
35398.582
35215.266
35570.051
35657.602
35441.582
35636.734
36183.449
35865.535
35539.316
35834.133
35984.051
35856.867
35986.051
35866.934
35450.516
35312.934
35187.785
35365.668
35267.383
34512.0
34872.316
34772.066
35039.785
34878.465
34704.25
34831.133
34910.648
35298.535
34761.051
34977.199
35203.918
34663.535
34967.117
34933.066
34818.449
34283.602
34379.648
34295.133
34386.25
34449.801
34328.984
34265.934
34231.715
33614.535
33962.648
33735.934
34011.184
33510.867
33902.449
34497.465
34154.184
34523.602
34512.051
34368.199
34857.184
34633.602
34635.25
34615.602
34563.918
34804.535
34540.582
34744.199
34426.184
34714.266
34499.449
34900.668
34265.582
34384.266
34098.184
34362.133
34497.184
34020.934
33855.184
33988.133
34002.117
33925.602
34042.316
34127.801
34227.852
34136.465
34071.918
33991.332
33671.785
33228.535
33128.117
33330.867
32783.184
32515.666
32653.383
33055.4
33009.051
32551.666
32623.449
33014.4
32799.65
32444.867
32133.783
32493.4
32283.783
31875.133
31406.383
31771.467
31852.117
31810.268
32036.316
31952.268
31991.85
31375.801
31576.717
31202.801
31124.65
30357.268
30185.449
30268.934
29804.584
29775.6
29144.717
29466.6
29150.25
28613.0
27823.316
27719.732
27783.916
27645.199
27052.316
27335.0
27231.65
27557.801
27597.25
28207.867
28571.184
29354.6
30103.383
30196.334
30383.783
30432.199
30647.783
30457.6
30128.783
30212.066
29902.65
30241.0
29987.65
30309.066
30349.717
30704.066
30654.65
30846.732
30708.383
31159.133
31055.518
30722.801
31034.051
31359.334
31120.65
30817.6
30644.717
30969.666
30846.584
30562.0
30560.316
30620.801
30690.051
31030.334
30242.916
30795.867
30735.717
30851.801
30635.383
30907.199
30632.85
30335.268
30307.584
30433.867
30574.85
29905.533
29780.051
29997.666
29680.051
29664.0
29878.982
29991.268
29683.85
29576.133
29343.916
29293.199
29301.982
29391.066
29339.717
29333.666
29257.982
29317.199
29210.184
29022.334
29072.65
28824.533
28271.584
28728.467
28207.982
28358.732
28335.584
28476.867
28230.25
28397.533
28327.117
28419.6
28707.449
28509.934
28854.184
28684.801
28890.916
28675.934
28180.916
28311.133
28115.916
28006.467
28259.117
28084.6
28064.316
28053.6
27971.916
28378.867
28854.117
28399.801
28946.717
29068.533
28848.184
28991.199
28668.65
28848.867
29052.25
29202.199
29380.717
29421.268
29811.518
29714.666
30090.85
30384.334
30680.584
30182.867
30009.982
30354.732
30871.518
30684.066
31164.518
31294.934
31740.584
31563.732
31653.65
31523.0
31272.184
30502.867
29487.449
28950.4
28633.184
28351.867
28033.184
27844.801
27829.783
27726.867
27535.783
27826.666
27714.25
27713.066
27694.783
28080.666
27852.584
27655.199
27321.65
27294.934
27496.717
27070.666
27365.117
27240.934
27456.25
27471.801
27549.982
27606.867
27841.518
27498.268
27610.85
27983.4
27777.316
27179.0
27484.316
27871.801
27727.916
27314.4
27602.117
27943.334
27258.982
27704.133
26997.982
27314.801
27008.117
26762.268
26932.783
26803.334
26895.982
26606.268
26165.65
26814.467
26879.383
26553.199
26534.783
26717.066
26478.584
26896.934
26316.584
26484.133
26585.316
26722.801
26699.584
26863.867
26596.65
26668.467
26816.184
27089.934
26637.916
26184.133
26231.117
26507.066
26643.383
26347.199
26494.982
26385.6
26524.383
26302.268
26301.184
26376.467
26278.717
25855.467
25616.184
26261.334
26030.25
25627.6
25501.65
25966.268
25545.717
25586.867
25645.25
25940.066
25574.85
24629.199
25396.982
25860.801
25417.982
25369.934
25008.518
25262.133
25356.383
25603.334
25555.65
25476.133
25175.518
25238.467
25203.117
24626.334
24465.65
23908.268
24195.85
23736.6
24121.518
23644.934
23792.65
25082.4
24848.584
24806.533
25414.65
25243.867
25326.184
24885.199
24666.051
24496.199
24540.783
24296.934
24344.584
24426.934
24418.25
24020.4
24269.117
24898.268
24449.717
23951.666
24236.65
24534.268
24590.449
24278.6
24385.65
24545.6
24146.051
23833.199
23497.316
23876.732
23468.717
23391.533
22979.783
22987.199
23045.584
22420.467
21927.316
21798.867
20431.916
19695.467
18900.184
18973.934
19022.518
19106.4
19331.982
20144.732
21002.316
21492.801
21526.65
21716.732
22346.184
22841.801
22727.518
22398.133
22844.449
22762.467
22858.982
22885.199
22467.518
22156.467
22023.051
22468.666
22329.25
21937.867
22617.65
22492.732
22692.383
22785.867
22686.916
22781.268
22759.518
22496.533
22589.85
22726.666
22907.783
22459.133
22438.584
22855.133
22912.916
22859.0
22957.982
23034.133
23002.916
22893.867
22346.051
22843.467
22791.584
22456.4
22243.982
22505.867
22669.184
22429.6
22028.783
22278.4
22594.449
21930.066
22646.117
22744.334
22674.051
23108.199
22853.717
22947.334
22951.982
22723.533
22882.584
22774.268
22697.518
22356.934
22442.85
22482.666
22512.783
22398.533
22498.65
22702.533
22728.584
22425.334
22173.717
22503.133
22408.051
22528.4
22098.982
22635.533
22493.449
22646.334
22636.518
22787.4
22671.65
22213.268
21895.449
22496.268
22338.383
22516.666
22105.783
22020.268
22141.916
22012.066
22359.65
22108.467
22095.051
21526.867
21601.316
21648.533
21944.717
21074.666
21354.584
21587.066
21571.184
21317.467
21215.518
21610.268
21564.584
21310.0
21457.117
21545.867
21727.65
21019.801
21245.85
21722.199
21722.717
21402.334
21272.916
21394.867
21578.051
21204.467
21176.117
21289.6
21222.051
20681.732
20981.518
20996.199
20797.584
20785.666
20941.717
20615.867
21339.117
20664.801
20603.383
20728.0
20749.85
20642.066
20065.982
20595.199
20621.051
20332.666
20049.051
20526.934
20409.25
20278.801
19742.65
20319.666
20305.449
20238.334
20293.449
19881.0
20197.449
20055.867
19594.184
19869.666
19723.783
19723.133
19216.25
19648.801
19557.982
18944.334
18586.051
19356.533
19164.316
18996.732
18844.383
19089.4
18984.051
18615.4
18535.117
19223.268
18927.25
18766.0
18579.25
19079.066
18671.982
18476.666
18379.65
18999.533
18744.783
18504.066
18487.184
18652.4
18342.982
17975.867
17648.584
18143.268
18264.383
18115.066
18418.25
18565.268
18432.117
17840.199
18456.518
18264.666
18142.916
18109.533
18076.518
17968.334
18136.584
17669.6
17611.783
17027.934
16291.116
15622.4
14913.65
14497.934
14386.184
14331.4
14292.517
15155.733
15648.917
15851.6
16263.917
16615.0
16628.383
16740.467
16686.117
16791.133
16238.25
16233.533
15535.517
16601.267
16519.45
16302.801
16222.383000000002
16603.268
16844.584
16999.934
16672.449
17096.133
17298.184
16945.467
17035.518
17353.199
17393.449
17370.666
17472.717
17593.334
17605.184
17353.133
16991.85
17879.268
17642.051
17635.801
17180.316
17868.533
17983.982
17755.732
17984.85
18008.467
17540.783
17702.4
17395.982
17915.666
17816.25
17707.334
17638.316
17668.732
17883.518
17454.334
18005.65
17966.066
17996.117
17961.533
17594.316
18272.334
18223.383
17825.268
17976.449
18661.268
18394.982
18117.133
18614.916
18798.867
18479.85
18232.334
18326.051
18049.732
18159.584
17675.268
17829.316
18167.467
18039.449
18027.066
18488.916
18159.0
18296.316
17680.666
17494.518
18444.334
18233.316
18056.0
18174.518
18034.533
18096.85
18221.867
17909.584
17966.334
17939.783
17873.6
17847.85
18014.066
17652.982
17763.867
17630.518
18012.533
17747.117
17876.0
17839.184
18238.467
17835.25
17874.6
17797.184
18028.334
18283.916
18266.133
18138.916
18068.867
17947.65
17835.533
18071.117
18200.066
18316.117
18324.334
17934.383
18579.666
18418.184
18365.133
17879.717
18380.066
18304.584
18084.268
17981.518
18090.867
18223.717
18361.066
18241.117
18343.732
18035.051
18145.732
18342.184
18035.4
18155.584
18017.199
17867.25
18008.934
18145.717
17878.6
17816.717
17957.533
18205.117
17270.801
18020.383
18008.199
17960.717
17249.0
17635.383
17939.666
18059.25
17868.934
17933.25
17867.0
17993.051
17755.133
17633.316
18016.666
17749.518
17822.801
17517.184
17736.334
17782.982
17480.467
17376.25
17715.732
17298.717
17286.934
17092.916
17474.732
17333.982
17000.867
17295.051
17299.4
17032.117
17196.934
17312.916
17156.6
17087.449
16862.268
16911.518
17184.066
16877.25
17025.867
16650.051
16749.867
16794.051
16671.867
16777.584
16639.133
16509.583
16493.267
16464.184
16671.6
16668.584
16593.267
15693.316
15987.8
15899.316
15755.267
15214.65
15106.667
15160.85
14835.934
14215.717
14769.134
14612.517
13794.934
14156.917
14103.6
13733.85
13897.134
13333.583
13464.733
13352.983
13070.0
13234.116
13427.0
13309.85
13471.267
12232.85
13025.134
13090.65
12630.267
12944.384
13148.934
13240.983
12958.2
13370.85
13549.333
13602.384
13779.134
14150.45
14133.667
13967.583
14059.066
13856.05
13824.2
14000.184
13972.8
13425.783
13926.6
13734.25
13429.267
12842.116
13212.134
12988.45
12678.2
12632.783
12472.733
12579.184
12377.934
12243.583
12657.8
12614.184
12494.134
12499.65
12605.8
12444.517
12395.733
12286.184
12688.467
12500.783
12196.0
12621.184
13003.6
12753.45
12469.333
12635.384
12581.333
12608.45
12565.4
12476.384
12542.934
12288.316
11733.267
12292.25
12151.4
12312.85
12405.733
11932.917
12443.134
12311.316
11570.0
11879.717
12107.934
11951.917
12017.733
12270.384
12387.667
12347.316
12542.467
12479.717
12584.934
12411.517
12373.667
12059.05
12309.333
12421.116
12105.066
12119.783
12385.267
12357.25
12099.134
12538.783
12573.333
12731.116
12266.267
12493.316
12618.6
12538.583
12792.0
12054.65
12603.134
12492.983
12646.066
12268.116
12931.2
12659.65
12778.8
12401.384
12910.0
12869.65
12552.733
12380.917
12574.4
12334.316
12287.866
12480.384
12427.4
12280.583
11939.0
11940.85
12181.866
12341.583
12210.467
12360.316
12326.667
12182.25
11929.866
12186.517
12269.0
12164.184
12418.134
11796.717
12112.934
12381.717
12365.934
12051.05
12083.134
11654.517
11362.267
11826.05
11702.6
11785.25
10973.6
11525.717
11827.066
11690.05
11430.934
11722.85
11977.333
11580.783
11705.2
11557.717
11793.333
11418.116
11180.8
11148.783
11483.934
11455.316
11017.467
11277.05
11263.667
11420.783
11259.6
11290.05
11384.533
11209.717
11036.533
11267.384
11427.066
11311.85
11171.667
11517.983
11220.0
11341.384
11257.6
11068.783
11244.066
11232.783
11042.467
10910.316
10963.134
11065.717
10760.6
10678.517
11140.4
11137.783
10867.8
10868.717
11168.733
11135.717
10725.333
10757.384
10983.934
10769.717
10566.2
10954.983
10928.533
10710.917
10936.066
10708.517
10768.0
10706.783
10455.2
10081.116
10791.667
10425.316
10695.333
10480.917
10592.4
10389.517
10347.866
10177.983
10539.533
10402.65
10309.0
10046.65
10299.134
10374.983
10151.467
10148.45
10400.066
10371.45
9838.066
10023.25
10321.267
10281.05
9620.2
9760.85
10181.467
10166.116
10052.667
9697.717
10262.0
10175.717
10076.467
9827.05
9987.667
9815.917
9671.6
9823.583
9997.6
9762.45
9616.134
9670.116
10129.2
10117.25
9870.6
9607.45
9720.0
9851.05
9667.8
9500.983
9807.934
9735.983
9704.8
9382.05
9586.134
9672.05
9639.2
9453.184
9671.066
9456.05
9890.066
9185.783
9623.066
9539.583
9324.2
8908.184
9601.066
9557.384
9580.866
9251.65
9360.0
9216.384
9339.733
9450.783
9719.733
8930.05
9239.4
9029.983
9289.733
8714.184
8321.4
7695.983
7493.0
6706.65
5913.8
5324.317
4723.0
4005.25
3617.067
2960.583
3301.4
3175.917
2921.133
3113.183
4008.333
4182.983
4172.6
5136.783
5659.8
5918.317
6241.6
5586.917
6329.4
5972.383
5820.533
5453.383
5269.933
5349.65
5063.133
4829.783
5219.0
5273.85
5244.533
5028.583
5759.4
5536.383
5570.8
6163.583
6226.933
6463.317
6125.8
6624.383
6776.667
6724.983
6744.467
7004.05
7267.0
7300.05
6815.667
7080.117
7631.4
7654.25
7204.8
7702.317
7952.533
8084.717
7998.867
7994.65
8473.467
8447.317
7854.0
7973.782999999999
8659.8
8736.316
8542.134
8267.65
8810.667
8605.116
8415.267
8413.917
8901.066
8685.583
7826.799999999999
8688.783
8839.134
8918.517
8586.934
8365.45
8871.667
8767.583
8606.066
8495.05
8652.333
8765.717
8362.8
8191.25
9102.267
8694.45
8497.467
8533.85
8832.733
8740.05
8594.733
8581.85
8811.134
8748.65
8550.533
8556.583
8843.2
8793.917
8673.066
8546.583
8910.134
8803.917
8240.8
8441.184
8766.6
8671.85
8320.8
8252.783
8669.467
8528.25
8571.0
8329.184
8616.8
8724.316
8427.2
7961.450000000001
8745.866
8634.116
8641.934
8429.85
8942.066
8669.65
8503.0
8257.783
8752.267
8559.384
8104.4
7977.782999999999
8594.2
8519.25
8542.8
7930.117
8648.866
8522.316
8350.134
8446.384
8613.467
8598.45
8386.866
8326.85
8852.2
8661.583
7794.467000000001
8153.517
8733.134
8489.316
8493.2
8340.65
8712.4
8598.45
8157.333
7971.384
8535.8
8393.317
8378.867
8233.582999999999
8551.2
8511.582999999999
8392.332999999999
7931.65
8607.267
8527.116
8186.467000000001
7871.85
8441.2
8592.183
8287.733
8219.65
8537.2
8160.583
8124.2
8262.65
8275.6
8205.983
8041.067
7858.983
8441.533
8257.517
7898.8
7836.717
8297.332999999999
8436.383
7747.4
7831.183
8295.533
8211.582999999999
8239.0
8002.517
8233.332999999999
8122.05
8084.867
7755.05
8413.6
8176.983
7891.933
7832.85
8225.6
8132.05
7972.867
7488.183
8104.067
8076.117
7935.4
7423.183
8205.533
7988.65
7503.2
7932.717
8004.6
7911.05
7517.867
7611.25
7772.333
7887.05
7642.0
7628.383
7900.6
7690.25
7671.333
7424.517
7760.867
7776.45
7310.267
7258.183
7743.2
7723.317
7438.0
7376.183
7443.467
7596.917
7164.8
7325.117
7390.733
7445.85
7250.733
7044.717
7589.533
7431.983
7080.667
6742.917
7308.533
7462.85
7264.467
6985.183
7326.2
7271.583
6601.133
7011.85
7438.733
7067.717
6919.333
6971.717
7207.467
7244.517
6866.733
6742.917
7140.733
7241.183
7059.333
6944.85
7296.4
7067.717
6805.333
6527.65
7164.0
6962.383
7203.333
6704.783
7181.867
7120.65
6613.067
6671.983
7156.2
6977.117
6765.933
6843.583
7139.267
7063.783
6639.4
6597.917
7195.4
6935.117
6800.2
6818.783
7064.533
6918.717
6495.4
6391.317
6750.4
6716.25
6209.933
6315.117
6823.533
6651.25
6834.2
6479.85
6835.733
6691.25
6894.533
6507.783
6732.867
6655.317
6304.6
6286.117
6740.933
6625.717
6165.267
5639.85
6582.667
6620.25
6164.6
6345.117
6601.933
6387.583
6244.867
6204.85
6563.0
6339.583
6182.4
5822.25
6412.667
6476.65
5734.667
5914.183
6467.267
6255.383
6021.6
5785.983
6382.467
6360.117
6282.467
5821.117
6432.4
6343.85
6294.0
6173.917
6368.733
6235.183
4991.133
5486.317
6262.733
6344.317
5957.267
5666.45
6213.133
6333.85
5674.0
5674.317
6094.867
6085.717
5609.067
5633.25
6126.867
6102.983
5455.267
5441.917
6004.333
5942.917
5688.533
5691.317
5928.6
5849.983
5430.2
5817.317
5918.333
5938.85
5412.533
5656.183
6016.4
5806.783
5357.533
5233.583
5859.2
5846.85
5701.4
5141.583
5931.4
5791.05
5140.6
5232.517
