267.83299999999997
65.483
-140.833
152.35
441.83299999999997
124.75
199.96699999999998
240.683
237.7
256.217
114.233
-173.183
211.7
204.017
21.833
-29.583
333.433
-5.849999999999994
59.967
357.883
419.83299999999997
180.55
458.967
141.95
273.1
195.75
220.96699999999998
-126.05
200.5
197.683
327.767
23.882999999999996
279.9
189.15
229.5
18.683000000000007
556.433
474.41700000000003
86.033
-64.583
241.767
126.217
-17.700000000000003
182.75
202.233
225.88299999999998
146.1
226.083
204.167
240.817
-41.5
37.617000000000004
609.567
273.35
-23.099999999999994
-269.183
423.567
440.017
21.833
45.55
377.83299999999997
426.483
369.233
232.61700000000002
409.7
367.08299999999997
146.5
312.75
381.433
386.08299999999997
311.567
-140.183
435.233
279.483
23.566999999999993
79.35
380.83299999999997
180.21699999999998
131.36700000000002
72.35
295.033
488.683
192.03300000000002
62.349999999999994
230.36700000000002
345.617
21.700000000000003
0.6170000000000044
229.9
199.55
485.767
-0.7169999999999987
177.9
213.61700000000002
337.967
-67.717
195.7
245.35
192.3
83.217
408.1
352.08299999999997
-235.833
22.75
395.16700000000003
293.217
214.767
201.35
452.633
282.617
-1.8329999999999984
276.217
91.7
324.217
238.9
278.817
401.767
280.75
542.9
-229.65
317.967
364.35
105.433
362.883
372.9
455.617
241.367
92.483
344.233
236.483
-69.367
113.417
322.1
297.883
118.033
6.016999999999996
404.1
438.017
51.632999999999996
-252.65
349.033
315.617
81.9
138.017
265.967
412.41700000000003
333.1
35.617000000000004
292.567
325.95
-286.567
-144.71699999999998
298.1
197.88299999999998
166.233
-7.582999999999998
331.1
256.08299999999997
41.56699999999999
213.55
398.83299999999997
288.017
254.833
-111.183
455.233
409.08299999999997
425.9
150.21699999999998
470.1
282.283
157.567
326.883
398.7
62.283
360.9
-170.917
127.033
227.21699999999998
-4.766999999999996
358.217
572.767
412.08299999999997
151.233
-87.317
488.83299999999997
159.21699999999998
443.1
26.217
375.033
357.41700000000003
311.433
386.95
514.1
349.15
417.433
305.75
327.433
219.88299999999998
375.767
-357.65
387.7
351.41700000000003
167.36700000000002
145.817
131.833
317.483
458.367
179.21699999999998
238.3
296.95
114.633
-194.11700000000002
265.83299999999997
386.283
453.033
184.88299999999998
381.3
301.95
46.900000000000006
-324.717
428.033
225.95
-60.367000000000004
14.082999999999998
256.7
174.95
-999.167
-100.783
116.367
265.08299999999997
240.567
-71.517
565.767
393.95
253.367
61.417
254.63299999999998
235.083
-121.1
425.883
514.167
272.683
-196.1
24.950000000000003
301.16700000000003
318.617
-116.1
337.95
369.967
256.617
393.1
345.95
316.9
406.55
235.1
174.417
368.9
246.95
404.9
28.016999999999996
391.1
428.683
330.83299999999997
-75.783
210.167
305.883
72.167
-287.65
370.967
343.08299999999997
252.5
-129.317
340.367
331.283
202.5
75.417
359.633
352.017
-156.5
205.35
333.9
67.35
-155.03300000000002
157.417
258.567
211.75
316.3
162.21699999999998
257.5
521.35
86.367
157.95
371.367
525.35
383.367
156.817
221.233
283.017
86.033
490.683
346.033
202.483
-162.36700000000002
99.483
210.167
280.55
250.633
-17.049999999999997
524.033
547.017
13.966999999999999
281.55
361.367
344.483
215.833
99.083
324.433
378.217
62.099999999999994
115.217
275.433
316.817
161.767
286.683
462.967
423.883
384.9
92.083
539.367
157.683
372.5
-159.583
340.233
169.483
-111.3
276.41700000000003
316.5
181.21699999999998
515.7
369.017
348.5
255.28300000000002
609.033
59.882999999999996
347.7
271.55
-63.900000000000006
260.283
611.5
388.15
525.633
-76.517
414.233
330.817
352.83299999999997
159.817
310.033
487.483
-85.56700000000001
185.083
566.9
296.41700000000003
97.767
128.483
306.1
320.41700000000003
473.767
147.617
610.5
511.483
650.967
401.35
655.9
455.88300000000004
174.3
289.41700000000003
327.767
537.617
708.1
137.35
641.3
516.95
471.233
606.483
536.567
442.483
282.63300000000004
572.617
412.9
677.55
43.69999999999999
201.55
480.7
469.35
477.7
316.95
800.567
470.08299999999997
626.7
458.95
605.367
563.017
599.9
234.017
922.167
391.617
488.36699999999996
422.817
764.033
453.017
622.3
507.617
511.167
753.35
663.433
551.35
498.767
758.283
530.567
350.483
842.567
630.35
528.967
473.883
449.967
567.817
657.5
545.617
760.233
672.217
448.167
390.617
545.967
652.817
540.767
415.217
770.433
348.75
616.567
345.083
549.8330000000001
460.617
617.767
706.283
588.967
333.817
642.433
833.017
331.033
747.683
588.1
637.55
655.9
629.883
470.1
829.217
996.367
515.217
535.367
1106.55
743.033
959.883
335.29999999999995
515.883
981.033
806.483
935.9
1001.483
524.5
498.48299999999995
614.433
584.217
1129.233
951.15
413.433
885.617
782.1
1019.483
1033.033
859.483
776.7
1116.283
402.9
685.95
804.167
962.883
1266.1
1212.417
1138.767
1068.417
870.3
978.817
999.567
911.95
546.633
757.217
1103.567
926.217
1187.167
745.017
1250.967
1149.15
1246.767
1060.083
1212.9
1139.35
740.967
1190.817
1070.9
965.35
896.5
1040.817
1020.767
1149.683
1041.3
823.75
1150.033
915.15
888.967
750.683
1219.967
1115.483
1062.9
1119.617
1226.9
995.1500000000001
977.233
888.75
1157.233
1198.483
1080.767
822.617
1327.9
1053.883
1096.9
1075.683
1219.033
1102.483
601.633
1025.283
1103.433
1159.75
1183.7
1348.883
1479.167
1288.55
1287.167
1280.083
1404.9
1463.683
1315.767
1371.683
1360.833
1355.617
1534.833
1387.483
1765.9
1260.083
841.9000000000001
1099.483
1315.367
1595.483
1324.967
1411.55
1760.367
1563.75
1482.9
1405.15
1630.1
1679.95
1713.167
1427.55
1784.767
1470.15
1378.5
1294.95
1350.233
1287.55
1601.9
966.1500000000001
1349.567
1455.35
1683.633
1310.75
1633.5
1503.683
1693.5
1518.683
1593.833
1671.417
1659.633
1557.883
1852.567
1426.817
1943.767
1696.017
1737.1
1658.883
1556.233
1756.617
1990.7
1369.017
1468.967
1783.55
2003.7
1741.017
1827.433
1581.083
1642.233
1541.083
1627.167
1744.75
1682.633
1988.083
2237.9
1518.683
2096.033
2060.017
1943.3
1877.483
1923.567
1809.217
1762.367
2054.55
2000.833
1819.017
1617.7
1731.683
1674.3
1644.683
1968.833
1836.817
1981.833
2185.617
1983.233
2122.417
2317.5
2069.017
2376.033
2203.483
2540.633
2293.083
2137.367
2365.483
2364.1
2292.35
2091.833
2260.283
2088.7
2164.417
2036.967
2229.683
2217.1
2026.417
1709.167
2000.55
1928.1
1961.75
1757.167
1719.95
1964.3
1743.35
1685.167
1412.883
2045.233
1604.617
1921.633
1916.217
2063.833
2511.017
2288.9
2519.75
2369.9
2549.75
2690.1
2301.217
2506.167
2461.417
2223.567
2136.883
2432.633
2274.75
2532.7
2108.95
2365.5
2417.55
2370.367
2523.617
2463.367
2507.15
2649.233
2583.283
2655.567
2665.95
2562.367
2292.417
2634.433
2682.417
2508.833
2739.883
2828.7
2691.15
2584.7
2303.15
2817.9
2684.683
2966.833
3200.883
3259.233
3607.15
3591.7
3434.417
3388.567
3314.217
3428.033
3029.017
3579.633
3272.95
3433.833
3354.083
3577.833
3108.617
3263.3
3420.483
3272.833
3330.817
3112.3
2823.95
3402.033
3500.75
3352.433
3518.15
3672.3
3646.95
3523.633
3283.617
3653.767
3617.483
3113.833
3345.217
3318.367
3529.283
3360.033
3575.95
3770.767
3532.283
3416.233
2906.35
3193.167
3299.75
3373.1
3078.017
3490.367
3173.417
3233.633
3043.083
2988.433
2936.483
2860.967
2930.75
2947.3
3050.283
2854.167
2980.55
2758.7
2925.283
3024.433
3090.75
3367.7
3531.95
3604.567
3781.217
3593.9
3677.95
3240.833
3787.283
3535.5
3540.217
4047.033
3710.55
4408.1
4380.217000000001
4267.367
4452.283
5029.3
4525.883
4661.433
4148.017
4347.033
4271.282999999999
3921.567
3692.417
3766.633
3644.55
3437.967
3546.35
4034.567
3624.55
3881.1
3907.083
4373.433
4327.817
4501.1
4247.483
4128.7
4004.817
3672.967
3558.35
3665.1
3300.017
3166.433
3051.95
3131.433
3072.95
2515.833
2858.95
2859.833
2545.55
2221.3
2981.95
2999.3
3091.883
3356.9
3049.15
3839.7
4028.817
4112.3
3945.017
4046.967
3834.283
3485.367
3649.483
3593.367
3780.083
3735.9
3558.75
4096.767
3775.083
3924.833
3840.75
4013.5
3958.55
3866.233
3338.55
3927.1
3790.283
3956.367
3890.817
3780.767
3828.817
3839.7
3827.75
4493.367
4522.483
4486.567
4701.283
4852.833
4940.283
4929.9
4735.217
5076.233
4838.95
5212.3
4799.883
5242.433
5647.417
4938.767
5198.217
5307.967
5114.417
5097.767
4412.95
4372.167
3860.35
3652.033
2818.817
2717.9
2266.683
2099.1
2131.95
2633.967
2874.617
3170.967
3619.417
3920.9
4069.817
4339.233
4742.55
5016.233
5347.683
5231.767
5231.483
5402.7
4863.15
4774.633
4546.75
4221.633
3514.283
3278.433
3005.017
2977.433
3330.417
3454.767
3934.75
4715.233
4909.817
5085.167
5874.617
6118.167
6163.95
6545.633
6231.95
6930.767
6937.217
7384.033
7041.55
7018.167
7416.283
7160.833
7219.217
7376.633
7180.683
7422.767
7251.483
7877.5
7690.55
7816.3
7561.55
8035.233
7898.15
7734.567
7804.683
8314.5
8068.35
8040.633
7840.283
8006.767
7554.35
7634.167
7822.883
7876.633
8284.817
8059.3
8147.35
8210.433
7903.683
7645.967
7423.617
7626.967
7895.217
8063.967
7971.417
7938.233
7939.417
7922.967
7750.75
7743.767
7702.217
7556.367
7628.817
8072.433
7873.417
8008.3
7725.883
7867.833
8087.883
7887.033
8240.75
8351.033
8350.483
8424.967
8519.417
8624.1
8939.616
9129.233
8964.35
8884.967
8848.55
8255.567
7730.683
7949.1
7888.083
7850.3
7756.95
8006.233
8213.417000000001
8309.1
8903.55
8847.1
9409.017
9326.3
9391.417
9380.434
9762.15
9131.833
9246.483
9712.1
9238.417
9292.033
9485.616
9443.634
9265.55
9819.5
9317.017
9653.5
9580.417
9511.767
9263.417
9516.233
9371.483
9417.634
8867.884
9478.167
9335.15
9290.566
8899.75
9304.767
9627.616
9812.634
9463.55
9744.3
9840.017
9623.634
9641.083
9588.233
8647.75
9098.833
9095.55
9239.3
8755.35
9318.833
9124.684
9240.9
8981.55
8941.167
9271.217
9403.3
9328.616
9431.9
9171.95
8972.9
8949.884
8388.767
8639.483
9334.233
9058.217
9193.5
9498.884
9840.967
9875.217
10091.3
9736.684
9861.1
10000.083
9947.167
9523.55
9407.5
8890.15
9101.366
8370.017
9034.366
9225.017
8901.3
8897.95
9644.3
9609.884
9097.366
9132.483
9889.767
10074.017
9793.9
9627.55
9769.033
9813.75
9587.833
9498.083
9732.167
9558.684
9803.967
10078.884
9797.366
10002.283
10254.366
9445.884
9736.833
9592.15
9184.634
9504.217
8804.9
9076.884
9066.634
9970.217
9895.033
9751.017
9723.366
9296.217
9592.5
9541.75
9899.3
9562.217
9362.366
8836.616
8766.7
8451.55
8101.7
8027.95
7456.833
7395.75
7403.367
7358.35
7815.167
8175.75
9038.7
9571.017
10585.5
10698.15
11636.967
10840.417
10394.033
10815.95
10710.767
10555.95
11241.833
11329.95
11511.634
11392.616
11300.1
10699.017
10321.833
10003.95
10242.5
10115.35
11314.3
10753.017
11389.167
11411.75
11708.767
11736.15
11365.9
12089.616
12234.5
12794.816
12699.366
12816.283
13047.634
13382.616
12396.033
12627.816
12075.634
12314.884
12328.833
12712.483
12259.967
12021.35
11607.967
11427.884
11694.033
11417.816
10571.167
11416.417
11248.833
11950.616
12114.9
12157.884
13002.5
12662.75
12340.7
12617.684
12623.366
12435.483
12397.233
12541.417
13022.434
13414.35
13424.033
13120.417
13252.033
14726.55
13639.033
13639.616
13883.233
13310.217
13843.434
13797.95
14443.167
13918.217
13349.434
13662.884
13912.967
13773.884
13322.3
13175.95
14254.967
14669.017
14303.233
13719.483
14062.634
13841.95
13720.9
12953.017
13806.967
13699.616
13336.967
12714.083
13281.767
13515.884
13524.5
13135.616
14099.9
14140.616
13887.233
14231.217
14403.634
15074.616
14425.634
14205.684
14810.7
14361.55
14630.833
13839.283
14193.9
14874.884
14445.033
14582.95
14631.833
14274.083
14455.566
14836.684
15449.767
15148.15
15140.7
15304.816
15158.634
15553.616
15984.9
15587.217
15524.566
15163.95
15159.7
14650.083
15154.634
14739.616
15096.434
14493.75
14114.967
14318.95
14216.9
13944.75
14530.7
14058.95
14173.5
14237.417
14256.3
14355.017
14150.434
14710.884
15181.3
15510.483
14681.833
14794.95
14889.434
14316.283
15127.033
14741.15
15305.566
15293.55
15600.366
15610.95
15788.634
16024.75
15516.434
15045.684
16589.1
16057.616
15947.1
16165.217
16379.5
15281.15
15934.167
15255.017
16248.9
15940.684
15252.767
15774.684
16244.3
15971.217
16073.1
16973.617
16452.634
15873.884
15701.767
15487.017
15367.7
15884.684
16503.1
16470.684
17055.232
17209.15
17553.033
17096.883
17175.166
17518.551
17283.367
17269.949
17332.5
17380.816
17739.232
17440.617
18098.633
17870.416
18008.699
18397.283
18271.566
18194.883
17747.434
17918.551
18196.9
17792.551
17679.434
17507.35
18175.633
17859.617
18829.434
18106.75
17748.834
18210.416
18336.633
19009.883
19143.9
19236.283
18660.768
18914.949
18426.9
18579.949
18337.5
18723.283
18946.633
20614.217
19080.834
19886.684
20218.633
20368.217
19789.834
21112.482
20565.768
20891.283
21560.232
22224.482
21078.967
21666.15
21114.834
21433.949
22948.967
21522.018
21672.699
20860.949
20841.9
20942.684
21639.566
21457.617
21947.301
22648.283
22102.9
22852.018
23464.566
24151.416
24119.434
24331.416
25041.967
25752.883
25083.967
23802.084
24612.434
24777.283
24078.967
24583.883
25205.301
25216.684
25003.699
25507.816
26119.232
25375.617
26839.633
27473.217
27077.633
26525.816
27565.166
27464.949
27483.1
27206.018
27552.699
27668.15
27461.434
27537.217
27141.566
27434.684
28324.768
29031.084
29376.301
29675.482
31023.301
31305.15
30726.9
31412.35
31382.9
31193.283
31215.166
30233.084
31232.5
30401.35
30360.434
31937.084
32510.9
32771.018
32853.699
33029.816
33765.965
32875.416
33199.301
32620.75
32919.9
33174.418
32637.699
33375.082
34081.832
34466.684
34584.832
34692.484
35191.5
35134.883
34619.832
34906.949
34737.898
34911.684
34231.766
34828.285
34905.633
35101.082
35524.234
35002.75
34910.168
35123.352
35163.301
35222.684
35308.566
35652.617
35346.5
35530.484
35744.965
35519.484
34467.699
33938.816
32357.967
31056.416
30124.301
29785.75
29723.1
30223.949
30133.301
31448.084
32999.1
33501.418
34117.965
34234.883
34501.168
35435.816
36382.898
35971.016
36647.5
36657.215
36398.234
35501.684
35233.699
35498.352
36068.434
36425.016
36862.5
37521.75
38339.898
38886.75
38971.301
39080.352
38362.434
38173.75
37749.699
38076.75
38105.699
38133.148
38092.234
37423.816
37024.965
36779.285
36213.234
36332.016
36651.566
36398.285
37790.434
38047.484
38358.566
39080.285
39232.633
38416.617
38598.699
38215.082
38242.832
38548.949
38945.234
39342.016
40389.965
40186.949
40785.766
40330.816
40337.5
39918.285
39165.699
39345.75
39256.434
39492.285
39257.566
39514.684
40070.301
40376.816
39874.035
40017.816
41075.566
40501.016
40956.035
40207.551
40837.168
40280.684
39347.965
38889.75
38550.035
38427.816
38673.898
38994.816
39373.5
40559.418
40247.5
41127.215
40554.633
40607.082
40404.566
39914.418
39624.832
39226.684
38510.367
38706.75
38742.367
38468.617
38714.434
38655.883
38381.234
38474.418
38327.633
38515.215
38977.168
39437.484
39367.898
39882.082
40573.766
40814.215
40728.965
41093.551
40849.898
40750.016
40004.633
39581.684
39066.168
39380.285
39803.699
39514.484
40348.965
40667.148
41275.035
41580.617
41551.832
41451.215
42275.234
42679.215
43205.699
43330.148
42917.168
42778.75
42495.301
42529.816
41811.102
41614.684
41742.898
41702.148
41404.434
41357.215
40402.168
41028.684
40633.035
41058.148
40998.898
41847.418
42314.035
42961.75
43331.168
43666.617
42727.898
42771.418
42234.566
42300.148
42672.832
42269.617
42346.566
41892.352
42331.434
42677.484
42700.633
42928.617
42898.168
43426.75
43924.898
44744.684
43924.566
43758.883
43105.766
43104.215
42307.301
42355.949
42241.035
41995.883
42600.566
42793.617
40941.367
42159.617
42094.434
41735.285
41931.367
41674.148
41466.234
41842.016
42361.168
42741.883
42762.434
42666.684
42799.434
43515.082
43597.234
43975.684
43638.035
43066.883
41762.699
40170.285
39376.102
37898.418
36219.5
35691.215
36364.5
37371.484
39753.566
40449.148
39841.102
39878.418
40074.832
39581.215
39979.965
39405.816
38921.102
39820.285
41022.965
42000.352
41936.102
42364.418
42548.566
43042.148
43848.699
43321.883
43249.633
43307.684
42477.301
42984.285
43468.301
43463.215
43299.301
44226.551
44608.699
44643.617
44681.566
43970.148
43796.434
43496.484
43741.766
43410.484
42655.367
42435.148
41958.633
43005.082
43824.102
44558.617
44249.566
44912.082
45813.102
46185.418
45609.633
45169.484
45500.965
44935.883
44764.832
44087.684
44776.434
45391.684
44858.898
44596.418
44177.633
43084.352
42403.566
40844.949
39706.898
39295.418
39385.633
39767.75
40321.898
41536.883
41775.566
43107.418
43400.699
43487.75
44129.699
44352.617
44763.301
45042.082
45136.367
45618.551
46465.102
45863.215
45434.633
44594.285
44483.766
44378.215
44186.898
44210.215
44263.965
44984.418
45981.234
45993.285
46057.965
46067.285
45943.434
45709.684
45610.035
45652.949
44557.234
43988.883
43529.766
42880.285
42043.301
41592.484
41920.102
42214.285
42691.301
43085.883
43862.5
43964.352
43667.766
43541.082
43719.766
43427.082
43018.766
43096.551
43617.102
44107.617
44294.898
44362.883
44857.035
45430.082
45388.434
45447.082
45159.434
45018.684
44371.965
43581.816
43232.367
42384.484
41348.898
42692.684
42526.234
42871.617
43029.633
43703.75
43738.234
44243.016
43614.633
43723.352
44063.766
43590.484
43500.699
43259.75
43152.965
42826.883
42139.832
41668.148
41833.102
41869.484
41413.102
40755.352
41105.766
40894.484
40657.168
40627.418
40903.699
41184.617
41465.168
41928.551
42071.234
42503.484
42303.766
42086.75
42599.965
42506.215
41280.566
41978.75
41608.766
41661.215
41862.168
41159.75
41349.699
42165.016
42337.832
42793.617
42687.367
42800.285
42761.234
42431.285
42875.434
42412.75
41825.965
41759.75
42108.566
42534.285
42764.699
41959.082
42130.766
42037.016
41607.301
41915.75
42089.301
41945.484
41694.035
41896.949
41631.633
41881.75
41287.434
40945.082
40891.301
40841.75
41079.102
40626.484
41505.367
41738.684
42282.633
41584.148
41797.168
41832.148
42083.234
41965.016
41739.898
41899.484
41887.434
41642.285
41661.898
41718.684
41352.434
40879.148
41324.633
41436.082
41555.898
41485.949
41684.367
41756.016
41605.5
42011.551
41997.965
42287.016
41467.5
40994.215
41251.633
40706.816
40799.832
40547.949
41071.5
41657.082
41413.5
41296.883
41624.566
41584.215
41862.035
41736.484
41748.434
42141.016
41909.5
41900.949
42085.434
42142.684
42031.633
41843.082
41179.965
41405.285
40612.5
40849.016
40900.633
40814.684
40474.301
40631.215
40560.035
40438.75
40520.102
40907.617
40591.766
41161.75
40893.766
40855.285
40324.035
39909.016
39592.633
39738.816
39277.234
39359.684
39030.5
39609.816
39842.434
39904.215
39711.234
39348.75
40440.367
40634.816
40896.832
41022.285
41552.035
41748.082
41095.566
40866.883
40715.5
40660.016
39822.5
40004.148
40210.699
40238.816
40530.035
40477.148
41000.566
40894.75
41010.035
40760.949
41053.234
40733.949
40437.699
39916.016
40531.102
40585.418
39826.898
40694.949
40329.102
40587.883
40813.898
40339.418
40606.434
40246.082
39410.766
38934.75
39403.367
39209.082
38903.766
39353.352
39349.633
40346.684
40099.699
40756.816
40991.898
40605.883
40571.301
40919.75
41253.367
40736.148
40220.832
40025.551
39996.168
39438.418
39250.5
39212.148
39795.301
39819.016
39748.566
39705.883
40368.168
40425.816
40036.566
39771.352
39757.168
39355.148
38798.102
38221.551
38284.832
38332.75
37919.102
38251.551
38576.434
39204.285
39337.434
39525.352
39814.102
40024.883
40401.633
40348.75
40476.434
40289.816
40090.035
40573.148
39967.168
40466.883
40168.102
39682.684
40268.102
40148.75
40365.102
39962.082
39788.301
39779.285
39747.434
39172.418
39318.832
39067.883
38908.234
39224.016
38863.301
38656.816
38612.301
38484.484
39295.301
39570.75
38744.168
38921.016
39503.633
39427.352
39234.699
39773.75
39285.566
38957.082
38833.434
38036.816
38603.566
37789.016
37950.832
37899.551
37810.434
38351.285
38128.5
38454.551
38364.367
38307.617
38639.965
38559.617
38912.832
38838.617
38381.633
38418.816
38622.434
38773.215
37970.234
38301.617
38508.898
38548.082
37929.766
38396.352
39084.035
38660.148
38392.367
39218.949
39270.699
39114.285
38800.965
38382.148
38996.5
38526.816
38720.168
38670.883
38411.633
38589.949
38504.898
38235.551
38573.898
38335.551
37697.633
37866.816
38173.766
37949.617
37311.102
37353.883
37046.898
36919.684
36744.367
36328.684
36928.301
36947.684
36514.898
37515.816
37434.832
37700.418
37595.633
37261.75
37812.102
37568.082
37250.898
36727.215
37218.434
37366.082
36521.766
35725.352
35054.434
34313.949
33713.234
33075.684
32722.633
32108.684
31655.566
32775.15
33371.566
33477.148
33996.434
34691.551
35849.566
35600.352
36047.699
35856.352
35836.832
36065.75
35552.301
35393.617
35560.234
35534.551
35099.832
35193.883
35304.367
35557.551
35373.434
35119.148
35523.766
35318.816
35361.102
35230.215
35600.766
35542.816
35173.102
35738.352
35501.035
35274.215
34925.434
34603.285
34684.766
34614.082
34588.5
34755.551
34573.367
34970.75
34994.434
34793.016
35038.965
35594.883
35201.434
34910.883
35268.898
35368.883
35212.699
35353.551
35268.766
34856.484
34650.434
34646.551
34856.5
34670.285
33948.832
34368.215
34252.301
34530.016
34325.434
34180.75
34299.699
34394.617
34734.766
34272.148
34496.699
34757.418
34160.633
34465.148
34489.633
34407.418
33813.234
33946.75
33885.234
33932.484
33991.633
33890.816
33806.699
33763.352
33217.566
33546.215
33333.766
33598.082
33112.434
33449.215
34021.965
33706.949
34146.566
34114.949
33992.5
34416.883
34216.102
34260.883
34243.035
34121.949
34399.168
34189.418
34340.566
34099.816
34284.102
34070.484
34551.234
33848.285
34013.699
33707.617
33999.035
34129.016
33686.766
33528.016
33611.301
33635.75
33662.102
33645.816
33743.566
33845.617
33794.832
33717.484
33663.367
33305.285
32890.032999999996
32839.148
32997.768
32523.816
32197.434
32300.684
32781.032999999996
32705.617
32244.699
32281.883
32667.768
32510.883
32168.633
31871.75
32180.434
31936.617
31606.633
31154.482
31462.166
31598.551
31537.699
31821.084
31671.768
31720.684
31130.633
31360.75
30968.633
30871.35
30098.033
29986.084
30066.033
29592.883
29594.1
28908.883
29276.834
28976.35
28380.699
27641.551
27511.1
27653.217
27460.301
26890.75
27132.033
27071.482
27323.367
27398.949
28003.699
28409.949
29181.967
29907.883
30062.166
30189.15
30246.1
30500.75
30296.699
29904.35
30027.9
29761.482
30062.1
29806.283
30107.1
30193.018
30499.967
30473.084
30638.301
30582.551
31039.367
30878.35
30627.232
30901.084
31200.166
30932.551
30717.5
30476.018
30823.834
30645.416
30471.9
30427.75
30465.967
30550.084
30904.367
30111.883
30665.232
30619.75
30637.768
30495.283
30770.967
30540.217
30154.834
30158.883
30299.301
30441.551
29755.633
29651.482
29898.633
29631.949
29548.566
29727.35
29847.1
29608.684
29438.834
29213.75
29187.9
29216.883
29338.768
29252.551
29212.434
29176.217
29161.9
29108.617
28946.033
28920.15
28748.967
28242.283
28603.033
28137.883
28265.768
28247.75
28368.1
28173.883
28281.5
28241.75
28294.566
28604.482
28449.768
28757.283
28561.367
28790.684
28532.768
28019.75
28173.9
28011.551
27784.301
27960.684
27822.434
27816.617
27860.768
27755.35
28243.033
28696.617
28259.1
28779.75
28894.699
28661.283
28800.768
28492.35
28713.166
28891.35
29047.633
29204.018
29299.301
29697.482
29564.434
29944.816
30316.633
30592.283
30061.566
29925.684
30248.633
30803.35
30568.033
31055.684
31253.699
31633.816
31443.834
31612.816
31440.633
31205.416
30416.434
29481.084
28918.1
28613.816
28278.834
28037.949
27785.633
27815.283
27698.434
27596.15
27839.1
27750.283
27738.967
27689.35
28099.367
27794.35
27702.834
27359.018
27342.967
27512.084
27100.166
27388.482
27265.9
27517.018
27476.633
27604.15
27718.967
27900.084
27506.633
27701.416
28023.434
27798.35
27256.166
27607.084
27954.301
27812.35
27378.1
27667.883
27919.633
27369.75
27764.566
27069.15
27442.033
27127.283
26826.768
26990.217
26838.768
26966.084
26695.166
26237.416
26881.367
26994.684
26636.301
26649.416
26841.9
26602.816
26960.033
26430.018
26662.9
26673.551
26811.699
26816.35
26919.699
26678.084
26816.367
26918.883
27160.9
26746.283
26297.967
26341.949
26609.768
26776.883
26446.1
26606.551
26496.9
26649.949
26430.699
26435.883
26458.834
26375.816
25992.033
25750.018
26381.5
26128.084
25689.434
25569.949
26004.9
25666.15
25638.699
25712.883
25933.566
25651.617
24666.232
25434.15
25888.166
25432.551
25357.5
25018.018
25249.367
25336.551
25587.166
25566.35
25486.967
25141.949
25239.5
25277.75
24657.033
24481.15
23946.166
24233.551
23825.367
24235.75
23782.166
23902.482
25197.566
24973.551
24954.967
25596.684
25352.166
25445.283
24946.9
24747.617
24508.301
24528.084
24291.834
24354.283
24455.434
24529.551
24116.232
24423.883
25074.033
24608.75
24051.834
24401.75
24700.566
24744.816
24420.633
24541.684
24691.301
24335.75
24028.166
23629.217
24045.434
23597.816
23528.232
23122.15
23108.232
23146.551
22527.033
22042.684
21962.166
20548.551
19792.033
18997.084
19160.967
19164.217
19238.834
19464.684
20245.367
21139.482
21645.699
21670.949
21900.1
22515.684
22977.232
22934.949
22610.301
23055.816
22976.834
23053.35
23058.301
22682.75
22362.566
22252.816
22689.1
22589.084
22124.9
22810.084
22673.301
22923.283
23017.566
22911.416
22991.434
22986.35
22724.166
22886.551
22954.033
23124.617
22706.633
22728.482
23092.166
23164.551
23085.5
23133.416
23275.834
23293.75
23163.834
22633.15
23097.5
23056.217
22692.633
22504.084
22756.033
22904.816
22706.301
22282.883
22511.301
22872.816
22240.367
22905.482
23040.1
22957.482
23408.5
23116.018
23255.434
23167.684
22990.232
23132.816
23051.633
22965.883
22619.367
22721.35
22738.834
22778.883
22715.033
22788.617
22995.967
23033.551
22705.232
22435.283
22779.033
22651.551
22814.434
22439.883
22910.1
22757.018
22943.301
22955.416
23023.768
22973.684
22517.566
22226.15
22784.566
22656.35
22813.566
22402.35
22367.834
22412.15
22302.5
22676.15
22434.768
22368.018
21846.232
21885.15
21969.5
22244.617
21369.699
21658.482
21874.301
21892.816
21651.9
21478.75
21886.834
21878.75
21632.633
21777.816
21854.166
22036.816
21322.566
21535.617
21990.301
22068.949
21700.633
21595.75
21688.566
21854.883
21512.1
21472.084
21629.232
21546.551
20992.967
21289.416
21302.699
21139.35
21117.9
21231.684
20914.768
21634.416
21077.232
20918.35
21028.967
21080.283
20937.5
20430.482
20924.768
20924.617
20633.367
20374.15
20849.9
20740.551
20660.232
20068.15
20643.699
20607.482
20540.301
20648.684
20240.1
20510.084
20339.166
19910.617
20220.699
20054.617
20047.566
19581.084
19972.232
19887.551
19251.633
18920.283
19710.1
19502.416
19291.301
19193.35
19456.699
19296.35
18961.967
18890.15
19550.1
19234.684
19057.967
18899.949
19391.768
18941.551
18779.5
18679.084
19281.967
19083.35
18823.699
18784.283
19005.033
18644.018
18290.033
17960.35
18463.1
18559.084
18427.834
18743.75
18862.633
18733.617
18141.633
18785.75
18601.566
18463.684
18421.834
18349.551
18257.5
18472.949
17941.5
17845.416
17166.633
16354.884
15594.566
14828.017
14351.233
14194.083
14120.366
14110.95
15064.033
15643.483
15864.033
16356.35
16644.9
16713.617
16848.967
16763.75
16881.301
16319.283
16313.033
15577.95
16661.967
16565.217
16366.900000000001
16288.416000000001
16736.1
16924.15
17102.1
16786.75
17205.367
17464.816
17122.434
17187.35
17555.768
17534.283
17529.232
17687.018
17831.434
17824.084
17543.232
17182.617
18078.232
17853.551
17779.033
17341.75
18025.633
18164.949
17902.1
18095.684
18095.301
17631.816
17797.967
17448.283
18048.434
17939.816
17788.699
17759.883
17762.033
18025.482
17592.033
18169.018
18132.033
18191.883
18161.1
17737.217
18433.434
18441.018
18014.834
18182.617
18918.566
18635.75
18429.9
18925.217
19163.566
18819.217
18591.834
18650.084
18313.566
18521.551
18016.033
18119.75
18451.5
18321.018
18317.232
18736.816
18357.566
18507.949
17881.9
17727.684
18612.033
18436.482
18305.9
18441.35
18251.699
18335.617
18441.699
18111.084
18145.232
18166.084
18129.232
18068.883
18234.166
17930.416
18015.1
17862.816
18279.699
17983.551
18120.166
18029.684
18424.967
18061.283
18110.9
18020.883
18272.367
18544.084
18565.367
18431.35
18368.232
18248.018
18138.232
18358.75
18524.232
18607.883
18638.566
18249.684
18880.699
18735.018
18679.301
18163.15
18727.566
18619.617
18403.768
18293.482
18378.232
18548.35
18667.768
18552.15
18659.232
18347.482
18475.9
18671.949
18390.9
18528.35
18379.566
18229.949
18352.566
18460.949
18211.768
18145.018
18274.434
18523.617
17616.033
18362.75
18368.5
18307.084
17615.699
17980.482
18322.5
18390.018
18256.033
18321.75
18256.1
18408.684
18075.166
17970.217
18360.033
18122.949
18194.033
17861.684
18117.566
18177.482
17813.9
17775.684
18075.834
17666.816
17675.033
17474.617
17831.367
17715.283
17401.166
17710.617
17650.699
17413.416
17538.1
17675.949
17501.5
17482.551
17255.834
17272.217
17601.1
17275.084
17398.633
17025.35
17087.033
17136.75
17030.033
17115.217
16926.834
16854.551
16809.033
16753.551
16987.566
16967.283
16901.033
15942.417
16196.434
16099.417
15893.434
15252.684
15126.833
15153.217
14689.9
14096.95
14581.967
14475.816
13651.033
14079.35
13992.7
13614.816
13749.767
13237.083
13398.566
13192.884
12903.634
13023.417
13247.634
13152.684
13304.9
12060.35
12833.9
12939.35
12461.967
12800.75
13032.767
13153.616
12894.366
13344.483
13597.366
13679.616
13923.566
14340.15
14296.233
14158.684
14270.634
14055.483
14047.634
14189.684
14162.5
13620.95
14051.767
13899.75
13519.434
12904.35
13247.634
13026.35
12666.033
12589.95
12436.167
12542.55
12339.767
12257.75
12647.566
12607.816
12467.767
12474.75
12588.434
12447.55
12345.033
12230.884
12682.233
12479.283
12165.033
12602.55
12994.033
12756.95
12482.233
12663.75
12635.566
12679.75
12613.767
12512.217
12511.5
12269.483
11702.566
12247.684
12122.3
12267.684
12405.233
11988.283
12521.967
12403.417
11630.7
11937.283
12117.5
11989.816
12017.833
12282.417
12392.033
12390.884
12535.634
12513.684
12622.233
12473.75
12402.566
12099.217
12330.167
12449.483
12191.033
12200.35
12441.967
12420.816
12147.3
12633.55
12658.634
12862.017
12426.833
12641.017
12811.634
12787.217
13006.967
12315.017
12801.9
12659.816
12845.233
12471.283
13152.5
12908.15
13029.033
12700.616
13206.833
13152.15
12850.767
12629.884
12829.767
12639.75
12546.167
12738.75
12669.434
12533.283
12230.167
12183.95
12423.033
12607.15
12427.634
12620.483
12585.967
12381.417
12201.967
12429.684
12508.566
12392.017
12664.366
12086.616
12406.033
12680.483
12648.1
12319.616
12384.767
11964.417
11655.767
12108.816
11980.7
12069.217
11284.634
11835.15
12130.434
11986.55
11730.5
12039.283
12289.634
11876.283
11999.5
11859.283
12101.434
11758.017
11508.634
11454.816
11810.7
11732.884
11316.5
11616.217
11572.833
11756.616
11547.167
11629.283
11692.167
11564.55
11367.634
11606.35
11720.1
11657.884
11516.634
11842.616
11555.566
11666.483
11595.634
11412.816
11565.5
11543.283
11374.167
11269.55
11295.9
11400.15
11102.1
10988.884
11466.366
11468.35
11165.167
11208.95
11466.033
11485.15
11052.9
11097.884
11326.233
11100.616
10871.1
11309.15
11257.566
11037.217
11262.566
11034.884
11098.566
11060.884
10752.967
10396.684
11094.634
10760.017
10977.167
10798.95
10928.5
10710.083
10667.9
10491.75
10864.1
10728.483
10622.434
10350.884
10597.366
10679.083
10476.767
10433.884
10728.167
10691.217
10157.3
10352.483
10632.7
10583.616
9881.033
10064.95
10501.5
10477.483
10329.634
10037.816
10562.7
10454.15
10374.434
10109.55
10273.233
10110.35
9976.233
10143.616
10282.5
10093.017
9928.833
9981.684
10408.634
10429.35
10188.366
9934.217
10020.9
10152.55
9977.833
9794.55
10125.366
10039.95
10003.434
9691.616
9871.3
9964.217
9924.233
9749.15
9958.833
9759.15
10173.566
9478.283
9903.9
9836.616
9629.634
9185.217
9926.1
9861.217
9858.9
9560.884
9628.1
9517.017
9606.566
9725.95
10016.767
9217.884
9510.1
9318.816
9557.033
8960.483
8491.233
7830.083
7541.9
6668.883
5803.167
5154.483
4483.1669999999995
3702.817
3291.567
2615.15
2890.233
2805.55
2544.433
2728.75
3635.967
3850.75
3876.9669999999996
4916.817
5465.433
5797.95
6106.033
5480.55
6214.7
5828.15
5634.5
5271.083
5036.167
5100.483
4795.167
4581.283
4940.367
5055.55
5006.433
4811.35
5572.967
5356.617
5386.433
6020.35
6071.1
6338.95
6022.5
6540.35
6714.367
6695.083
6728.233
6995.55
7270.3
7331.95
6865.233
7159.283
7689.033
7749.55
7314.167
7813.55
8099.633
8255.15
8160.5
8190.217
8648.033
8624.95
8055.5
8160.15
8858.3
8938.15
8762.967
8525.017
9024.833
8856.616
8677.634
8669.816
9153.434
8949.017
8059.634
8974.417
9083.3
9182.217
8836.366
8650.884
9156.5
9057.75
8880.366
8788.35
8953.967
9050.283
8625.1
8488.55
9394.634
8988.616
8762.967
8791.217
9124.1
9019.816
8891.233
8848.816
9075.5
9029.15
8855.233
8840.55
9144.767
9115.55
8977.167
8843.55
9165.767
9097.616
8531.967
8758.417
9064.5
8974.884
8627.366
8548.35
8936.767
8822.616
8863.833
8616.417
8908.833
9016.95
8710.033
8249.417
9042.434
8912.884
8914.1
8731.684
9202.434
8964.55
8795.634
8562.35
9037.9
8805.083
8395.434
8254.283
8879.9
8808.483
8823.7
8231.483
8906.833
8798.483
8658.967
8757.283
8903.9
8878.283
8699.967
8626.884
9126.167
8925.283
8070.366
8447.483
9026.167
8815.15
8763.167
8636.684
9009.3
8893.95
8424.833
8273.283
8831.3
8680.816
8657.366
8502.417
8831.1
8818.95
8674.634
8202.017
8894.167
8812.283
8462.7
8149.616
8731.9
8884.616
8572.566
8492.35
8818.767
8458.684
8418.7
8561.616
8546.5
8475.684
8324.434
8155.816000000001
8701.434
8553.083
8183.433999999999
8101.483
8576.233
8723.55
8014.299999999999
8108.683
8558.9
8495.083
8530.5
8273.817
8503.167000000001
8412.883
8340.767
8029.35
8682.433
8425.483
8150.1
8138.617
8479.7
8422.417000000001
8226.3
7717.883
8363.7
8294.417000000001
8174.9
7670.217
8443.633
8266.217
7742.1
8184.55
8258.033
8133.95
7729.433
7825.683
7985.1
8122.017
7869.1
7830.283
8136.633
7878.083
7877.767
7665.95
7978.767
7999.483
7530.567
7481.15
7956.567
7927.617
7645.3
7585.55
7630.567
7835.083
7359.167
7554.817
7601.7
7651.35
7465.033
7261.75
7814.233
7657.95
7272.433
6951.217
7535.033
7718.15
7509.3
7214.417
7539.3
7519.417
6842.167
7227.083
7658.367
7301.55
7150.233
7211.017
7444.1
7490.55
7088.3
6950.283
7346.367
7477.417
7281.7
7151.417
7465.367
7249.617
6979.633
6721.083
7350.767
7161.283
7419.833
6901.15
7408.433
7337.95
6825.033
6895.283
7380.5
7206.15
7026.7
7067.083
7330.367
7284.017
6846.833
6804.15
7405.7
7138.883
7007.633
7039.683
7306.7
7136.15
6707.167
6579.017
6953.633
6920.883
6399.033
6520.15
6991.567
6860.883
7018.7
6654.283
7013.967
6899.55
7102.5
6707.883
6907.167
6836.083
6498.367
6486.417
6927.3
6811.55
6346.433
5801.417
6754.233
6803.417
6319.7
6560.283
6792.167
6590.75
6424.433
6404.817
6773.1
6547.883
6394.3
6034.217
6594.367
6651.017
5936.033
6107.417
6672.3
6445.083
6207.033
5990.083
6566.5
6540.617
6478.5
6055.617
6643.033
6571.55
6500.5
6382.283
6571.233
6433.35
5208.567
5694.817
6461.433
6555.417
6177.3
5896.15
6405.033
6527.683
5886.7
5880.217
6310.633
6272.483
5814.767
5828.417
6316.9
6278.417
5637.1
5662.95
6172.633
6149.083
5876.5
5881.083
6111.633
6025.217
5597.5
5999.15
6089.967
6105.817
5574.9
5810.283
6176.633
5970.883
5500.1
5416.683
5982.3
6005.483
5838.767
5284.283
6033.633
5943.283
5262.833
5393.35
