265.08299999999997
67.167
-157.583
152.767
442.35
122.7
209.083
229.1
211.883
246.9
118.15
-171.63299999999998
197.28300000000002
206.9
13.75
-40.632999999999996
348.75
-15.632999999999996
53.75
353.16700000000003
411.283
174.96699999999998
449.15
152.233
267.283
187.433
207.683
-138.233
187.61700000000002
193.833
320.55
11.632999999999996
273.883
189.433
225.15
10.033000000000001
543.883
458.433
78.417
-60.033
233.483
129.767
-27.783
171.1
192.28300000000002
230.167
135.75
219.633
208.017
242.7
-61.65
19.366999999999997
595.95
272.433
-24.25
-261.1
415.95
428.16700000000003
15.75
22.367000000000004
368.817
425.367
370.283
219.9
398.95
357.967
141.55
306.433
378.75
372.83299999999997
309.217
-152.767
439.617
271.1
14.683
68.967
364.883
176.63299999999998
133.95
64.833
278.283
480.9
190.28300000000002
56.167
216.017
331.83299999999997
16.349999999999994
-7.367000000000004
229.017
195.833
479.017
-11.832999999999998
176.35
206.767
329.283
-73.5
186.28300000000002
244.03300000000002
180.417
89.367
398.883
347.633
-243.65
21.766999999999996
388.883
297.3
211.683
194.233
453.55
281.233
-19.450000000000003
265.83299999999997
88.15
315.033
230.817
268.033
397.08299999999997
276.033
542.15
-233.833
319.95
358.7
92.15
344.1
376.217
438.5
241.483
87.5
336.483
231.96699999999998
-83.583
99.833
313.483
305.767
129.483
-12.232999999999997
402.617
425.9
44.55
-248.433
332.41700000000003
309.3
73.883
131.03300000000002
267.15
413.83299999999997
320.95
30.099999999999994
286.41700000000003
315.16700000000003
-288.983
-156.167
287.817
194.96699999999998
157.817
-14.566999999999993
315.883
251.767
38.55
205.367
380.75
289.5
237.017
-121.3
440.41700000000003
388.033
414.617
144.3
473.483
268.3
137.75
330.16700000000003
394.08299999999997
69.033
352.883
-171.96699999999998
129.817
223.7
-7.582999999999998
348.367
576.55
412.3
150.55
-87.1
481.08299999999997
145.5
444.41700000000003
19.099999999999994
372.217
347.967
297.55
373.367
503.283
343.033
412.41700000000003
295.433
319.75
219.03300000000002
362.95
-360.3
376.15
343.367
163.417
131.7
130.88299999999998
305.5
460.08299999999997
167.433
232.21699999999998
296.7
103.55
-211.96699999999998
269.55
365.567
453.15
181.567
369.883
286.367
34.417
-320.9
427.08299999999997
227.167
-76.917
11.433000000000007
249.817
173.03300000000002
-1025.65
-109.833
110.35
263.033
234.483
-77.233
545.35
392.033
252.483
49.167
240.21699999999998
219.433
-122.517
414.767
512.95
262.367
-201.517
24.167
295.283
312.367
-125.783
340.16700000000003
369.017
249.433
378.35
334.7
322.017
399.367
232.21699999999998
171.3
361.617
241.3
400.283
15.766999999999996
383.883
415.233
327.41700000000003
-91.1
199.617
305.1
61.483
-292.033
363.08299999999997
329.233
245.55
-131.63299999999998
336.483
335.233
196.75
67.5
352.75
341.1
-171.917
195.1
319.617
59.3
-157.583
144.7
251.28300000000002
199.9
297.08299999999997
152.767
259.35
507.367
89.55
157.367
359.883
523.3
370.35
147.833
205.75
262.433
70.68299999999999
482.433
343.75
189.7
-169.38299999999998
85.833
200.15
273.233
244.55
-25.833
528.35
543.033
10.483000000000004
265.567
352.35
335.767
208.15
85.967
312.217
364.5
55.417
105.433
273.617
297.033
156.88299999999998
271.367
449.217
410.83299999999997
380.08299999999997
75.367
526.883
150.833
349.617
-174.96699999999998
336.41700000000003
151.1
-113.917
255.96699999999998
310.41700000000003
169.5
494.95
347.367
343.217
222.96699999999998
589.15
38.367000000000004
334.483
243.233
-83.717
224.767
592.15
373.9
498.817
-106.767
394.08299999999997
306.433
331.75
128.567
274.017
465.033
-118.65
164.5
538.35
260.567
64.683
104.233
285.55
274.9
448.617
101.433
577.417
483.633
621.483
369.1
620.217
417.9
128.88299999999998
229.833
278.95
483.767
647.217
82.5
583.417
471.16700000000003
417.95
559.367
476.95
381.7
223.283
515.7
357.017
624.767
-24.317000000000007
152.767
416.88300000000004
393.63300000000004
415.08299999999997
254.7
745.883
417.233
563.75
403.233
537.217
494.36699999999996
524.083
155.233
856.35
317.3
429.817
363.36699999999996
701.883
378.967
546.283
429.7
426.35
668.9
577.817
455.7
400.35
667.1669999999999
436.95
252.033
745.617
560.7
445.35
375.567
368.817
454.5
574.483
440.833
669.017
568.9
339.95
272.633
434.35
526.033
419.417
301.7
646.883
243.16699999999997
501.283
236.89999999999998
453.483
336.433
516.817
596.367
480.617
220.36700000000002
532.15
718.8330000000001
225.483
637.433
485.817
531.967
535.15
518.1669999999999
349.683
696.367
872.617
382.367
392.017
974.433
615.283
815.567
188.55
367.767
822.283
649.433
765.4169999999999
821.833
350.08299999999997
308.1
420.95000000000005
394.567
932.083
759.767
229.54999999999995
707.7
598.017
818.567
855.683
672.167
597.283
945.3
217.08299999999997
490.033
601.617
758.033
1072.217
994.7
913.417
844.1
624.55
731.233
753.817
687.367
309.95000000000005
531.9
888.883
711.7
967.75
534.233
1020.483
935.967
1015.35
830.9
988.083
906.633
496.283
964.3
828.283
734.233
664.417
799.367
796.283
915.633
814.483
583.633
914.55
679.433
644.683
510.76700000000005
973.883
863.3
797.55
840.167
965.217
718.567
724.017
643.167
934.617
948.033
844.95
600.5
1096.283
836.567
867.75
845.033
990.283
860.767
349.08299999999997
766.233
823.417
897.5
907.217
1080.167
1201.017
1007.3
1024.217
1002.3
1123.683
1183.1
1006.75
1071.233
1057.617
1037.7
1211.417
1053.233
1451.883
954.033
551.55
811.833
1029.883
1301.633
1002.683
1092.833
1459.55
1245.433
1152.75
1075.033
1293.75
1334.833
1372.617
1086.3
1444.75
1125.767
1049.683
977.233
1054.483
1009.967
1331.217
690.767
1064.817
1151.767
1374.283
984.3
1294.15
1142.233
1352.283
1189.167
1270.883
1342.033
1317.15
1227.567
1517.883
1070.1
1591.617
1344.167
1387.55
1321.9
1212.15
1423.7
1670.283
1041.967
1127.683
1418.3
1659.683
1381.767
1476.95
1227.7
1306.75
1198.7
1289.35
1386.033
1313.083
1595.3
1832.75
1097.833
1663.217
1638.233
1534.617
1450.9
1544.417
1394.767
1363.95
1661.433
1599.417
1414.633
1220.417
1342.167
1304.283
1259.233
1598.483
1459.567
1574.417
1747.7
1534.217
1663.567
1863.217
1575.9
1897.55
1730.3
2067.75
1807.967
1643.417
1889.167
1899.417
1806.633
1636.617
1781.767
1624.35
1698.567
1584.35
1796.167
1786.283
1609.433
1328.083
1601.433
1551.617
1563.767
1387.617
1324.633
1586.617
1346.367
1321.75
1060.367
1698.883
1278.833
1575.617
1533.767
1659.683
2074.5
1788.283
2014.1
1837.15
1999.233
2145.483
1766.967
1993.35
1968.1
1748.483
1679.833
1972.883
1811.967
2074.283
1658.233
1905.817
1939.767
1898.883
2028.7
1956.95
1974.1
2106.617
2027.633
2117.35
2117.767
2031.55
1771.033
2094.283
2110.967
1940.083
2168.7
2262.75
2139.633
2029.617
1755.3
2252.017
2105.967
2353.95
2580.233
2616.017
2916.033
2884.483
2731.633
2674.483
2613.167
2733.95
2351.633
2900.017
2592.367
2749.683
2656.1
2929.617
2448.033
2595.417
2754.967
2645.617
2690.767
2479.017
2155.833
2741.617
2817.967
2678.217
2784.9
2933.883
2895.3
2759.55
2541.5
2937.15
2922.367
2428.15
2691.7
2656.95
2849.767
2653.75
2843.5
3017.217
2819.033
2728.15
2222.7
2565.017
2665.7
2712.817
2415.3
2833.017
2515.433
2609.95
2451.033
2439.417
2372.367
2274.017
2369.5
2360.15
2474.3
2269.217
2416.5
2195.883
2351.033
2414.083
2441.633
2712.75
2844.5
2894.017
3030.567
2881.017
2968.1
2590.55
3065.233
2835.817
2791.033
3291.483
2912.9
3606.083
3544.5
3399.417
3547.033
4120.883
3607.767
3782.683
3260.767
3494.417
3434.567
3157.083
2959.833
3056.617
2946.9
2718.817
2817.1
3283.817
2866.1
3121.083
3075.3
3531.55
3461.567
3659.817
3436.167
3332.417
3205.233
2946.15
2879.7
3021.883
2652.5
2578.35
2484.1
2574.617
2542.633
1992.083
2368.9
2374.817
2047.167
1733.883
2480.033
2443.95
2507.9
2743.55
2377.233
3157.75
3273.3
3337.55
3171.1
3275.817
3111.033
2801.217
2948.567
2906.017
3083.767
3030.417
2818.767
3364.083
3052.167
3198.217
3092.433
3271.017
3218.9
3158.95
2630.9
3195.817
3038.767
3219.617
3182.233
3056.417
3134.967
3087.217
3047.1
3674.55
3666.233
3593.217
3785.7
3934.15
4003.767
4019.283
3859.833
4163.883
3892.433
4258.617
3810.9
4246.4169999999995
4605.367
3929.2830000000004
4182.7
4328.217000000001
4147.233
4170.617
3542.767
3526.75
3071.3
2969.883
2220.767
2212.55
1811.7
1701.683
1696.567
2177.55
2367.767
2612.75
2978.1
3200.217
3256.7
3508.35
3830.567
4082.483
4348.567
4244.95
4229.433
4416.817
3927.367
3870.617
3716.233
3436.817
2842.1
2692.55
2463.3
2457.817
2766.367
2820.283
3230.233
3868.017
3985.633
4112.283
4770.833
5000.55
4979.567
5280.417
4988.7
5665.55
5646.9
6077.883
5725.433
5666.95
6055.1
5809.617
5879.233
6015.883
5833.767
6043.017
5885.3
6493.817
6274.433
6412.483
6114.7
6614.217
6446.767
6276.817
6255.7
6800.35
6621.1
6585.35
6390.433
6548.283
6135.367
6241.35
6399.433
6471.283
6831.633
6596.617
6669.433
6694.15
6487.033
6224.083
5990.233
6245.417
6472.433
6643.817
6517.3
6464.483
6456.7
6493.283
6325.7
6375.283
6321.1
6187.417
6235.7
6686.95
6463.5
6567.15
6322.833
6477.35
6635.3
6458.95
6839.633
6860.217
6852.633
6917.217
7002.3
7035.883
7348.367
7526.35
7359.7
7256.75
7267.9
6775.683
6326.233
6555.417
6491.5
6486.417
6375.433
6597.883
6760.033
6835.617
7314.433
7277.883
7750.233
7660.283
7725.567
7729.417
8046.9
7463.55
7585.433
8039.15
7562.567
7640.75
7823.367
7792.483
7638.367
8150.15
7614.5
7966.95
7893.567
7820.55
7573.1
7869.883
7735.033
7799.483
7288.967
7815.15
7706.7
7589.15
7278.833
7721.283
7957.567
8126.217
7777.7
8030.817
8129.833
7935.683
7975.033
7925.817
7085.5
7555.35
7546.567
7666.683
7217.967
7748.617
7537.033
7677.817
7455.033
7400.283
7707.033
7817.95
7753.033
7809.35
7581.233
7433.75
7383.7
6896.283
7117.433
7788.75
7464.3
7628.35
7838.367
8146.35
8160.233
8416.35
8030.167
8266.483
8282.033
8270.95
7907.5
7874.95
7356.767
7587.35
6913.9
7543.417
7672.9
7357.417
7307.967
8037.75
7987.967
7541.15
7570.433
8207.683
8382.832999999999
8147.817
7985.7
8094.683
8161.433
7982.55
7920.833
8121.617
7982.967
8210.35
8454.5
8131.417
8372.9
8600.483
7808.633
8095.483
8007.233
7621.283
7949.767
7277.15
7570.3
7492.417
8285.167
8282.35
8119.9
8091.75
7710.633
8033.083
7942.9
8323.35
7985.167
7811.417
7356.5
7343.617
7084.033
6806.683
6688.3
6258.55
6205.3
6201.15
6180.1
6555.483
6862.9
7602.75
8033.3
8854.217
8923.566
9744.884
9014.634
8683.083
9024.366
8944.684
8822.1
9464.95
9469.767
9655.083
9528.9
9505.283
8870.9
8637.884
8349.366
8616.817
8441.566
9518.684
8998.9
9568.884
9545.5
9799.15
9851.167
9523.884
10174.366
10227.616
10735.5
10655.816
10760.767
10922.35
11238.233
10425.616
10592.9
10187.283
10342.9
10345.283
10656.233
10311.417
10128.1
9731.55
9629.366
9877.616
9635.9
8851.816
9562.033
9445.217
9984.833
10205.017
10206.967
10980.483
10642.434
10411.816
10653.3
10662.55
10483.1
10428.684
10486.566
10964.95
11293.233
11332.35
11020.566
11140.417
12486.3
11498.616
11489.366
11694.816
11201.967
11642.884
11617.366
12165.283
11730.767
11272.616
11553.967
11766.35
11641.7
11195.75
11085.033
12050.616
12401.167
12066.15
11590.3
11854.684
11657.434
11502.75
10820.833
11670.35
11585.033
11238.417
10723.5
11229.616
11458.9
11420.017
11076.167
11947.483
11951.9
11682.95
12069.967
12179.35
12707.3
12188.55
11999.5
12526.95
12128.434
12350.35
11665.434
12011.616
12613.233
12160.017
12342.3
12380.884
12077.434
12238.75
12561.634
13108.75
12830.233
12798.95
12890.7
12926.816
13165.434
13558.884
13236.167
13208.417
12840.9
12862.283
12423.967
12894.616
12509.833
12876.15
12247.233
12000.616
12171.634
12084.283
11800.366
12408.75
11951.233
11995.017
12085.033
12088.55
12166.7
11983.483
12529.9
12980.483
13222.3
12544.017
12505.366
12650.15
12157.434
12830.816
12449.167
12997.283
13014.967
13312.35
13293.5
13498.483
13664.233
13230.816
12747.967
14154.95
13673.566
13563.283
13706.3
13981.15
13024.9
13569.35
12919.233
13823.15
13593.7
13045.15
13427.434
13876.417
13584.7
13774.283
14467.634
14038.217
13491.833
13413.816
13198.5
13137.283
13538.767
13995.483
14041.233
14578.483
14658.7
14995.417
14629.033
14705.15
15003.233
14770.884
14697.1
14820.217
14868.5
15149.55
14853.7
15449.15
15293.366
15362.95
15689.967
15602.684
15536.767
15093.616
15291.833
15557.884
15218.366
15054.684
14975.634
15515.884
15286.634
16119.217
15488.9
15203.95
15609.634
15711.483
16318.366
16399.816
16453.367
15925.816
16210.366
15803.283
15947.1
15686.217
15946.033
16257.95
17667.1
16395.217
17028.166
17333.883
17498.633
16903.15
18139.033
17602.15
17961.1
18486.217
19069.033
18075.084
18602.967
18115.617
18396.301
19744.283
18499.566
18606.018
17863.033
17919.018
17994.699
18587.482
18441.434
18859.217
19489.166
18963.283
19671.768
20210.883
20722.566
20753.551
20886.232
21567.15
22133.301
21602.816
20491.699
21228.35
21346.166
20784.883
21113.033
21684.816
21692.166
21485.084
21963.633
22455.018
21847.768
23140.084
23589.834
23290.283
22791.301
23794.15
23631.9
23631.35
23433.699
23735.816
23810.434
23687.816
23743.633
23344.816
23609.768
24427.482
25033.5
25423.551
25561.033
26818.75
27044.5
26535.018
27164.768
27161.416
26918.434
26939.816
26026.232
26997.35
26257.699
26134.35
27553.967
28085.283
28310.033
28425.15
28560.033
29216.084
28471.699
28690.018
28176.9
28463.416
28687.768
28181.883
28831.033
29508.217
29814.633
29912.018
30090.967
30483.084
30433.566
30019.949
30238.768
30141.482
30251.9
29663.617
30195.5
30333.617
30429.834
30816.684
30361.768
30324.217
30453.633
30539.684
30551.301
30703.883
30981.633
30614.949
30788.633
31020.416
30884.166
29896.217
29476.434
28039.684
26941.434
26113.283
25794.5
25768.35
26168.768
26117.617
27290.367
28664.883
29062.232
29689.416
29719.566
29985.551
30756.1
31680.816
31236.633
31876.482
31850.768
31583.949
30874.9
30661.283
30860.699
31370.482
31640.232
32098.949
32602.699
33366.949
33809.5
33978.215
34038.234
33352.016
33324.566
32883.084
33170.102
33194.617
33188.102
33226.148
32655.5
32279.084
32103.1
31609.283
31654.967
32001.75
31737.232
33097.084
33181.367
33502.285
34051.633
34266.484
33498.367
33736.816
33333.035
33423.016
33696.168
34016.418
34388.633
35300.082
35103.898
35674.418
35228.832
35280.285
34877.566
34198.883
34383.766
34289.949
34487.566
34299.75
34562.898
35006.352
35308.234
34837.016
34984.5
35975.949
35470.102
35826.215
35112.898
35783.352
35310.566
34524.285
34043.5
33730.418
33667.965
33922.551
34136.766
34500.816
35567.301
35262.617
36079.5
35588.148
35596.965
35471.148
35013.5
34760.484
34413.699
33724.148
33907.832
33951.883
33746.633
33930.684
33884.5
33668.285
33745.102
33655.551
33713.234
34192.082
34563.965
34532.883
34929.832
35663.352
35806.168
35713.883
36069.898
35813.418
35767.434
35112.75
34676.965
34269.082
34515.633
34940.883
34644.367
35426.148
35732.5
36246.484
36490.434
36494.816
36426.566
37180.551
37507.434
37975.684
38114.168
37834.484
37665.168
37401.285
37406.035
36817.949
36606.301
36723.816
36744.035
36427.484
36370.301
35573.148
36109.434
35717.016
36141.434
36008.148
36925.301
37278.883
37859.301
38160.352
38483.633
37588.75
37667.898
37217.75
37255.168
37590.352
37295.965
37346.883
36949.234
37332.016
37602.766
37698.75
37847.633
37861.484
38367.234
38777.148
39500.832
38738.551
38657.102
38047.484
38023.633
37318.551
37349.566
37312.148
37009.301
37654.883
37757.832
35953.484
37210.766
37162.75
36846.965
37069.883
36784.832
36672.148
36890.234
37513.352
37803.566
37830.684
37654.102
37906.082
38444.102
38597.016
38849.168
38599.418
38143.965
36949.082
35498.102
34782.484
33454.566
31940.217
31505.434
32163.949
33058.566
35155.215
35780.699
35164.082
35264.766
35470.016
34954.566
35408.016
34842.832
34423.617
35262.832
36306.883
37213.832
37108.285
37473.434
37716.617
38128.301
38878.148
38376.102
38365.75
38424.434
37642.816
38128.766
38587.016
38619.5
38346.75
39206.633
39588.285
39606.234
39671.418
38980.566
38891.352
38587.234
38844.484
38547.102
37896.418
37690.102
37223.418
38157.035
38922.352
39581.766
39300.418
39925.766
40760.949
41026.367
40440.949
40075.434
40485.215
39890.102
39792.352
39123.434
39844.75
40309.566
39822.949
39583.301
39294.816
38335.234
37697.082
36223.766
35197.418
34871.832
34975.082
35267.234
35832.352
36907.168
37120.684
38299.832
38555.418
38659.301
39229.285
39438.301
39847.215
40073.367
40197.883
40578.301
41397.352
40804.301
40461.684
39734.699
39579.016
39474.434
39323.016
39330.035
39385.016
40000.566
40972.75
41026.766
41008.285
41042.699
40952.617
40647.832
40715.551
40700.102
39629.684
39113.566
38793.949
38192.434
37457.148
36986.035
37315.082
37613.168
38060.949
38406.633
39094.215
39124.367
38875.285
38807.301
39013.352
38660.5
38345.883
38475.102
38883.484
39390.5
39492.75
39602.898
40043.215
40587.434
40501.883
40579.102
40325.551
40200.566
39640.352
38898.434
38639.285
37834.566
36816.418
38098.102
37967.418
38255.699
38459.883
39048.832
39108.816
39465.633
38988.285
38990.5
39408.551
38934.766
38855.285
38653.5
38595.551
38254.633
37630.684
37232.699
37367.148
37454.699
36983.148
36348.168
36726.082
36566.965
36285.484
36245.5
36558.484
36783.102
36971.883
37438.898
37611.418
38010.102
37762.684
37577.566
38005.617
37983.367
36848.949
37569.566
37203.148
37242.898
37434.551
36855.898
36963.418
37739.102
37871.082
38256.367
38165.285
38273.367
38261.285
37950.035
38417.082
37942.965
37439.082
37403.766
37685.551
38111.434
38320.215
37541.699
37796.418
37661.301
37238.016
37500.102
37683.684
37557.633
37320.148
37464.5
37295.551
37494.898
36905.883
36705.898
36627.016
36548.5
36766.148
36319.102
37202.215
37404.102
37896.285
37221.965
37469.684
37482.301
37790.352
37611.035
37423.551
37580.367
37579.816
37362.766
37382.949
37433.168
37062.215
36645.434
37107.148
37198.035
37345.352
37241.301
37388.75
37446.699
37304.617
37664.832
37737.949
37993.699
37197.285
36802.102
37062.75
36523.898
36540.949
36396.5
36917.75
37411.965
37226.016
37127.234
37367.148
37339.168
37585.352
37456.367
37596.484
37883.898
37671.816
37627.832
37874.684
37843.965
37779.418
37654.566
36989.016
37207.367
36364.75
36697.035
36793.75
36655.035
36403.617
36530.766
36513.684
36406.633
36414.016
36812.035
36446.148
37020.434
36814.816
36801.965
36308.148
35890.566
35561.215
35704.832
35377.949
35387.5
35062.949
35652.367
35800.883
35866.434
35730.75
35378.832
36347.484
36551.965
36863.684
36884.566
37452.484
37648.965
36989.352
36832.102
36663.148
36646.168
35859.883
36011.5
36240.082
36215.832
36497.016
36479.234
36860.148
36834.699
36903.016
36645.832
36933.816
36639.301
36405.148
35874.5
36473.883
36544.699
35746.148
36639.566
36276.684
36608.102
36806.148
36325.367
36570.418
36226.301
35422.082
35048.367
35517.684
35321.5
35035.551
35460.301
35464.082
36422.434
36137.016
36733.367
36988.148
36635.5
36506.016
36918.699
37179.215
36721.566
36236.148
36042.566
36052.285
35582.633
35387.082
35316.699
35877.418
35952.699
35866.816
35826.965
36428.418
36448.766
36169.418
35840.102
35901.418
35519.367
34867.418
34456.5
34574.484
34546.832
34164.148
34451.102
34822.617
35378.367
35535.082
35601.168
35889.75
36103.5
36441.684
36344.367
36562.215
36313.898
36181.148
36674.699
36132.418
36550.434
36271.418
35818.633
36387.484
36295.234
36484.082
36137.434
35990.082
35930.301
35934.684
35359.035
35553.684
35299.832
35123.016
35378.5
35118.484
34945.301
34914.148
34743.898
35554.883
35802.234
34990.75
35177.367
35723.816
35630.301
35504.75
35948.301
35525.082
35205.301
35118.082
34405.434
34896.352
34149.699
34298.082
34232.035
34171.484
34696.434
34487.949
34776.898
34745.75
34624.035
35048.684
34937.102
35217.285
35157.5
34709.484
34782.434
35041.949
35124.367
34393.352
34663.434
34880.684
34881.566
34258.082
34779.566
35381.285
35039.699
34765.551
35501.766
35657.949
35459.898
35166.949
34783.898
35385.484
34920.766
35101.352
35115.965
34824.418
34981.168
34854.285
34646.434
35028.016
34793.035
34118.148
34300.234
34590.352
34415.102
33798.949
33846.5
33574.082
33453.102
33287.148
32884.035
33449.551
33521.566
33141.684
34055.301
33913.816
34126.301
34094.617
33813.434
34319.75
34104.168
33759.082
33276.434
33738.148
33911.5
33072.484
32331.1
31690.018
31095.566
30538.617
29935.033
29616.551
29064.033
28615.482
29642.9
30161.217
30218.232
30748.75
31410.633
32495.15
32252.633
32688.217
32522.5
32488.949
32719.633
32271.551
32063.033
32247.684
32212.633
31781.617
31884.367
31984.482
32193.166
32068.482
31806.699
32262.551
32020.566
32022.883
31913.1
32311.551
32237.633
31895.482
32411.768
32225.949
32009.768
31608.816
31333.301
31437.416
31381.699
31383.949
31541.633
31354.35
31704.1
31789.949
31600.566
31808.949
32298.768
31952.816
31717.967
31998.816
32131.633
32076.883
32147.5
32065.416
31647.967
31464.15
31438.434
31636.15
31573.566
30794.617
31217.166
31111.816
31437.232
31284.084
31081.834
31156.018
31298.633
31607.617
31189.301
31421.416
31642.033
31142.283
31391.633
31362.084
31285.367
30757.816
30901.033
30847.416
30887.967
30956.217
30825.967
30744.15
30758.301
30204.15
30521.834
30329.084
30648.633
30151.15
30481.699
31056.816
30724.834
31111.084
31086.967
30966.084
31346.9
31137.018
31183.367
31254.949
31176.566
31346.949
31149.9
31366.75
31055.967
31292.816
31067.699
31500.217
30853.699
30998.617
30741.434
30996.816
31169.301
30699.018
30566.367
30668.018
30650.566
30680.949
30695.301
30786.15
30920.166
30860.35
30751.768
30773.684
30401.232
29987.084
29936.699
30145.684
29674.834
29416.75
29482.301
29889.15
29898.5
29441.883
29491.834
29829.75
29630.367
29326.617
29101.301
29377.684
29217.834
28854.15
28347.301
28733.75
28830.033
28824.684
29045.166
28922.283
28981.166
28396.018
28609.367
28267.816
28200.434
27463.617
27352.633
27452.416
27017.834
27003.35
26368.967
26725.35
26468.033
25926.75
25243.967
25150.283
25256.033
25099.084
24550.9
24827.084
24730.367
24911.949
25016.9
25611.551
25968.9
26688.816
27348.301
27459.816
27622.967
27600.551
27894.699
27729.35
27361.166
27426.018
27224.232
27506.949
27240.834
27551.018
27583.699
27945.551
27838.434
28041.617
27948.166
28357.551
28253.367
27936.949
28251.699
28581.816
28333.166
28097.084
27870.301
28190.551
28094.301
27886.617
27828.033
27909.283
27959.566
28299.15
27513.434
28066.75
28019.9
28086.217
27919.9
28138.949
27973.768
27612.018
27609.699
27731.15
27930.566
27266.217
27159.699
27374.018
27131.566
27066.949
27249.768
27368.949
27086.1
26959.018
26742.1
26710.416
26724.367
26842.617
26799.9
26788.949
26729.166
26715.883
26621.768
26594.816
26534.434
26329.816
25805.834
26241.084
25800.301
25941.084
25888.967
26021.217
25789.768
25934.75
25858.232
25925.482
26267.367
26040.551
26329.768
26200.75
26380.633
26187.949
25660.1
25804.482
25618.1
25425.617
25599.967
25494.283
25478.1
25532.217
25427.1
25871.816
26326.301
25875.084
26384.232
26528.084
26302.232
26420.684
26109.699
26403.75
26488.699
26654.617
26772.566
26866.35
27277.232
27116.35
27483.434
27770.949
28060.633
27558.416
27417.566
27821.217
28216.699
28059.482
28532.434
28696.416
29047.434
28845.15
28954.967
28901.283
28683.9
28003.482
27038.9
26564.217
26259.301
26000.35
25741.633
25529.883
25547.633
25477.816
25329.5
25559.75
25454.033
25464.15
25419.301
25768.883
25539.033
25445.018
25128.301
25138.018
25334.232
24918.35
25242.967
25096.816
25272.5
25278.35
25358.633
25479.949
25645.033
25305.084
25464.9
25823.75
25586.967
25079.617
25392.768
25749.684
25542.232
25166.684
25463.033
25748.883
25172.5
25574.35
24878.232
25274.084
24914.5
24739.883
24859.768
24729.482
24857.434
24599.816
24100.1
24736.084
24860.768
24476.084
24525.566
24703.883
24530.166
24859.283
24273.1
24486.816
24573.5
24691.816
24680.834
24819.883
24568.434
24692.217
24781.434
25029.816
24624.768
24267.018
24235.699
24523.018
24645.566
24363.75
24486.301
24405.617
24591.166
24340.416
24336.166
24429.482
24330.301
23951.949
23741.768
24319.617
24095.1
23636.15
23567.434
23994.883
23599.699
23583.283
23715.699
23916.084
23635.434
22656.018
23386.9
23800.416
23378.967
23326.217
22978.967
23221.883
23300.434
23560.684
23549.834
23445.084
23131.768
23241.15
23215.5
22702.482
22548.232
22088.816
22349.834
21950.416
22361.033
21900.084
22013.967
23233.482
23010.566
22983.75
23602.768
23410.084
23460.633
23001.617
22777.301
22574.551
22625.367
22370.551
22413.367
22541.551
22579.367
22220.15
22456.566
23127.684
22671.301
22173.816
22524.367
22778.75
22848.232
22519.684
22679.033
22813.35
22472.434
22111.551
21770.9
22210.816
21804.967
21683.15
21305.033
21333.949
21393.367
20768.684
20332.633
20247.018
18975.301
18289.416
17500.967
17694.75
17682.033
17784.084
17996.232
18709.75
19496.566
19971.15
19980.033
20200.416
20825.1
21293.816
21199.967
20864.551
21330.434
21211.75
21309.566
21375.416
20922.9
20657.883
20532.633
20976.15
20880.699
20423.617
21141.033
20975.617
21217.5
21325.617
21136.301
21294.416
21240.768
21004.018
21124.967
21218.416
21422.033
20966.883
20988.1
21375.75
21447.232
21401.217
21418.633
21536.551
21588.566
21426.75
20956.566
21402.684
21332.768
21016.684
20820.5
21086.283
21229.566
21015.551
20581.367
20858.283
21177.166
20542.75
21195.768
21354.75
21266.434
21739.883
21407.232
21498.283
21474.9
21286.283
21389.033
21358.816
21326.301
20955.883
21001.1
21100.35
21143.301
21026.35
21100.1
21303.617
21381.834
21048.949
20797.434
21099.15
20998.834
21211.018
20789.367
21298.617
21095.301
21316.018
21270.033
21369.617
21286.699
20848.217
20559.9
21152.482
21008.699
21186.684
20762.699
20744.883
20789.1
20712.816
21068.633
20808.482
20789.9
20235.551
20261.166
20373.482
20645.033
19765.416
20066.301
20308.684
20308.967
20061.816
19913.699
20353.416
20295.434
20063.283
20184.1
20303.684
20499.5
19758.482
19977.566
20434.883
20470.166
20154.816
20009.367
20155.283
20337.367
19976.283
19960.367
20106.482
20042.967
19476.551
19822.232
19836.684
19631.367
19618.217
19730.9
19414.15
20118.434
19537.482
19446.5
19547.684
19585.1
19459.018
18922.768
19443.416
19497.9
19169.551
18929.5
19384.883
19260.033
19175.482
18672.699
19215.35
19177.566
19089.35
19160.367
18836.283
19072.768
18946.15
18528.633
18804.217
18638.033
18645.416
18175.166
18590.75
18487.434
17873.15
17549.5
18289.15
18116.699
17966.551
17822.033
18068.949
17945.834
17603.75
17564.9
18183.551
17890.566
17687.482
17560.768
18085.15
17629.033
17457.35
17372.768
18004.684
17746.967
17526.084
17507.5
17667.018
17348.5
16983.217
16689.1
17179.551
17256.834
17170.816
17440.434
17591.018
17428.033
16858.35
17512.232
17313.75
17190.834
17171.816
17088.566
16991.482
17154.232
16638.883
16600.033
15955.75
15202.167
14461.35
13695.366
13261.15
13091.5
13035.95
13040.566
13949.217
14467.7
14723.083
15152.167
15487.083
15526.634
15654.417
15520.7
15674.083
15132.434
15122.616
14423.366
15464.283
15384.833
15135.017
15079.9
15528.816
15732.167
15899.35
15593.566
15984.15
16250.634
15890.616
15970.967
16345.95
16321.033
16356.283
16446.167
16554.483
16543.434
16308.55
15939.166000000001
16817.283
16533.633
16501.684
16086.833999999999
16736.684
16859.9
16610.75
16810.967
16799.083
16367.967
16526.35
16156.033
16759.95
16619.566
16511.017
16466.434
16498.95
16794.166
16342.416000000001
16872.699
16836.949
16881.301
16892.217
16432.434
17180.283
17129.232
16721.617
16939.699
17604.617
17361.566
17147.482
17661.367
17880.482
17522.166
17331.217
17407.967
17065.684
17235.699
16750.949
16880.033
17190.084
17084.232
17013.551
17437.033
17109.551
17217.9
16582.217
16425.633
17333.883
17145.699
17004.084
17171.434
16988.75
17076.9
17182.35
16850.768
16919.416
16921.434
16834.617
16777.1
17001.883
16638.9
16767.551
16613.1
16997.283
16726.5
16850.482
16812.232
17187.15
16822.232
16845.75
16768.166
17036.084
17299.434
17311.75
17212.033
17144.15
17001.699
16874.816
17142.834
17283.551
17391.232
17348.018
17002.033
17622.018
17463.9
17412.75
16923.5
17489.883
17369.166
17165.416
17076.434
17149.684
17298.367
17456.75
17323.699
17460.283
17166.699
17255.217
17453.633
17182.482
17281.367
17171.084
17020.033
17147.883
17239.166
16979.684
16922.166
17076.482
17349.699
16422.15
17164.768
17186.283
17104.768
16426.684
16823.834
17115.883
17228.367
17062.482
17123.633
17075.217
17183.633
16924.684
16811.9
17190.283
16933.9
16996.75
16707.834
16954.35
16986.768
16673.15
16595.166
16917.416
16535.7
16507.084
16336.233
16675.217
16548.9
16229.283
16538.033
16509.283
16270.167
16395.816
16576.566
16388.283
16356.967
16088.017
16140.033
16439.95
16117.434
16237.083
15891.9
15979.55
16061.5
15915.55
16013.1
15824.684
15771.833
15690.35
15667.033
15882.417
15836.767
15797.017
14888.967
15131.15
15003.366
14779.75
14169.1
14021.217
14035.033
13648.15
12990.967
13542.15
13394.3
12623.884
13029.9
12943.616
12614.566
12730.15
12255.767
12386.816
12246.033
11921.15
12038.5
12327.95
12182.833
12335.884
11095.3
11847.417
11950.167
11506.684
11825.167
12074.15
12181.967
11953.283
12405.167
12700.55
12740.5
12946.884
13352.167
13346.15
13227.634
13331.616
13101.967
13091.083
13248.967
13267.884
12717.833
13136.283
12962.233
12613.75
11984.167
12336.483
12125.3
11776.616
11684.634
11534.816
11615.434
11468.95
11347.767
11734.75
11729.634
11590.083
11548.434
11701.616
11537.566
11455.483
11366.167
11776.75
11611.366
11285.55
11700.167
12090.417
11902.1
11596.684
11772.434
11732.816
11811.566
11755.816
11663.167
11657.55
11369.833
10841.483
11376.833
11251.816
11433.767
11593.884
11147.7
11689.816
11552.3
10803.217
11096.3
11289.483
11114.767
11178.55
11435.434
11551.95
11555.233
11720.15
11659.7
11748.816
11602.033
11532.75
11273.434
11507.684
11612.233
11318.884
11325.366
11583.483
11538.833
11286.283
11787.434
11833.083
12001.5
11565.217
11800.767
11993.816
11964.1
12187.95
11467.5
11979.15
11866.3
12054.417
11649.9
12315.95
12080.833
12228.616
11834.033
12412.483
12366.3
12001.75
11820.9
12031.75
11805.634
11718.95
11950.767
11876.616
11735.167
11411.417
11397.366
11641.083
11818.366
11649.15
11797.434
11785.483
11626.233
11412.283
11653.3
11752.083
11623.366
11910.35
11329.9
11620.55
11919.167
11855.55
11558.767
11627.884
11182.7
10923.417
11364.9
11242.417
11336.366
10548.083
11101.634
11367.55
11260.3
10958.283
11321.1
11530.884
11160.767
11290.95
11127.033
11410.483
11049.3
10794.217
10757.033
11084.217
11065.3
10624.083
10903.366
10873.95
11075.5
10874.483
10920.167
11024.083
10869.634
10684.684
10904.833
11028.35
10970.366
10816.35
11137.366
10882.283
10969.167
10911.283
10712.434
10866.15
10842.767
10680.483
10583.7
10633.884
10712.167
10406.15
10322.167
10795.884
10781.634
10504.083
10557.167
10801.15
10793.767
10377.417
10413.5
10656.816
10438.167
10220.017
10639.566
10608.816
10386.9
10595.017
10375.233
10459.017
10393.3
10108.684
9778.767
10476.616
10128.5
10356.483
10157.033
10268.95
10072.9
10053.15
9865.833
10219.884
10091.833
10010.417
9727.9
10002.217
10070.9
9872.55
9840.1
10092.417
10069.9
9531.283
9730.033
10021.217
10003.1
9291.684
9472.3
9903.017
9869.233
9741.017
9414.833
9955.75
9860.9
9789.35
9539.167
9696.35
9526.634
9382.483
9546.167
9715.283
9514.366
9337.816
9393.1
9837.217
9819.7
9614.483
9326.967
9448.15
9567.434
9403.283
9211.634
9571.083
9482.366
9445.75
9126.5
9322.217
9434.033
9360.217
9213.1
9383.616
9203.366
9616.283
8925.1
9335.684
9292.1
9063.017
8656.566
9341.15
9286.767
9322.283
8999.434
9100.483
8959.5
9082.15
9209.1
9476.483
8677.9
8996.283
8751.967
9028.283
8435.767
7974.417
7333.767
7067.883
6264.5
5401.283
4787.1
4173.282999999999
3408.967
3035.683
2365.767
2659.283
2555.7
2275.55
2484.9
3359.483
3553.1
3551.417
4553.833
5105.617
5390.9
5701.55
5060.433
5812.15
5428.5
5275.95
4899.7
4680.883
4746.233
4441.483
4215.1
4609.417
4690.567
4648.283
4444.967
5162.817
4970.367
5013.217
5620.433
5697.483
5930.033
5590.683
6113.9
6292.017
6259.633
6296.483
6557.767
6847.617
6909.9
6431.483
6704.033
7245.283
7272.767
6858.15
7349.3
7617.417
7772.967
7663.75
7692.3
8164.817
8141.833
7552.683
7698.1
8376.883
8452.567
8285.55
8005.967
8528.35
8364.967
8193.082999999999
8164.700000000001
8650.017
8463.832999999999
7589.95
8443.433
8639.75
8682.832999999999
8357.75
8149.567
8661.15
8570.767
8381.35
8309.634
8433.283
8542.7
8141.0830000000005
7987.634
8908.75
8488.167000000001
8296.217
8320.167000000001
8638.217
8545.9
8401.15
8364.5
8583.95
8516.3
8354.616
8357.9
8643.483
8614.233
8495.217
8343.7
8689.816
8595.1
8054.0830000000005
8261.566
8566.684
8504.833
8116.217000000001
8080.767
8472.017
8338.967
8385.483
8124.967
8398.283
8551.7
8243.283
7776.433
8552.55
8473.7
8429.417000000001
8272.7
8766.417
8498.1
8303.817
8066.167
8566.75
8353.233
7939.55
7768.033
8416.883
8347.3
8336.55
7777.433
8452.617
8325.1
8191.75
8251.3
8447.082999999999
8408.832999999999
8219.35
8150.633
8630.017
8459.967
7620.283
7966.9
8555.683
8354.233
8300.817
8169.967
8551.95
8418.1
7981.617
7809.5
8353.817
8214.033
8179.017
8063.967
8374.283
8350.367
8192.75
7766.1
8419.75
8344.7
8000.15
7703.833
8287.35
8405.3
8100.683
8033.233
8372.683
8022.567
7960.483
8081.367
8103.083
8015.3
7887.817
7703.3
8265.617
8116.033
7734.95
7688.3
8120.617
8276.967
7583.283
7659.567
8123.483
8048.767
8084.483
7846.9
8038.55
7981.9
7911.75
7611.433
8222.15
8010.167
7721.083
7672.367
8058.017
7948.7
7768.083
7296.7
7921.35
7852.1
7740.283
7240.633
7999.35
7801.833
7325.883
7744.9
7819.15
7738.3
7297.35
7410.7
7566.55
7670.033
7417.217
7397.567
7676.95
7449.9
7439.817
7237.767
7563.217
7587.833
7098.75
7073.033
7545.15
7533.9
7218.683
7188.1
7240.817
7441.967
6984.883
7151.433
7193.217
7240.1
7077.817
6848.9
7422.683
7270.633
6877.083
6582.9
7125.017
7314.9
7103.95
6815.433
7173.817
7133.967
6486.55
6887.233
7284.683
6923.033
6779.283
6828.9
7082.817
7112.233
6716.95
6584.767
6969.483
7073.033
6890.55
6777.833
7099.483
6895.767
6602.483
6322.167
6937.817
6795.1
7021.683
6531.1
7013.417
6988.1
6437.35
6512.833
6983.283
6854.167
6645.817
6718.767
6967.35
6905.433
6500.817
6445.9
7031.083
6790.367
6634.217
6668.633
6932.217
6775.367
6353.217
6241.3
6627.417
6549.967
6043.15
6177.033
6660.617
6497.3
6665.617
6318.7
6655.15
6533.967
6729.95
6344.833
6591.883
6496.033
6134.55
6119.5
6602.283
6469.567
5985.217
5478.1
6421.55
6459.5
6000.55
6194.633
6458.35
6233.833
6085.35
6070.1
6412.417
6212.567
6037.55
5684.167
6282.15
6310.3
5589.75
5788.433
6356.683
6128.367
5874.883
5666.833
6249.483
6242.567
6146.417
5741.3
6323.017
6240.1
6162.217
6057.7
6274.75
6123.433
4864.483
5381.7
6148.95
6233.9
5833.35
5599.567
6094.15
6235.7
5584.283
5562.233
6007.683
5973.9
5486.017
5530.1
6021.417
5990.033
5333.483
5352.7
5870.017
5835.967
5581.683
5585.767
5814.283
5726.967
5311.683
5694.233
5789.017
5820.567
5281.617
5534.233
5895.883
5649.7
5208.617
5115.033
5693.95
5703.633
5533.683
4999.567
5766.083
5648.433
4975.55
5092.033
