287.25
76.2
-130.817
166.0
455.383
148.267
217.317
245.4
244.85
265.33299999999997
134.917
-154.8
216.85
222.667
31.183000000000007
-16.599999999999994
366.783
-1.4000000000000057
72.117
375.33299999999997
433.717
187.067
485.25
161.2
290.517
222.8
239.317
-115.333
212.45
211.733
337.117
24.933000000000007
294.58299999999997
202.6
253.25
28.667
573.983
480.467
102.05
-51.333
260.383
129.86700000000002
0.8499999999999943
205.53300000000002
209.05
237.46699999999998
163.78300000000002
239.46699999999998
234.183
254.4
-31.083
55.733000000000004
631.65
284.067
3.8499999999999943
-246.267
452.183
460.33299999999997
38.583
54.533
387.183
443.133
396.85
238.0
438.983
381.267
169.183
342.133
412.117
403.867
337.25
-132.8
457.58299999999997
295.133
42.45
91.733
392.85
197.86700000000002
158.517
80.2
316.65
504.933
218.583
77.267
250.11700000000002
347.2
42.516999999999996
19.533
260.717
219.46699999999998
517.383
11.599999999999994
206.45
226.067
353.117
-42.8
209.85
263.33299999999997
213.25
103.533
424.383
379.067
-217.61700000000002
37.400000000000006
401.45
306.66700000000003
235.71699999999998
225.6
486.65
298.533
16.382999999999996
290.33299999999997
116.85
331.867
267.58299999999997
296.733
429.783
296.733
559.383
-214.933
337.85
384.867
118.983
379.0
397.183
470.933
266.65
109.4
350.117
266.067
-45.417
119.067
348.05
311.66700000000003
149.583
12.667000000000002
434.383
460.733
69.783
-221.733
371.117
333.733
94.45
148.53300000000002
287.783
433.733
354.117
54.467
308.717
335.867
-269.017
-130.53300000000002
314.783
215.667
179.183
0.13299999999999557
344.983
286.66700000000003
67.783
232.4
415.85
306.133
261.983
-103.2
471.65
419.067
459.783
165.667
501.317
289.66700000000003
178.05
352.33299999999997
425.117
86.0
382.517
-155.0
147.78300000000002
233.2
18.917
372.533
609.117
434.867
179.65
-77.267
510.117
161.46699999999998
474.783
26.599999999999994
414.317
374.267
334.383
400.267
543.917
366.067
446.183
319.733
348.85
245.2
399.65
-346.733
407.317
360.067
188.78300000000002
151.6
147.917
331.0
484.91700000000003
193.067
262.783
313.4
130.917
-193.2
282.65
397.533
483.783
199.8
399.783
309.8
50.31699999999999
-311.8
456.65
253.13299999999998
-51.150000000000006
25.200000000000003
276.383
197.0
-1008.95
-84.4
136.317
283.0
260.317
-52.467
575.65
421.133
276.58299999999997
80.667
272.717
236.933
-91.617
445.4
544.517
291.067
-171.35
45.333
315.717
331.867
-101.883
361.533
398.783
274.2
408.58299999999997
350.6
340.183
424.0
257.983
192.267
385.91700000000003
264.533
423.45
32.8
419.983
439.66700000000003
351.25
-61.467
235.983
324.267
87.717
-280.467
387.517
343.0
267.517
-114.533
364.58299999999997
343.267
221.517
84.6
376.58299999999997
370.933
-143.417
218.333
346.58299999999997
75.667
-139.35
166.6
282.05
217.2
333.45
180.933
271.58299999999997
546.667
109.383
179.8
389.783
545.6
408.717
169.4
224.583
285.4
106.25
510.33299999999997
366.65
214.13299999999998
-149.683
113.933
219.983
292.867
263.45
-9.132999999999996
544.383
568.667
47.783
296.2
380.383
355.8
245.25
117.533
347.05
389.733
85.717
125.933
310.517
331.067
182.71699999999998
299.8
485.317
452.467
419.25
108.667
572.983
175.86700000000002
396.783
-144.53300000000002
363.25
178.86700000000002
-88.483
291.0
335.783
206.733
548.783
399.8
388.38300000000004
268.267
645.583
84.06700000000001
379.117
287.6
-37.016999999999996
281.0
645.983
420.13300000000004
548.25
-40.46700000000001
452.38300000000004
361.33299999999997
395.45
189.133
345.183
532.6
-45.88300000000001
224.867
612.183
331.067
139.05
175.333
354.783
355.933
524.717
183.533
658.317
552.8
716.65
443.8
712.117
515.467
239.917
337.467
384.05
605.6669999999999
795.317
203.0
724.117
593.6
549.183
679.267
626.9169999999999
512.3330000000001
363.383
642.3330000000001
494.317
764.0
113.44999999999999
283.267
572.317
553.8
571.183
399.6
893.117
566.267
724.983
544.067
700.65
666.933
691.05
323.867
1023.983
471.933
583.717
506.333
874.45
532.867
720.517
623.933
617.5830000000001
889.067
790.5830000000001
686.067
628.317
880.0
648.25
459.467
954.383
744.3330000000001
643.05
585.6669999999999
591.317
683.4
804.983
672.2
897.117
783.0
581.983
522.933
689.05
812.2
683.983
574.4
926.917
481.533
757.25
491.79999999999995
692.25
584.4
769.783
854.0
740.45
474.0
798.717
972.8
453.91700000000003
878.0
731.517
772.067
807.783
777.8
621.05
979.6
1180.983
691.8
692.983
1282.733
922.117
1130.133
502.04999999999995
693.867
1165.05
1002.867
1132.85
1209.8
751.183
719.8
838.783
812.8
1363.85
1178.733
649.383
1120.267
1013.117
1230.2
1257.65
1077.867
1004.717
1340.067
614.717
890.867
1025.583
1203.133
1526.517
1470.0
1410.517
1337.133
1143.783
1251.133
1274.917
1159.067
801.183
1014.5329999999999
1353.25
1173.533
1436.383
984.8
1502.25
1381.2
1487.717
1308.467
1467.65
1388.933
983.9169999999999
1444.733
1307.983
1212.2
1152.583
1287.6
1270.25
1377.933
1287.45
1068.667
1398.917
1167.667
1136.85
1030.533
1487.983
1394.333
1320.05
1406.333
1525.183
1265.333
1251.117
1135.4
1406.783
1428.533
1324.45
1054.0
1563.583
1283.4
1334.917
1318.067
1479.117
1350.667
852.9169999999999
1303.733
1369.383
1430.4
1459.783
1641.933
1782.383
1577.4
1594.317
1570.533
1715.183
1777.6
1617.85
1706.133
1692.383
1704.0
1877.183
1710.8
2104.317
1571.933
1158.25
1408.2
1618.45
1916.133
1627.717
1728.067
2087.583
1888.867
1816.917
1738.867
1978.05
2025.533
2055.65
1771.267
2151.917
1803.133
1716.117
1593.933
1650.45
1584.467
1895.783
1242.933
1650.583
1764.6
1994.983
1641.4
1954.05
1846.067
2059.983
1860.533
1943.517
2003.333
1988.917
1893.067
2220.25
1779.533
2319.45
2065.667
2101.65
2018.133
1922.45
2119.333
2356.317
1710.0
1828.717
2142.667
2389.65
2111.8
2199.183
1942.933
2005.05
1894.8
1987.45
2131.4
2089.317
2388.0
2675.45
1944.533
2542.983
2523.667
2393.85
2296.4
2353.383
2228.8
2182.583
2477.0
2424.05
2224.067
2012.3829999999998
2139.333
2077.25
2039.4
2374.717
2249.733
2420.45
2632.467
2451.517
2583.667
2808.317
2546.8
2875.117
2708.867
3050.383
2788.333
2645.25
2881.467
2897.983
2779.8
2593.583
2744.267
2561.583
2645.8
2528.85
2713.933
2670.517
2461.467
2136.917
2406.8
2352.05
2368.267
2191.45
2112.467
2383.517
2139.8
2066.45
1755.267
2400.717
1949.133
2300.183
2319.867
2503.183
3011.6
2803.85
3084.8
2936.917
3104.333
3264.917
2876.333
3038.65
2990.467
2716.25
2617.067
2916.183
2774.067
3023.117
2605.267
2848.25
2920.8
2909.917
3059.333
3015.783
3062.333
3259.317
3198.2
3233.983
3234.4
3147.383
2848.4
3201.117
3245.267
3097.65
3350.0
3452.65
3299.533
3198.45
2910.333
3432.783
3300.067
3632.183
3911.067
4020.85
4375.8
4359.383
4201.467000000001
4141.383
4086.6
4191.9169999999995
3773.867
4369.85
4046.467
4216.117
4108.067
4352.9169999999995
3850.067
3999.583
4154.3330000000005
3987.717
4041.467
3821.05
3540.467
4156.782999999999
4272.2
4138.117
4337.267
4510.917
4485.2
4391.05
4132.467
4463.45
4398.8
3876.983
4097.532999999999
4059.317
4306.6
4179.65
4432.533
4611.05
4335.0
4238.5830000000005
3676.867
3949.717
4052.0
4103.5830000000005
3820.8
4248.5830000000005
3924.667
3934.983
3732.133
3633.45
3597.533
3509.983
3579.0
3620.05
3746.533
3520.117
3647.267
3404.917
3591.533
3728.65
3861.533
4160.983
4329.2
4438.117
4619.667
4397.583
4477.667
4035.717
4586.133
4384.983
4402.667
4933.317
4662.733
5355.717
5362.0
5286.05
5518.733
6118.983
5603.933
5743.45
5216.2
5366.983
5255.2
4832.65
4562.733
4639.983
4471.333
4287.183
4396.0
4906.25
4528.4
4819.25
4878.467
5395.917
5379.467
5517.183
5223.467
5051.717
4922.933
4509.383
4380.267
4461.317
4042.467
3877.05
3739.333
3791.183
3709.333
3131.717
3469.133
3454.717
3114.067
2804.317
3581.8
3661.183
3779.533
4107.85
3867.933
4709.85
4957.4
5061.783
4899.467
4996.917
4723.067
4353.317
4502.333
4448.917
4620.467
4604.117
4452.6
5021.65
4675.867
4876.583
4745.467
4921.583
4848.133
4792.05
4237.8
4848.383
4715.4
4872.25
4768.933
4698.117
4718.333
4784.517
4792.667
5497.317
5570.867
5569.783
5845.8
6019.317
6099.8
6075.117
5889.4
6245.783
5996.4
6421.25
6036.2
6502.583
6973.733
6252.65
6502.733
6567.717
6326.333
6311.85
5535.133
5411.317
4789.667
4522.183
3552.2
3372.783
2825.667
2644.783
2644.867
3215.583
3503.133
3895.517
4463.533
4850.583
5105.933
5427.183
5866.267
6222.45
6661.067
6528.383
6514.133
6644.45
6057.8
5930.183
5569.6
5180.517
4346.267
4026.85
3676.0
3656.317
4032.267
4237.383
4846.933
5785.317
6118.8
6372.183
7298.067
7570.517
7705.067
8123.183
7836.667
8589.583
8633.6
9020.717
8761.667
8709.384
9185.333
8930.25
8953.134
9143.65
8975.467
9250.116
9019.467
9684.316
9515.467
9624.65
9429.134
9957.583
9782.667
9619.917
9757.866
10281.783
10067.333
9975.05
9763.934
9931.316
9429.8
9497.05
9678.333
9784.65
10210.866
9971.917
10121.066
10162.85
9805.733
9532.983
9299.8
9492.05
9814.2
9972.783
9875.4
9921.65
9877.467
9823.783
9685.0
9562.583
9528.533
9389.316
9499.6
9963.85
9722.667
9956.717
9597.533
9749.65
9972.533
9764.45
10176.733
10367.583
10364.467
10489.783
10563.733
10706.384
11053.333
11285.583
11114.6
11047.45
10965.533
10212.917
9679.134
9796.85
9721.066
9662.184
9580.667
9920.517
10157.866
10369.184
11033.934
10979.384
11616.0
11559.316
11598.934
11569.25
12037.533
11378.783
11539.866
11975.25
11483.866
11525.25
11761.667
11677.517
11465.267
12133.917
11657.667
11945.983
11907.4
11794.583
11553.134
11790.917
11662.2
11670.85
11033.333
11742.983
11542.0
11586.517
11136.866
11518.184
11943.6
12149.65
11766.934
12078.65
12199.533
11964.384
11939.0
11857.05
10793.866
11226.583
11296.733
11368.517
10871.8
11492.917
11366.8
11377.25
11081.2
11084.517
11473.8
11619.583
11521.866
11637.85
11364.6
11081.65
11082.0
10446.85
10724.8
11473.384
11301.2
11420.45
11827.066
12174.65
12267.267
12433.583
12089.066
12189.783
12356.0
12281.517
11782.934
11567.05
11055.934
11236.983
10443.2
11123.717
11358.0
11030.184
11055.8
11918.517
11873.0
11301.983
11328.134
12241.116
12439.467
12111.85
11918.866
12023.316
12143.533
11824.65
11725.134
12009.517
11794.533
12114.85
12415.866
12108.116
12345.467
12676.717
11739.533
11999.983
11828.733
11426.517
11702.467
10948.184
11223.8
11283.184
12345.866
12202.116
12006.066
12048.983
11544.667
11808.25
11796.467
12142.384
11795.4
11547.316
10956.533
10736.384
10385.934
9999.983
9923.134
9197.116
9045.866
9078.25
9066.467
9611.05
10075.467
11106.85
11810.4
13100.116
13252.2
14349.45
13474.134
12865.917
13367.2
13222.45
12995.066
13810.05
13981.4
14185.917
14042.8
13857.583
13198.066
12691.85
12331.0
12544.517
12514.667
13901.783
13337.333
13950.316
14041.533
14409.783
14457.267
14065.517
14840.533
15090.983
15751.267
15616.717
15821.667
16070.783
16447.467
15319.116
15546.066
14852.85
15228.333
15225.917
15686.267
15026.85
14774.6
14322.116
14059.6
14332.917
14015.667
13069.25
14038.467
13867.783
14823.467
14976.384
15015.733
16003.25
15575.066
15178.583
15504.066
15531.917
15304.066
15328.384
15572.4
16014.917
16459.333
16510.316
16207.934
16324.717
18082.066
16749.85
16806.133
17104.316
16430.6
17091.117
17035.066
17650.383
17038.801
16459.517
16763.334
17059.383
16950.867
16371.783
16348.934000000001
17527.383
17998.0
17585.184
16881.6
17228.982
17015.133
16915.25
16028.866999999998
16919.584
16766.934
16384.05
15652.134
16332.05
16583.533
16616.916
16138.467
17275.383
17328.732
17126.117
17514.268
17709.449
18523.533
17680.584
17477.268
18069.184
17622.066
18013.383
17008.666
17387.051
18229.199
17764.117
17872.666
17926.65
17431.934
17680.051
18183.533
18893.117
18589.867
18513.316
18800.467
18569.916
19069.801
19568.316
19085.334
18977.982
18555.867
18566.65
17982.4
18456.518
18091.666
18434.916
17729.467
17249.449
17493.268
17429.982
17082.467
17693.383
17231.801
17401.717
17520.6
17416.85
17570.133
17435.982
18007.066
18518.65
18950.066
17982.982
18123.867
18166.982
17563.066
18513.449
18102.467
18645.65
18640.133
19101.383
19106.533
19224.316
19547.0
18892.25
18428.533
20279.25
19537.268
19465.85
19805.801
20036.65
18667.533
19506.65
18711.0
19756.184
19410.732
18618.383
19271.0
19782.051
19510.934
19583.184
20696.066
20048.383
19365.732
19140.25
18884.533
18761.316
19409.4
20210.717
20020.4
20784.717
20982.199
21420.65
20879.4
20919.449
21343.334
21089.051
21128.467
21079.25
21216.0
21715.051
21291.934
22058.316
21791.6
21911.518
22459.268
22259.783
22210.6
21673.051
21792.0
22137.783
21737.732
21575.184
21320.4
22097.65
21775.867
22915.65
22079.334
21633.518
22195.934
22359.584
23192.867
23288.85
23394.867
22775.982
23017.867
22453.916
22565.4
22363.117
22855.801
23035.316
25135.6
23107.449
24207.666
24557.916
24749.066
24230.916
25641.199
25012.916
25366.133
26230.051
26995.066
25702.518
26314.334
25694.717
25998.199
27855.383
26091.934
26317.717
25401.867
25308.449
25480.334
26218.383
26118.199
26654.916
27498.133
26895.449
27781.801
28494.85
29317.268
29291.051
29518.934
30388.051
31138.467
30434.051
28919.334
29847.449
30023.934
29209.65
29874.133
30529.982
30632.867
30383.65
30887.732
31585.25
30798.334
32498.65
33291.801
32815.782999999996
32170.6
33391.648
33204.398
33283.184
32937.199
33369.918
33504.801
33213.316
33297.867
32901.715
33196.668
34187.117
35037.734
35508.918
35892.199
37447.051
37720.668
37063.25
37835.266
37862.785
37602.668
37638.984
36592.465
37648.383
36738.332
36745.918
38513.734
39135.25
39495.602
39545.316
39784.133
40662.516
39677.801
39943.383
39367.199
39678.918
39967.066
39419.516
40195.398
40999.117
41385.133
41541.785
41772.867
42223.918
42262.066
41569.316
41917.934
41750.449
41858.0
41184.715
41841.066
41905.785
42127.0
42564.852
42085.535
41886.852
42109.0
42191.383
42269.535
42247.582
42688.133
42407.648
42600.734
42822.715
42513.465
41310.918
40638.332
38699.25
37158.066
36100.184
35700.066
35610.852
36147.0
36133.316
37698.734
39561.516
40137.465
40849.25
41075.668
41311.25
42375.867
43463.918
43126.465
43771.648
43814.934
43397.516
42596.867
42128.715
42486.332
43137.383
43546.465
44093.852
44792.398
45805.516
46359.934
46500.984
46661.133
45804.184
45561.266
45025.117
45363.867
45454.383
45495.535
45402.449
44580.066
44079.582
43874.0
43161.648
43322.867
43674.918
43417.332
45095.449
45365.266
45767.715
46460.332
46681.852
45656.465
45926.852
45482.0
45493.383
45951.668
46302.715
46788.535
48004.984
47829.066
48477.383
47946.734
47886.051
47419.867
46563.316
46777.066
46689.25
46868.801
46634.184
46987.199
47597.918
47927.266
47441.117
47527.734
48656.984
48048.266
48591.582
47738.801
48349.051
47704.266
46638.25
46153.934
45727.25
45653.332
45900.117
46219.133
46768.051
48017.867
47752.117
48600.066
48065.785
48095.465
47814.316
47347.133
46903.117
46445.801
45713.449
45912.199
45873.852
45605.398
45877.184
45852.066
45525.25
45606.535
45445.449
45589.867
46173.25
46649.535
46680.383
47229.465
47961.449
48295.801
48257.715
48563.602
48338.785
48204.602
47420.582
46852.801
46314.918
46689.398
47124.984
46788.332
47737.383
48154.602
48747.316
49056.602
49090.184
49005.266
50053.184
50365.535
50968.648
51055.133
50646.984
50429.199
50159.852
50097.668
49333.785
49120.199
49308.918
49256.867
48893.785
48797.133
47757.449
48391.867
48007.785
48443.867
48309.516
49337.668
49940.582
50677.332
51099.918
51381.867
50253.051
50359.602
49784.383
49850.602
50232.051
49816.066
49776.648
49384.602
49858.984
50274.465
50233.648
50489.734
50569.582
51084.332
51598.117
52462.199
51658.383
51422.465
50716.184
50707.398
49760.984
49776.602
49649.785
49359.934
50104.785
50306.465
48365.117
49595.066
49466.383
49058.734
49296.582
48962.602
48856.184
49201.199
49835.852
50137.934
50156.715
50121.801
50265.051
51095.0
51157.918
51465.602
51170.582
50539.133
48940.918
47232.602
46177.117
44468.801
42667.449
42077.465
42876.715
44109.465
46697.184
47482.934
46805.785
46849.668
47021.184
46442.398
46840.984
46283.465
45725.648
46766.734
48153.648
49214.066
49197.051
49653.066
49829.051
50350.801
51234.918
50717.668
50604.051
50690.602
49815.383
50323.066
50849.715
50812.934
50698.918
51608.465
52163.383
52078.535
52198.918
51377.0
51232.648
50815.867
51068.918
50665.734
49901.383
49629.266
49126.117
50277.934
51176.449
51920.535
51695.785
52392.332
53352.582
53749.934
53165.715
52675.602
53093.582
52408.066
52220.316
51503.266
52274.051
52847.398
52296.648
51963.801
51506.449
50275.801
49534.516
47760.602
46364.184
46010.266
46087.117
46526.535
47144.785
48469.0
48838.715
50270.0
50596.785
50757.801
51411.852
51660.0
52147.051
52320.934
52554.117
53040.801
53992.984
53226.465
52786.715
51878.602
51742.316
51603.465
51483.715
51471.332
51520.918
52275.602
53371.383
53461.133
53459.25
53470.801
53334.785
53041.602
52964.785
52981.066
51768.051
51119.867
50599.383
49847.602
48996.852
48469.066
48800.648
49187.801
49659.785
50176.465
50933.051
51060.0
50848.449
50661.668
50780.852
50420.801
50021.184
50185.465
50677.383
51195.801
51412.383
51436.801
52031.918
52672.801
52610.852
52704.934
52399.582
52176.867
51459.383
50631.199
50197.852
49234.801
48061.117
49547.535
49363.582
49814.668
49964.25
50712.133
50808.984
51245.465
50615.449
50707.0
51084.316
50532.668
50388.852
50206.133
50103.449
49679.133
48972.648
48442.0
48517.715
48620.066
48087.051
47356.465
47670.449
47549.867
47217.516
47239.465
47495.516
47845.066
48175.785
48650.133
48889.25
49380.332
49085.316
48918.668
49315.051
49231.934
47911.449
48742.867
48287.117
48304.535
48562.184
47827.535
48009.852
48997.133
49138.316
49620.133
49475.582
49557.668
49523.316
49160.398
49677.984
49127.734
48538.25
48453.066
48841.582
49343.934
49526.582
48652.602
48836.383
48759.801
48346.516
48617.801
48749.918
48629.398
48395.984
48570.734
48190.648
48430.668
47783.25
47486.199
47325.582
47322.0
47578.648
47107.066
48031.316
48349.934
48907.984
48248.867
48420.715
48353.266
48686.852
48581.0
48310.984
48493.934
48447.984
48249.133
48148.516
48278.332
47863.516
47346.133
47813.117
47941.602
48065.25
48022.535
48219.383
48202.801
48146.117
48629.266
48609.785
48802.199
47876.918
47432.668
47645.852
47128.668
47187.25
46866.398
47540.852
48089.934
47917.383
47738.066
48071.117
48081.0
48447.918
48254.266
48283.648
48616.934
48384.449
48336.535
48576.852
48585.602
48488.051
48344.801
47562.316
47754.734
46953.582
47201.266
47182.117
47098.535
46690.516
46816.398
46754.852
46752.0
46787.785
47228.535
46819.918
47486.465
47244.918
47149.734
46506.715
46093.0
45634.449
45759.934
45330.918
45392.066
45074.582
45778.734
45943.25
45973.199
45804.316
45408.332
46595.316
46854.199
47148.984
47255.602
47878.785
48067.066
47279.984
47075.199
46878.648
46847.465
45997.25
46119.199
46340.051
46328.734
46737.852
46664.133
47162.117
47064.066
47246.648
46986.133
47261.852
46835.602
46530.715
45992.934
46617.383
46736.934
45907.852
46857.934
46414.184
46759.199
46981.648
46437.332
46683.852
46299.398
45391.785
44895.602
45387.918
45155.602
44807.852
45289.398
45305.383
46455.398
46129.715
46832.0
47056.383
46733.066
46648.117
47042.266
47382.715
46798.465
46239.25
45979.734
45957.051
45355.668
45172.316
45116.199
45735.582
45778.133
45799.184
45701.668
46392.918
46415.867
45963.383
45708.668
45673.785
45214.602
44534.852
44006.801
44012.383
43969.066
43561.117
43922.066
44320.918
44937.398
45231.184
45430.133
45723.516
45995.934
46336.785
46333.266
46420.516
46221.332
46041.852
46574.0
45895.582
46388.0
46041.715
45594.801
46138.516
46109.133
46244.648
45844.266
45645.984
45588.801
45525.117
44915.867
45055.785
44747.133
44567.852
44886.801
44485.051
44273.535
44277.117
44181.602
44981.715
45294.133
44428.852
44585.535
45216.516
45039.199
44939.582
45454.066
44951.582
44613.0
44472.918
43643.332
44127.316
43295.465
43469.852
43379.934
43350.184
43894.133
43678.184
44031.668
43962.516
43841.734
44283.316
44164.801
44506.852
44454.535
43908.449
44034.602
44183.648
44392.535
43564.051
43877.0
44068.117
44119.266
43485.648
44002.867
44676.051
44253.934
43988.648
44851.465
44943.117
44801.0
44445.316
44081.465
44652.852
44161.332
44362.449
44269.199
43971.051
44182.668
44051.785
43800.602
44209.715
43965.066
43236.984
43374.465
43708.715
43426.398
42802.184
42777.332
42436.785
42260.668
42099.316
41672.332
42331.383
42371.602
42001.117
42975.801
42883.184
43173.668
43145.984
42837.934
43304.449
43102.801
42737.184
42235.801
42710.117
42899.535
42034.25
41188.066
40324.25
39445.934
38928.184
38126.133
37719.516
37077.398
36612.918
37855.602
38566.785
38606.734
39241.449
40064.867
41321.184
40992.801
41534.117
41297.734
41232.516
41399.668
40923.383
40767.066
40973.984
40878.602
40440.582
40622.0
40739.449
40984.465
40728.785
40427.266
40826.715
40579.465
40583.918
40430.199
40814.051
40787.199
40477.582
41065.066
40846.785
40629.668
40192.852
39929.867
39960.852
39843.535
39795.184
39923.668
39708.383
40141.199
40230.117
39976.133
40196.449
40725.066
40384.117
40123.535
40375.449
40560.0
40390.449
40540.066
40426.984
39985.668
39838.25
39690.867
39894.316
39733.066
38941.383
39320.668
39213.785
39501.668
39313.316
39167.465
39221.648
39391.535
39703.984
39219.133
39415.316
39708.066
39124.316
39383.332
39377.648
39288.801
38663.852
38805.801
38696.051
38766.934
38800.316
38648.602
38585.648
38583.934
37934.582
38328.398
38053.582
38353.734
37837.516
38221.133
38870.984
38476.668
38961.715
38940.535
38820.184
39305.734
39089.051
39123.734
39125.918
39038.398
39198.051
39014.934
39146.852
38873.801
39142.449
38882.602
39320.715
38650.266
38782.316
38526.602
38695.785
38925.199
38392.25
38265.602
38337.449
38359.535
38356.715
38411.199
38507.383
38603.668
38540.918
38500.133
38379.25
37990.332
37542.449
37450.199
37604.184
37073.066
36785.984
36932.734
37384.316
37234.801
36795.316
36853.133
37208.715
37012.0
36758.715
36385.934
36672.582
36488.199
36082.582
35548.801
35913.516
35961.602
35951.516
36282.668
36159.449
36174.867
35555.316
35766.332
35298.449
35206.465
34435.184
34251.133
34265.449
33753.734
33738.582
33067.801
33473.582
33046.0
32387.916
31599.867
31450.383
31549.199
31349.117
30649.199
30925.316
30898.6
31236.85
31332.334
31953.449
32338.867
33256.516
34108.801
34256.25
34391.535
34467.648
34680.867
34517.383
34140.602
34205.918
33939.199
34239.984
33986.801
34360.984
34448.602
34767.648
34716.199
34977.25
34847.867
35313.715
35185.801
34931.918
35204.0
35582.449
35301.465
34997.785
34733.801
35052.316
34857.332
34696.648
34633.668
34753.449
34821.332
35183.051
34399.465
34954.984
34804.0
34972.449
34761.066
35057.051
34804.266
34326.715
34348.0
34443.918
34636.0
33948.715
33822.332
33996.316
33779.199
33687.449
33886.734
34003.785
33664.066
33582.316
33282.734
33192.852
33234.668
33310.918
33317.867
33268.582
33221.535
33219.984
33103.465
32960.051
32915.334
32735.316
32122.4
32562.65
32078.934
32241.982
32174.334
32324.184
32050.666
32243.518
32147.268
32195.117
32568.867
32357.518
32685.533
32472.916
32747.334
32484.783
31910.934
31985.316
31758.666
31512.85
31734.934
31591.65
31598.268
31616.518
31629.268
32051.051
32584.467
32117.518
32724.133
32848.25
32607.066
32734.783
32396.666
32632.316
32776.133
32897.916
33137.332
33239.648
33664.867
33579.117
34023.535
34448.852
34728.066
34205.648
34077.066
34379.516
34952.465
34753.051
35301.398
35497.184
35971.867
35752.117
35868.199
35732.785
35457.332
34575.117
33428.332
32849.184
32536.133
32199.518
31877.732
31578.783
31633.533
31530.184
31430.334
31710.916
31565.334
31578.783
31522.467
31880.449
31635.6
31432.717
31100.199
31078.051
31270.801
30855.916
31176.199
31017.25
31260.199
31272.25
31360.6
31499.449
31717.0
31290.25
31465.4
31866.316
31615.732
31031.25
31386.268
31775.316
31564.066
31219.85
31447.934
31739.85
31108.801
31527.916
30756.467
31158.25
30823.334
30588.383
30694.467
30605.117
30686.4
30356.316
29902.4
30557.25
30619.066
30237.25
30279.268
30461.117
30247.732
30623.783
30047.268
30248.717
30336.934
30496.85
30502.4
30625.584
30339.533
30492.051
30612.0
30878.783
30426.066
29970.25
30005.066
30267.717
30415.0
30163.25
30312.199
30069.184
30303.066
30028.717
30069.867
30104.982
30012.467
29562.25
29339.268
30027.449
29715.666
29268.783
29159.0
29621.916
29230.934
29199.518
29301.199
29614.65
29245.533
28295.85
29053.867
29527.783
29100.199
28987.518
28657.133
28869.982
29010.334
29245.316
29162.934
29098.65
28743.801
28863.316
28821.6
28143.383
27979.533
27343.916
27664.732
27167.65
27628.934
27181.783
27299.732
28653.783
28444.268
28402.916
29049.867
28855.717
28935.066
28476.85
28224.732
28067.25
28068.268
27779.584
27829.934
27933.316
27946.0
27540.85
27836.467
28456.783
27974.467
27434.717
27779.133
28097.584
28162.6
27821.051
27914.934
28037.982
27652.133
27336.518
26947.934
27363.184
26911.066
26833.982
26360.4
26336.65
26396.533
25672.117
25179.867
24901.25
23357.732
22501.25
21621.801
21726.584
21761.666
21875.65
22130.133
23078.783
24060.133
24625.383
24728.0
24934.584
25624.334
26111.518
26058.199
25680.717
26167.268
26048.783
26201.133
26213.85
25778.533
25435.117
25329.533
25796.85
25660.801
25192.117
25924.732
25819.982
26045.0
26107.051
26040.0
26145.383
26107.533
25859.449
25943.133
26118.25
26246.533
25795.85
25814.867
26241.316
26310.334
26217.85
26236.133
26432.383
26348.199
26289.584
25769.533
26162.85
26137.666
25800.518
25606.867
25812.184
26005.268
25797.717
25341.666
25577.65
25946.334
25287.982
25964.4
26131.25
26068.666
26555.783
26224.732
26307.518
26282.4
26034.65
26221.268
26085.85
26028.467
25691.383
25780.801
25788.85
25832.533
25732.982
25826.801
26054.184
26048.199
25768.518
25517.199
25816.982
25680.0
25893.916
25464.066
25913.383
25790.4
26016.25
26005.801
26073.916
26060.934
25526.85
25283.6
25830.25
25654.801
25858.518
25402.4
25302.449
25442.732
25291.518
25673.533
25417.25
25388.6
24807.916
24838.133
24912.982
25198.133
24307.783
24598.867
24805.717
24780.533
24512.584
24398.0
24802.982
24769.867
24505.25
24696.133
24738.982
24953.666
24216.85
24427.467
24928.65
24971.133
24640.25
24462.334
24554.184
24736.6
24376.051
24319.934
24453.449
24385.801
23803.916
24086.666
24128.383
23935.533
23924.584
24056.533
23684.783
24500.533
23840.383
23754.066
23802.982
23847.732
23728.916
23130.133
23675.916
23739.0
23407.184
23135.066
23548.584
23452.334
23306.117
22831.666
23352.783
23301.268
23240.518
23322.199
22886.65
23196.467
22993.449
22580.934
22812.982
22673.867
22659.117
22167.334
22605.051
22482.066
21833.449
21480.066
22210.717
21965.533
21849.85
21688.867
22023.184
21855.066
21473.051
21392.666
22070.717
21782.533
21584.518
21492.133
21901.85
21436.867
21310.117
21196.199
21820.449
21598.6
21300.85
21244.666
21428.916
21098.732
20677.449
20387.0
20872.383
20996.6
20852.25
21096.268
21314.85
21170.6
20555.85
21207.199
21052.449
20863.133
20819.383
20816.133
20678.518
20860.666
20260.982
20077.334
19244.051
18253.666
17346.449
16439.801
15878.384
15634.066
15563.384
15643.8
16739.117
17427.268
17740.383
18269.4
18612.316
18728.199
18853.717
18744.268
18828.982
18224.4
18221.783
17500.334
18532.051
18518.268
18317.383
18290.199
18698.584
18990.867
19165.051
18872.6
19320.916
19597.801
19232.316
19353.133
19753.717
19772.066
19769.717
19941.666
20060.916
20038.133
19873.518
19521.533
20449.051
20212.934
20227.65
19776.934
20421.65
20631.199
20384.717
20594.666
20601.982
20168.4
20329.783
20027.6
20592.916
20470.0
20353.25
20299.732
20344.65
20568.732
20140.117
20694.0
20685.85
20726.066
20717.85
20265.732
21024.25
20994.732
20547.383
20691.533
21417.982
21148.867
20920.383
21417.867
21676.184
21313.666
21024.449
21149.732
20771.783
20946.732
20416.717
20555.133
20898.717
20769.6
20856.316
21282.801
20920.65
21064.066
20443.051
20275.066
21213.051
20999.732
20810.783
20948.867
20775.449
20869.801
20938.316
20613.0
20676.916
20706.133
20609.982
20579.6
20743.383
20407.666
20453.316
20348.666
20727.783
20488.066
20555.518
20495.6
20981.916
20540.467
20561.518
20495.268
20777.184
21044.133
21061.916
20903.732
20838.051
20661.732
20612.85
20842.0
20993.316
21089.268
21138.383
20709.666
21370.117
21202.867
21129.449
20617.066
21217.184
21078.467
20849.316
20739.0
20862.916
20978.0
21136.85
21007.0
21106.584
20813.6
20902.383
21096.666
20810.25
20923.867
20818.383
20670.867
20793.65
20925.133
20649.316
20543.867
20695.051
20941.066
19965.783
20734.066
20705.316
20656.666
19942.916
20304.732
20655.85
20775.133
20574.051
20676.066
20598.518
20781.801
20494.316
20344.467
20722.449
20492.934
20559.65
20178.199
20438.051
20472.334
20126.916
20074.533
20363.982
19926.934
19957.85
19771.4
20114.982
19944.066
19649.85
19942.867
19902.85
19619.0
19811.25
19924.6
19770.65
19668.268
19478.518
19492.467
19796.316
19485.268
19597.184
19235.0
19302.184
19359.801
19245.717
19298.6
19144.316
19058.867
19012.982
18933.934
19211.25
19163.467
19055.65
18116.666
18393.916
18260.334
18104.916
17472.4
17386.717
17387.268
16988.117
16361.732
16907.316
16744.333
15855.583
16293.0
16127.316
15757.467
15880.116
15308.667
15430.983
15264.467
14944.583
15080.866
15330.983
15208.2
15386.05
14121.866
14876.45
14972.066
14515.25
14811.934
15049.05
15143.866
14891.917
15304.267
15570.583
15611.2
15818.116
16281.4
16223.517
16089.134
16216.65
15962.733
15897.316
16093.8
16050.184
15483.866
15965.116
15750.6
15399.116
14813.267
15156.65
14899.866
14576.45
14503.134
14290.316
14401.667
14233.25
14093.533
14514.85
14484.6
14343.184
14357.4
14478.316
14313.467
14224.917
14115.066
14564.983
14359.134
14037.316
14485.533
14857.45
14631.467
14343.116
14512.667
14456.25
14523.0
14458.116
14341.2
14381.917
14094.267
13538.05
14077.866
13972.384
14069.2
14247.45
13765.866
14302.917
14157.934
13391.184
13660.0
13903.717
13717.333
13771.316
14073.934
14196.983
14192.667
14377.45
14302.0
14452.85
14273.8
14189.384
13874.0
14105.783
14203.667
13943.917
13979.134
14231.717
14202.066
13921.184
14392.733
14434.783
14584.533
14119.316
14348.467
14487.65
14465.4
14676.85
13950.267
14505.384
14317.066
14537.85
14162.6
14871.517
14552.533
14718.316
14315.066
14889.45
14829.667
14439.717
14251.066
14491.184
14227.066
14165.184
14352.533
14295.384
14128.934
13805.717
13780.733
14037.917
14207.066
14021.717
14226.6
14155.25
13990.066
13775.25
14002.2
14103.25
13973.866
14273.316
13642.934
13964.05
14247.733
14167.65
13868.267
13890.65
13458.0
13155.85
13587.066
13493.25
13526.866
12707.917
13256.066
13563.517
13450.733
13167.45
13496.934
13706.384
13302.533
13438.65
13286.2
13543.85
13166.134
12884.316
12863.4
13202.917
13124.8
12683.384
13024.0
12975.917
13136.467
12906.184
12980.667
13097.517
12931.467
12715.45
12960.267
13082.583
13035.6
12910.25
13243.667
12943.184
13045.333
12957.917
12759.533
12918.25
12881.267
12737.783
12589.134
12621.05
12721.2
12405.25
12309.2
12815.783
12815.6
12527.116
12554.066
12778.184
12769.333
12344.517
12390.733
12624.65
12415.267
12173.45
12573.0
12521.184
12312.667
12560.783
12312.267
12386.316
12341.667
12064.717
11681.134
12345.45
12032.333
12256.45
12030.866
12144.116
11969.6
11903.983
11719.934
12052.184
11926.333
11837.583
11577.4
11838.45
11895.533
11694.65
11627.2
11925.517
11898.4
11360.05
11546.2
11811.25
11765.0
11104.184
11251.667
11663.783
11633.267
11558.05
11198.934
11757.65
11628.267
11541.717
11328.134
11453.917
11307.0
11143.583
11299.667
11470.917
11270.934
11070.25
11139.533
11589.65
11583.4
11333.65
11072.467
11157.517
11322.4
11123.717
10944.267
11272.917
11174.533
11148.783
10793.667
10949.517
11095.333
11065.05
10870.8
11060.65
10870.866
11287.783
10547.533
10988.116
10918.066
10708.45
10282.866
11007.85
10947.533
10965.45
10632.134
10745.116
10596.333
10721.983
10802.533
11083.917
10271.733
10558.05
10356.066
10567.917
9882.267
9338.717
8570.467
8197.45
7184.4
6183.517
5397.733
4629.917
3767.2
3318.317
2588.0
2857.383
2748.2
2474.45
2700.533
3646.317
3900.2
4038.05
5129.6
5772.05
6145.733
6505.383
5846.533
6590.383
6185.6
5943.117
5507.467
5253.517
5297.867
5009.05
4767.867
5156.783
5259.333
5238.383
5050.4
5837.183
5637.933
5720.517
6349.933
6474.05
6729.467
6453.317
6962.933
7178.383
7195.067
7265.85
7535.467
7861.85
7951.133
7513.85
7803.267
8404.783
8438.867
8038.183
8589.2
8855.983
9039.066
8968.316
9019.667
9491.717
9476.0
8899.517
9056.134
9759.25
9845.467
9674.85
9407.333
9944.316
9779.0
9604.717
9609.333
10053.517
9863.6
8999.116
9886.533
10048.717
10109.533
9825.25
9562.333
10083.05
9994.467
9825.917
9759.467
9892.983
10012.0
9583.05
9432.0
10349.983
9938.2
9728.384
9746.934
10101.583
9977.066
9828.384
9824.333
10031.85
9988.333
9781.583
9764.2
10081.717
10044.8
9937.517
9810.066
10131.983
10063.6
9484.917
9715.2
10026.05
9921.6
9575.717
9487.667
9859.184
9756.134
9792.116
9549.2
9819.316
9928.667
9650.184
9160.866
9954.184
9846.8
9847.316
9668.2
10169.85
9888.0
9720.316
9499.467
9985.65
9768.467
9292.983
9152.333
9804.25
9704.667
9721.517
9104.733
9816.25
9694.6
9586.65
9652.4
9827.05
9801.333
9609.45
9558.2
10056.583
9846.0
9003.116
9359.733
9951.917
9697.267
9677.717
9529.333
9903.184
9803.733
9328.717
9181.333
9727.717
9568.533
9558.05
9423.134
9714.717
9722.066
9565.717
9100.066
9774.917
9714.533
9391.583
9041.333
9635.517
9756.8
9432.65
9355.267
9715.116
9321.267
9298.717
9417.2
9410.717
9332.6
9199.25
9024.4
9605.25
9428.733
9055.25
8978.267
9438.116
9549.0
8889.116
8944.333
9435.517
9360.934
9391.917
9155.6
9346.184
9277.333
9197.184
8912.866
9537.517
9284.066
8994.983
8990.934
9345.983
9279.066
9085.316
8584.4
9200.983
9158.733
9024.983
8519.2
9266.05
9105.333
8615.25
9038.066
9089.583
9006.6
8584.983
8683.134
8854.65
8963.8
8706.45
8686.467
8936.05
8726.733
8709.517
8496.2
8817.25
8822.733
8349.983
8311.733
8801.717
8738.066
8452.384
8398.066
8472.917
8659.066
8183.917
8333.6
8388.717
8425.733
8256.45
8058.067
8596.25
8441.533
8065.65
7731.533
8293.983
8478.867
8255.582999999999
7938.6
8285.983
8280.867
7565.317
7961.0
8396.25
8011.2
7892.917
7943.067
8199.783
8227.267
7813.783
7686.133
8079.25
8193.667000000001
8000.65
7899.933
8251.582999999999
7999.2
7732.117
7465.4
8089.383
7908.467
8186.05
7672.8
8150.65
8075.267
7563.783
7617.467
8087.85
7933.533
7744.45
7775.533
8061.25
7986.2
7585.45
7534.133
8119.517
7830.467
7695.25
7737.533
7967.917
7830.467
7383.05
7251.533
7659.183
7608.8
7065.517
7201.8
7698.717
7522.8
7693.05
7347.867
7695.717
7563.667
7789.183
7391.867
7626.05
7534.6
7184.25
7154.8
7605.717
7489.4
7013.65
6480.333
7424.117
7463.533
7003.05
7189.0
7422.517
7218.933
7079.05
7022.533
7397.05
7191.6
7015.117
6661.4
7240.65
7266.733
6535.45
6718.267
7286.983
7055.533
6811.117
6600.333
7189.917
7166.067
7093.117
6674.267
7250.65
7153.0
7095.317
6975.8
7181.25
7032.133
5773.583
6283.533
7067.517
7133.867
6759.65
6498.067
6992.85
7104.467
6487.65
6474.4
6907.717
6855.933
6384.05
6420.2
6920.85
6867.867
6216.05
6206.667
6748.917
6700.0
6439.25
6439.4
6683.183
6595.933
6175.45
6579.733
6645.583
6662.4
6167.983
6389.933
6766.25
6534.333
6084.983
5967.333
6561.183
6586.8
6405.983
5839.0
6634.317
6513.333
5828.317
5960.933
