280.0
71.117
-140.067
157.71699999999998
450.33299999999997
127.383
214.86700000000002
249.85
239.46699999999998
262.117
121.0
-164.483
206.2
214.517
34.0
-30.150000000000006
351.6
6.917000000000002
70.2
367.983
433.067
192.05
468.0
154.983
284.733
208.25
237.8
-111.483
203.6
206.317
339.0
29.917
292.933
201.05
243.933
38.583
568.333
480.783
96.2
-53.81699999999999
243.933
134.78300000000002
-0.4000000000000057
194.11700000000002
215.933
237.183
159.067
238.983
226.46699999999998
250.38299999999998
-33.733000000000004
42.917
626.867
286.05
-9.332999999999998
-259.817
436.0
441.317
39.533
44.31699999999999
393.867
439.05
388.267
242.583
422.933
369.91700000000003
165.53300000000002
325.783
408.467
399.783
332.533
-132.88299999999998
451.533
279.783
42.533
82.983
392.067
190.11700000000002
152.86700000000002
71.783
308.133
501.517
208.267
70.783
244.933
353.65
32.733000000000004
11.049999999999997
246.13299999999998
206.317
505.933
7.516999999999996
193.933
217.05
357.66700000000003
-54.68300000000001
204.667
259.05
208.53300000000002
101.183
427.0
364.317
-225.53300000000002
38.45
403.533
308.65
232.13299999999998
202.85
478.4
299.05
10.466999999999999
279.85
108.933
329.183
253.267
276.983
413.66700000000003
283.183
562.6
-216.55
332.33299999999997
371.317
112.067
369.45
391.8
465.717
262.8
109.983
350.533
250.183
-60.266999999999996
116.25
338.267
320.05
138.267
14.917000000000002
418.4
452.117
63.0
-240.683
359.33299999999997
319.717
88.8
147.183
285.067
427.65
345.533
41.983000000000004
299.067
325.91700000000003
-275.4
-139.483
308.66700000000003
214.45
175.667
2.183000000000007
335.0
276.58299999999997
60.467
220.183
407.33299999999997
308.25
249.933
-101.883
465.4
417.183
440.933
161.183
493.4
281.117
170.4
345.91700000000003
408.133
76.183
375.4
-160.95
145.267
239.517
14.533000000000001
364.05
600.8
438.25
171.2
-75.35
499.6
155.38299999999998
467.66700000000003
25.049999999999997
404.133
359.517
333.66700000000003
395.717
528.8
359.183
434.6
316.65
342.6
232.71699999999998
390.4
-349.617
395.8
363.05
180.333
138.317
153.53300000000002
319.783
480.4
174.183
255.53300000000002
306.58299999999997
126.867
-196.417
277.133
387.783
467.8
192.917
396.6
309.117
58.0
-309.95
450.66700000000003
247.45
-59.667
18.849999999999994
265.4
186.85
-1003.667
-94.017
127.933
270.783
251.6
-70.55
576.467
410.58299999999997
266.733
72.85
265.267
232.45
-116.133
436.117
530.0
284.05
-180.6
44.849999999999994
319.8
323.517
-104.667
356.05
384.66700000000003
259.85
396.733
347.117
342.733
417.183
253.667
189.11700000000002
384.933
258.517
409.66700000000003
33.650000000000006
407.4
440.383
340.66700000000003
-64.617
231.46699999999998
324.85
80.6
-276.683
373.933
345.91700000000003
261.6
-113.017
358.8
333.85
218.0
82.183
368.33299999999997
349.783
-145.53300000000002
212.317
340.133
79.25
-141.067
164.983
276.133
216.517
327.33299999999997
174.05
267.6
529.25
106.667
178.183
388.0
540.183
394.933
163.78300000000002
226.267
289.183
103.8
508.85
359.0
215.983
-157.267
110.583
215.4
288.65
265.467
-9.75
556.467
566.717
37.0
291.783
381.533
360.25
239.13299999999998
113.85
348.8
399.58299999999997
84.133
139.71699999999998
305.067
337.45
191.333
312.45
485.267
454.45
413.733
123.317
577.533
192.25
407.867
-117.417
388.2
197.85
-64.86699999999999
309.65
375.66700000000003
223.85
572.467
415.517
409.8
285.717
664.267
118.44999999999999
399.467
319.05
-12.0
306.11699999999996
663.467
450.717
575.867
-11.550000000000011
482.4
397.983
434.66700000000003
231.517
385.66700000000003
572.783
-21.667
275.317
659.733
376.91700000000003
192.0
225.783
382.733
399.183
555.667
218.117
690.6
588.45
734.2
484.983
741.667
554.117
279.4
399.117
455.333
667.517
843.3330000000001
271.517
770.2
637.25
598.133
733.85
671.6
567.9169999999999
410.733
706.117
559.2
817.983
178.267
360.25
628.4
615.45
631.733
474.517
957.733
630.25
781.467
614.717
759.6669999999999
728.9169999999999
750.933
387.117
1077.533
535.45
638.067
577.25
918.733
598.183
769.8
668.85
682.267
957.45
863.2
750.05
698.533
956.383
724.0
518.917
1019.067
809.517
715.667
642.85
640.867
746.717
859.867
739.183
967.4
864.65
648.8
592.85
760.2
874.05
776.733
661.85
995.867
576.183
828.333
557.45
761.533
648.517
844.8
941.25
821.933
548.65
859.6
1042.717
528.8
949.383
800.867
839.317
874.933
836.917
695.733
1062.583
1247.667
757.183
778.0
1369.183
1007.267
1213.717
596.267
780.783
1263.4
1103.85
1252.133
1309.917
862.933
830.183
953.6669999999999
927.8499999999999
1459.2
1286.183
760.3330000000001
1231.583
1122.333
1336.783
1376.933
1188.717
1110.2
1454.05
729.6669999999999
1004.6500000000001
1133.0
1304.583
1625.4
1569.45
1525.933
1456.45
1269.067
1381.45
1396.133
1281.25
915.3330000000001
1136.917
1478.2
1286.85
1549.333
1113.783
1614.467
1510.317
1614.933
1419.05
1579.333
1501.383
1108.933
1558.983
1417.2
1327.05
1274.8
1395.25
1390.2
1500.517
1405.2
1180.783
1510.067
1285.517
1259.4
1152.85
1624.2
1528.783
1453.667
1536.983
1641.133
1378.65
1355.0
1259.183
1509.6
1547.05
1418.133
1170.717
1664.467
1399.117
1441.8
1432.85
1591.6
1474.517
957.733
1417.05
1488.933
1555.383
1584.733
1768.117
1898.467
1692.183
1728.4
1703.45
1840.333
1905.117
1753.133
1834.983
1837.133
1850.917
2010.8
1865.317
2231.8
1711.383
1295.467
1543.45
1743.867
2035.85
1759.6
1860.717
2223.0
2031.65
1939.6
1902.983
2123.467
2182.783
2194.933
1920.05
2287.4
1971.85
1846.533
1736.65
1769.4
1691.517
2002.733
1332.183
1738.8
1860.917
2122.667
1777.85
2104.133
1990.85
2191.733
1988.383
2071.933
2145.65
2129.867
2050.183
2365.267
1921.583
2455.6
2195.45
2225.267
2159.517
2045.2
2230.783
2475.067
1847.383
1971.667
2286.917
2531.933
2249.917
2319.333
2051.45
2145.533
2031.45
2110.067
2264.383
2218.667
2528.917
2798.6
2109.783
2694.2
2662.717
2546.133
2443.65
2491.133
2362.85
2325.6
2632.917
2553.133
2356.317
2155.267
2274.183
2192.6
2156.85
2499.8
2387.583
2554.467
2777.117
2604.133
2753.117
2963.467
2706.917
3034.6
2870.117
3201.0
2973.45
2793.4
3029.917
3048.533
2929.317
2760.733
2895.45
2720.4
2806.383
2659.467
2842.117
2803.6
2599.85
2255.533
2518.717
2460.0
2474.85
2302.0
2235.917
2489.6
2247.583
2159.533
1882.25
2490.933
2038.25
2390.133
2415.317
2620.933
3128.717
2926.467
3233.783
3090.2
3267.917
3416.267
3005.65
3199.333
3142.783
2840.267
2742.05
3038.2
2886.983
3145.067
2711.783
2977.4
3032.45
3015.333
3193.717
3159.8
3215.717
3395.4
3337.383
3384.333
3370.783
3276.467
2997.783
3321.2
3403.65
3248.867
3506.45
3583.267
3434.517
3330.933
3021.783
3556.533
3451.317
3757.8
4051.717
4159.067
4528.45
4528.867
4389.65
4316.933
4233.717
4360.3330000000005
3932.25
4524.2
4205.117
4363.4
4279.517
4511.067
3993.583
4143.133
4301.782999999999
4119.467000000001
4178.782999999999
3955.733
3688.517
4296.532999999999
4392.317
4247.8
4477.117
4653.467
4636.05
4541.667
4270.25
4613.933
4530.383
4012.467
4232.383
4196.8
4432.782999999999
4315.0
4575.05
4757.4
4475.25
4353.267
3800.317
4062.667
4149.383
4212.133
3943.983
4354.133
4016.583
4040.533
3841.117
3756.667
3691.117
3598.067
3684.717
3714.467
3825.317
3603.667
3755.583
3492.733
3688.85
3823.267
3951.917
4256.733
4442.783
4574.0
4721.183
4514.067
4586.517
4138.267
4690.183
4484.267
4520.783
5036.667
4741.65
5466.067
5497.917
5426.267
5664.317
6242.867
5732.05
5872.067
5323.983
5462.467
5368.383
4947.333
4667.717
4708.933
4554.05
4367.6
4495.85
5014.533
4631.917
4918.333
4985.45
5481.2
5482.117
5606.667
5324.583
5147.4
5004.25
4590.467
4431.583
4521.6
4090.183
3930.733
3773.583
3820.467
3770.383
3187.0
3531.783
3519.2
3185.583
2854.133
3641.45
3697.133
3830.45
4166.3330000000005
3935.317
4760.4
5021.25
5109.333
4945.183
5038.0
4796.783
4406.4
4537.45
4470.333
4665.717
4671.2
4484.783
5069.667
4740.183
4919.0
4772.65
4950.2
4910.45
4829.2
4277.117
4892.8
4752.517
4912.133
4817.05
4734.2
4753.783
4836.067
4830.383
5539.467
5593.05
5626.733
5885.183
6067.4
6133.45
6106.6
5923.583
6277.733
6020.583
6453.667
6069.85
6527.733
6988.717
6291.2
6525.65
6590.867
6378.45
6332.733
5549.85
5400.133
4826.583
4546.067
3574.917
3403.067
2863.783
2644.467
2672.917
3216.0
3520.783
3902.867
4473.45
4858.4
5113.583
5413.333
5913.917
6195.8
6648.317
6526.0
6512.05
6649.733
6038.717
5942.267
5590.583
5199.667
4361.583
4017.133
3695.183
3665.333
4032.917
4258.467000000001
4847.117
5801.133
6121.783
6368.067
7264.583
7548.933
7684.117
8103.533
7818.65
8565.866
8628.05
9004.4
8751.384
8674.667
9131.983
8909.467
8946.583
9087.134
8946.45
9198.267
8981.917
9627.4
9474.717
9564.4
9370.25
9888.134
9736.316
9587.6
9676.517
10218.333
10004.783
9940.066
9695.717
9852.066
9380.85
9443.4
9627.116
9682.134
10154.917
9895.6
10033.917
10061.267
9717.05
9455.4
9227.517
9427.733
9712.983
9891.0
9768.45
9823.2
9811.25
9727.533
9593.917
9473.333
9490.85
9299.333
9403.783
9843.667
9622.05
9859.667
9539.316
9654.866
9895.517
9639.134
10054.316
10233.467
10243.983
10368.4
10449.517
10608.2
10921.45
11173.733
10961.65
10936.0
10839.384
10125.267
9605.45
9719.733
9637.184
9564.467
9474.85
9817.934
10068.25
10256.4
10922.184
10845.134
11466.917
11434.4
11461.917
11462.4
11883.384
11229.2
11362.25
11791.134
11330.983
11353.467
11570.116
11500.866
11286.717
11906.733
11460.45
11763.467
11731.384
11625.467
11317.25
11597.533
11458.116
11480.267
10848.116
11539.866
11367.917
11378.6
10972.85
11327.667
11734.783
11972.267
11568.583
11857.4
11979.517
11726.4
11719.116
11660.8
10607.717
11050.667
11082.917
11145.066
10659.45
11307.6
11168.783
11170.934
10874.65
10884.467
11236.717
11362.866
11312.184
11406.6
11158.983
10885.533
10847.384
10244.066
10503.184
11207.267
11048.116
11186.2
11591.717
11893.134
11974.517
12201.733
11829.85
11951.6
12098.05
12024.533
11531.917
11299.667
10803.05
10975.733
10197.917
10882.8
11115.25
10773.934
10773.65
11637.6
11603.184
11049.467
11062.517
11957.134
12172.116
11838.8
11613.384
11756.267
11842.917
11525.8
11476.65
11747.267
11536.783
11793.934
12139.517
11811.866
12067.783
12381.8
11427.783
11741.2
11550.85
11168.6
11410.25
10666.0
10928.05
10998.667
12027.25
11896.8
11705.65
11716.6
11274.316
11498.333
11517.717
11865.066
11510.25
11264.8
10662.25
10488.667
10138.983
9738.066
9646.917
8962.6
8828.384
8853.866
8837.917
9378.6
9790.45
10797.866
11496.717
12755.8
12882.65
13980.866
13105.583
12521.934
13020.05
12895.866
12652.917
13454.8
13605.45
13835.533
13647.45
13497.8
12877.717
12364.934
12016.05
12232.866
12186.517
13516.333
12981.717
13571.066
13680.85
13970.934
14027.65
13655.866
14407.384
14611.467
15283.05
15152.2
15291.05
15585.533
15990.517
14862.6
15096.783
14402.467
14811.583
14777.934
15209.184
14578.066
14370.65
13885.6
13612.184
13888.066
13571.184
12662.0
13567.983
13412.4
14312.384
14454.2
14518.45
15474.733
15074.583
14696.066
15003.45
15055.6
14817.917
14824.8
15062.65
15469.066
15957.783
16031.2
15657.184
15822.0
17560.449
16193.066
16283.583
16554.0
15892.517
16556.533
16502.584
17138.066
16513.116
15929.467
16278.917
16512.733
16389.116
15856.866
15750.983
16888.066
17384.916
16995.801
16287.717
16665.333
16467.85
16317.2
15460.917
16392.733
16199.65
15872.2
15123.65
15756.066
16002.85
16051.134
15586.05
16719.133
16740.449
16529.334
16945.518
17071.334
17888.65
17087.268
16843.117
17460.533
17016.717
17376.334
16420.316
16790.801
17559.25
17133.133
17236.25
17315.0
16812.916
17081.467
17569.783
18243.6
17960.25
17914.467
18141.051
17937.0
18393.982
18889.0
18411.383
18296.066
17901.316
17936.199
17361.717
17806.867
17429.584
17765.334
17093.916
16633.934
16896.184
16812.867
16509.584
17070.066
16597.383
16733.6
16917.051
16809.666
16921.85
16758.199
17367.449
17809.199
18245.717
17330.4
17470.85
17498.6
16898.916
17819.066
17442.65
17951.268
17964.117
18355.133
18405.518
18540.268
18800.184
18214.6
17765.916
19523.133
18860.051
18751.199
19030.85
19278.199
17958.783
18767.066
17966.584
19010.467
18693.783
17898.6
18535.916
19051.268
18770.982
18858.133
19898.051
19284.4
18617.184
18379.199
18173.783
18004.867
18650.916
19428.666
19267.051
19989.6
20187.051
20576.867
20037.783
20107.4
20502.25
20254.199
20271.25
20259.133
20390.584
20808.6
20476.316
21191.467
20929.383
21052.199
21553.982
21364.133
21284.184
20807.199
20917.117
21273.268
20858.783
20693.666
20502.117
21252.801
20864.783
22000.6
21205.916
20804.268
21290.184
21487.801
22246.518
22352.934
22507.717
21852.066
22099.65
21549.199
21663.316
21447.732
21909.65
22036.6
24079.982
22170.801
23164.25
23547.732
23718.783
23188.4
24527.383
23965.268
24322.117
25182.4
25875.982
24635.467
25235.584
24629.732
24921.982
26733.666
25067.117
25285.4
24339.117
24279.934
24425.982
25094.199
25006.85
25557.0
26367.25
25760.268
26606.85
27338.732
28063.184
28082.934
28275.184
29125.133
29852.25
29167.867
27677.051
28595.533
28787.85
27967.6
28597.65
29230.199
29264.518
29053.4
29541.717
30232.934
29468.316
31088.934
31839.449
31416.199
30763.65
31950.066
31802.85
31911.268
31546.85
31965.6
32116.383
31841.801
31937.25
31503.732
31778.383
32766.334
33587.984
33995.133
34394.785
35889.801
36153.918
35545.066
36260.25
36309.199
36007.648
36047.465
35031.184
36078.199
35200.852
35137.934
36924.785
37489.199
37821.25
37904.066
38109.648
38906.734
37956.449
38261.0
37670.715
37946.332
38270.117
37659.465
38527.051
39275.398
39642.582
39836.133
40013.984
40474.867
40451.316
39787.066
40143.984
39974.332
40082.516
39414.934
40083.117
40194.734
40400.051
40819.867
40333.051
40144.066
40367.648
40400.934
40565.516
40572.332
40906.051
40595.801
40833.449
41104.199
40804.184
39628.133
38979.184
37171.066
35639.648
34647.398
34279.715
34182.867
34735.184
34732.668
36129.25
37902.668
38493.918
39134.535
39337.449
39570.867
40613.582
41650.535
41215.316
41941.199
41961.715
41544.133
40720.117
40386.602
40637.715
41285.668
41671.051
42168.668
42867.582
43814.133
44403.785
44507.668
44672.184
43863.133
43594.984
43141.801
43477.316
43561.734
43553.918
43462.398
42726.383
42264.668
42021.516
41406.535
41476.117
41804.0
41588.383
43095.867
43433.184
43825.066
44449.316
44706.934
43737.25
43971.199
43471.715
43554.602
43958.785
44388.535
44796.715
45934.266
45774.785
46397.867
45869.582
45834.266
45382.715
44560.066
44783.984
44708.465
44886.852
44597.801
44932.449
45539.602
45869.184
45410.199
45458.184
46593.734
46070.117
46468.867
45706.25
46323.199
45706.984
44682.668
44171.715
43776.133
43707.25
43910.734
44298.184
44769.734
45986.715
45769.398
46619.984
46044.535
46080.25
45839.266
45344.582
44957.465
44454.516
43811.867
43939.117
43957.066
43656.852
43918.465
43864.449
43607.602
43651.785
43557.066
43706.051
44210.066
44697.715
44646.801
45219.117
45962.465
46219.582
46175.0
46504.984
46327.734
46245.516
45380.535
44947.051
44397.066
44676.715
45117.133
44798.184
45645.133
46046.117
46707.602
46991.383
46967.867
46926.184
47915.0
48231.117
48811.133
48896.117
48513.668
48340.715
48064.734
48033.316
47261.867
46992.984
47204.934
47152.648
46816.0
46689.184
45750.465
46395.383
45937.398
46376.449
46245.801
47220.117
47773.0
48427.715
48892.668
49196.25
48148.332
48231.051
47592.668
47696.785
48062.734
47636.051
47624.066
47253.984
47693.066
48120.648
48108.602
48298.582
48386.734
48892.852
49410.133
50257.516
49415.734
49221.25
48495.734
48517.25
47633.668
47582.051
47488.535
47259.117
47954.934
48115.715
46190.133
47432.25
47323.066
46906.051
47139.465
46882.383
46703.602
47042.516
47638.535
47965.449
47995.734
47940.785
48115.867
48875.316
48990.199
49311.449
49018.734
48416.785
46832.801
45195.648
44201.465
42579.785
40757.0
40238.184
40966.133
42195.316
44685.332
45423.449
44713.465
44847.449
44986.199
44394.516
44850.199
44289.383
43722.734
44712.383
46085.199
47137.184
47009.668
47490.715
47769.801
48236.852
49044.133
48563.715
48431.801
48466.449
47615.535
48170.516
48670.465
48652.051
48512.332
49433.582
49924.535
49900.648
49995.465
49217.715
48944.867
48661.316
48904.133
48516.117
47754.066
47509.316
47045.801
48173.918
49033.133
49776.582
49480.801
50203.051
51211.535
51500.516
50952.602
50454.449
50793.602
50164.316
49973.867
49273.383
49986.266
50617.984
50054.465
49729.785
49311.133
48134.316
47385.332
45675.516
44362.266
44022.582
44123.934
44541.648
45086.668
46425.715
46728.199
48149.984
48462.867
48555.25
49272.133
49469.582
49962.602
50162.25
50308.332
50856.852
51771.734
51013.582
50594.266
49707.516
49612.867
49433.984
49300.934
49336.449
49344.133
50115.918
51173.066
51245.184
51263.0
51224.117
51111.801
50854.449
50774.867
50819.516
49621.734
48948.051
48474.734
47806.184
46890.734
46406.984
46735.801
47076.316
47560.199
48039.316
48826.465
48871.715
48713.867
48514.918
48652.0
48360.785
47879.801
48036.648
48569.535
49034.715
49278.867
49334.449
49900.332
50466.316
50417.066
50506.316
50211.0
49950.852
49321.398
48485.117
48091.535
47109.918
46080.133
47402.918
47343.266
47649.852
47868.801
48607.852
48683.066
49050.051
48527.602
48587.449
48968.934
48434.715
48272.801
48069.715
47933.602
47558.715
46775.133
46316.184
46446.133
46534.316
45994.801
45320.852
45689.199
45472.25
45195.0
45167.516
45464.398
45785.25
46116.133
46556.117
46666.199
47192.184
46933.266
46723.449
47264.934
47045.715
45825.801
46603.582
46196.066
46211.715
46466.332
45756.449
45884.867
46861.984
47046.465
47462.648
47350.934
47417.516
47359.066
47056.117
47529.734
46989.785
46361.199
46342.918
46671.398
47170.383
47359.867
46586.984
46780.199
46662.984
46215.0
46487.785
46617.668
46547.918
46320.535
46510.984
46116.0
46331.184
45725.602
45435.184
45272.199
45240.383
45475.332
45034.648
45966.934
46158.715
46789.266
46110.516
46271.332
46297.648
46619.535
46419.383
46193.602
46363.383
46255.465
46086.516
46071.0
46092.184
45744.465
45273.184
45714.266
45880.184
45975.0
45890.117
46111.801
46143.449
46001.0
46419.918
46470.535
46757.117
45787.199
45328.516
45598.734
44968.25
45077.133
44814.117
45419.266
45998.25
45811.398
45648.051
45972.199
45929.184
46280.867
46127.25
46164.0
46551.449
46254.199
46187.852
46437.066
46472.051
46357.133
46204.383
45505.801
45694.117
44862.398
45126.918
45150.602
45041.316
44672.602
44792.316
44759.398
44707.051
44726.602
45153.984
44779.801
45442.117
45154.465
45065.184
44477.801
44081.449
43678.266
43827.785
43342.398
43406.852
43056.266
43738.316
43952.133
43964.051
43772.668
43405.449
44576.734
44845.648
45086.535
45195.516
45823.332
45979.984
45300.602
45034.449
44846.934
44824.648
43982.266
44104.051
44337.734
44322.984
44700.801
44656.648
45128.668
45054.383
45174.734
44964.715
45164.332
44809.316
44478.535
44024.449
44599.734
44718.184
43872.133
44829.117
44347.066
44777.25
44974.266
44460.117
44683.934
44250.383
43445.133
42963.852
43451.535
43183.316
42905.0
43333.383
43380.266
44446.117
44123.266
44835.984
45087.668
44770.449
44677.266
45031.383
45402.602
44797.117
44273.934
43998.785
44010.465
43490.117
43247.801
43169.051
43852.801
43873.715
43822.066
43807.516
44424.0
44496.715
44047.266
43823.582
43817.934
43339.117
42639.867
42128.516
42120.066
42131.051
41707.465
42082.117
42430.801
43044.383
43333.398
43525.582
43775.465
44086.852
44465.602
44350.785
44500.332
44323.449
44166.133
44621.25
43956.332
44482.383
44161.0
43710.051
44235.0
44177.25
44354.0
43970.25
43824.734
43694.316
43671.066
43095.852
43252.266
42909.25
42690.0
43059.785
42665.0
42467.516
42446.398
42370.117
43144.199
43448.25
42613.066
42732.184
43369.398
43237.383
43088.465
43614.184
43122.867
42782.582
42659.934
41819.184
42314.734
41425.984
41653.332
41571.582
41540.332
42077.25
41838.133
42211.25
42092.465
42051.516
42363.535
42288.582
42661.332
42599.117
42069.602
42106.25
42304.0
42534.984
41631.199
41963.785
42160.398
42153.648
41579.133
42101.117
42745.0
42347.785
42054.535
42879.25
43021.133
42850.648
42530.465
42094.852
42743.867
42219.25
42382.734
42348.918
42036.602
42222.918
42119.934
41852.383
42224.0
41962.516
41216.066
41455.316
41757.602
41502.051
40824.0
40844.852
40513.668
40363.383
40245.066
39777.918
40356.734
40436.582
40041.934
41037.449
40948.801
41213.984
41131.199
40820.449
41413.801
41184.25
40800.133
40305.582
40781.199
40944.449
40093.133
39301.25
38513.133
37733.316
37188.066
36433.984
36073.0
35448.648
34974.867
36155.785
36799.668
36872.516
37455.332
38221.316
39450.066
39142.715
39641.465
39459.715
39370.465
39548.383
39036.867
38926.648
39095.934
39005.516
38559.934
38751.25
38871.332
39091.918
38832.199
38555.25
39009.801
38726.184
38699.668
38531.582
38937.934
38896.383
38618.066
39177.648
39025.332
38810.051
38401.133
38179.449
38191.199
38032.852
38004.535
38156.184
37915.199
38316.184
38380.734
38135.582
38399.332
38871.785
38498.199
38262.852
38563.867
38742.582
38536.801
38723.449
38612.801
38174.852
37988.0
37919.582
38113.602
37938.785
37225.867
37599.117
37412.867
37712.184
37515.332
37388.648
37500.801
37617.648
37908.066
37466.785
37667.734
37925.984
37326.535
37569.715
37569.066
37475.117
36882.668
37018.516
36966.398
36993.383
37003.398
36941.184
36845.332
36811.648
36178.668
36507.852
36323.867
36592.918
36118.934
36484.051
37078.668
36730.582
37202.332
37163.582
37040.0
37466.449
37213.602
37305.582
37292.0
37219.984
37420.934
37208.918
37341.867
37099.051
37379.934
37137.516
37546.535
36852.383
36970.867
36739.852
36934.934
37131.852
36626.266
36471.785
36571.668
36595.984
36580.266
36630.316
36746.867
36819.25
36812.668
36731.184
36601.465
36223.516
35805.465
35713.785
35881.668
35319.918
35043.465
35184.117
35618.734
35573.25
35028.133
35111.184
35515.266
35269.449
34960.332
34661.117
34963.266
34713.984
34354.398
33873.785
34231.0
34276.051
34253.133
34517.516
34402.0
34398.383
33834.668
34026.117
33618.0
33555.984
32761.199
32581.717
32572.133
32133.65
32076.732
31430.117
31785.666
31455.051
30815.666
30071.316
29891.133
30018.25
29775.6
29190.783
29412.199
29382.184
29680.4
29764.518
30377.801
30813.584
31681.133
32456.65
32557.6
32723.184
32788.6
33041.782999999996
32834.268
32511.117
32570.199
32321.25
32587.133
32303.717
32692.867
32777.117
33090.334
33015.516
33275.465
33176.715
33623.398
33431.051
33180.602
33491.25
33801.535
33569.582
33298.867
33047.785
33384.867
33194.984
32989.133
32907.25
33004.532999999996
33062.584
33485.668
32663.582000000002
33203.934
33174.984
33206.668
33047.648
33335.801
33073.316
32701.533
32679.783
32748.066
32911.782999999996
32227.133
32125.449
32392.801
32084.051
32009.066
32239.65
32296.4
31982.117
31909.066
31642.584
31588.934
31616.717
31689.268
31652.184
31586.268
31539.25
31582.334
31467.717
31358.867
31299.316
31096.133
30511.982
30878.4
30463.383
30608.133
30576.916
30707.334
30520.518
30627.467
30582.117
30640.533
30965.717
30770.0
31064.316
30891.934
31136.717
30882.066
30348.184
30493.066
30278.449
30098.666
30305.449
30136.4
30187.25
30215.066
30131.916
30539.066
31046.184
30566.334
31152.584
31330.066
31065.383
31212.801
30858.982
31065.867
31262.916
31387.0
31596.117
31662.934
32118.518
31972.934
32415.982
32718.066
33069.449
32519.6
32445.85
32718.066
33257.852
33120.0
33591.051
33750.0
34199.648
33964.801
34144.785
33967.066
33681.648
32833.066
31803.051
31232.6
30917.316
30551.6
30243.717
30024.334
30024.85
29896.801
29815.584
30043.066
29940.717
29955.6
29923.916
30268.732
29998.717
29824.666
29522.783
29484.334
29696.584
29271.666
29561.383
29358.6
29699.584
29690.6
29751.717
29858.4
30089.783
29655.801
29796.383
30139.467
29963.916
29343.4
29760.184
30092.666
29928.982
29544.934
29822.65
30037.334
29476.65
29933.732
29123.85
29471.0
29157.85
28933.666
29110.25
28977.934
29074.051
28734.867
28291.117
28946.334
29028.916
28642.133
28663.982
28846.199
28628.051
28961.867
28444.184
28689.867
28687.717
28844.268
28834.184
28968.801
28695.117
28808.066
28963.584
29240.467
28778.184
28333.268
28351.051
28635.0
28812.717
28532.801
28675.316
28463.666
28705.65
28428.199
28464.184
28433.133
28370.383
27975.867
27739.383
28398.066
28155.316
27687.268
27597.982
28027.133
27629.383
27690.6
27701.717
28004.199
27710.316
26684.334
27501.518
27876.133
27521.65
27468.467
27112.584
27357.133
27455.383
27673.467
27615.383
27551.467
27211.584
27279.0
27251.916
26588.467
26467.982
25847.268
26136.783
25687.334
26116.449
25650.0
25770.584
27096.4
26865.117
26883.066
27471.982
27297.801
27376.383
26903.934
26693.117
26541.6
26567.449
26258.6
26352.316
26419.732
26448.982
26029.934
26297.85
26919.801
26444.518
25910.268
26281.316
26524.268
26629.25
26296.666
26418.316
26521.533
26132.383
25817.268
25457.25
25836.666
25433.117
25330.801
24922.117
24891.133
24930.383
24246.732
23759.584
23583.268
22145.982
21318.732
20467.316
20581.666
20602.449
20763.334
20968.518
21810.467
22766.184
23308.934
23378.051
23566.4
24243.783
24683.934
24642.518
24274.334
24749.051
24653.467
24727.783
24753.801
24370.449
24009.732
23887.051
24319.0
24175.383
23750.801
24455.117
24363.934
24577.383
24686.934
24555.25
24658.801
24637.65
24401.801
24482.383
24605.066
24845.916
24350.467
24354.65
24756.334
24803.25
24693.666
24775.184
24945.133
24860.65
24792.268
24249.717
24703.533
24667.25
24299.867
24109.383
24348.666
24513.584
24327.199
23867.65
24110.133
24486.316
23836.467
24494.982
24608.533
24566.783
25000.334
24707.85
24849.533
24777.783
24554.334
24686.25
24677.4
24581.25
24235.934
24329.916
24301.066
24385.783
24302.533
24341.783
24545.467
24581.916
24264.732
24067.584
24356.268
24209.717
24423.732
23990.316
24477.4
24346.449
24558.4
24488.383
24614.199
24534.051
24074.334
23765.717
24347.268
24206.982
24344.867
23939.449
23888.268
24004.316
23819.533
24156.25
23929.732
23909.25
23323.066
23423.783
23498.801
23751.316
22852.666
23141.584
23343.268
23390.25
23090.199
22935.783
23358.533
23371.916
23114.934
23224.717
23302.268
23524.051
22765.0
23023.518
23494.732
23538.85
23183.533
23034.717
23126.666
23352.783
22960.934
22935.051
23047.199
22999.65
22446.4
22710.25
22742.934
22576.982
22499.732
22672.783
22308.533
23133.316
22481.334
22324.982
22446.334
22451.85
22352.934
21797.518
22284.6
22370.449
22023.934
21763.316
22216.199
22091.051
21992.066
21455.383
22024.934
22013.117
21880.066
21949.982
21597.4
21813.584
21695.4
21249.916
21480.467
21342.25
21348.6
20815.65
21259.666
21177.383
20552.467
20180.916
20944.199
20754.982
20530.666
20458.783
20647.066
20569.316
20223.4
20113.184
20766.732
20500.383
20314.732
20138.65
20650.934
20201.916
20016.199
19945.25
20541.801
20305.316
20021.801
20010.25
20191.0
19860.25
19475.268
19181.982
19640.133
19736.316
19644.066
19938.783
20015.934
19914.449
19334.732
19991.117
19786.732
19657.916
19623.801
19550.449
19467.133
19637.316
19114.0
19015.383
18279.6
17440.316
16680.666
15895.85
15440.934
15198.316
15169.8
15215.783
16201.066
16735.85
17033.199
17481.584
17808.334
17863.449
17972.334
17861.184
18022.133
17468.85
17441.467
16718.184
17781.334
17716.449
17536.6
17436.85
17841.934
18080.117
18283.199
17972.383
18367.934
18612.383
18279.533
18353.65
18734.4
18738.25
18740.066
18863.117
18980.867
18980.982
18742.334
18402.717
19318.934
19088.65
19043.533
18644.783
19328.133
19481.584
19217.467
19441.518
19473.801
19009.449
19234.467
18847.449
19423.732
19320.85
19212.801
19114.85
19168.467
19349.051
18961.6
19518.85
19486.4
19549.584
19467.066
19096.25
19799.0
19778.117
19360.666
19483.916
20219.467
19929.184
19642.0
20194.383
20386.6
20028.316
19749.334
19867.717
19509.0
19679.717
19211.268
19342.916
19633.666
19537.518
19565.467
20043.65
19707.801
19833.316
19187.268
19038.584
19979.666
19770.783
19587.533
19715.982
19569.533
19643.25
19753.533
19433.383
19487.4
19470.717
19398.867
19380.051
19545.268
19165.316
19302.334
19140.25
19491.133
19239.184
19377.801
19297.518
19751.268
19346.117
19361.934
19278.184
19544.666
19820.25
19778.334
19698.051
19617.666
19467.449
19373.934
19583.25
19744.666
19852.65
19841.934
19480.383
20098.533
19935.85
19881.268
19394.518
19950.533
19831.117
19618.066
19503.584
19595.533
19745.449
19884.066
19751.85
19859.533
19531.85
19649.199
19850.449
19555.467
19656.184
19585.867
19415.316
19517.467
19663.051
19373.4
19327.051
19440.0
19732.184
18747.6
19513.982
19459.268
19446.518
18734.268
19123.117
19439.6
19527.717
19374.801
19410.25
19351.533
19507.117
19262.867
19094.117
19509.467
19257.783
19319.867
18944.449
19214.801
19297.584
18920.066
18847.85
19154.467
18690.783
18735.867
18558.65
18939.4
18773.584
18454.801
18748.25
18711.334
18442.783
18643.801
18751.584
18598.334
18531.916
18278.199
18339.117
18640.199
18293.316
18417.533
18087.85
18123.801
18214.117
18086.133
18170.85
17984.732
17920.383
17873.066
17830.184
18086.199
18040.117
17975.6
17037.982
17320.533
17241.518
17050.268
16480.65
16395.934
16466.25
16076.333
15507.517
16007.467
15869.783
15024.0
15368.45
15302.267
14922.983
15052.0
14505.717
14612.066
14440.116
14167.333
14324.65
14557.0
14417.25
14593.866
13332.517
14123.267
14236.316
13732.667
14048.05
14257.8
14353.517
14093.733
14460.05
14718.533
14731.917
14941.733
15330.25
15300.333
15164.517
15255.8
15027.717
14998.4
15166.65
15129.6
14588.25
14994.0
14889.45
14561.934
13965.184
14333.6
14101.583
13759.934
13671.783
13544.333
13636.384
13449.0
13324.384
13726.667
13699.85
13536.667
13586.517
13684.2
13530.983
13397.866
13347.85
13717.733
13592.25
13269.333
13680.65
14059.533
13837.583
13529.8
13711.384
13626.866
13697.583
13634.134
13525.25
13597.667
13342.783
12759.8
13323.316
13189.4
13313.316
13482.134
12977.517
13457.733
13336.384
12614.2
12906.917
13149.0
12981.384
13017.934
13302.983
13386.8
13396.517
13578.8
13512.384
13616.2
13467.85
13396.2
13078.783
13357.934
13423.184
13154.2
13163.184
13401.0
13375.05
13113.8
13563.717
13612.934
13745.583
13297.2
13535.517
13669.8
13637.517
13808.066
13087.85
13633.533
13510.983
13690.2
13291.717
13966.134
13665.116
13829.533
13461.85
14008.467
13911.783
13612.6
13396.45
13643.4
13385.25
13300.2
13536.983
13446.467
13308.05
12968.866
12944.783
13197.134
13383.783
13221.467
13372.583
13349.6
13167.583
12958.6
13184.25
13253.866
13129.717
13403.4
12821.05
13098.066
13381.85
13331.467
13029.45
13068.4
12626.917
12327.267
12788.517
12693.134
12738.05
11930.533
12492.583
12789.134
12645.316
12388.8
12698.783
12914.866
12493.45
12658.866
12507.45
12716.667
12388.583
12123.333
12067.116
12418.467
12336.983
11933.733
12229.45
12203.8
12332.05
12158.6
12186.983
12291.667
12128.05
11923.6
12173.384
12321.6
12231.184
12101.134
12456.45
12165.2
12243.85
12174.533
11945.05
12143.733
12098.116
11932.866
11810.384
11879.934
11977.65
11658.134
11566.384
12020.934
12019.25
11766.134
11787.783
12028.934
12017.45
11586.333
11633.517
11871.733
11671.316
11408.533
11840.116
11797.8
11551.05
11798.467
11557.116
11666.8
11586.25
11282.2
10908.583
11644.066
11275.116
11522.134
11307.983
11417.934
11241.05
11207.866
11019.983
11349.4
11251.85
11129.866
10860.45
11102.8
11175.184
10971.733
10929.65
11213.667
11193.116
10682.467
10851.65
11132.467
11088.384
10398.2
10569.717
10969.467
10963.184
10843.866
10511.05
11069.934
10939.85
10860.467
10619.783
10785.467
10595.983
10462.866
10604.45
10781.2
10581.05
10387.934
10458.116
10886.134
10877.983
10639.467
10378.517
10492.6
10623.85
10475.134
10259.983
10595.8
10495.85
10493.533
10148.05
10333.667
10449.983
10397.2
10192.65
10392.0
10212.384
10660.066
9913.184
10356.267
10279.717
10051.066
9630.583
10339.4
10285.717
10309.333
9971.583
10085.866
9938.05
10058.467
10155.517
10465.934
9664.384
9934.267
9727.983
9995.733
9352.05
8854.8
8188.450000000001
7899.133
7021.117
6143.0
5469.783
4779.8
3995.917
3559.0
2890.45
3201.267
3076.917
2825.733
3040.183
3958.6
4187.782999999999
4242.6
5271.25
5833.533
6162.45
6500.333
5820.517
6591.267
6182.183
6001.0
5618.45
5385.667
5458.983
5155.4
4927.85
5316.467
5391.183
5377.4
5151.783
5925.667
5699.783
5769.2
6421.583
6450.8
6712.917
6401.4
6909.983
7089.467
7060.317
7107.333
7373.85
7653.267
7696.65
7242.4
7543.917
8084.8
8132.117
7713.067
8224.05
8484.6
8616.783
8567.267
8571.25
9068.467
9001.184
8414.934
8574.517
9256.733
9338.517
9160.8
8900.05
9404.467
9246.65
9066.8
9044.583
9547.267
9299.85
8451.2
9321.25
9471.8
9569.116
9238.667
9034.25
9525.4
9454.717
9269.8
9181.05
9311.333
9444.05
9011.333
8829.116
9770.667
9334.116
9148.467
9184.717
9497.533
9375.65
9259.066
9226.583
9447.2
9391.316
9244.8
9188.517
9499.4
9459.45
9356.2
9222.85
9558.333
9485.783
8906.667
9102.45
9414.667
9342.517
8979.066
8908.316
9299.866
9187.45
9225.733
8991.917
9241.733
9366.05
9084.667
8615.717
9404.8
9282.384
9261.8
9109.517
9563.6
9328.45
9131.866
8914.583
9391.533
9169.316
8731.2
8599.116
9237.2
9149.917
9159.533
8546.316
9279.934
9144.116
8999.733
9079.316
9267.467
9229.384
9021.733
8958.116
9467.6
9283.116
8415.8
8786.583
9352.267
9136.316
9117.066
8969.917
9354.467
9251.583
8747.934
8599.05
9140.733
9031.983
8978.333
8856.983
9181.267
9141.45
9026.4
8551.917
9207.866
9173.783
8800.6
8489.65
9070.134
9197.384
8872.4
8826.85
9146.866
8788.517
8735.267
8865.65
8856.267
8780.384
8658.134
8457.583
9063.267
8885.384
8511.533
8456.05
8925.267
9022.65
8327.467
8425.517
8866.134
8827.384
8843.134
8594.184
8836.533
8734.45
8656.8
8358.45
8987.8
8745.917
8464.733
8447.05
8810.467
8738.116
8560.467
8066.25
8686.134
8623.85
8530.333
8001.85
8773.267
8576.717
8080.267
8507.65
8579.733
8503.783
8080.933
8181.25
8356.6
8460.05
8189.8
8151.383
8458.533
8225.45
8197.0
7976.783
8302.533
8321.25
7857.067
7805.85
8287.332999999999
8233.65
7962.733
7919.517
7973.933
8169.917
7696.333
7861.183
7925.0
7973.717
7777.733
7570.25
8112.8
7966.05
7589.667
7247.317
7845.067
7972.05
7794.333
7497.05
7838.333
7786.65
7102.0
7508.383
7945.667
7560.85
7406.333
7467.783
7712.2
7747.45
7348.6
7228.65
7651.733
7734.783
7576.8
7468.65
7785.067
7589.45
7290.867
7027.183
7670.933
7483.583
7711.133
7188.717
7687.2
7626.65
7115.067
7143.85
7644.0
7481.45
7257.733
7342.05
7612.867
7531.383
7128.933
7063.85
7674.867
7415.65
7274.8
7299.25
7534.2
7389.85
6981.8
6841.717
7218.2
7188.85
6666.867
6793.717
7278.667
7093.05
7302.667
6939.717
7258.8
7178.383
7363.533
6978.383
7195.533
7093.05
6752.933
6758.317
7186.067
7080.583
6590.467
6078.517
7042.6
7066.45
6620.867
6800.317
7033.933
6818.65
6674.267
6618.05
6990.667
6786.517
6607.067
6257.983
6842.667
6880.183
6137.8
6316.317
6896.133
6665.85
6410.0
6206.183
6809.533
6778.45
6694.6
6274.717
6847.267
6766.317
6711.933
6584.517
6791.2
6655.517
5414.8
5897.717
6662.867
6754.517
6349.533
6094.583
6616.0
6737.05
6073.067
6094.717
6529.933
6477.45
6005.867
6042.317
6529.133
6485.85
5848.733
5843.583
6385.467
6319.25
6066.467
6087.517
6311.6
6235.583
5810.333
6207.717
6304.6
6310.717
5796.733
6023.25
6407.933
6172.917
5728.6
5618.783
6218.533
6221.517
6054.333
5510.25
6301.2
6152.917
5490.2
5628.45
