276.817
76.35
-136.11700000000002
156.817
445.883
134.95
214.55
246.55
248.15
261.817
130.21699999999998
-164.25
211.28300000000002
214.417
24.683000000000007
-34.650000000000006
352.15
-4.183000000000007
61.35
370.95
431.617
195.61700000000002
461.41700000000003
160.15
285.08299999999997
207.95
228.28300000000002
-118.117
197.61700000000002
204.683
317.017
22.150000000000006
280.283
207.95
236.28300000000002
22.349999999999994
564.083
480.55
82.017
-54.45
248.75
128.55
-9.983000000000004
192.15
203.75
234.15
143.017
235.35
218.35
256.283
-39.382999999999996
40.55
619.75
287.217
-13.316999999999993
-254.78300000000002
435.017
447.55
37.483000000000004
47.55
386.75
442.683
392.41700000000003
238.817
422.017
369.283
162.017
327.217
402.08299999999997
392.15
323.35
-138.38299999999998
448.35
299.08299999999997
36.68300000000001
82.083
390.017
199.95
140.417
68.883
308.217
498.683
209.483
69.15
243.28300000000002
342.95
36.617000000000004
12.349999999999994
257.95
210.95
505.75
7.483000000000004
180.28300000000002
229.083
351.95
-57.717
194.75
263.55
197.817
93.617
409.08299999999997
373.95
-224.65
42.217
398.617
308.283
225.95
215.817
467.283
297.683
8.349999999999994
283.55
108.417
332.683
250.683
288.617
407.217
292.683
558.75
-218.25
335.41700000000003
378.217
104.417
365.017
388.683
461.41700000000003
257.817
104.417
348.683
250.28300000000002
-61.05
120.817
328.95
308.35
131.88299999999998
7.882999999999996
419.35
456.08299999999997
65.417
-241.25
359.883
324.817
74.75
142.95
276.483
428.15
344.15
47.417
294.75
331.883
-276.65
-134.917
312.883
214.75
164.817
0.4830000000000041
336.217
271.617
56.417
234.15
407.217
296.15
256.35
-95.65
469.08299999999997
413.35
429.75
155.817
492.817
279.883
158.55
351.75
406.15
84.083
373.817
-161.05
134.15
234.817
9.882999999999996
365.483
597.95
429.41700000000003
169.15
-75.917
501.683
159.21699999999998
456.08299999999997
32.349999999999994
387.08299999999997
366.35
317.817
392.15
524.683
354.15
424.217
316.95
338.08299999999997
227.28300000000002
389.817
-348.983
388.617
360.41700000000003
176.35
145.817
149.417
326.883
470.483
181.88299999999998
247.35
308.017
125.017
-190.85
274.883
399.617
469.883
202.017
393.283
302.75
46.75
-307.717
450.75
243.75
-61.05
25.75
266.41700000000003
190.88299999999998
-1009.117
-90.65
122.417
278.55
246.55
-64.65
570.617
410.283
261.283
74.617
265.95
236.35
-108.85
431.283
522.75
280.35
-189.05
42.617000000000004
310.55
325.15
-112.85
356.483
381.483
264.683
390.217
346.35
335.683
412.017
248.55
183.817
380.483
254.35
410.283
35.083
395.483
440.617
338.75
-69.65
226.817
324.95
81.817
-279.117
374.55
342.817
252.75
-118.917
356.217
336.483
213.75
88.617
366.883
368.483
-151.65
210.083
333.55
74.483
-140.917
156.28300000000002
266.08299999999997
220.55
318.55
172.817
260.75
527.417
97.217
172.083
377.483
533.75
394.08299999999997
171.483
227.95
293.483
95.017
493.55
361.35
210.483
-158.71699999999998
107.617
214.28300000000002
290.15
259.217
-6.382999999999996
545.617
553.35
21.617000000000004
285.75
375.95
348.55
227.483
103.883
339.217
389.483
76.35
130.683
297.683
320.95
181.28300000000002
295.55
469.683
441.35
396.283
107.95
564.417
174.483
384.017
-138.583
370.483
179.683
-86.517
290.883
337.217
203.55
541.217
385.683
378.41700000000003
264.35
632.617
84.083
377.35
295.483
-31.782999999999987
274.55
633.017
418.75
543.483
-38.583
433.283
358.35
388.08299999999997
205.35
349.15
528.883
-53.917
229.283
606.95
327.41700000000003
131.217
170.817
341.08299999999997
351.55
509.75
173.017
646.883
552.217
685.617
441.017
696.75
500.75
222.483
328.75
387.55
602.15
770.15
189.88299999999998
704.617
579.75
522.483
665.75
589.283
494.75
339.417
633.55
473.817
739.483
104.94999999999999
263.35
544.883
519.55
548.0830000000001
385.75
866.4169999999999
540.217
704.35
531.0830000000001
672.75
632.617
666.617
294.883
982.683
457.35
558.95
491.55
838.017
516.55
683.883
587.483
595.55
848.483
761.15
652.95
600.75
855.75
619.15
426.817
929.0830000000001
721.683
620.217
551.817
560.483
646.483
761.35
645.55
868.617
753.75
552.0830000000001
486.55
650.15
766.15
654.083
542.283
880.283
458.95000000000005
719.55
448.88300000000004
666.417
562.15
728.883
829.35
692.483
448.61699999999996
755.15
944.083
426.54999999999995
851.55
701.017
739.15
766.35
740.817
593.483
939.95
1135.617
647.683
656.283
1237.217
886.283
1092.95
462.01700000000005
657.55
1125.283
970.75
1085.883
1177.55
705.017
671.75
796.617
763.817
1306.35
1129.35
607.683
1080.95
964.817
1194.617
1219.683
1043.083
959.817
1301.817
576.683
859.617
979.55
1149.817
1464.55
1414.883
1351.217
1295.017
1101.15
1197.017
1219.617
1124.817
741.2829999999999
972.483
1317.617
1131.817
1388.217
957.483
1460.883
1342.683
1463.75
1276.683
1420.483
1347.95
947.75
1407.017
1263.883
1179.617
1112.15
1258.617
1225.817
1352.95
1268.15
1030.683
1368.817
1138.083
1111.55
989.483
1442.217
1343.95
1305.417
1364.817
1476.35
1226.883
1207.35
1120.283
1372.017
1397.817
1286.817
1033.617
1528.283
1263.35
1316.417
1287.35
1436.083
1331.017
816.0830000000001
1266.083
1323.683
1411.55
1428.75
1604.15
1737.95
1546.017
1572.017
1551.75
1686.883
1729.017
1577.817
1667.95
1648.15
1669.683
1839.35
1682.75
2069.617
1537.683
1121.683
1379.017
1593.883
1880.017
1597.35
1708.817
2048.017
1866.083
1777.417
1719.417
1933.35
1996.417
2022.817
1734.083
2091.95
1789.55
1677.883
1570.883
1625.217
1551.75
1857.35
1202.617
1596.95
1729.683
1961.217
1615.217
1930.283
1815.75
2015.883
1833.017
1898.083
1974.75
1958.683
1859.95
2167.55
1741.15
2284.95
2032.95
2048.217
1978.75
1884.283
2073.55
2310.683
1676.683
1795.817
2092.083
2340.35
2076.15
2150.683
1905.283
1965.483
1864.883
1939.017
2079.35
2047.35
2348.75
2608.617
1915.683
2494.883
2459.417
2340.417
2254.417
2305.95
2182.55
2125.417
2440.683
2374.483
2166.95
1961.083
2100.75
2027.283
1997.683
2317.35
2206.283
2354.95
2586.017
2387.883
2533.083
2752.15
2495.017
2812.017
2662.483
2978.95
2736.883
2578.55
2803.217
2826.617
2722.15
2540.817
2687.883
2502.617
2589.75
2452.617
2631.35
2609.283
2404.483
2075.55
2340.017
2267.817
2301.417
2114.75
2073.417
2314.283
2087.683
2014.883
1712.417
2336.75
1890.617
2233.417
2246.217
2442.483
2915.95
2713.683
3007.417
2849.683
3030.683
3166.417
2787.55
2957.883
2918.817
2623.75
2552.883
2830.35
2690.75
2944.283
2508.35
2775.417
2837.483
2802.15
2973.217
2925.483
2982.683
3152.817
3086.217
3146.35
3145.883
3043.75
2777.217
3100.483
3157.817
2999.817
3245.817
3323.217
3203.15
3074.083
2797.683
3307.283
3190.283
3504.417
3782.217
3862.55
4237.617
4205.35
4081.15
4007.417
3912.683
4040.683
3638.95
4189.017
3897.617
4045.15
3960.55
4199.017
3691.083
3856.483
4001.017
3837.417
3894.083
3684.15
3399.683
3987.95
4101.75
3962.417
4154.883
4323.95
4313.617
4207.217
3970.1499999999996
4309.35
4229.483
3708.95
3924.683
3906.683
4113.017
3999.683
4239.55
4430.417
4171.817
4045.55
3521.55
3769.95
3887.483
3929.883
3666.15
4070.017
3744.017
3774.283
3564.283
3487.083
3447.55
3356.35
3436.683
3474.55
3572.217
3348.817
3493.883
3248.683
3439.483
3576.617
3669.083
3967.417
4117.0830000000005
4269.617
4406.35
4186.55
4287.4169999999995
3873.083
4401.017
4170.817
4180.883
4716.017
4412.017
5101.95
5112.15
5035.417
5260.883
5865.017
5338.15
5473.217
4939.483
5097.95
5021.483
4622.683
4339.35
4411.35
4261.883
4053.083
4181.017
4650.683
4314.417
4597.15
4630.883
5132.683
5096.283
5250.883
4991.617
4819.817
4668.483
4300.017
4148.282999999999
4249.282999999999
3835.95
3692.35
3541.483
3598.883
3537.617
2951.817
3305.75
3313.017
2965.683
2645.217
3414.683
3469.817
3591.95
3911.217
3653.883
4465.55
4709.283
4803.417
4625.35
4700.017
4485.95
4110.617
4271.617
4190.483
4383.75
4367.35
4201.817
4753.95
4420.817
4598.55
4490.417
4660.683
4623.617
4527.95
3979.483
4576.683
4440.95
4593.15
4511.75
4423.817
4446.683
4510.95
4504.35
5199.483
5232.217
5257.15
5484.817
5673.883
5744.683
5717.683
5565.817
5887.217
5637.15
6060.017
5668.283
6121.683
6549.15
5848.15
6101.35
6177.817
5955.75
5929.417
5206.75
5077.217
4512.417
4251.35
3330.617
3172.083
2657.283
2465.483
2484.283
3018.883
3311.683
3660.883
4186.217000000001
4534.883
4765.483
5065.75
5510.75
5814.55
6259.283
6111.817
6107.883
6254.217
5690.95
5556.95
5238.617
4878.217
4088.617
3775.15
3463.617
3436.15
3779.75
3967.95
4536.483
5430.75
5717.683
5949.817
6809.817
7058.083
7195.883
7627.617
7335.817
8044.617
8067.683
8498.483
8224.883
8168.083
8596.75
8365.616
8373.017
8559.884
8364.35
8658.816
8451.217
9097.55
8907.75
9030.15
8805.483
9291.283
9168.816
8998.616
9114.15
9618.017
9392.483
9326.017
9088.884
9267.017
8811.816
8890.884
9044.95
9150.283
9587.017
9333.884
9428.75
9485.816
9154.816
8875.95
8658.083
8863.483
9144.35
9296.417
9221.684
9217.616
9245.217
9160.35
9020.217
8941.95
8941.15
8727.75
8858.75
9282.616
9046.816
9273.55
8955.217
9101.017
9309.417
9108.616
9469.017
9624.55
9636.217
9748.483
9855.616
9962.616
10302.417
10545.283
10331.684
10297.217
10202.017
9519.616
8979.95
9136.15
9115.816
9019.616
8910.417
9219.816
9452.616
9615.017
10281.684
10193.15
10847.017
10742.217
10806.616
10786.15
11194.616
10564.017
10703.083
11161.35
10659.55
10713.684
10920.017
10853.483
10664.017
11297.616
10802.684
11118.616
11049.816
10959.616
10694.35
10954.017
10796.816
10822.017
10232.884
10889.816
10716.017
10728.35
10330.616
10683.95
11054.95
11270.884
10933.15
11198.884
11308.816
11063.816
11070.35
10979.884
9991.483
10422.017
10479.684
10553.15
10073.95
10674.684
10531.417
10579.816
10274.15
10260.017
10616.417
10768.95
10699.083
10796.35
10543.017
10290.55
10297.816
9659.35
9909.483
10675.483
10427.75
10581.884
10938.55
11287.083
11349.55
11529.417
11185.95
11317.684
11449.083
11387.35
10933.616
10710.15
10217.884
10399.95
9652.616
10308.95
10529.75
10196.95
10224.616
11039.217
11010.684
10433.816
10491.283
11343.483
11524.884
11210.083
11032.816
11147.417
11234.616
10934.217
10849.483
11118.15
10915.616
11177.616
11497.75
11181.217
11418.816
11718.55
10825.15
11083.417
10951.15
10571.417
10849.417
10101.217
10392.283
10408.816
11401.417
11297.017
11123.95
11103.55
10655.816
10921.083
10896.75
11245.417
10869.616
10655.017
10110.816
9926.017
9615.684
9242.816
9141.35
8507.217
8380.483
8398.95
8372.95
8900.417
9317.75
10243.684
10897.283
12080.684
12210.684
13260.083
12428.884
11857.417
12330.083
12185.017
12011.417
12750.55
12876.884
13126.15
12966.35
12810.083
12177.283
11707.483
11371.884
11608.684
11516.884
12856.017
12296.95
12912.417
12951.217
13308.283
13346.417
12974.684
13724.884
13933.283
14526.616
14417.083
14560.55
14823.616
15192.884
14126.75
14364.283
13669.217
14054.95
14013.483
14453.816
13861.15
13627.15
13201.95
12986.483
13236.616
12935.616
12042.55
12952.483
12794.95
13621.417
13773.283
13834.55
14775.283
14362.017
13986.95
14280.816
14331.483
14104.15
14098.95
14305.616
14745.75
15164.884
15212.217
14899.884
15019.55
16678.816
15378.483
15437.083
15700.017
15123.816
15705.083
15661.15
16295.483
15688.217
15130.616
15449.417
15718.816
15612.483
15060.816
15002.684
16134.417
16573.616
16223.884
15554.083
15902.483
15676.55
15559.95
14710.75
15613.017
15461.217
15050.35
14399.283
14996.35
15289.15
15269.816
14858.75
15898.217
15964.283
15730.483
16115.55
16278.35
17068.283
16277.283
16071.684
16720.483
16234.684
16612.416
15671.017
16009.55
16771.884
16366.416000000001
16484.217
16501.95
16058.35
16266.15
16765.482
17401.482
17116.684
17064.482
17294.617
17068.816
17546.949
18001.217
17551.084
17500.883
17078.018
17102.084
16551.684
17006.551
16640.217
16963.084
16318.417
15891.283
16131.017
16054.55
15712.15
16334.483
15836.616
15952.283
16122.017
16040.283
16117.55
16006.15
16547.017
17046.217
17461.816
16554.083
16651.018
16722.283
16154.616
17016.018
16645.482
17192.217
17184.482
17550.35
17553.684
17682.217
17960.018
17346.816
16934.283
18654.283
17981.684
17928.084
18201.75
18420.949
17201.684
17944.15
17166.684
18186.416
17896.018
17121.816
17713.883
18241.684
17975.084
18033.883
19044.15
18448.482
17800.75
17628.084
17374.816
17245.551
17831.217
18560.482
18443.283
19132.949
19319.551
19686.018
19179.35
19227.416
19657.617
19419.684
19406.482
19422.35
19498.684
19949.551
19554.816
20310.482
20044.949
20180.482
20668.283
20483.35
20439.084
19928.018
20087.684
20403.482
19975.084
19842.35
19626.75
20335.15
19987.283
21094.949
20273.416
19915.551
20401.35
20522.283
21319.949
21422.018
21513.35
20898.217
21155.617
20605.949
20796.551
20536.949
20983.482
21166.35
23069.084
21261.482
22244.949
22581.883
22752.084
22223.949
23555.551
23005.018
23349.816
24115.15
24846.883
23569.617
24179.883
23600.883
23884.883
25632.018
24005.684
24205.617
23336.283
23243.816
23428.617
24082.283
23943.018
24497.35
25302.084
24665.684
25514.949
26194.416
26933.883
26909.018
27153.15
27943.018
28681.482
27957.283
26543.816
27428.949
27670.684
26817.217
27428.816
28114.883
28109.416
27902.217
28418.018
29090.551
28343.684
29909.018
30644.15
30199.75
29618.617
30740.217
30599.018
30640.217
30324.416
30694.684
30845.018
30626.15
30711.283
30237.816
30559.684
31453.217
32243.15
32703.35
33016.418
34519.617
34813.617
34144.949
34859.016
34897.551
34636.883
34685.082
33678.551
34664.285
33841.016
33774.016
35512.352
36091.484
36419.082
36483.75
36691.75
37489.016
36537.883
36876.215
36255.148
36545.484
36831.082
36312.148
37005.883
37834.484
38210.883
38352.418
38524.082
38997.148
38975.551
38352.75
38648.949
38474.082
38586.082
37918.352
38548.082
38666.215
38869.949
39327.352
38821.016
38600.816
38813.352
38951.215
38982.016
39038.215
39409.684
39153.949
39324.949
39553.484
39304.148
38101.016
37538.215
35779.352
34306.352
33240.75
32973.285
32839.949
33364.215
33298.484
34724.082
36427.617
37026.215
37695.082
37894.551
38155.949
39145.016
40139.016
39780.75
40481.148
40534.016
40168.484
39346.352
38988.016
39307.418
39879.148
40278.949
40738.215
41436.285
42341.617
42926.285
43022.949
43088.215
42272.949
42179.352
41640.082
41951.883
42041.082
42019.215
41970.816
41280.285
40778.215
40624.617
39988.617
40054.551
40321.148
40123.016
41657.684
41931.816
42298.617
42990.285
43223.418
42268.883
42509.883
42100.418
42157.75
42521.082
42864.816
43366.75
44458.148
44259.484
44862.684
44404.016
44387.883
43895.617
43116.75
43295.684
43226.082
43432.082
43236.418
43516.949
44082.75
44444.883
43980.551
44030.352
45103.285
44537.75
44991.883
44205.148
44816.883
44274.285
43310.352
42769.684
42356.949
42262.75
42514.418
42863.883
43282.484
44514.816
44263.082
45092.551
44586.148
44591.285
44371.684
43866.285
43514.215
43077.016
42383.352
42504.484
42497.551
42269.082
42464.949
42495.949
42195.285
42288.75
42174.082
42268.551
42837.148
43283.215
43254.816
43761.285
44532.148
44785.215
44693.082
45051.75
44799.816
44735.617
43942.684
43475.883
42931.551
43266.75
43711.082
43375.215
44336.285
44625.215
45306.949
45565.684
45537.551
45507.949
46405.883
46730.551
47330.148
47446.949
47039.285
46841.285
46601.148
46578.148
45815.352
45629.617
45740.418
45778.75
45384.016
45281.617
44356.082
44922.484
44517.816
44937.148
44863.484
45817.816
46362.949
47002.816
47450.75
47801.215
46729.684
46813.816
46260.215
46396.285
46737.016
46310.617
46277.484
45879.285
46333.617
46695.215
46759.418
46923.883
46988.816
47503.949
48003.684
48864.148
48037.352
47858.551
47126.016
47170.684
46246.816
46294.617
46224.883
45884.082
46564.949
46740.816
44844.617
46087.75
45973.352
45536.285
45851.418
45542.215
45401.883
45681.418
46328.75
46639.883
46623.016
46560.816
46732.148
47507.148
47565.684
47918.215
47609.484
47040.816
45528.617
43872.551
42993.484
41377.215
39590.016
39043.75
39765.949
40879.352
43352.418
44134.816
43448.684
43565.215
43760.148
43145.949
43597.148
42966.352
42403.883
43419.551
44779.75
45877.082
45690.551
46204.816
46366.484
46901.617
47795.148
47249.418
47074.551
47221.016
46362.484
46840.75
47348.883
47369.215
47239.484
48154.883
48582.617
48572.148
48667.418
47857.215
47727.215
47368.148
47559.148
47278.883
46479.551
46211.684
45702.082
46818.883
47656.949
48458.082
48155.016
48843.816
49843.551
50151.148
49558.684
49143.484
49489.75
48898.949
48675.949
48029.816
48749.082
49403.551
48784.684
48482.484
48062.016
46939.684
46250.816
44563.285
43232.883
42864.285
42912.551
43303.352
43852.949
45229.75
45457.551
46882.352
47198.75
47295.949
47991.082
48223.082
48731.484
48919.883
49053.148
49536.148
50433.949
49787.285
49340.148
48480.949
48312.484
48202.75
48036.617
48062.949
48091.082
48814.816
49895.352
49935.75
49983.215
49983.816
49869.883
49612.016
49509.816
49556.484
48373.484
47757.75
47336.484
46603.215
45688.352
45120.551
45528.484
45849.617
46347.215
46841.148
47560.949
47688.016
47466.148
47260.215
47407.484
47099.484
46676.883
46825.484
47284.082
47863.082
48017.75
48108.949
48654.684
49160.418
49164.684
49248.484
48995.484
48752.816
48067.617
47311.352
46925.285
45936.352
44860.082
46249.418
46130.418
46438.215
46687.484
47358.215
47443.617
47877.484
47307.016
47369.484
47740.148
47198.75
47025.617
46870.016
46799.148
46407.016
45700.551
45238.418
45366.082
45381.352
44874.75
44185.016
44509.75
44311.215
43997.352
44025.75
44337.285
44638.551
44854.016
45405.551
45590.016
46047.684
45846.418
45609.016
46106.75
46058.352
44760.617
45539.215
45064.75
45143.285
45377.75
44702.949
44812.148
45738.352
45888.75
46352.215
46192.016
46294.484
46265.949
45921.551
46453.148
45904.016
45283.352
45272.949
45609.285
46113.75
46256.215
45504.883
45607.285
45493.949
45044.148
45394.684
45540.617
45401.418
45163.352
45379.352
45072.082
45268.418
44643.352
44373.551
44220.684
44222.684
44438.285
43985.617
44919.551
45170.75
45724.75
45043.617
45241.75
45260.883
45540.617
45363.484
45161.215
45288.684
45281.016
45068.285
45054.016
45114.082
44747.949
44255.418
44684.551
44780.949
44882.949
44892.617
45100.684
45081.949
44969.816
45399.75
45416.617
45667.949
44779.148
44295.75
44563.484
44005.215
44064.352
43881.016
44394.684
44993.684
44808.551
44668.285
44985.352
44926.75
45234.285
45098.816
45112.215
45477.75
45267.285
45238.352
45394.082
45530.617
45348.816
45238.617
44437.484
44704.215
43856.883
44077.082
44157.617
44021.551
43673.148
43807.352
43774.215
43707.082
43732.617
44159.082
43767.082
44383.75
44163.148
44073.215
43526.816
43042.285
42703.617
42857.016
42374.285
42423.352
42150.082
42750.484
42965.215
43013.949
42838.551
42483.883
43562.883
43830.75
44098.684
44186.883
44811.816
45020.949
44258.082
44050.684
43883.016
43881.484
43042.352
43139.285
43325.816
43371.484
43748.285
43663.484
44162.082
44128.684
44215.082
43912.352
44217.285
43942.617
43603.551
43074.148
43684.484
43831.082
42885.684
43851.883
43430.484
43816.551
44042.949
43499.016
43775.949
43358.418
42481.215
42038.418
42505.352
42281.484
41936.617
42385.215
42413.215
43515.883
43220.484
43885.285
44121.883
43779.352
43678.484
44086.816
44460.949
43866.148
43388.016
43085.148
43054.816
42510.75
42307.285
42262.551
42879.016
42923.148
42818.684
42829.484
43412.816
43527.816
43122.215
42850.883
42839.148
42493.082
41804.816
41214.285
41249.016
41282.148
40854.883
41157.684
41507.816
42160.484
42401.816
42541.75
42890.75
43129.551
43516.883
43431.215
43593.148
43331.215
43165.215
43710.75
43039.082
43557.816
43222.016
42827.484
43333.418
43260.285
43373.148
43041.082
42883.215
42811.016
42763.215
42195.816
42348.949
42035.551
41821.816
42167.75
41813.016
41617.949
41575.148
41453.082
42235.949
42513.684
41676.883
41853.016
42447.484
42396.75
42238.418
42724.352
42230.016
41904.551
41784.418
40995.016
41488.082
40586.418
40827.75
40733.215
40649.684
41243.352
40985.617
41363.883
41298.215
41200.215
41558.285
41497.352
41831.016
41683.082
41202.684
41324.148
41521.082
41673.215
40844.418
41181.883
41310.148
41370.617
40780.75
41224.016
41923.949
41477.352
41220.684
42056.215
42097.418
42009.949
41698.684
41267.949
41848.285
41339.617
41563.215
41483.285
41249.484
41391.551
41336.484
41065.75
41455.617
41124.816
40468.215
40684.148
40902.418
40675.082
40060.75
40118.215
39781.082
39645.352
39427.617
38986.75
39573.883
39583.617
39233.484
40263.215
40127.883
40400.484
40343.684
39990.418
40556.816
40317.215
39967.148
39453.352
39934.418
40102.082
39248.418
38447.684
37643.215
36876.883
36296.484
35566.484
35138.016
34540.016
34046.883
35204.684
35882.016
35940.617
36549.082
37308.551
38538.883
38247.551
38707.484
38514.883
38480.949
38681.949
38167.082
38013.418
38170.75
38116.215
37723.215
37843.816
37988.418
38180.484
37970.285
37704.551
38121.816
37890.215
37937.551
37774.352
38159.484
38096.684
37719.285
38314.148
38114.75
37877.285
37494.016
37161.016
37213.883
37184.75
37087.285
37286.684
37067.352
37487.617
37552.551
37329.484
37555.285
38100.016
37744.551
37510.883
37771.215
37937.551
37776.949
37899.082
37804.684
37394.016
37159.75
37111.418
37349.215
37183.016
36444.215
36814.949
36703.215
36931.016
36770.215
36661.285
36707.551
36889.082
37199.883
36690.215
36917.949
37197.684
36592.551
36889.617
36869.352
36781.016
36240.75
36298.684
36253.617
36357.484
36368.082
36268.418
36165.883
36199.148
35558.684
35863.883
35679.75
35941.082
35460.148
35822.883
36434.551
36113.883
36495.883
36533.75
36368.016
36785.617
36559.684
36641.816
36656.949
36531.148
36761.617
36589.082
36690.215
36463.883
36722.883
36442.617
36873.285
36193.75
36354.551
36058.148
36323.352
36454.082
35999.016
35847.016
35938.016
35984.148
35926.484
36025.551
36045.617
36188.148
36120.285
36062.949
36000.883
35643.418
35167.816
35130.551
35269.148
34775.883
34423.148
34607.551
34984.082
34928.418
34495.617
34528.75
34906.016
34735.148
34370.082
34091.949
34370.148
34134.684
33724.352
33251.484
33611.215
33727.148
33649.285
33975.082
33823.016
33909.082
33251.816
33463.883
33112.215
32995.684
32246.617
32012.482
32096.482
31590.283
31597.15
30923.883
31299.35
30931.416
30303.084
29586.883
29440.283
29445.283
29334.482
28675.949
28942.416
28901.75
29219.217
29264.684
29878.949
30344.482
31184.35
31930.482
32051.416
32225.15
32277.283
32527.018
32330.551
31961.018
32037.551
31800.018
32058.949
31811.35
32169.75
32211.084
32567.482
32522.084
32704.816
32614.416
33061.15
32923.352
32633.949
32960.482
33269.816
33030.215
32730.75
32511.217
32851.75
32698.617
32455.084
32440.551
32484.816
32524.75
32904.551
32216.684
32688.217
32628.816
32735.35
32527.482
32798.217000000004
32559.15
32151.75
32199.75
32286.883
32455.283
31762.416
31602.949
31846.684
31559.883
31476.217
31678.084
31785.217
31520.617
31424.217
31129.217
31112.084
31135.15
31200.283
31178.883
31137.018
31031.883
31085.283
30993.018
30843.684
30841.883
30648.482
30074.883
30450.816
29995.482
30125.15
30119.949
30247.883
29996.283
30138.084
30067.482
30141.684
30456.018
30264.75
30639.35
30391.816
30627.018
30413.617
29867.617
30001.15
29817.15
29613.551
29815.551
29665.15
29663.416
29722.551
29666.15
30050.551
30580.883
30092.75
30663.482
30810.35
30535.482
30713.482
30375.35
30563.551
30810.684
30928.416
31114.883
31190.084
31549.283
31494.283
31881.883
32234.551
32565.416
31993.949
31881.217
32212.35
32739.684
32592.883
33059.285
33221.285
33658.418
33410.418
33609.352
33469.418
33190.285
32352.949
31307.551
30756.75
30443.883
30084.15
29818.949
29504.018
29570.018
29420.018
29334.084
29590.15
29463.949
29509.283
29466.482
29841.816
29568.949
29417.816
29123.551
29038.617
29258.084
28795.416
29100.816
29000.883
29256.217
29190.35
29351.15
29398.084
29618.217
29234.217
29402.949
29721.482
29570.617
28943.482
29313.482
29667.283
29481.217
29123.949
29354.283
29615.816
29054.883
29470.283
28725.949
29104.416
28741.883
28552.283
28643.217
28594.35
28641.283
28337.283
27915.018
28567.684
28639.883
28304.283
28269.416
28424.018
28227.684
28565.684
28010.816
28252.816
28276.816
28415.217
28453.416
28565.283
28337.883
28452.482
28562.75
28834.684
28349.084
27903.217
27945.084
28212.883
28407.684
28086.416
28261.283
28062.949
28299.482
27993.75
27994.617
28134.35
28048.416
27562.416
27317.084
28004.217
27743.217
27257.75
27154.018
27635.35
27183.482
27194.283
27298.883
27572.416
27238.816
26264.283
27015.482
27434.816
26999.018
26933.684
26567.816
26836.482
26907.883
27173.551
27216.883
27040.684
26733.617
26826.283
26789.15
26182.217
26006.482
25422.949
25736.283
25262.551
25730.883
25220.684
25362.75
26721.883
26531.75
26474.816
27117.217
26905.75
26969.283
26473.551
26250.018
26032.35
26028.35
25758.482
25846.018
25924.551
26010.684
25631.684
25863.684
26517.084
26066.15
25559.617
25868.816
26101.416
26223.883
25876.551
26038.482
26143.617
25779.084
25425.283
25054.949
25428.217
25032.084
24938.75
24513.084
24469.15
24517.684
23852.084
23401.416
23239.551
21763.15
20969.15
20148.283
20273.551
20261.084
20337.15
20648.617
21447.084
22353.283
22884.35
22975.482
23148.482
23841.416
24346.084
24266.018
23935.816
24374.684
24305.883
24433.816
24371.617
24020.883
23666.482
23568.283
24003.617
23872.75
23463.416
24142.416
24002.684
24277.617
24311.416
24270.75
24355.949
24329.949
24056.283
24182.15
24267.816
24500.684
24042.551
24049.684
24466.75
24547.949
24435.816
24499.084
24619.482
24578.217
24473.217
23935.482
24421.283
24359.684
24016.684
23804.416
24032.684
24231.949
24048.883
23591.15
23817.35
24168.15
23527.018
24218.617
24314.816
24268.684
24716.617
24396.883
24539.482
24520.75
24276.35
24451.018
24336.551
24276.75
23940.084
23995.416
24005.551
24086.35
23964.084
24081.217
24273.15
24336.217
24023.35
23757.551
24068.883
23961.482
24143.684
23655.084
24174.75
24006.018
24220.15
24227.283
24299.084
24258.018
23780.217
23495.018
24027.283
23944.35
24104.283
23669.617
23559.684
23656.283
23525.75
23894.15
23646.75
23638.35
23081.883
23100.35
23195.018
23465.551
22606.816
22877.283
23101.217
23077.883
22847.35
22711.75
23116.684
23064.416
22837.283
22991.416
23039.217
23281.684
22530.217
22776.018
23218.684
23269.416
22920.35
22815.883
22893.551
23074.15
22696.883
22678.35
22815.816
22743.217
22179.816
22430.084
22452.551
22293.283
22273.883
22402.482
22125.283
22832.217
22187.949
22090.416
22182.217
22242.75
22115.283
21561.684
22057.816
22097.482
21762.617
21531.416
21980.482
21881.816
21761.816
21249.15
21814.35
21761.15
21666.816
21721.816
21315.15
21597.018
21461.883
21042.617
21313.35
21115.551
21104.416
20608.482
21027.084
20932.684
20326.217
19976.217
20713.084
20567.617
20385.551
20252.018
20487.35
20351.883
19996.283
19924.15
20587.482
20290.416
20090.75
19937.684
20409.217
19999.018
19789.949
19739.283
20336.949
20058.15
19822.416
19797.018
19961.482
19674.684
19250.482
18974.217
19439.684
19551.816
19449.283
19734.551
19853.217
19702.551
19133.684
19779.217
19594.416
19441.15
19420.551
19395.018
19283.416
19433.949
18950.816
18823.883
18109.018
17284.217
16468.217
15720.15
15204.35
15018.083
14972.417
15003.616
15939.55
16543.283
16791.217
17269.15
17588.617
17647.75
17782.482
17667.416
17806.551
17246.684
17224.684
16525.75
17551.416
17510.684
17270.883
17217.684
17614.949
17897.217
18027.75
17736.084
18194.816
18416.15
17998.084
18174.75
18516.018
18537.283
18506.084
18659.482
18793.416
18750.75
18503.283
18172.35
19063.018
18817.018
18722.949
18345.816
18981.217
19123.551
18916.551
19103.75
19088.416
18649.75
18815.617
18466.416
19030.084
18914.283
18797.283
18722.35
18783.684
19029.684
18629.15
19142.482
19107.283
19188.15
19143.35
18721.482
19447.482
19424.217
19011.551
19208.482
19894.551
19637.283
19388.949
19894.482
20166.883
19767.35
19556.949
19655.883
19291.15
19474.617
18934.551
19103.018
19381.15
19281.551
19269.15
19726.617
19375.684
19508.684
18859.75
18696.217
19614.883
19450.416
19294.35
19416.217
19256.35
19321.084
19378.617
19092.482
19140.018
19138.617
19102.084
19058.217
19192.949
18863.15
18970.617
18849.75
19216.816
18979.15
19038.617
18994.617
19451.551
19039.949
19055.15
18976.217
19256.816
19553.283
19502.816
19399.551
19338.75
19221.816
19078.949
19333.217
19455.816
19611.883
19581.283
19211.084
19876.883
19708.684
19653.217
19128.816
19674.949
19598.15
19352.883
19220.482
19348.684
19507.15
19640.816
19526.482
19601.084
19312.084
19394.883
19611.75
19322.15
19449.75
19326.35
19208.35
19300.15
19394.15
19149.617
19067.482
19229.15
19510.018
18516.949
19297.416
19275.283
19189.217
18536.75
18931.283
19224.084
19346.217
19133.15
19201.75
19169.551
19299.684
19011.018
18891.617
19291.617
19058.084
19114.617
18748.416
19019.35
19064.75
18730.949
18688.084
18972.416
18526.084
18567.482
18372.482
18752.416
18583.416
18239.15
18565.883
18544.15
18292.217
18441.482
18588.283
18388.283
18361.949
18132.15
18120.283
18442.482
18098.949
18251.883
17881.084
17945.35
18006.684
17869.883
17930.551
17802.416
17711.482
17650.883
17606.283
17843.416
17824.816
17719.15
16790.084
17022.416
16923.816
16745.95
16078.417
15965.55
15972.417
15558.483
14937.95
15456.75
15299.816
14467.75
14884.017
14795.283
14416.616
14541.083
14009.616
14160.217
14008.684
13657.417
13801.483
14031.417
13939.417
14079.95
12827.217
13591.75
13664.55
13228.083
13533.15
13775.884
13884.15
13636.884
14096.816
14336.483
14425.483
14641.816
15055.816
15047.616
14900.75
15021.483
14793.417
14736.75
14930.283
14911.55
14347.55
14768.884
14574.35
14240.417
13594.083
13939.55
13706.15
13420.95
13283.616
13144.35
13232.083
13024.283
12929.55
13301.083
13286.483
13188.95
13168.15
13263.283
13149.15
13022.75
12941.417
13382.483
13173.35
12866.083
13336.55
13678.217
13467.75
13171.15
13341.15
13311.483
13346.684
13298.483
13198.017
13215.483
12930.35
12391.884
12971.95
12805.017
12968.616
13110.083
12664.083
13185.684
13059.684
12307.884
12591.217
12801.616
12621.55
12675.35
12958.55
13053.15
13061.15
13264.684
13183.95
13315.55
13102.283
13073.35
12736.75
12994.95
13107.884
12821.15
12872.684
13098.884
13065.35
12810.483
13271.217
13340.75
13479.35
13051.816
13330.95
13442.017
13447.55
13639.55
12923.616
13435.417
13312.283
13510.55
13139.684
13788.15
13530.816
13667.483
13291.217
13867.55
13795.483
13464.217
13267.75
13459.417
13219.616
13123.55
13364.283
13307.217
13167.217
12812.884
12801.616
13037.483
13190.616
13028.083
13215.55
13177.884
13012.616
12813.283
13033.35
13131.35
12999.616
13325.684
12689.483
13034.884
13310.417
13229.483
12935.95
12967.616
12507.35
12239.15
12669.75
12590.217
12645.15
11828.083
12359.417
12668.017
12569.35
12264.283
12598.283
12828.75
12422.083
12570.684
12438.884
12662.55
12279.884
11999.55
12004.017
12331.083
12270.083
11843.083
12136.083
12142.35
12264.417
12080.017
12151.75
12227.483
12094.017
11883.017
12115.15
12282.616
12164.55
12058.283
12390.083
12119.15
12190.483
12129.684
11923.616
12116.417
12073.55
11889.616
11784.283
11807.083
11893.616
11604.483
11506.017
12002.684
11992.884
11693.017
11724.417
11966.483
11990.616
11564.55
11626.15
11828.55
11624.95
11387.884
11790.483
11744.283
11529.15
11781.083
11537.017
11625.017
11536.75
11260.616
10900.15
11575.616
11267.616
11462.283
11292.283
11367.15
11190.283
11154.684
10992.017
11324.283
11216.017
11107.017
10835.95
11100.55
11146.217
10979.55
10927.217
11180.884
11164.417
10617.15
10818.017
11096.35
11051.017
10361.816
10532.083
10967.217
10909.417
10826.816
10505.017
11040.616
10927.15
10817.684
10587.15
10729.616
10568.35
10418.417
10580.417
10745.483
10535.55
10359.35
10450.816
10894.95
10875.684
10639.35
10376.75
10456.417
10593.816
10406.483
10233.283
10572.55
10461.283
10442.35
10144.95
10311.017
10420.217
10362.55
10207.217
10384.35
10166.483
10639.35
9912.15
10352.884
10274.017
10049.75
9610.55
10326.816
10295.55
10276.75
9984.15
10104.816
9920.616
10043.283
10170.55
10435.75
9652.417
9936.083
9741.75
9964.35
9359.816
8857.95
8210.55
7895.483
7005.683
6123.75
5450.817
4761.483
3956.283
3524.017
2839.35
3139.283
3028.15
2758.817
2976.95
3893.683
4112.282999999999
4170.417
5181.483
5782.35
6121.15
6463.95
5810.017
6541.617
6141.483
5950.483
5602.683
5351.683
5425.883
5110.55
4889.883
5270.75
5343.283
5322.083
5142.817
5873.683
5652.35
5718.283
6355.617
6399.417
6672.15
6348.75
6870.883
7036.817
7062.35
7071.483
7333.75
7613.95
7675.95
7237.75
7516.217
8065.483
8084.083
7695.283
8193.017
8457.217
8584.35
8511.75
8567.95
9054.217
9020.217
8433.283
8550.616
9263.35
9365.816
9158.35
8886.55
9435.417
9251.017
9049.884
9052.816
9523.15
9331.816
8443.816
9336.417
9485.483
9574.217
9234.017
9013.75
9542.083
9418.616
9254.616
9178.017
9349.816
9436.35
9013.15
8856.15
9755.616
9339.684
9146.75
9187.35
9487.75
9403.017
9271.884
9225.75
9456.75
9424.684
9226.55
9206.417
9514.55
9489.083
9345.35
9227.684
9554.75
9478.55
8913.55
9148.55
9436.417
9336.483
8983.884
8920.017
9309.616
9187.816
9241.95
8979.217
9272.417
9392.616
9062.95
8612.816
9406.616
9304.35
9272.483
9116.684
9608.15
9332.15
9169.283
8925.684
9403.417
9198.417
8763.75
8588.483
9256.283
9203.483
9185.684
8575.083
9307.35
9156.15
9022.95
9089.816
9277.017
9260.283
9036.684
8997.417
9510.816
9328.75
8460.35
8803.417
9390.083
9145.017
9119.483
9006.55
9374.55
9265.15
8797.017
8603.616
9179.75
9050.017
9015.884
8873.75
9191.616
9189.35
9015.55
8564.083
9241.55
9182.483
8850.15
8522.083
9116.55
9237.816
8903.35
8834.95
9176.483
8825.417
8768.283
8901.217
8891.55
8836.35
8676.55
8509.483
9063.75
8907.217
8541.616
8474.15
8931.75
9066.417
8364.15
8441.483
8932.15
8834.616
8878.283
8632.217
8838.017
8754.75
8692.616
8378.884
9019.816
8787.684
8468.884
8458.15
8836.884
8751.616
8562.283
8073.616
8726.483
8630.283
8509.684
7997.75
8774.883
8606.15
8073.35
8519.683
8579.283
8507.75
8057.483
8158.217
8327.883
8461.75
8189.55
8170.75
8442.883
8211.817
8188.217
7989.817
8294.617
8346.082999999999
7828.55
7805.083
8292.35
8266.95
7956.55
7914.95
7960.883
8169.417
7689.15
7873.15
7934.617
7958.017
7786.483
7578.35
8136.217
7983.283
7616.483
7258.017
7842.483
8009.283
7813.35
7516.683
7865.283
7808.883
7121.217
7549.483
7967.75
7604.817
7423.083
7497.617
7733.683
7778.883
7378.55
7264.883
7644.217
7778.15
7568.95
7458.483
7783.15
7578.483
7276.283
7028.817
7613.55
7452.817
7693.95
7193.95
7695.55
7635.15
7119.817
7189.617
7674.417
7502.217
7302.417
7365.883
7633.417
7558.683
7131.35
7102.083
7692.483
7427.95
7287.883
7335.483
7563.75
7439.483
6974.217
6865.483
7245.483
7181.55
6688.017
6813.683
7259.017
7118.683
7301.217
6950.017
7299.283
7172.617
7369.617
6981.883
7233.483
7127.35
6793.35
6763.15
7214.683
7084.15
6609.35
6098.817
7037.75
7075.883
6605.35
6821.417
7061.083
6829.75
6693.75
6654.617
7011.617
6820.75
6621.617
6284.683
6870.95
6907.017
6196.55
6353.283
6926.417
6697.617
6465.417
6242.55
6843.617
6829.75
6732.483
6306.083
6897.883
6818.75
6756.217
6618.283
6824.95
6681.95
5455.483
5954.283
6706.083
6791.817
6419.883
6144.15
6651.617
6782.283
6129.683
6125.617
6550.217
6516.15
6044.95
6084.617
6581.083
6532.15
5892.15
5880.483
6404.417
6375.35
6113.083
6118.817
6338.617
6266.217
5851.95
6239.683
6331.55
6347.083
5822.217
6063.683
6423.417
6202.283
5741.95
5656.483
6238.15
6240.55
6071.55
5532.55
6298.75
6172.75
5494.683
5616.483
