250.067
46.85
-147.4
136.383
427.867
116.85
184.133
216.383
221.0
240.983
103.2
-195.35
195.13299999999998
191.183
-5.399999999999999
-55.017
330.067
-22.083
36.333
346.383
402.66700000000003
157.85
443.867
131.917
258.867
178.45
195.867
-146.35
182.667
181.65
304.4
-1.5499999999999972
259.467
170.983
217.46699999999998
6.317
534.067
452.517
71.267
-87.61699999999999
218.6
100.317
-32.8
153.983
177.6
219.45
119.267
215.583
199.0
220.317
-58.6
9.850000000000001
581.333
251.05
-40.6
-276.55
408.933
420.383
9.799999999999997
12.383000000000003
357.467
408.317
363.733
204.517
388.267
340.117
137.267
301.517
371.4
369.383
308.8
-165.35
420.533
258.117
10.933
52.383
356.067
158.183
110.733
48.25
276.0
473.117
176.8
47.117000000000004
208.53300000000002
321.983
9.667000000000002
-15.417000000000002
220.53300000000002
183.25
468.467
-25.283
159.2
193.45
319.8
-93.35
172.867
236.583
167.067
62.583
383.267
343.317
-247.733
-0.14999999999999858
383.867
274.117
207.133
184.45
441.467
261.183
-22.467
248.78300000000002
78.333
297.117
227.933
253.117
385.8
257.517
531.267
-256.55
307.067
346.183
82.667
335.183
351.6
427.25
238.067
79.31700000000001
319.067
222.317
-89.533
83.18299999999999
313.8
283.05
113.93299999999999
-16.616999999999997
389.467
415.45
38.4
-267.617
331.8
292.783
62.133
111.31700000000001
248.267
404.45
310.0
20.85
266.733
297.783
-307.66700000000003
-157.21699999999998
280.6
189.583
149.133
-33.35
312.067
242.85
25.467
194.85
381.467
279.783
223.067
-132.55
431.2
382.717
411.067
130.183
460.0
252.45
138.267
319.183
379.66700000000003
55.583
347.33299999999997
-189.95
107.267
202.317
-15.200000000000003
336.983
564.4
394.91700000000003
146.333
-105.55
473.2
128.317
435.933
-0.8830000000000027
370.33299999999997
329.85
291.4
362.117
500.8
327.45
411.8
283.383
312.66700000000003
198.45
351.533
-373.95
365.067
335.25
150.733
119.917
120.533
301.25
452.067
165.38299999999998
225.667
286.183
91.06700000000001
-229.683
249.53300000000002
361.45
434.467
163.85
353.4
281.25
23.667
-347.41700000000003
415.267
217.78300000000002
-82.733
-10.350000000000001
237.0
170.78300000000002
-1024.933
-113.817
99.0
248.917
217.733
-91.68299999999999
546.867
382.717
239.133
43.717
236.6
210.45
-134.733
412.717
509.4
255.78300000000002
-207.86700000000002
10.383000000000003
287.6
298.717
-140.6
320.25
359.2
237.71699999999998
370.6
320.85
314.733
387.45
218.53300000000002
158.117
339.66700000000003
222.85
377.867
8.450000000000003
378.6
407.517
312.267
-96.483
210.13299999999998
294.91700000000003
57.333
-300.017
342.933
312.65
228.6
-147.083
324.067
313.91700000000003
188.6
56.25
339.133
328.517
-170.733
185.383
306.6
50.717
-171.067
134.85
247.2
189.917
295.66700000000003
139.983
241.8
490.717
72.86699999999999
141.517
356.067
513.983
362.2
143.183
199.8
260.183
74.06700000000001
469.45
328.133
180.85
-189.0
77.65
185.46699999999998
260.65
232.8
-35.883
510.33299999999997
525.85
4.799999999999997
255.383
344.533
317.58299999999997
197.133
77.38300000000001
305.067
341.05
45.6
100.983
260.33299999999997
290.85
157.6
264.91700000000003
439.0
397.783
355.467
63.85
518.267
133.317
344.0
-184.017
316.0
130.05
-142.46699999999998
233.71699999999998
288.0
142.183
490.8
337.117
315.4
199.25
570.4
20.849999999999994
321.6
215.65
-96.533
222.85
566.467
349.05
474.067
-112.417
372.2
292.25
314.933
109.583
259.8
438.183
-136.86700000000002
137.317
516.733
227.65
38.733000000000004
73.917
253.86700000000002
254.78300000000002
424.733
88.383
559.067
451.517
594.6
347.91700000000003
594.733
401.183
107.467
206.65
244.267
447.05
629.133
47.516999999999996
555.0
433.717
386.133
523.25
460.2
347.783
194.133
476.45
321.4
589.917
-54.667
98.44999999999999
383.533
355.783
374.0
208.583
694.133
376.183
530.467
352.317
493.2
462.717
492.6
117.05000000000001
819.667
283.65
390.86699999999996
326.38300000000004
667.2
331.91700000000003
505.13300000000004
377.317
377.067
621.317
521.6
395.517
357.33299999999997
599.583
385.6
193.583
700.4
503.45
382.533
319.65
317.933
405.25
512.6
387.85
617.733
506.25
282.2
205.583
359.2
455.717
352.6
234.183
575.267
163.71699999999998
438.467
163.117
378.933
267.65
445.66700000000003
527.983
404.733
159.78300000000002
473.467
662.183
146.86700000000002
577.583
419.0
460.91700000000003
474.333
438.117
273.267
624.317
789.267
299.183
307.8
892.983
524.933
726.517
94.66699999999997
278.25
734.6
548.383
653.3330000000001
717.183
240.86700000000002
203.45
314.8
280.917
821.6669999999999
637.45
122.39999999999998
598.65
481.133
706.117
743.867
561.317
478.933
827.517
101.46699999999998
388.583
493.667
643.65
943.933
863.65
784.867
703.783
494.0
583.717
623.733
528.117
194.53300000000002
400.91700000000003
760.333
581.717
855.6669999999999
395.85
902.867
788.583
892.4
700.25
852.533
766.983
359.66700000000003
811.583
691.667
585.65
522.0
659.183
655.467
776.783
676.267
438.85
768.6
530.783
491.0
346.85
823.2
701.317
637.0
684.917
795.0
557.45
578.867
488.38300000000004
776.867
809.983
708.133
466.183
967.2
684.517
729.933
703.25
836.067
713.45
206.39999999999998
618.25
673.467
717.45
744.733
912.983
1040.667
834.05
849.933
816.05
941.933
1000.917
833.067
880.25
861.333
834.983
1007.0
872.783
1254.6
756.317
354.0
628.05
847.8
1103.983
825.2
898.783
1261.133
1045.25
936.733
862.05
1084.667
1115.117
1163.667
862.583
1242.2
929.183
829.067
795.117
885.933
832.85
1168.2
522.717
892.267
982.917
1186.8
757.85
1068.733
931.317
1157.533
966.317
1069.6
1124.117
1113.867
1012.317
1307.067
841.783
1356.8
1114.917
1179.4
1093.917
992.667
1204.183
1440.667
829.05
926.467
1198.05
1407.067
1151.383
1264.533
1016.183
1088.933
984.183
1073.2
1164.317
1066.467
1331.517
1576.467
822.7829999999999
1378.467
1345.517
1252.733
1195.85
1272.333
1146.25
1085.133
1402.983
1342.533
1145.05
974.2
1090.383
1051.733
1025.583
1345.467
1203.45
1295.267
1473.183
1253.867
1375.983
1589.4
1273.65
1586.8
1406.917
1753.2
1477.45
1344.267
1579.05
1577.733
1490.583
1329.333
1472.65
1313.667
1397.183
1289.6
1500.783
1501.533
1331.717
1068.667
1357.317
1306.8
1320.517
1125.467
1063.917
1329.933
1116.383
1087.6
830.517
1494.6
1063.517
1355.867
1282.917
1389.933
1774.317
1483.133
1670.983
1485.0
1639.783
1792.867
1412.383
1650.6
1642.917
1448.533
1380.65
1674.0
1505.45
1763.0
1349.583
1599.067
1625.45
1570.733
1701.183
1631.067
1614.65
1748.467
1654.85
1750.0
1763.117
1665.733
1418.783
1733.267
1742.583
1560.933
1782.717
1887.333
1750.717
1667.533
1389.983
1899.0
1694.517
1970.0
2152.317
2159.867
2454.517
2410.533
2266.117
2209.4
2132.783
2277.467
1871.183
2436.0
2117.45
2294.067
2188.983
2465.467
1975.583
2170.2
2309.317
2232.8
2261.25
2047.533
1733.783
2292.133
2337.45
2216.333
2301.65
2429.6
2372.783
2249.333
2065.117
2463.2
2439.117
1981.667
2222.583
2223.933
2372.917
2174.067
2330.45
2522.2
2324.783
2241.6
1759.317
2106.533
2220.45
2299.8
1972.117
2380.2
2058.85
2187.2
2037.317
2056.467
1979.65
1888.133
1971.45
1962.933
2051.517
1861.867
2000.983
1815.133
1928.85
2005.667
1989.317
2254.467
2353.317
2387.133
2546.917
2400.867
2493.05
2106.467
2571.983
2327.933
2288.983
2785.467
2360.383
3030.467
2938.183
2766.8
2903.45
3484.333
2948.183
3128.8
2636.85
2880.6
2850.517
2617.8
2429.25
2544.667
2433.383
2235.067
2301.783
2759.867
2320.183
2555.8
2481.05
2921.067
2832.983
3063.267
2840.25
2776.4
2674.65
2456.8
2380.917
2575.0
2224.583
2162.6
2078.117
2196.6
2175.783
1648.133
1999.117
2026.6
1690.983
1387.867
2099.85
2045.933
2088.05
2305.333
1884.917
2646.8
2723.25
2786.0
2632.85
2739.533
2565.183
2284.6
2451.183
2408.333
2570.117
2511.933
2308.717
2854.133
2511.383
2630.6
2550.183
2729.4
2670.317
2613.8
2084.45
2674.667
2487.45
2688.4
2673.117
2551.133
2616.383
2553.933
2491.45
3100.467
3057.583
2963.933
3100.05
3248.467
3334.05
3364.0
3176.317
3500.333
3202.983
3542.8
3080.917
3517.4
3818.317
3176.8
3433.117
3603.4
3430.183
3484.533
2879.383
2933.533
2503.383
2450.867
1773.9830000000002
1843.867
1486.517
1407.0
1381.183
1839.533
1996.25
2196.267
2494.917
2674.333
2663.183
2878.6
3175.317
3405.2
3618.25
3492.933
3480.05
3703.0
3225.517
3196.667
3098.783
2888.733
2346.05
2262.733
2071.65
2058.467
2324.783
2366.0
2688.183
3248.733
3275.983
3369.133
3947.183
4162.6
4089.7830000000004
4365.867
4050.05
4707.133
4656.917
5100.733
4701.183
4669.533
5033.917
4789.267
4863.583
4996.067
4790.917
5012.8
4854.983
5434.2
5175.583
5345.067
5032.05
5519.533
5306.25
5172.533
5125.117
5666.667
5449.783
5440.2
5259.717
5418.067
5023.383
5141.4
5286.917
5379.133
5703.783
5471.867
5515.717
5539.8
5353.183
5122.733
4878.917
5181.333
5336.25
5551.333
5399.917
5317.667
5342.183
5373.533
5184.85
5315.067
5243.25
5111.733
5136.383
5593.8
5374.65
5439.733
5239.25
5372.2
5515.85
5364.8
5687.583
5699.067
5669.717
5708.933
5800.517
5799.6
6106.85
6245.133
6082.45
6006.6
6047.783
5620.267
5175.583
5448.533
5415.85
5427.0
5288.183
5447.4
5623.117
5615.4
6055.317
6031.933
6453.583
6358.6
6402.65
6398.267
6707.517
6128.267
6250.183
6704.067
6224.383
6322.533
6454.25
6485.667
6349.783
6828.4
6247.117
6597.2
6537.583
6444.8
6221.117
6529.8
6386.65
6491.667
5984.25
6508.4
6385.65
6238.733
5942.05
6429.467
6613.317
6763.667
6411.583
6682.2
6720.917
6609.267
6607.85
6573.533
5846.05
6301.333
6262.117
6408.133
5947.65
6467.8
6203.383
6438.733
6203.583
6151.733
6416.317
6509.667
6446.917
6511.733
6272.85
6178.867
6143.117
5662.533
5874.917
6537.667
6131.117
6302.2
6458.583
6771.0
6762.183
7028.467
6667.117
6871.4
6882.45
6879.867
6556.717
6604.867
6100.983
6315.333
5674.717
6286.867
6387.85
6091.6
6029.783
6667.6
6641.583
6227.6
6283.383
6849.667
6966.25
6806.6
6609.383
6734.333
6776.117
6667.4
6584.917
6758.067
6648.383
6844.2
7079.383
6779.333
6981.45
7196.467
6466.983
6754.133
6634.117
6293.067
6635.05
6013.0
6276.983
6143.133
6868.117
6910.867
6739.783
6701.533
6386.05
6720.667
6606.383
6995.2
6632.783
6507.333
6063.783
6110.533
5927.983
5661.2
5563.05
5252.067
5217.317
5200.467
5166.317
5492.533
5712.317
6374.733
6701.317
7325.0
7369.917
8095.333
7424.85
7232.467
7454.717
7396.6
7351.65
7939.0
7862.717
8068.6
7939.383
7952.0
7348.383
7204.4
6936.183
7224.267
7009.45
7989.067
7468.317
8031.6
7941.85
8204.267
8194.383
7914.067
8530.983
8485.733
8932.583
8894.267
8945.25
9094.267
9381.25
8641.2
8847.517
8506.667000000001
8585.65
8587.8
8858.05
8629.267
8441.917000000001
8101.267
8048.317
8277.267
8022.783
7328.2
8007.05
7881.267
8260.717
8512.066
8477.983
9167.533
8859.717
8680.8
8855.05
8903.0
8748.45
8678.066
8629.184
9155.934
9408.517
9455.8
9126.917
9279.267
10409.65
9594.467
9536.517
9742.934
9298.85
9643.733
9619.316
10173.2
9804.25
9355.066
9650.384
9838.6
9690.517
9306.6
9153.184
10083.866
10370.05
10031.6
9656.65
9928.467
9682.65
9567.934
8910.983
9763.6
9679.85
9330.6
8904.25
9350.4
9574.85
9518.333
9240.583
9970.4
9990.184
9681.733
10014.65
10130.0
10589.25
10175.267
10026.384
10513.2
10075.25
10261.467
9687.85
10057.333
10515.25
10079.667
10301.983
10314.6
10106.45
10238.2
10475.717
10927.8
10688.316
10700.467
10715.116
10754.667
10995.45
11349.733
11017.116
11024.2
10681.717
10713.333
10319.384
10777.6
10415.384
10800.533
10195.384
10006.733
10143.25
10060.333
9831.517
10445.333
9973.65
9984.6
10014.384
10096.134
10132.783
9944.066
10423.917
10903.066
11068.65
10483.733
10382.917
10572.134
10137.517
10670.8
10326.184
10882.934
10910.116
11061.0
11083.25
11298.8
11417.85
11075.934
10571.384
11828.6
11426.917
11315.333
11411.184
11713.066
10872.783
11314.467
10762.783
11557.066
11407.45
10951.934
11215.184
11633.667
11316.05
11516.4
12038.917
11743.4
11269.116
11248.467
10997.384
11008.267
11289.783
11656.4
11759.983
12188.934
12271.917
12528.733
12235.184
12298.733
12563.316
12323.0
12222.316
12391.934
12442.316
12604.0
12353.45
12945.267
12778.85
12840.333
13161.717
13042.0
13000.517
12604.333
12799.517
13039.6
12678.45
12538.866
12505.783
12982.0
12779.783
13480.467
12942.384
12725.733
13041.783
13138.066
13632.45
13664.6
13720.184
13236.733
13480.05
13208.4
13319.384
13103.2
13241.517
13621.866
14744.717
13782.4
14276.783
14523.333
14605.85
14032.333
15180.717
14755.267
15020.05
15455.267
15959.316
15073.866
15561.384
15100.934
15366.517
16541.467
15526.717
15495.467
14883.184
14986.066
15052.85
15577.533
15409.116
15744.866
16316.583
15814.667
16447.85
16878.133
17329.916
17375.467
17469.184
18053.334
18527.25
18093.133
17130.982
17797.801
17832.051
17405.732
17623.783
18210.066
18097.85
17964.533
18374.316
18806.268
18254.717
19354.934
19676.717
19503.533
19018.717
19926.934
19752.584
19764.133
19562.518
19862.533
19862.717
19774.0
19879.85
19474.467
19744.051
20469.0
20924.051
21256.6
21356.717
22437.801
22621.25
22219.467
22790.717
22790.334
22479.25
22562.801
21754.717
22604.467
21984.449
21781.666
23053.316
23469.268
23705.449
23829.467
23871.65
24486.467
23836.184
24010.867
23571.051
23842.133
23987.051
23544.6
24109.65
24764.0
24899.916
25069.467
25173.051
25541.334
25492.584
25214.268
25372.584
25287.867
25386.051
24807.666
25301.584
25434.268
25519.117
25832.199
25355.982
25462.334
25574.25
25614.801
25539.65
25775.467
26048.982
25678.0
25777.117
26059.533
25924.117
25143.4
24791.25
23483.666
22645.051
21913.334
21637.85
21629.133
21926.584
21801.934
22905.717
24025.666
24409.051
24919.934
24852.85
25120.6
25832.25
26586.066
26150.518
26784.867
26727.449
26566.666
25860.25
25747.0
25940.717
26396.066
26550.783
26902.066
27403.051
27996.066
28432.65
28570.533
28624.783
27902.066
27947.916
27632.867
27858.316
27888.934
27813.383
27936.199
27460.316
27117.199
26991.184
26559.533
26577.982
26952.666
26624.25
27810.934
27868.916
28096.666
28609.051
28774.732
28137.383
28425.666
27956.65
28086.133
28320.717
28582.533
28945.65
29716.467
29529.916
30014.268
29587.383
29714.467
29294.982
28759.334
28934.316
28825.666
29041.916
28841.4
28985.383
29474.066
29727.184
29265.199
29388.783
30376.934
29830.783
30181.4
29429.65
30107.199
29694.65
29045.666
28633.184
28327.867
28266.184
28550.934
28758.85
29045.4
29992.916
29574.934
30380.383
29964.732
29955.383
29808.666
29517.584
29268.334
28977.316
28337.533
28463.916
28570.867
28382.383
28597.268
28510.449
28289.268
28473.982
28325.801
28343.316
28769.4
29158.383
29055.467
29338.316
30023.066
30109.518
30009.199
30362.85
30204.867
30079.25
29514.867
29171.65
28829.066
29010.982
29365.6
29119.518
29872.666
30028.783
30589.533
30770.383
30745.199
30638.916
31268.334
31539.316
32012.0
32057.916
31845.732
31717.916
31496.199
31475.316
30938.467
30836.117
30909.801
30889.916
30603.6
30647.518
29915.867
30408.518
30043.066
30394.117
30357.133
31078.65
31405.6
31901.85
32217.6
32409.25
31624.268
31752.184
31373.4
31426.383
31712.4
31408.783
31470.6
31110.051
31400.801
31679.982
31771.801
31895.117
31830.467
32308.85
32698.867
33301.785
32723.467
32566.982
32066.666
32078.518
31490.6
31493.383
31435.533
31219.584
31752.066
31844.051
30097.801
31337.518
31323.6
31077.85
31216.199
30999.584
30934.0
31082.184
31624.801
31861.117
31906.4
31785.717
31931.732
32445.916
32577.0
32818.051
32547.066
32177.316
31155.666
29901.316
29290.0
28185.184
26923.4
26500.117
27140.467
27886.783
29697.4
30152.85
29641.199
29724.783
29957.867
29378.65
29871.199
29392.184
29005.801
29694.916
30618.666
31363.117
31253.666
31572.783
31835.732
32108.316
32850.334
32414.25
32312.467
32435.051
31650.934
32175.449
32567.6
32633.85
32326.268
33169.717000000004
33472.934
33418.648
33395.398
32891.984
32875.6
32575.65
32824.133
32547.316
32011.801
31816.316
31366.732
32168.449
32802.732
33420.383
33120.801
33693.852
34510.133
34721.25
34166.199
33849.25
34188.801
33709.918
33606.801
32978.984
33672.801
34041.785
33583.398
33434.648
33153.6
32316.85
31789.801
30528.518
29697.0
29406.184
29533.801
29824.518
30219.066
31113.783
31275.533
32295.25
32569.533
32638.117
33177.0
33299.051
33662.266
33820.918
33948.535
34308.449
35025.867
34471.984
34206.535
33534.582
33443.266
33353.184
33247.398
33173.316
33241.602
33783.051
34693.535
34636.449
34690.332
34694.984
34622.867
34328.383
34421.801
34467.984
33451.0
33033.383
32744.199
32282.717
31577.4
31177.184
31553.867
31713.117
32167.4
32419.783
33029.066
33068.852
32834.602
32692.184
32999.268
32668.518
32351.732
32490.051
32887.867
33311.582
33370.602
33438.785
33861.398
34291.184
34268.199
34320.051
34086.066
33984.25
33466.465
32818.582
32715.867
31948.184
31093.334
32205.051
32038.133
32316.982
32529.199
32996.117
33113.465
33400.449
32967.4
32958.449
33348.465
32941.25
32872.268
32650.85
32670.467
32356.982
31833.0
31451.982
31583.6
31691.117
31244.533
30661.982
31001.867
30822.85
30653.0
30611.783
30940.867
31126.449
31259.066
31650.65
31793.467
32163.117
31867.0
31730.25
32174.066
32087.916
31112.066
31753.316
31471.066
31502.982
31622.0
31127.518
31216.268
31889.518
32090.732
32368.051
32288.6
32361.982
32330.867
32115.117
32542.133
32115.717
31670.732
31631.449
31884.268
32294.783
32409.467
31770.518
31975.334
31895.584
31377.268
31636.85
31841.666
31666.65
31557.4
31702.65
31513.133
31778.383
31214.6
30976.051
31035.801
30920.383
31101.066
30685.051
31520.801
31580.982
32057.0
31472.85
31675.6
31726.65
31901.467
31789.316
31601.066
31817.783
31829.199
31554.65
31630.867
31716.85
31323.467
30968.85
31360.801
31439.916
31595.4
31472.65
31685.533
31682.316
31506.066
31853.117
31949.801
32196.316
31473.533
31081.65
31351.533
30886.982
30928.133
30768.184
31299.4
31659.117
31469.801
31309.85
31622.268
31581.117
31831.666
31650.383
31816.268
32009.982
31925.133
31828.051
32033.334
32027.184
31952.467
31859.316
31283.533
31509.584
30676.732
30985.584
31163.666
31114.316
30831.0
30916.25
30904.199
30771.316
30790.732
31149.584
30820.467
31298.65
31103.732
31132.518
30718.4
30373.65
30057.133
30251.184
29990.533
29972.982
29630.732
30171.783
30342.066
30350.982
30256.934
29819.117
30801.934
30977.783
31207.066
31262.184
31723.867
31932.85
31273.334
31189.717
31064.4
31027.184
30263.801
30463.65
30677.066
30640.717
30865.133
30814.117
31241.133
31112.916
31172.0
30975.518
31310.4
31001.518
30761.867
30234.518
30928.467
30963.65
30238.199
30945.584
30735.268
30948.184
31120.199
30665.117
31002.334
30665.117
30003.066
29559.051
30078.066
29896.25
29552.268
29982.316
30050.066
30847.316
30567.133
31087.783
31313.334
31017.65
30895.334
31268.584
31500.066
31127.316
30656.801
30521.65
30511.066
30107.051
29928.666
29781.65
30378.934
30429.383
30372.934
30260.584
30910.0
30892.518
30619.467
30285.383
30409.066
30021.449
29452.934
29055.982
29259.533
29212.783
28916.732
29152.982
29485.0
29939.316
30051.6
30083.25
30406.732
30517.051
30838.467
30694.916
30930.199
30732.982
30543.6
31058.65
30541.6
30937.518
30630.934
30252.383
30805.666
30722.717
30907.6
30509.383
30477.133
30369.184
30414.934
29856.65
30123.133
29841.85
29801.066
29928.316
29766.666
29508.383
29541.199
29325.117
30077.867
30288.518
29587.199
29693.982
30219.199
30072.184
30040.334
30457.783
30118.801
29820.25
29741.066
29085.184
29529.801
28872.184
29042.0
28956.783
28911.934
29386.85
29099.867
29382.982
29401.6
29285.25
29647.133
29590.584
29831.0
29737.316
29299.533
29353.25
29640.4
29741.518
28994.867
29345.25
29562.801
29558.25
28956.467
29363.982
30027.6
29613.982
29359.199
30113.25
30170.066
30099.117
29814.268
29427.316
29986.732
29561.85
29736.732
29736.783
29558.533
29652.316
29566.6
29327.518
29698.268
29474.316
28841.0
29016.449
29334.467
29184.916
28626.0
28650.117
28457.867
28317.982
28207.133
27780.982
28373.268
28400.584
27998.801
28857.916
28728.268
28933.916
28854.533
28557.316
29100.732
28856.383
28559.6
28073.184
28542.133
28727.25
28020.268
27329.783
26813.268
26245.916
25821.199
25294.117
25035.268
24539.316
24159.934
25082.184
25517.533
25505.184
25995.467
26574.717
27520.199
27243.916
27597.666
27517.25
27495.801
27683.316
27305.6
27114.383
27289.6
27267.383
26919.0
26864.584
26982.6
27203.383
27135.934
26839.051
27291.6
27095.051
27158.133
26993.117
27385.334
27326.783
26940.334
27414.117
27283.934
27037.783
26759.867
26436.584
26567.199
26523.783
26528.199
26693.518
26537.199
26885.518
26920.334
26717.982
26987.199
27350.783
27071.268
26822.449
27123.4
27203.449
27177.934
27225.982
27144.334
26786.449
26632.467
26591.25
26836.801
26737.117
26045.732
26447.449
26387.334
26586.383
26482.268
26291.316
26429.732
26495.916
26848.6
26337.25
26556.133
26845.184
26272.6
26553.85
26525.066
26523.316
26012.268
26169.65
26145.199
26131.518
26215.732
26134.184
26088.732
26061.449
25574.4
25877.184
25690.666
25962.982
25523.801
25834.117
26335.533
25968.383
26361.666
26317.383
26265.801
26592.783
26340.467
26396.717
26439.334
26381.518
26611.801
26355.383
26541.867
26282.717
26521.867
26286.783
26757.4
26190.184
26274.467
26007.916
26312.133
26393.518
26049.268
25844.717
26018.334
25927.584
25993.732
25983.316
26112.199
26159.584
26106.6
26041.783
26033.801
25741.916
25449.934
25297.783
25540.732
25138.25
24861.801
24943.982
25365.934
25328.184
24895.6
24929.916
25281.6
25124.783
24778.666
24618.25
24919.732
24816.85
24450.334
24006.383
24359.6
24449.85
24435.0
24585.117
24564.732
24591.65
24067.199
24262.184
23970.533
23954.383
23255.133
23191.783
23248.467
22903.584
22933.533
22262.717
22683.867
22393.916
21964.199
21295.783
21235.4
21438.316
21299.732
20772.25
21076.199
20910.316
21125.666
21180.85
21732.133
22008.65
22612.732
23152.184
23299.066
23366.916
23398.4
23643.117
23506.066
23165.584
23247.867
23063.717
23344.066
23051.184
23363.533
23376.184
23678.732
23566.051
23763.268
23626.051
24097.467
23923.584
23700.533
23958.25
24270.467
23963.25
23794.4
23587.584
23929.867
23860.982
23576.666
23587.916
23694.268
23691.449
24061.268
23242.982
23768.6
23810.184
23823.6
23644.584
23894.867
23709.449
23420.0
23393.783
23551.666
23712.051
23083.934
23018.383
23201.467
22985.449
22916.6
23112.383
23227.066
23017.518
22846.199
22639.783
22641.6
22667.65
22793.133
22740.316
22751.732
22669.25
22651.199
22559.316
22538.066
22537.518
22336.6
21852.051
22270.934
21841.783
22008.666
21920.584
22086.533
21854.383
22039.467
21910.783
21949.867
22270.982
22055.066
22362.65
22237.0
22397.916
22203.4
21702.982
21875.199
21645.717
21565.666
21733.449
21638.6
21629.916
21575.533
21499.85
21910.467
22339.383
21917.334
22397.584
22517.066
22246.982
22358.666
22118.584
22404.066
22459.316
22595.533
22712.518
22786.934
23080.117
22960.801
23268.982
23567.666
23829.982
23318.0
23218.65
23548.199
23908.584
23753.4
24206.916
24374.533
24704.383
24478.6
24564.184
24549.4
24368.584
23794.867
23001.584
22579.801
22232.85
22051.199
21829.051
21717.867
21663.65
21632.467
21426.982
21685.199
21595.184
21602.467
21485.717
21947.4
21642.051
21566.4
21280.916
21388.467
21515.584
21137.133
21398.316
21317.801
21485.783
21455.199
21560.584
21628.867
21801.117
21417.199
21562.316
21927.533
21705.051
21229.6
21528.982
21888.666
21689.316
21332.199
21591.117
21878.0
21365.25
21755.6
21119.85
21442.066
21187.449
20984.801
21166.584
21031.533
21049.051
20890.4
20354.916
21062.4
21121.518
20848.801
20781.584
21027.334
20826.85
21179.867
20641.65
20808.6
20851.65
20963.199
20985.316
21114.268
20811.783
20960.4
21046.316
21360.867
20942.584
20522.467
20566.783
20825.199
20952.051
20689.6
20760.25
20742.934
20926.051
20671.732
20662.584
20753.066
20676.316
20309.801
20111.783
20734.334
20487.316
20022.533
19993.184
20457.268
20046.85
20025.666
20115.117
20342.268
20078.449
19085.801
19803.65
20269.334
19804.65
19816.867
19421.85
19726.133
19775.316
20030.801
19971.25
19898.732
19643.051
19679.732
19670.982
19275.801
19135.449
18704.867
19010.85
18650.199
18999.383
18550.4
18583.184
19755.666
19527.783
19476.334
20068.717
19887.666
19951.916
19530.066
19318.25
19139.732
19202.449
18957.268
18996.916
19122.0
19191.982
18830.934
19041.117
19670.133
19253.65
18751.268
19089.25
19402.0
19396.783
19134.133
19240.85
19395.467
19050.584
18805.533
18423.316
18897.666
18476.117
18420.334
18024.65
18105.801
18194.65
17626.334
17188.916
17246.934
16102.184
15577.0
14860.583
15089.467
15082.25
15150.333
15302.116
15898.667
16623.917
16947.732
16923.783
17116.666
17683.982
18127.867
17996.449
17721.867
18115.184
18041.867
18153.916
18137.0
17797.117
17491.467
17362.316
17832.934
17696.25
17336.133
17931.184
17865.0
18010.383
18169.867
17960.051
18120.467
18055.051
17848.199
17935.051
18029.666
18196.117
17803.467
17797.184
18177.066
18260.518
18152.133
18189.383
18330.199
18350.316
18206.0
17691.449
18198.6
18123.65
17826.666
17639.316
17948.732
18028.518
17856.199
17493.783
17701.334
17964.717
17393.6
18020.85
18168.867
18074.316
18477.334
18223.449
18301.334
18264.584
18095.268
18198.65
18188.268
18142.982
17804.6
17880.518
17964.867
18007.85
17907.666
17957.916
18164.066
18165.982
17889.867
17663.65
17965.133
17872.783
18061.4
17644.449
18179.867
17963.25
18133.732
18081.717
18208.666
18139.051
17716.533
17419.982
18043.801
17885.982
18064.0
17644.184
17615.199
17697.916
17611.199
17931.982
17727.334
17673.982
17186.268
17178.051
17362.6
17549.584
16773.533
17044.783
17322.334
17300.383
17075.467
16940.85
17343.934
17286.25
17018.467
17161.383
17283.467
17447.117
16767.199
16967.117
17437.066
17476.383
17151.268
16990.449
17151.867
17366.717
16980.268
16999.783
17162.268
17070.383
16555.0
16891.383
16910.334
16709.584
16665.6
16759.449
16537.533
17160.449
16625.801
16506.117
16675.0
16696.316
16570.267
16070.05
16557.866
16602.116
16334.733
16052.517
16522.733
16416.184
16304.267
15789.384
16353.333
16363.65
16303.2
16330.45
16003.533
16289.184
16155.733
15748.783
16046.8
15865.05
15893.866
15410.316
15862.4
15769.316
15191.2
14870.384
15640.733
15444.583
15294.0
15206.116
15423.8
15284.717
14966.2
14920.05
15556.733
15258.583
15090.2
14931.25
15418.0
15049.384
14829.866
14773.783
15345.934
15165.517
14925.4
14873.05
15084.134
14812.184
14442.0
14143.05
14645.866
14695.983
14641.4
14913.85
15044.0
14872.384
14305.267
14933.65
14709.667
14656.65
14629.8
14527.65
14491.8
14593.917
14146.866
14140.116
13622.333
12983.85
12270.733
11586.65
11223.467
11110.783
11018.8
11005.85
11852.066
12303.517
12492.267
12907.583
13169.733
13196.05
13331.8
13245.983
13368.733
12837.85
12866.2
12133.384
13174.866
13090.116
12841.333
12777.25
13163.6
13415.45
13476.134
13211.25
13605.066
13810.783
13472.934
13522.917
13905.934
13892.45
13940.866
14030.25
14143.4
14092.917
13860.733
13482.65
14359.0
14079.583
14023.733
13582.783
14278.134
14354.583
14105.2
14281.384
14355.0
13911.65
14027.6
13711.85
14275.4
14142.783
14009.6
13971.583
14033.6
14256.384
13846.934
14392.05
14329.2
14385.517
14316.667
13903.05
14620.934
14603.116
14203.467
14352.717
15039.6
14780.45
14555.267
15013.583
15267.4
14945.45
14702.134
14871.85
14565.333
14712.384
14178.333
14351.917
14642.6
14522.983
14490.267
14907.25
14521.467
14645.983
14007.733
13891.45
14772.866
14596.783
14443.533
14620.983
14475.667
14567.917
14661.467
14349.184
14396.667
14402.517
14361.934
14256.517
14492.667
14159.316
14295.4
14139.316
14529.8
14262.25
14395.533
14333.717
14725.866
14284.116
14361.733
14230.983
14536.267
14747.917
14803.267
14662.316
14601.6
14468.45
14363.333
14575.783
14730.667
14834.783
14817.8
14403.917
15028.333
14895.85
14845.533
14334.384
14916.267
14820.583
14615.533
14481.316
14645.667
14760.983
14894.8
14786.717
14914.467
14607.316
14714.866
14880.184
14637.0
14707.65
14662.2
14447.25
14575.467
14707.65
14446.0
14387.983
14527.0
14797.583
13908.934
14622.384
14679.267
14628.384
13945.733
14285.45
14619.134
14689.517
14569.267
14589.05
14568.8
14678.717
14365.533
14311.583
14707.866
14426.05
14538.533
14241.65
14480.0
14507.583
14233.0
14142.384
14450.733
14086.783
14100.134
13928.85
14278.267
14117.983
13822.934
14139.517
14132.4
13896.85
14009.866
14135.517
13962.866
13940.316
13728.066
13725.65
14025.667
13730.116
13855.667
13540.85
13633.333
13701.85
13580.8
13651.05
13479.467
13433.983
13359.134
13341.116
13558.667
13515.25
13474.467
12582.517
12883.267
12799.717
12600.066
12017.384
11909.134
11955.45
11590.267
10965.583
11511.667
11391.517
10605.333
11041.316
11011.934
10687.517
10838.8
10357.184
10543.8
10385.983
10119.0
10230.184
10484.333
10319.05
10516.333
9254.517
10080.8
10123.45
9668.0
9977.917
10268.667
10349.316
10120.0
10570.717
10811.6
10849.65
11043.4
11379.983
11394.0
11254.65
11350.0
11164.983
11162.6
11328.917
11315.533
10791.116
11223.667
11051.85
10730.6
10138.983
10510.4
10325.983
9970.6
9929.783
9821.533
9899.783
9730.467
9579.316
9995.733
9971.316
9854.066
9816.517
9924.066
9800.517
9706.934
9621.85
10049.667
9856.583
9531.4
9929.65
10353.533
10133.517
9875.667
10010.45
9980.733
10049.983
9967.866
9848.316
9941.934
9689.184
9133.934
9676.184
9568.467
9713.517
9816.667
9397.717
9965.066
9811.783
9137.866
9419.384
9627.934
9472.85
9516.934
9708.316
9881.866
9820.917
9966.934
9938.783
9997.733
9877.116
9837.2
9542.45
9774.667
9905.316
9619.934
9632.45
9893.733
9820.116
9559.267
10055.717
10092.333
10252.783
9832.866
10052.517
10233.667
10185.05
10408.066
9712.917
10225.267
10090.116
10302.533
9860.917
10570.934
10284.316
10456.134
10087.917
10613.267
10566.45
10243.267
10058.184
10262.2
10081.917
9984.533
10211.783
10138.733
10012.45
9717.934
9695.316
9934.0
10084.05
9928.267
10115.583
10089.467
9913.583
9711.0
9916.717
10050.134
9914.917
10216.333
9608.783
9937.533
10202.917
10161.866
9880.983
9938.533
9510.116
9281.667
9732.05
9664.667
9711.316
8940.667
9464.917
9749.667
9603.917
9331.134
9663.05
9907.8
9500.116
9666.0
9522.917
9767.333
9433.184
9197.0
9166.85
9513.2
9481.25
9046.733
9335.116
9315.8
9483.05
9327.6
9355.116
9403.8
9262.384
9116.8
9328.184
9496.667
9379.116
9221.8
9524.384
9285.066
9371.983
9324.467
9124.783
9320.866
9327.316
9141.533
9012.583
9125.4
9170.184
8903.733
8769.717
9297.0
9251.65
8951.2
9004.583
9289.866
9256.983
8868.733
8934.25
9137.733
8938.85
8712.0
9121.783
9108.066
8875.05
9091.134
8903.116
8975.4
8905.25
8661.467
8267.05
8998.934
8647.184
8863.533
8699.45
8802.6
8621.184
8590.866
8431.184
8787.333
8673.116
8587.733
8276.717
8587.866
8623.85
8437.134
8401.384
8656.267
8649.384
8124.200000000001
8338.917
8631.467
8586.383
7911.6
8109.583
8504.267
8451.383
8354.6
8027.782999999999
8591.6
8489.717
8401.8
8147.05
8311.133
8150.717
8024.8
8195.517
8335.8
8159.383
7958.133
8018.117
8480.067
8450.25
8218.8
7966.85
8080.6
8214.582999999999
8039.133
7871.717
8175.4
8118.583
8082.133
7785.783
7985.0
8073.383
8030.4
7862.65
8071.4
7864.783
8264.067
7619.183
8042.533
7953.517
7744.6
7317.25
8036.733
7977.85
8021.2
7698.717
7783.733
7637.45
7778.333
7904.517
8198.4
7411.583
7724.0
7497.583
7774.667
7222.117
6830.533
6244.45
6101.333
5332.917
4616.333
4121.05
3588.933
2908.383
2584.733
1940.65
2260.533
2156.517
1873.467
2026.717
2854.467
3014.917
2939.267
3877.717
4351.867
4586.85
4883.933
4215.117
4997.133
4628.65
4479.133
4155.183
3950.067
4042.717
3752.6
3510.917
3878.6
3959.85
3921.4
3685.85
4414.733
4198.45
4229.6
4786.85
4854.667
5070.25
4725.8
5209.383
5384.467
5363.917
5358.467
5617.117
5919.067
5927.583
5449.467
5693.25
6243.067
6267.117
5815.6
6313.583
6555.0
6701.317
6570.333
6571.65
7054.067
7009.517
6406.0
6515.717
7215.8
7302.183
7103.533
6846.383
7349.933
7183.117
6985.733
6977.85
7479.067
7271.25
6411.333
7274.05
7421.0
7526.583
7182.333
6989.983
7464.8
7387.183
7203.6
7089.85
7233.733
7344.65
6953.933
6810.517
7705.933
7311.383
7121.467
7115.05
7447.067
7336.517
7206.667
7197.317
7383.267
7336.65
7176.6
7136.117
7440.4
7425.717
7257.733
7172.05
7480.733
7388.183
6854.467
7043.05
7395.333
7314.983
6966.867
6887.45
7277.667
7166.517
7221.867
6980.65
7239.4
7366.45
7064.467
6599.65
7378.533
7260.183
7260.0
7070.917
7561.6
7287.317
7122.0
6883.65
7380.667
7182.85
6738.933
6645.25
7245.4
7180.983
7193.467
6606.45
7332.8
7155.983
7028.333
7096.583
7303.067
7219.717
7072.667
6949.583
7481.6
7304.517
6478.067
6793.383
7406.2
7167.783
7159.4
6987.317
7394.267
7283.917
6839.6
6645.85
7204.867
7067.783
7039.133
6912.517
7252.8
7191.317
7058.933
6587.917
7264.733
7183.65
6845.8
6551.183
7143.867
7254.517
6964.733
6915.25
7248.933
6882.317
6862.467
6964.517
6994.4
6891.45
6762.733
6576.383
7155.467
6970.983
6632.8
6535.783
7023.133
7174.117
6471.667
6543.85
7005.867
6929.517
6974.8
6749.65
6949.2
6834.65
6796.8
6462.85
7106.333
6877.383
6616.133
6576.65
6956.333
6876.317
6690.933
6210.383
6850.2
6788.05
6665.333
6183.25
6935.4
6735.45
6263.2
6698.583
6749.533
6638.317
6240.267
6369.45
6523.933
6615.917
6396.333
6345.05
6638.2
6396.25
6398.733
6169.917
6507.0
6532.317
6095.0
6025.517
6526.733
6496.983
6203.467
6183.65
6219.933
6412.917
5966.6
6126.05
6196.133
6254.583
6072.2
5841.85
6405.6
6293.25
5903.333
5584.783
6161.067
6325.917
6137.133
5854.517
6199.533
6176.45
5504.8
5892.983
6321.267
6004.783
5827.2
5869.983
6089.8
6140.917
5749.267
5601.85
6015.4
6110.583
5945.6
5812.65
6116.8
5935.783
5629.067
5378.45
6017.067
5847.85
6056.267
5567.85
6062.733
6006.117
5491.933
5578.783
6058.2
5883.517
5693.333
5773.783
6026.6
5977.317
5566.533
5503.517
6097.733
5853.983
5712.4
5748.917
5995.6
5866.583
5450.533
5329.05
5708.933
5628.317
5169.6
5279.783
5760.533
5583.85
5754.2
5414.917
5773.6
5631.25
5843.4
5446.85
5680.4
5604.05
5241.733
5247.05
5704.867
5565.117
5132.933
4607.917
5555.067
5606.983
5150.4
5326.45
5581.933
5380.517
5216.733
5193.183
5576.667
5364.65
5188.733
4854.05
5436.8
5491.117
4756.067
4952.117
5500.667
5301.983
5046.0
4828.717
5418.667
5420.583
5312.6
4899.383
5470.2
5392.717
5345.6
5214.917
5409.2
5254.117
4054.733
4553.717
5334.133
5413.65
5037.4
4750.05
5271.933
5408.65
4739.067
4748.783
5198.2
5181.983
4699.6
4733.25
5239.2
5190.583
4544.8
4566.583
5095.133
5050.05
4775.667
4809.85
5049.733
4959.917
4544.067
4923.85
5030.067
5032.383
4509.733
4745.317
5124.933
4897.917
4461.6
4355.983
4939.267
4938.917
4789.067
4233.65
5016.867
4884.717
4223.8
4340.583
