263.16700000000003
72.233
-135.433
158.767
441.16700000000003
137.767
200.367
236.1
232.3
257.367
117.033
-164.833
190.5
220.833
23.167
-31.5
349.433
-0.1670000000000016
59.633
367.5
417.1
186.767
461.233
150.633
283.5
206.36700000000002
222.3
-115.367
192.567
202.96699999999998
325.567
24.233000000000004
281.567
197.96699999999998
237.1
23.5
557.967
470.16700000000003
81.367
-48.233000000000004
237.03300000000002
131.36700000000002
-15.766999999999996
186.7
194.1
233.7
149.03300000000002
230.433
214.767
239.433
-44.900000000000006
43.833
612.367
288.567
-17.833
-256.767
439.633
441.433
24.099999999999994
43.967
385.033
439.033
384.16700000000003
230.9
415.967
371.1
151.1
308.3
382.367
394.233
326.1
-135.233
447.1
291.83299999999997
33.766999999999996
77.233
377.367
185.36700000000002
141.7
69.233
299.767
496.433
194.567
68.567
238.03300000000002
349.033
29.5
10.433000000000007
242.36700000000002
209.36700000000002
491.7
-0.1670000000000016
182.567
219.433
346.233
-63.367000000000004
196.7
260.567
195.03300000000002
86.9
404.433
365.1
-231.1
35.167
396.7
308.233
218.03300000000002
209.233
466.16700000000003
290.633
0.09999999999999432
269.767
108.367
333.7
244.833
279.767
409.83299999999997
285.3
550.367
-229.9
324.033
370.367
109.367
367.767
381.967
458.7
257.433
104.033
339.83299999999997
244.833
-68.1
109.1
338.433
306.367
132.7
11.299999999999997
411.1
448.1
54.766999999999996
-234.5
350.3
323.433
78.7
139.96699999999998
261.033
418.767
334.233
50.233000000000004
292.967
332.367
-285.633
-143.9
303.367
213.433
155.96699999999998
-3.9000000000000057
325.5
254.833
46.632999999999996
220.9
404.83299999999997
305.16700000000003
239.767
-112.1
456.633
409.83299999999997
427.633
157.96699999999998
477.83299999999997
282.7
156.833
344.567
400.367
77.167
366.233
-161.7
141.233
233.96699999999998
2.433000000000007
357.567
593.167
423.033
160.96699999999998
-84.5
502.433
160.36700000000002
455.367
32.033
386.967
360.233
314.033
383.767
512.033
357.233
424.3
306.233
337.967
227.5
381.367
-347.767
386.633
363.9
171.167
146.9
144.433
326.16700000000003
471.567
175.167
239.9
304.567
113.433
-201.767
274.567
386.633
464.1
196.03300000000002
389.3
310.033
51.43300000000001
-321.1
436.967
246.833
-70.633
13.5
266.7
191.63299999999998
-1000.7
-88.1
123.1
271.567
248.567
-56.56699999999999
560.9
406.967
258.9
68.1
258.367
230.9
-110.433
426.16700000000003
520.033
273.1
-197.433
43.766999999999996
307.433
319.9
-119.967
351.967
385.567
256.233
390.3
339.5
321.16700000000003
415.3
242.36700000000002
175.36700000000002
365.3
250.96699999999998
399.967
33.167
393.433
435.567
333.83299999999997
-67.233
229.5
319.83299999999997
71.1
-281.16700000000003
374.7
345.9
254.5
-125.033
350.367
344.367
214.567
82.567
349.967
364.3
-152.167
203.833
334.83299999999997
72.7
-149.167
157.433
265.367
210.1
315.633
168.833
257.16700000000003
524.1
94.567
169.833
382.767
534.233
383.567
163.36700000000002
213.9
290.433
103.833
496.633
355.16700000000003
211.63299999999998
-152.3
115.7
217.96699999999998
289.5
266.033
-2.9000000000000057
537.3
562.7
31.967
291.433
372.567
355.767
234.233
114.767
340.5
394.367
78.433
138.36700000000002
295.3
338.7
183.9
317.567
478.967
446.367
414.3
124.767
570.433
198.7
409.767
-123.1
381.9
197.633
-75.1
303.567
357.967
229.833
561.967
412.9
400.7
294.3
661.833
113.767
398.433
318.967
-3.967000000000013
314.3
657.767
444.36699999999996
566.1
-14.099999999999994
473.767
402.1
415.83299999999997
221.7
371.36699999999996
560.567
-18.032999999999987
266.16700000000003
642.3
359.83299999999997
168.633
211.033
379.36699999999996
391.967
536.633
222.3
680.5
584.433
727.7
478.36699999999996
726.367
543.967
268.433
382.767
437.633
650.1
819.033
253.10000000000002
752.033
635.767
581.8330000000001
722.9
642.767
553.5
380.767
687.033
527.367
811.633
150.10000000000002
335.167
612.9
595.433
604.1
449.7
936.567
601.9
761.3
592.567
738.433
700.033
730.1669999999999
357.167
1060.1
518.767
609.967
550.8330000000001
878.1
575.8330000000001
744.433
649.967
661.7
925.5
834.233
731.5
675.9
936.833
684.8330000000001
500.5
993.7
795.967
676.9
631.233
614.767
725.1
840.167
719.1
939.433
834.167
614.7
572.567
742.5
842.5
729.633
637.633
972.9
533.033
795.3
524.033
738.7
641.367
808.3
895.9
779.433
534.9
845.833
1021.033
504.033
932.033
766.967
809.167
837.767
826.433
663.9
1031.5
1210.7
741.567
754.767
1337.5
976.433
1181.5
569.7
768.9
1248.1
1081.367
1213.767
1293.567
817.433
808.1669999999999
912.367
907.0329999999999
1420.9
1255.367
734.633
1198.5
1102.967
1317.567
1334.9
1164.9
1065.033
1418.633
691.1669999999999
984.9000000000001
1108.633
1278.3
1588.7
1553.567
1496.167
1447.433
1245.9
1361.9
1375.033
1274.833
885.0999999999999
1116.033
1449.567
1289.833
1520.833
1085.433
1583.167
1496.767
1598.367
1417.3
1558.9
1482.833
1090.1
1539.033
1396.967
1319.3
1251.7
1391.5
1353.233
1477.967
1381.167
1169.233
1485.5
1273.567
1248.5
1140.167
1595.1
1506.3
1432.7
1519.167
1611.233
1373.7
1338.833
1247.767
1503.167
1539.9
1418.367
1148.367
1651.3
1388.033
1423.7
1428.633
1558.433
1469.1
949.9670000000001
1394.567
1470.167
1552.033
1571.833
1764.233
1877.833
1699.233
1712.433
1692.033
1825.033
1893.5
1749.1
1824.767
1818.567
1838.167
2008.7
1862.233
2219.7
1704.767
1275.967
1528.9
1733.767
2035.433
1747.567
1855.233
2204.967
2020.833
1933.967
1867.5
2109.233
2173.833
2171.633
1900.033
2274.633
1971.967
1835.233
1726.3
1766.767
1676.3
1980.5
1339.033
1735.833
1870.167
2105.967
1788.9
2084.033
1981.167
2176.5
1990.767
2065.3
2130.3
2106.567
2007.233
2334.3
1907.233
2445.433
2190.433
2228.833
2134.767
2040.1
2221.967
2460.233
1844.833
1945.767
2262.633
2510.767
2239.1
2286.033
2052.233
2115.7
2004.167
2080.3
2227.167
2189.3
2524.3
2766.1
2070.767
2668.7
2649.9
2516.5
2421.833
2462.9
2336.9
2303.767
2602.567
2538.033
2333.167
2125.7
2254.967
2169.1
2153.9
2482.033
2355.9
2524.567
2747.833
2577.1
2716.7
2926.233
2684.433
2999.5
2836.767
3160.7
2922.633
2767.7
3012.3
2996.3
2905.767
2705.167
2870.1
2674.833
2748.567
2623.033
2804.633
2760.167
2569.233
2222.5
2488.3
2423.367
2431.3
2250.433
2209.567
2463.1
2212.433
2143.3
1845.7
2441.7
2013.367
2362.833
2383.433
2573.967
3075.1
2872.033
3187.367
3050.233
3229.1
3363.167
2953.433
3148.767
3071.5
2782.433
2710.433
2989.433
2853.233
3092.033
2671.433
2933.3
2979.367
2949.233
3127.9
3098.767
3157.633
3312.3
3274.967
3308.367
3304.7
3223.167
2927.633
3278.567
3332.5
3169.767
3425.167
3503.1
3378.233
3252.633
2963.5
3478.367
3373.3
3669.1
3974.633
4076.567
4428.433
4429.767
4280.967000000001
4221.7
4150.433
4255.367
3844.567
4408.1
4088.033
4247.1669999999995
4171.1669999999995
4382.767
3884.567
4056.033
4198.5
4026.1
4073.967
3851.167
3576.9
4183.367
4296.633
4152.1
4376.5
4502.967
4518.967
4393.033
4149.633
4495.767
4413.567
3890.1
4112.1
4072.567
4320.233
4192.167
4419.567
4634.833
4344.7
4215.1669999999995
3687.9
3952.233
4035.433
4092.567
3813.367
4250.633
3922.5
3941.233
3719.5
3624.3
3587.7
3499.433
3562.833
3599.5
3719.1
3481.633
3639.567
3379.833
3564.167
3708.367
3839.1
4120.433
4301.567
4415.7
4587.167
4371.167
4449.233
4007.433
4545.433
4328.3
4352.767
4872.167
4608.033
5299.567
5327.567
5254.7
5478.767
6063.967
5554.633
5679.7
5127.967
5301.567
5207.9
4765.9
4521.567
4566.9
4401.7
4211.033
4348.967
4832.633
4473.3
4762.633
4797.367
5308.433
5285.5
5418.833
5145.3
4976.5
4854.9
4458.833
4297.3
4367.567
3967.3
3823.233
3660.967
3712.767
3644.7
3053.9
3394.433
3385.167
3056.3
2708.233
3500.767
3552.167
3690.7
3999.567
3753.833
4607.833
4843.7
4932.1
4781.033
4850.367
4624.567
4244.233
4380.1
4315.1
4521.967
4482.7
4316.167
4867.5
4553.833
4737.433
4614.167
4785.167
4715.033
4638.5
4091.367
4713.7
4565.033
4709.567
4649.367
4527.033
4569.033
4607.833
4628.9
5307.567
5366.567
5380.967
5662.233
5815.967
5882.433
5869.5
5689.167
6035.033
5812.167
6199.3
5837.767
6269.967
6710.633
6004.033
6255.633
6335.1
6113.7
6080.967
5321.567
5189.9
4625.3
4352.433
3396.433
3246.167
2717.5
2522.3
2528.9
3093.167
3358.167
3731.633
4276.9
4631.7
4876.233
5173.233
5644.833
5932.567
6369.767
6244.3
6243.3
6369.3
5813.433
5679.833
5340.3
4966.233
4165.367
3841.767
3526.567
3484.3
3861.567
4032.3
4602.767
5522.3
5839.1
6064.7
6950.167
7208.767
7337.7
7760.167
7484.967
8188.833
8228.9
8634.832999999999
8350.5
8284.634
8734.167
8508.033
8539.7
8690.7
8516.566
8781.5
8596.9
9230.3
9054.033
9172.033
8945.5
9456.833
9292.9
9131.566
9220.033
9753.967
9529.9
9470.967
9246.634
9366.1
8941.7
8981.767
9215.1
9251.1
9663.3
9436.033
9542.3
9604.566
9267.3
8987.366
8774.033
8965.833
9260.233
9448.033
9333.434
9350.566
9344.033
9252.5
9130.5
9033.5
9026.233
8851.634
8949.033
9407.9
9149.833
9372.167
9043.767
9174.3
9390.1
9173.9
9568.1
9745.833
9757.9
9874.967
9949.434
10057.634
10397.167
10628.767
10470.167
10382.833
10296.5
9599.833
9069.967
9209.833
9147.833
9067.167
8983.967
9300.167
9551.033
9692.167
10344.634
10275.634
10888.566
10828.233
10867.7
10829.1
11272.767
10629.833
10787.033
11224.434
10761.1
10776.1
10997.566
10916.967
10719.7
11348.767
10844.767
11160.767
11118.1
11015.366
10736.434
11027.1
10892.366
10871.434
10269.167
10970.167
10770.967
10782.566
10371.7
10722.833
11117.033
11310.566
10988.5
11233.3
11308.233
11112.033
11122.3
11029.366
10037.366
10477.366
10500.233
10584.7
10090.566
10728.1
10530.5
10615.7
10309.767
10281.366
10644.5
10768.033
10717.767
10804.434
10554.033
10303.7
10283.3
9686.7
9940.167
10672.1
10470.167
10560.434
10961.366
11272.233
11370.3
11556.3
11183.1
11329.833
11429.566
11360.3
10921.434
10711.3
10221.967
10419.366
9645.767
10299.167
10549.566
10165.167
10195.434
11014.233
10963.434
10420.9
10455.833
11334.1
11515.9
11190.5
10994.167
11114.434
11179.634
10909.167
10828.033
11079.033
10873.3
11131.7
11459.566
11154.366
11400.767
11668.5
10784.167
11047.233
10910.967
10504.033
10803.767
10082.9
10340.5
10366.967
11359.9
11242.9
11081.9
11065.3
10614.566
10883.3
10843.967
11190.9
10805.167
10613.167
10069.366
9879.566
9562.1
9171.7
9100.9
8455.167000000001
8333.967
8346.233
8315.033
8831.3
9255.167
10192.7
10813.634
11972.033
12121.634
13174.967
12331.366
11794.3
12238.366
12105.033
11912.033
12667.767
12772.3
13013.9
12830.967
12733.033
12103.1
11605.634
11257.7
11500.1
11426.833
12728.434
12177.7
12796.434
12867.167
13182.967
13236.233
12867.7
13590.967
13778.9
14420.9
14291.634
14438.366
14679.033
15054.566
13993.434
14202.634
13534.9
13902.5
13886.634
14315.033
13719.1
13505.5
13053.167
12832.167
13112.033
12807.7
11891.634
12792.767
12622.233
13508.1
13638.767
13675.033
14599.366
14222.566
13813.033
14150.434
14150.833
13955.167
13953.1
14150.233
14534.9
15001.033
15057.566
14706.7
14859.634
16495.3
15215.3
15299.434
15503.9
14897.833
15515.9
15462.033
16077.634
15526.033
14937.967
15232.566
15504.3
15355.634
14852.3
14799.167
15896.7
16371.366
15986.833
15333.833
15698.5
15449.033
15369.967
14495.566
15394.233
15259.434
14866.9
14184.967
14796.3
15063.167
15062.767
14627.967
15689.366
15690.767
15503.5
15885.967
16049.3
16796.434
16047.1
15813.566
16436.167
15992.7
16311.7
15422.3
15744.5
16494.1
16075.5
16207.9
16243.434
15783.5
16013.5
16450.833
17100.633
16809.232
16766.232
17009.367
16816.699
17232.033
17716.166
17286.232
17176.768
16805.967
16781.301
16291.033
16738.3
16342.1
16684.566
16031.9
15589.634
15855.967
15742.767
15443.233
16014.033
15561.566
15704.9
15813.167
15729.167
15842.233
15701.967
16239.634
16713.9
17120.9
16251.9
16321.633000000002
16398.1
15816.1
16680.834
16302.900000000001
16842.699
16834.5
17217.166
17237.834
17386.967
17620.9
17052.033
16614.301
18296.367
17612.434
17591.166
17823.232
18071.633
16847.699
17575.633
16815.5
17825.232
17557.967
16793.434
17350.633
17862.434
17562.232
17683.699
18673.566
18081.033
17453.768
17263.633
17033.9
16900.301
17514.699
18204.367
18048.633
18740.768
18885.166
19294.367
18769.367
18815.699
19214.1
18979.301
18957.033
18963.1
19079.566
19496.566
19112.9
19817.699
19583.1
19713.033
20189.166
20005.633
19958.367
19487.699
19636.367
19926.5
19486.232
19336.699
19159.699
19868.566
19513.633
20628.434
19791.367
19435.5
19898.232
20051.699
20817.434
20877.1
20996.566
20392.434
20650.166
20093.232
20271.5
20039.9
20501.834
20671.834
22517.699
20788.768
21703.5
22051.699
22244.166
21673.9
22980.9
22410.434
22793.166
23491.834
24238.768
23005.633
23538.1
23024.367
23321.1
24977.301
23428.232
23605.967
22739.633
22642.232
22829.699
23486.967
23385.9
23866.5
24642.699
24016.301
24899.367
25503.301
26250.5
26238.5
26422.967
27239.301
27959.301
27244.1
25882.033
26714.9
26915.1
26144.967
26707.033
27347.232
27404.834
27196.768
27660.367
28331.633
27626.9
29155.033
29839.232
29408.699
28808.633
29937.232
29772.166
29799.633
29503.699
29870.367
30004.166
29790.367
29875.699
29455.232
29754.699
30659.367
31411.9
31863.5
32139.566
33599.434
33849.566
33205.965
33943.832
33991.301
33661.633
33778.699
32711.5
33776.102
32945.168
32819.699
34523.301
35089.234
35401.832
35489.633
35670.434
36475.301
35575.832
35808.5
35271.168
35529.367
35784.234
35266.102
36035.035
36739.168
37148.301
37247.5
37444.965
37900.367
37893.965
37261.035
37562.699
37434.766
37488.035
36823.035
37445.5
37543.965
37707.832
38179.367
37685.699
37474.699
37718.766
37737.766
37833.035
37911.965
38231.965
37964.633
38120.832
38386.434
38130.5
37005.5
36404.367
34648.367
33280.566
32257.1
31871.166
31831.967
32324.967
32317.033
33645.234
35342.102
35855.168
36509.5
36652.832
36991.234
37906.102
38908.898
38552.035
39224.035
39274.832
38905.898
38113.301
37784.434
38096.367
38669.832
38993.766
39452.5
40130.898
41062.566
41596.367
41748.102
41797.832
41017.832
40839.965
40312.434
40633.633
40667.633
40710.102
40648.965
39923.434
39519.965
39276.566
38643.301
38754.965
39084.102
38873.898
40307.035
40614.367
40963.5
41634.898
41830.301
40965.434
41196.434
40726.367
40794.5
41125.898
41515.168
41966.566
43063.234
42939.301
43478.898
42934.434
42986.434
42476.898
41716.035
41890.168
41828.832
42024.301
41800.367
42099.766
42675.5
42977.766
42485.234
42599.832
43676.699
43100.766
43525.035
42719.301
43384.5
42786.434
41830.766
41279.965
40865.367
40853.898
41093.168
41369.832
41820.965
43051.301
42738.035
43613.5
43037.5
43064.699
42845.102
42355.965
42022.766
41557.766
40906.699
41095.898
41040.832
40788.102
41034.367
40982.035
40765.367
40836.832
40740.832
40849.566
41325.898
41825.102
41796.766
42330.832
43013.633
43284.898
43256.035
43587.234
43382.898
43247.832
42486.301
41992.633
41503.633
41836.766
42176.035
41940.898
42811.566
43149.434
43739.699
44011.633
43989.434
44006.168
44901.102
45114.699
45766.301
45823.168
45528.566
45279.234
44963.434
45016.234
44271.633
44006.234
44180.301
44162.699
43785.766
43742.367
42759.367
43340.301
42950.965
43425.766
43236.168
44195.965
44704.102
45397.301
45791.699
46034.633
45108.633
45166.5
44638.434
44645.898
45011.434
44659.5
44623.035
44281.367
44659.898
45066.168
45016.234
45277.102
45285.035
45773.566
46287.434
47120.5
46264.102
46134.699
45388.766
45439.5
44636.301
44584.301
44517.301
44227.367
44857.633
44997.301
43179.367
44366.102
44273.633
43845.566
44081.699
43841.234
43731.367
43946.234
44600.035
44899.434
44904.832
44791.035
44988.566
45694.434
45852.168
46133.5
45850.832
45271.301
43822.633
42216.832
41332.367
39750.965
38073.234
37481.102
38169.766
39334.301
41713.898
42393.434
41782.102
41844.5
42044.301
41493.367
41912.102
41355.633
40827.102
41822.766
43057.434
44077.102
44010.301
44376.434
44624.5
45143.965
45995.898
45455.301
45324.035
45396.898
44529.301
45070.434
45490.367
45584.965
45380.699
46246.434
46713.434
46693.035
46775.965
45993.965
45893.102
45571.766
45749.965
45448.301
44675.234
44430.766
43928.367
45042.168
45838.965
46557.035
46270.367
46959.566
47896.234
48257.566
47683.301
47225.367
47606.234
47040.633
46805.633
46152.367
46892.168
47469.301
46837.898
46577.5
46216.832
45053.566
44401.633
42777.5
41511.035
41144.766
41169.035
41573.434
42149.5
43441.633
43695.234
45064.434
45335.168
45431.035
46081.965
46304.633
46824.367
47020.965
47101.832
47593.234
48532.898
47856.898
47458.035
46548.898
46402.434
46264.5
46135.766
46185.234
46185.699
46932.566
47983.035
47998.699
48033.234
48047.766
47872.102
47609.301
47611.301
47615.766
46419.102
45812.766
45393.699
44704.832
43865.035
43371.301
43736.434
43987.633
44490.566
44965.566
45667.102
45734.102
45488.965
45367.367
45526.102
45162.699
44770.168
44948.367
45365.965
45928.367
46086.301
46139.832
46697.102
47261.5
47132.965
47282.035
46940.168
46762.766
46083.832
45312.566
44934.566
44050.832
42965.898
44293.301
44249.832
44514.168
44716.965
45423.766
45521.301
45913.566
45319.234
45432.898
45798.434
45235.566
45137.965
44971.633
44834.434
44460.434
43786.766
43358.367
43421.766
43506.035
42956.699
42353.234
42643.367
42490.234
42214.035
42192.035
42445.234
42770.434
43041.832
43523.898
43690.102
44172.301
43870.699
43684.5
44111.234
44071.234
42836.566
43586.035
43195.301
43222.633
43459.633
42784.699
42869.168
43793.832
43973.766
44414.234
44215.898
44397.699
44318.301
43991.234
44529.102
43955.832
43394.965
43302.566
43656.832
44133.234
44325.5
43475.566
43667.832
43608.301
43105.766
43460.434
43551.234
43475.301
43208.5
43427.898
43158.898
43313.035
42705.301
42456.434
42364.367
42278.633
42490.168
42050.035
42994.633
43226.168
43766.832
43081.102
43271.965
43313.832
43547.633
43410.633
43181.035
43356.234
43325.234
43033.367
43054.766
43136.699
42772.566
42281.832
42720.301
42843.035
42898.035
42903.234
43079.633
43087.367
42992.102
43404.102
43422.367
43619.898
42793.832
42381.301
42598.965
42052.566
42117.367
41905.766
42447.102
42944.035
42807.434
42670.102
42985.766
42908.965
43206.168
43093.234
43125.035
43437.168
43257.633
43218.035
43385.301
43427.766
43320.234
43204.566
42501.633
42685.633
41873.035
42105.301
42181.234
42102.367
41684.633
41853.898
41781.766
41726.898
41781.102
42143.434
41815.234
42407.832
42146.102
42087.633
41565.898
41167.035
40732.434
40914.633
40452.766
40534.5
40209.898
40801.367
41013.168
41048.168
40887.633
40515.5
41653.766
41842.102
42122.234
42194.832
42807.699
42969.301
42260.832
42067.367
41894.367
41910.633
41065.965
41175.5
41435.234
41415.965
41743.102
41648.699
42183.898
42119.102
42208.367
41976.965
42217.168
41916.5
41606.832
41100.5
41682.367
41811.5
40952.035
41808.035
41449.234
41809.301
42077.699
41465.699
41802.5
41395.699
40563.102
40095.434
40536.566
40324.434
39995.898
40464.898
40494.832
41498.168
41200.633
41899.367
42115.898
41780.102
41654.832
42047.699
42445.832
41890.633
41330.168
41140.234
41133.766
40575.832
40394.5
40357.766
40950.434
41008.301
40980.566
40881.434
41535.965
41600.301
41181.102
40941.102
40877.832
40524.633
39833.699
39319.832
39408.5
39370.766
39002.5
39302.832
39645.5
40285.301
40492.367
40658.766
40963.965
41168.5
41542.301
41461.168
41619.301
41400.234
41248.367
41761.898
41165.766
41575.168
41270.5
40802.898
41417.5
41287.699
41462.832
41130.234
40946.965
40912.168
40814.832
40231.434
40405.965
40135.566
39933.234
40233.5
39917.699
39685.832
39707.168
39550.566
40365.102
40566.766
39775.766
39864.102
40538.301
40426.168
40295.168
40741.5
40262.633
39959.965
39871.5
39101.965
39559.5
38698.898
38936.301
38813.965
38773.168
39277.434
39078.965
39432.234
39334.766
39182.898
39595.434
39499.102
39868.234
39770.168
39282.301
39334.367
39516.367
39679.234
38826.434
39144.367
39352.168
39353.633
38742.898
39235.832
39932.168
39494.965
39224.102
39977.168
40114.699
39984.898
39665.699
39265.434
39805.832
39347.035
39498.832
39516.5
39189.434
39371.965
39284.102
39023.234
39421.566
39159.168
38479.633
38631.367
38885.5
38669.301
38100.5
38054.898
37790.699
37666.367
37462.965
37027.434
37640.234
37675.699
37254.301
38243.898
38153.035
38414.234
38338.5
38069.035
38566.168
38346.633
38024.102
37540.035
38007.434
38206.965
37344.234
36586.301
35867.168
35119.168
34566.832
33922.234
33539.633
32954.1
32467.367
33597.832
34253.898
34305.168
34871.102
35576.766
36743.832
36437.301
36911.367
36709.965
36692.965
36807.035
36401.633
36189.633
36416.898
36375.898
35955.566
36102.367
36226.965
36465.035
36184.633
35913.102
36319.168
36077.168
36088.766
35858.898
36321.168
36253.301
35897.898
36473.434
36343.832
36153.434
35741.832
35452.965
35577.234
35422.965
35369.102
35573.566
35315.168
35696.234
35756.5
35534.898
35698.766
36191.168
35892.035
35623.566
35925.633
36082.898
35900.035
36070.699
35979.234
35534.301
35384.168
35313.832
35455.766
35329.766
34614.301
34956.035
34877.965
35092.102
34883.102
34787.367
34887.965
35009.5
35317.965
34852.965
35076.699
35351.102
34752.035
35005.898
34969.965
34897.566
34347.301
34448.965
34398.234
34427.035
34494.367
34390.566
34290.035
34270.301
33696.965
34017.566
33764.832
34123.301
33582.434
33930.234
34530.102
34178.234
34643.102
34586.035
34423.965
34852.965
34683.434
34689.566
34748.633
34608.699
34799.633
34610.633
34786.5
34509.234
34743.965
34454.301
34937.434
34262.434
34405.168
34156.566
34395.168
34539.367
34065.898
33898.234
34063.965
34004.301
34014.5
34104.434
34133.301
34270.832
34177.832
34194.301
34057.301
33697.633
33300.234
33177.102
33395.965
32917.633
32567.633
32728.233999999997
33123.965
33070.434
32582.768
32637.5
33030.768
32810.9
32472.233999999997
32243.768
32530.1
32299.232
31930.033
31440.367
31798.166
31864.5
31801.166
32072.166
31996.768
32033.5
31482.232
31670.633
31231.232
31201.367
30428.566
30257.5
30319.232
29868.768
29831.768
29190.566
29560.1
29246.033
28620.367
27893.367
27766.834
27851.5
27669.699
27055.9
27335.5
27289.9
27555.967
27629.768
28237.166
28598.5
29404.434
30153.633
30267.301
30444.834
30449.033
30715.166
30559.566
30118.301
30236.768
30020.166
30265.633
30020.1
30314.033
30402.166
30705.301
30657.566
30861.5
30727.367
31208.232
31095.633
30816.834
31119.834
31423.033
31159.367
30819.566
30675.699
30977.768
30853.834
30613.033
30589.834
30664.633
30700.967
31075.633
30265.166
30830.967
30806.633
30864.768
30661.967
30915.633
30702.367
30335.301
30301.5
30440.166
30646.633
29905.967
29812.5
30022.967
29770.367
29686.699
29903.9
30013.033
29723.768
29587.301
29372.434
29281.434
29324.566
29409.033
29415.033
29318.9
29285.699
29271.834
29197.967
29068.1
29048.699
28882.232
28293.967
28730.166
28242.699
28380.699
28338.967
28534.301
28257.9
28386.033
28331.834
28360.9
28717.232
28493.566
28832.768
28673.434
28874.033
28667.5
28183.699
28335.033
28189.1
27993.967
28222.5
28064.967
28069.9
28081.232
27951.434
28392.9
28901.566
28432.9
28915.301
29036.301
28823.834
28966.033
28675.699
28893.967
29026.699
29179.768
29308.166
29402.434
29834.633
29703.301
30040.367
30381.699
30679.967
30133.768
30020.301
30334.967
30827.1
30677.232
31154.967
31343.301
31700.301
31501.967
31588.834
31542.834
31235.033
30508.232
29494.566
28906.434
28632.967
28336.033
28035.367
27790.566
27821.232
27696.9
27602.834
27826.967
27693.232
27727.834
27686.566
28052.834
27775.9
27653.633
27332.633
27302.566
27507.367
27088.1
27377.434
27257.768
27489.367
27455.1
27518.768
27643.1
27814.166
27469.166
27602.434
27934.633
27752.434
27164.768
27564.768
27857.367
27709.367
27315.834
27580.232
27843.033
27257.232
27654.834
27013.566
27361.1
26994.967
26765.566
26890.1
26752.967
26878.301
26581.1
26085.232
26793.699
26859.834
26507.566
26545.166
26693.301
26464.033
26825.768
26284.434
26469.434
26554.768
26681.768
26687.699
26831.434
26529.699
26643.033
26804.699
27063.633
26609.434
26189.566
26212.768
26479.301
26636.5
26308.768
26458.367
26348.434
26535.967
26283.967
26269.033
26319.301
26259.033
25838.5
25616.5
26269.633
26044.633
25570.1
25460.9
25913.033
25533.9
25528.834
25631.633
25879.9
25611.434
24624.768
25371.768
25820.033
25454.967
25339.566
25005.566
25252.367
25357.699
25567.301
25530.434
25411.768
25133.9
25175.768
25210.5
24592.5
24441.699
23907.033
24172.768
23683.434
24138.166
23664.5
23747.5
25003.834
24850.9
24796.5
25406.834
25228.9
25261.367
24850.301
24671.301
24493.232
24509.5
24273.1
24277.434
24339.967
24396.1
24011.232
24244.967
24868.9
24414.967
23892.633
24258.633
24507.301
24562.834
24223.5
24383.699
24477.434
24136.301
23844.834
23478.232
23863.9
23445.5
23409.301
22975.566
22950.834
22984.9
22337.967
21876.566
21738.367
20369.834
19620.232
18818.434
18923.1
18968.1
19049.232
19252.033
20060.367
20915.232
21419.033
21490.1
21673.434
22318.301
22791.834
22743.1
22363.633
22837.232
22728.367
22839.967
22818.1
22448.768
22130.566
22016.232
22437.633
22309.9
21878.033
22583.566
22462.367
22634.301
22737.367
22644.566
22740.967
22696.1
22481.768
22572.566
22679.967
22857.633
22410.033
22448.699
22814.633
22897.033
22783.699
22860.232
22979.1
22963.9
22869.9
22373.633
22785.834
22776.5
22417.834
22197.1
22467.5
22612.1
22396.633
21986.768
22210.566
22549.5
21906.699
22586.033
22736.633
22667.633
23042.768
22814.434
22900.301
22842.633
22659.633
22823.9
22718.434
22631.1
22321.699
22393.434
22417.434
22479.033
22357.699
22461.699
22647.5
22686.9
22411.699
22142.967
22486.967
22295.367
22512.967
22060.9
22600.9
22434.367
22610.166
22640.033
22710.699
22630.699
22155.566
21895.834
22412.232
22300.301
22531.301
22045.1
21999.699
22096.166
21959.768
22287.699
22073.967
22063.967
21484.633
21519.232
21625.232
21861.9
21015.166
21314.301
21521.033
21504.166
21294.5
21158.834
21570.434
21484.166
21237.9
21413.768
21473.566
21690.367
20928.9
21182.566
21638.5
21717.166
21339.1
21199.166
21285.967
21521.633
21116.5
21139.768
21257.434
21203.967
20597.301
20899.166
20938.967
20774.033
20717.434
20851.566
20554.768
21290.5
20682.166
20579.633
20675.434
20720.834
20572.367
20018.232
20541.9
20588.166
20280.301
19994.699
20474.434
20384.9
20249.967
19729.633
20265.5
20280.033
20168.967
20218.9
19866.967
20136.699
20011.9
19547.1
19843.9
19654.699
19659.967
19174.967
19598.5
19525.768
18902.768
18555.9
19291.033
19158.367
18916.834
18822.9
19063.768
18930.1
18579.434
18541.967
19132.1
18881.166
18715.768
18531.768
19013.1
18606.033
18402.434
18302.232
18953.434
18687.367
18432.5
18415.367
18584.434
18302.699
17899.768
17587.232
18087.768
18189.5
18100.834
18364.033
18513.1
18407.434
17795.166
18403.1
18222.232
18101.367
18045.232
18033.5
17893.566
18090.834
17618.434
17586.768
16936.768
16275.5
15546.033
14842.5
14437.033
14320.1
14278.9
14249.967
15106.634
15617.434
15793.167
16232.967
16541.634
16576.7
16679.033
16586.3
16761.1
16158.9
16203.167
15486.033
16510.366
16462.7
16224.9
16141.833999999999
16547.3
16773.1
16928.301
16627.033
17026.967
17268.967
16866.9
16973.967
17332.967
17307.768
17300.5
17422.967
17529.301
17526.232
17278.367
16916.434
17848.1
17602.9
17541.301
17135.434
17790.699
17962.967
17731.301
17932.5
17937.5
17486.367
17654.033
17327.1
17911.633
17772.699
17667.9
17613.367
17575.033
17817.768
17409.166
17982.033
17927.768
17989.967
17928.367
17505.768
18197.232
18188.033
17722.033
17914.566
18567.166
18318.5
18035.699
18566.633
18758.434
18408.434
18192.566
18298.768
17959.1
18108.1
17613.301
17789.967
18028.033
17968.301
17975.232
18436.033
18100.9
18248.566
17614.566
17453.768
18355.633
18155.5
18012.633
18139.699
18007.033
18095.232
18182.9
17878.633
17878.301
17889.5
17837.633
17779.699
17949.633
17607.232
17720.232
17573.232
17936.434
17670.434
17810.9
17758.566
18180.566
17773.232
17783.699
17694.699
17991.566
18221.301
18238.768
18102.768
17990.834
17881.367
17772.768
17984.033
18150.301
18241.033
18228.566
17873.633
18542.699
18356.566
18296.9
17799.033
18353.301
18273.033
18015.566
17925.301
18014.166
18158.434
18325.566
18183.9
18286.1
17964.434
18076.033
18274.9
17989.5
18080.566
17962.1
17830.699
17918.033
18055.699
17772.301
17752.166
17857.166
18119.699
17186.768
17910.768
17945.699
17860.1
17168.166
17554.9
17889.166
17959.768
17833.367
17891.633
17787.033
17948.967
17640.367
17537.834
17952.566
17687.9
17767.699
17415.566
17672.367
17728.166
17400.232
17305.834
17621.232
17221.566
17216.834
17011.967
17391.834
17269.033
16946.9
17246.367
17223.033
16987.033
17145.033
17224.9
17051.9
17070.367
16830.367
16819.434
17152.301
16827.699
16940.1
16638.033
16689.5
16789.301
16623.566
16716.967
16544.768
16457.366
16434.033
16389.566
16600.3
16582.833
16522.833
15637.033
15933.566
15840.167
15699.033
15139.3
15088.833
15149.366
14765.167
14212.434
14739.366
14581.1
13782.566
14165.634
14087.434
13708.967
13851.566
13331.833
13460.167
13331.7
13040.7
13168.833
13410.5
13248.434
13438.833
12223.967
12975.3
13063.3
12631.434
12885.033
13122.634
13223.833
12912.9
13330.634
13532.167
13547.566
13747.9
14112.233
14075.767
13897.566
13990.3
13784.3
13800.566
13981.366
13923.767
13364.1
13821.634
13715.833
13363.566
12787.767
13161.833
12963.366
12651.767
12571.366
12465.767
12539.1
12385.233
12201.9
12621.566
12584.967
12457.167
12461.833
12601.5
12446.5
12328.9
12233.366
12674.434
12490.967
12154.833
12596.967
12954.967
12732.7
12451.9
12606.1
12558.233
12623.634
12535.767
12432.233
12516.167
12258.167
11700.167
12259.634
12122.833
12265.3
12378.033
11885.366
12368.1
12274.767
11515.566
11863.033
12065.5
11914.1
12007.566
12232.967
12318.434
12302.566
12494.167
12388.1
12545.967
12375.5
12319.233
12041.233
12290.434
12382.167
12079.967
12100.3
12317.167
12295.1
12039.833
12475.434
12520.1
12651.5
12199.167
12418.9
12562.9
12521.7
12760.634
12048.167
12540.434
12405.3
12608.5
12204.967
12837.566
12615.5
12780.9
12361.5
12884.634
12812.9
12491.5
12306.9
12516.767
12294.1
12205.566
12408.033
12364.434
12245.634
11907.634
11904.634
12114.566
12292.767
12151.1
12311.634
12275.366
12124.1
11924.167
12116.3
12228.366
12079.434
12342.3
11744.767
12048.033
12311.1
12285.9
12003.5
12054.1
11605.7
11309.167
11774.767
11666.3
11741.767
10904.967
11488.634
11756.767
11641.9
11332.967
11677.9
11898.566
11505.833
11622.9
11491.566
11727.366
11382.5
11135.967
11115.9
11431.767
11389.1
10934.7
11266.366
11209.3
11365.366
11143.434
11234.566
11321.1
11194.167
11002.9
11208.434
11327.033
11282.5
11127.967
11476.767
11193.566
11273.1
11192.5
11007.033
11179.767
11157.1
10985.434
10831.967
10925.233
10998.7
10705.3
10603.1
11096.9
11095.566
10773.233
10827.7
11087.5
11097.167
10679.1
10722.1
10939.366
10727.366
10493.434
10942.9
10888.1
10667.167
10889.233
10667.566
10746.233
10670.833
10383.167
10024.7
10711.833
10372.366
10611.9
10413.566
10544.967
10328.3
10310.3
10144.434
10474.5
10361.7
10242.967
10013.9
10259.566
10321.233
10124.167
10077.033
10344.9
10334.366
9800.233
9991.434
10274.434
10243.967
9540.434
9712.167
10133.033
10100.434
10001.7
9664.233
10190.634
10110.1
10028.566
9762.167
9929.3
9770.566
9598.9
9758.233
9929.967
9730.566
9565.233
9593.9
10066.634
10071.7
9816.634
9544.566
9648.1
9779.566
9624.167
9424.366
9757.7
9689.767
9661.634
9322.7
9511.1
9603.5
9582.7
9424.434
9596.3
9410.233
9838.566
9151.366
9577.3
9488.1
9283.967
8847.967
9565.233
9527.167
9516.3
9206.9
9282.1
9152.434
9279.9
9389.833
9669.767
8899.033
9183.967
8991.967
9251.233
8647.033
8265.1
7661.9
7434.9
6666.767
5865.233
5296.233
4693.5
3972.633
3595.433
2942.567
3244.567
3159.567
2878.9
3084.167
3967.5
4140.233
4124.033
5089.233
5616.567
5923.633
6201.9
5534.3
6292.233
5901.433
5756.5
5427.767
5214.967
5300.033
5001.367
4780.833
5146.9
5228.3
5185.567
4969.633
5694.5
5475.967
5506.367
6136.5
6176.367
6422.3
6063.633
6571.1
6730.767
6708.1
6692.9
6963.1
7243.7
7253.5
6773.567
7051.1
7575.3
7589.433
7149.9
7664.433
7888.233
8054.7
7934.9
7975.3
8417.7
8383.633
7803.7
7922.167
8607.566
8691.9
8482.433
8213.434
8730.033
8550.967
8365.767
8363.434
8832.1
8628.833
7758.1
8631.833
8775.233
8868.967
8533.033
8325.1
8819.3
8727.167
8568.967
8468.634
8610.1
8724.833
8295.566
8154.1
9067.366
8652.566
8441.366
8489.634
8783.434
8691.634
8551.767
8524.566
8729.033
8701.5
8506.967
8479.3
8811.033
8741.233
8628.833
8502.566
8843.967
8767.767
8191.566000000001
8425.167
8706.366
8649.7
8299.833
8208.233
8599.033
8484.9
8526.7
8274.233
8538.833
8662.5
8369.233
7923.700000000001
8701.566
8592.5
8595.233
8410.3
8906.566
8653.3
8426.366
8215.3
8701.833
8490.767
8047.167
7902.1
8517.167000000001
8506.9
8500.233
7874.033
8582.9
8431.3
8309.633
8403.1
8563.566
8512.033
8355.5
8281.767
8774.634
8603.5
7739.967000000001
8106.1
8704.434
8460.967
8430.433
8282.233
8667.3
8566.567
8098.833
7953.9
8480.633
8350.5
8317.167000000001
8192.5
8521.967
8461.433
8326.167000000001
7886.9
8565.5
8497.832999999999
8127.567
7809.767
8409.3
8554.167000000001
8222.633
8163.9
8489.167000000001
8111.367
8100.9
8218.367
8204.7
8144.433
7980.033
7824.367
8388.167000000001
8227.967
7839.567
7787.233
8251.7
8421.367
7692.967
7787.033
8260.767
8185.1
8203.367
7972.1
8169.5
8083.167
8032.167
7717.767
8350.633
8129.1
7846.3
7811.167
8172.433
8105.9
7917.7
7426.167
8076.567
7988.3
7877.233
7375.367
8145.1
7931.9
7459.633
7906.033
7963.833
7887.767
7467.233
7568.9
7728.833
7856.367
7612.367
7564.5
7850.367
7624.233
7616.567
7415.433
7697.433
7744.7
7264.9
7235.3
7670.967
7685.833
7379.5
7343.967
7393.367
7583.167
7125.7
7265.1
7341.9
7374.367
7227.9
7007.367
7568.833
7429.967
7038.233
6692.167
7247.967
7447.567
7232.9
6937.833
7284.367
7253.167
6568.033
6981.567
7408.1
7038.433
6872.1
6926.1
7161.167
7203.9
6813.1
6676.767
7104.033
7196.033
7027.633
6917.1
7254.433
7038.967
6761.9
6501.3
7123.033
6912.233
7181.967
6654.633
7146.233
7106.233
6583.767
6618.5
7116.833
6940.3
6749.967
6831.167
7087.9
7032.433
6621.9
6566.833
7158.7
6892.833
6754.233
6785.767
7023.9
6891.167
6483.433
6360.9
6715.367
6688.433
6170.433
6288.967
6796.233
6605.767
6788.833
6458.833
6817.7
6650.7
6849.567
6480.033
6720.767
6635.233
6292.9
6273.5
6712.033
6582.767
6126.433
5606.967
6558.367
6585.033
6122.433
6316.1
6569.567
6374.033
6200.033
6182.167
6523.5
6332.3
6129.967
5812.967
6387.967
6459.233
5707.767
5881.033
6441.833
6236.633
5978.633
5759.033
6346.967
6322.3
6226.5
5829.167
6399.5
6326.367
6254.167
6132.567
6337.633
6204.1
4967.633
5471.833
6212.5
6315.9
5931.567
5656.967
6160.367
6304.967
5651.5
5665.7
6052.1
6061.967
5567.433
5595.5
6085.367
6079.033
5414.367
5428.367
5959.1
5930.367
5664.033
5673.967
5903.767
5815.233
5421.233
5801.833
5893.9
5900.033
5399.233
5639.9
5982.033
5765.967
5324.233
5224.7
5820.1
5838.7
5680.367
5109.433
5889.567
5762.633
5096.167
5235.567
