281.767
81.717
-133.767
153.78300000000002
454.7
133.517
216.833
244.317
244.767
264.85
130.1
-155.95
216.63299999999998
219.25
32.43300000000001
-31.950000000000003
362.033
1.25
67.633
371.25
432.433
189.38299999999998
472.633
164.317
294.83299999999997
205.517
228.9
-120.55
204.567
210.517
330.967
30.983000000000004
285.567
200.45
249.433
31.983000000000004
572.5
480.783
93.767
-49.217
254.433
136.917
7.033000000000001
190.38299999999998
211.36700000000002
231.317
156.63299999999998
235.85
223.167
255.183
-25.367000000000004
45.650000000000006
630.3
289.183
-6.433000000000007
-247.083
429.633
446.717
45.43300000000001
49.849999999999994
386.633
441.317
396.433
239.45
424.3
374.783
159.233
322.58299999999997
408.433
398.983
331.16700000000003
-137.55
454.5
293.517
38.833
81.85
388.033
199.65
161.1
77.183
306.967
503.783
204.96699999999998
69.783
246.3
354.05
42.167
16.183000000000007
256.83299999999997
212.517
507.1
1.7169999999999987
183.1
225.78300000000002
364.033
-47.882999999999996
209.233
257.783
203.9
103.317
427.7
363.65
-217.1
39.516999999999996
405.16700000000003
305.85
238.1
216.183
471.233
297.117
6.566999999999993
282.25
119.967
336.117
261.5
284.65
426.83299999999997
283.65
557.833
-229.61700000000002
332.1
374.517
114.367
373.91700000000003
387.767
470.117
260.9
110.45
353.433
254.517
-63.367000000000004
123.183
336.767
320.05
127.033
10.450000000000003
416.3
458.91700000000003
73.167
-234.683
364.033
311.91700000000003
90.633
141.583
281.3
426.517
356.367
48.849999999999994
310.7
335.25
-270.767
-134.483
319.5
210.38299999999998
175.03300000000002
-2.016999999999996
341.567
265.91700000000003
61.233000000000004
217.11700000000002
419.9
302.383
256.16700000000003
-105.083
464.633
415.45
437.83299999999997
157.11700000000002
495.433
281.983
172.03300000000002
343.85
417.1
79.45
381.633
-161.61700000000002
151.03300000000002
234.183
16.367000000000004
371.317
595.433
431.58299999999997
176.7
-76.617
505.7
163.65
467.567
31.049999999999997
399.433
366.317
331.7
392.25
525.033
357.05
431.3
307.383
353.033
239.78300000000002
403.3
-348.41700000000003
400.7
363.983
179.96699999999998
145.11700000000002
149.433
325.25
480.967
174.05
248.9
303.517
124.367
-200.483
283.367
392.717
478.16700000000003
186.78300000000002
397.3
305.117
55.367000000000004
-314.75
443.9
248.11700000000002
-53.233000000000004
27.183000000000007
277.5
197.78300000000002
-1002.567
-89.617
131.767
271.117
253.5
-65.483
573.633
412.85
276.83299999999997
70.783
262.567
233.517
-96.5
428.183
528.433
273.65
-177.567
41.18300000000001
317.633
320.717
-103.833
355.383
386.9
266.05
405.233
347.383
339.9
420.383
247.167
182.583
376.367
257.91700000000003
423.3
29.917
409.83299999999997
434.717
334.5
-58.483000000000004
227.433
320.717
84.7
-274.617
381.9
352.783
259.633
-113.483
362.9
337.58299999999997
222.167
85.717
370.16700000000003
360.117
-156.9
207.317
341.233
71.317
-134.9
163.45
271.9
222.583
316.83299999999997
171.25
269.83299999999997
534.117
101.967
174.11700000000002
382.7
536.583
396.3
164.317
235.233
287.383
104.833
496.383
362.3
210.11700000000002
-154.03300000000002
103.317
220.5
293.65
277.3
-11.216999999999999
551.167
552.85
35.43300000000001
291.117
384.033
354.65
234.1
110.383
347.433
384.91700000000003
86.233
144.45
308.967
340.717
185.767
305.983
480.033
443.183
404.567
116.117
574.433
189.85
396.9
-132.883
385.233
188.25
-75.63300000000001
296.91700000000003
354.83299999999997
206.183
557.433
406.65
392.233
282.38300000000004
646.633
101.44999999999999
396.9
307.517
-15.832999999999998
296.38300000000004
656.167
429.317
568.633
-35.88300000000001
472.16700000000003
384.58299999999997
420.7
207.183
373.567
549.383
-23.30000000000001
251.783
627.967
344.517
159.3
194.25
369.767
372.65
533.967
198.517
670.3
563.917
713.5
459.11699999999996
720.167
532.85
253.1
363.383
418.5
630.85
809.1669999999999
229.983
746.8330000000001
615.117
562.1669999999999
703.65
632.967
521.783
385.833
667.5830000000001
515.767
795.117
146.36700000000002
307.583
592.1
577.45
595.567
441.65
913.233
586.183
744.033
572.9169999999999
726.7
687.05
713.1
339.65
1039.9
502.917
603.233
531.983
886.967
557.117
735.367
639.65
639.1669999999999
900.65
814.1669999999999
696.45
664.3
907.45
670.8330000000001
476.183
981.367
767.317
662.233
600.517
607.5
703.65
830.967
696.917
922.567
804.517
603.9
542.117
713.233
818.25
706.3
605.85
948.967
509.98299999999995
776.033
507.783
716.9
610.583
785.7
879.85
756.9
502.717
809.633
988.45
479.29999999999995
901.85
752.033
780.85
814.5
785.917
642.567
998.517
1184.167
706.183
720.9
1296.717
939.967
1149.917
540.7
722.983
1187.167
1030.517
1162.3
1241.45
770.833
741.85
859.1
830.917
1373.967
1195.917
673.5
1141.117
1031.167
1262.65
1282.3
1105.517
1017.633
1364.85
640.833
916.65
1051.633
1205.983
1544.833
1480.783
1427.9
1359.45
1174.9
1276.717
1301.967
1189.183
826.9000000000001
1036.183
1377.567
1193.717
1447.9
1005.6500000000001
1520.7
1421.183
1515.967
1332.45
1489.833
1408.05
1009.567
1462.05
1327.833
1217.983
1175.5
1298.25
1282.033
1410.05
1311.7
1085.783
1408.1
1191.317
1175.433
1047.917
1515.767
1403.05
1348.833
1405.05
1534.1
1282.317
1259.1
1160.25
1427.633
1446.783
1327.567
1084.183
1583.633
1291.117
1345.233
1330.317
1488.833
1363.783
871.233
1310.05
1365.7
1452.117
1483.033
1658.117
1783.5
1585.05
1614.1
1580.317
1735.167
1790.517
1634.967
1715.917
1695.233
1705.717
1876.833
1728.117
2106.833
1588.117
1162.367
1419.45
1640.167
1919.317
1646.633
1733.717
2106.567
1903.05
1802.1
1750.183
1996.567
2045.917
2062.167
1785.983
2158.5
1828.183
1716.1
1619.45
1661.367
1574.983
1903.7
1235.317
1638.767
1756.117
1999.767
1647.383
1970.967
1859.917
2055.167
1863.983
1939.5
2011.45
1985.233
1912.983
2205.7
1774.65
2322.433
2067.917
2091.167
2009.05
1919.567
2114.517
2338.9
1714.983
1832.633
2142.917
2368.7
2100.05
2182.167
1937.45
2007.7
1877.183
1975.1
2126.383
2073.5
2391.45
2665.7
1947.917
2537.233
2494.317
2369.833
2293.85
2345.433
2218.783
2169.033
2466.917
2400.433
2217.383
1993.5
2117.117
2050.033
2029.717
2356.367
2246.717
2403.967
2614.45
2442.833
2584.917
2784.033
2522.65
2862.167
2697.85
3036.433
2771.517
2617.1
2850.65
2861.967
2759.05
2582.167
2734.65
2539.3
2619.317
2502.833
2677.05
2665.1
2440.783
2110.3
2377.717
2312.9
2338.183
2159.833
2110.383
2348.233
2102.783
2041.233
1738.117
2370.5
1923.583
2268.367
2281.517
2472.1
2955.517
2758.633
3040.45
2909.1
3092.85
3220.233
2822.65
3016.767
2955.317
2670.167
2600.383
2892.3
2729.717
2982.167
2545.85
2821.833
2870.983
2842.1
3018.117
2990.3
3025.383
3195.1
3139.317
3185.567
3192.85
3105.233
2812.117
3145.767
3199.717
3064.5
3316.85
3392.7
3252.783
3126.367
2822.117
3375.233
3234.25
3554.1
3833.717
3940.5
4296.65
4284.633
4148.05
4083.1
4005.05
4102.633
3696.65
4264.767
3949.85
4115.7
4031.117
4271.032999999999
3766.85
3927.633
4068.983
3912.9
3949.917
3734.833
3456.25
4069.3
4179.65
4043.767
4232.317
4409.567
4390.65
4268.3
4030.6499999999996
4394.1669999999995
4311.117
3787.5
3988.85
3994.9
4191.25
4077.767
4330.85
4504.033
4254.782999999999
4116.8330000000005
3569.45
3845.767
3953.917
4004.9
3731.85
4139.7
3813.85
3848.167
3638.983
3565.433
3500.85
3436.233
3495.517
3534.567
3647.917
3444.567
3555.583
3308.967
3509.517
3645.833
3749.983
4043.7
4209.5830000000005
4325.167
4506.85
4275.1669999999995
4345.717000000001
3926.9
4469.717000000001
4269.3
4268.717
4806.767
4516.317
5215.167
5249.717
5152.1
5382.85
5962.967
5464.717
5581.9
5052.783
5206.9
5117.583
4698.233
4442.05
4497.033
4333.383
4143.367
4254.383
4771.967
4380.383
4685.033
4750.783
5234.5
5220.65
5344.833
5064.983
4904.7
4773.717
4394.633
4224.317
4329.633
3917.65
3758.5
3616.65
3684.367
3607.383
3030.367
3350.517
3381.567
3023.317
2704.5
3479.183
3546.567
3683.517
4000.967
3727.117
4560.3
4807.85
4876.7
4708.717
4821.033
4593.25
4214.567
4362.517
4295.3
4481.45
4462.233
4303.183
4863.233
4514.183
4702.3
4586.317
4759.7
4722.583
4617.633
4085.5829999999996
4671.967
4549.983
4696.833
4611.783
4539.633
4552.45
4612.3
4618.317
5310.167
5354.25
5362.233
5624.517
5795.433
5855.717
5857.233
5685.717
6021.5
5776.517
6213.367
5797.917
6261.967
6702.783
6009.567
6250.183
6321.167
6068.983
6060.367
5317.183
5194.833
4604.717
4355.967
3408.25
3244.367
2728.85
2538.233
2556.783
3108.833
3385.85
3765.9
4287.25
4664.233
4885.317
5215.967
5663.983
5962.433
6400.05
6266.233
6228.983
6397.367
5815.45
5704.767
5375.25
5003.967
4189.65
3865.033
3550.117
3519.433
3887.317
4097.367
4661.783
5571.967
5875.917
6094.167
6991.85
7242.633
7364.183
7795.633
7516.117
8228.433
8277.85
8677.5
8412.316
8344.434
8811.783
8540.3
8597.116
8733.167
8557.05
8856.9
8613.917
9324.634
9134.65
9235.434
9031.384
9538.033
9398.384
9202.167
9326.917
9839.634
9620.517
9558.9
9351.45
9507.233
9017.05
9107.767
9280.184
9359.9
9811.583
9552.5
9645.917
9710.833
9399.116
9105.5
8874.05
9064.366
9398.717
9512.033
9434.25
9449.634
9446.983
9376.366
9263.517
9153.1
9167.316
8993.3
9078.517
9546.366
9289.717
9501.5
9198.65
9353.167
9542.05
9305.9
9724.517
9894.5
9882.316
10002.1
10100.05
10214.167
10542.983
10785.767
10590.783
10541.566
10447.05
9763.833
9217.517
9362.167
9289.25
9233.434
9127.116
9454.434
9705.783
9879.7
10542.65
10466.233
11112.783
11030.434
11101.983
11083.366
11505.917
10869.9
10972.517
11426.7
10932.25
10988.1
11200.184
11108.434
10938.05
11558.833
11070.184
11387.5
11339.85
11239.634
10978.05
11257.3
11087.316
11110.566
10502.316
11190.1
11015.25
11028.5
10641.85
10980.7
11382.717
11610.967
11236.25
11529.9
11611.116
11380.3
11382.05
11311.167
10236.116
10707.233
10761.384
10847.566
10331.05
10982.434
10805.116
10872.033
10576.05
10545.167
10912.85
11050.767
10983.384
11086.1
10822.184
10542.566
10546.45
9912.967
10204.25
10935.7
10727.25
10859.833
11241.05
11584.033
11671.316
11844.033
11483.05
11620.833
11765.25
11680.5
11190.983
10989.434
10478.384
10678.434
9888.116
10608.033
10800.384
10470.3
10493.25
11311.767
11280.05
10713.1
10768.983
11621.233
11795.783
11492.9
11280.783
11417.833
11514.783
11220.7
11165.45
11391.3
11242.717
11484.9
11815.783
11524.967
11757.45
12050.434
11141.783
11403.5
11245.583
10864.833
11121.116
10415.033
10641.583
10720.767
11740.184
11603.566
11425.45
11407.3
10936.116
11232.167
11189.116
11535.833
11193.85
10987.967
10415.384
10244.434
9865.717
9480.5
9417.316
8742.1
8584.717
8641.167
8590.25
9119.634
9558.184
10539.366
11187.384
12418.967
12552.25
13615.634
12779.717
12192.233
12688.05
12558.767
12342.05
13148.366
13241.583
13479.1
13303.384
13189.167
12515.65
12028.033
11714.384
11883.833
11849.116
13167.967
12605.05
13250.167
13287.517
13651.3
13686.384
13309.767
14069.983
14283.566
14927.45
14793.233
14944.517
15237.3
15613.384
14529.233
14755.65
14084.566
14477.45
14440.967
14863.116
14283.3
14054.783
13603.366
13365.25
13614.167
13305.25
12391.9
13288.184
13072.7
14018.583
14139.1
14179.983
15133.7
14733.717
14366.366
14679.783
14722.967
14513.517
14519.7
14744.316
15169.033
15639.717
15656.833
15371.116
15498.167
17175.25
15901.167
15960.917
16223.5
15580.717
16222.1
16136.116
16801.033
16210.917
15624.634
15942.25
16172.366
16038.583
15524.634
15431.983
16570.3
17019.316
16654.1
15938.05
16318.833
16095.25
15973.1
15088.917
16034.033
15888.116
15495.767
14799.25
15427.7
15705.85
15758.5
15301.85
16396.1
16447.983
16196.634
16592.584
16730.166
17501.383
16700.5
16504.45
17094.367
16638.316
17018.033
16064.583
16434.767
17209.65
16791.166
16937.25
16974.301
16491.116
16763.834
17236.65
17925.166
17586.916
17599.768
17803.184
17584.566
18043.316
18547.768
18071.916
18010.967
17599.383
17590.434
17034.584
17537.5
17118.518
17467.033
16803.518
16333.7
16586.65
16508.967
16163.85
16802.167
16319.717
16458.768
16608.916
16506.634
16649.449
16498.367
17065.518
17553.434
17956.316
17024.166
17153.85
17220.633
16597.783
17512.232
17115.65
17669.768
17675.184
18073.967
18097.584
18260.033
18510.85
17910.699
17425.584
19201.834
18524.383
18450.301
18728.184
18945.434
17656.65
18446.699
17634.449
18720.5
18390.65
17594.9
18249.449
18765.301
18460.184
18570.834
19598.85
18981.166
18325.25
18101.033
17860.916
17796.367
18333.518
19117.166
18934.316
19651.633
19822.916
20216.367
19727.85
19793.367
20212.117
19956.768
19955.051
19939.166
20093.783
20505.5
20121.717
20859.768
20588.85
20717.834
21204.65
21041.9
20955.717
20492.768
20623.916
20936.566
20476.184
20412.232
20174.051
20914.166
20619.982
21705.834
20891.25
20500.434
21037.982
21199.232
21969.783
22081.033
22192.184
21545.1
21804.25
21240.5
21378.184
21126.9
21576.982
21801.9
23761.051
21864.232
22863.982
23271.232
23434.316
22881.367
24240.117
23678.5
24031.85
24861.5
25574.85
24335.768
24899.383
24302.033
24620.916
26403.967
24719.316
24978.301
24038.051
23990.434
24152.916
24835.434
24731.982
25221.967
26053.184
25478.232
26304.717
27046.9
27744.65
27723.166
27906.584
28804.301
29541.316
28805.967
27354.982
28223.5
28469.916
27619.768
28226.184
28890.1
28900.316
28700.633
29166.916
29852.1
29123.783
30696.301
31471.65
31029.834
30351.584
31538.834
31392.117
31483.566
31145.584
31550.5
31699.584
31481.367
31539.184
31145.033
31432.982
32372.9
33244.715
33646.035
33974.051
35493.566
35816.383
35152.898
35864.516
35905.168
35612.25
35711.102
34672.984
35701.766
34795.984
34813.766
36507.785
37066.168
37368.184
37499.832
37699.117
38477.367
37570.984
37838.301
37273.785
37571.566
37879.785
37340.168
38064.051
38891.566
39265.051
39459.766
39640.918
40058.699
40075.184
39452.699
39750.785
39648.434
39775.852
39099.766
39729.785
39801.035
40066.852
40475.234
39949.449
39763.766
40005.516
40068.102
40131.516
40189.168
40548.117
40205.367
40478.383
40668.965
40420.383
39199.633
38564.516
36771.766
35280.984
34281.234
33889.25
33778.699
34378.184
34373.367
35799.449
37574.234
38126.184
38779.898
38966.316
39237.5
40213.852
41287.633
40857.785
41608.301
41589.316
41153.168
40293.051
39931.633
40278.516
40908.301
41227.184
41782.035
42484.117
43490.5
44035.582
44164.633
44303.918
43502.367
43275.117
42788.633
43129.852
43201.035
43190.117
43116.965
42383.516
41944.434
41685.117
41131.766
41225.582
41515.168
41306.449
42875.566
43146.051
43472.168
44161.582
44421.168
43434.117
43651.699
43175.051
43286.102
43597.984
43992.301
44471.984
45618.234
45452.316
45985.898
45504.648
45504.102
45029.648
44263.832
44414.852
44315.234
44549.184
44275.168
44590.516
45254.234
45565.316
45071.035
45141.316
46333.766
45678.852
46163.5
45402.316
46091.234
45422.715
44426.965
43912.449
43533.5
43427.117
43721.168
44009.117
44511.898
45771.582
45498.832
46405.516
45832.234
45834.918
45620.633
45090.852
44685.965
44218.516
43583.035
43719.852
43721.832
43410.316
43640.766
43691.785
43353.367
43443.852
43296.301
43449.449
43981.766
44421.516
44438.633
44978.785
45677.566
45988.984
45928.168
46272.984
46018.766
45942.051
45142.434
44655.383
44057.102
44404.449
44845.898
44527.582
45403.168
45772.852
46453.766
46728.852
46712.766
46674.582
47644.699
47976.383
48600.102
48695.051
48278.832
48091.316
47808.965
47777.117
47013.234
46809.383
46961.965
46966.648
46611.367
46469.984
45554.367
46135.582
45759.434
46148.383
46016.832
47031.715
47539.367
48224.852
48677.566
48930.984
47945.367
48019.184
47428.699
47456.184
47858.832
47470.383
47428.102
47021.051
47454.766
47903.852
47881.699
48100.715
48197.367
48694.184
49180.168
50065.852
49211.633
49047.184
48251.898
48273.25
47452.766
47433.316
47373.234
47074.184
47769.566
47905.117
46016.234
47252.785
47118.699
46767.383
46940.035
46704.316
46563.766
46876.648
47498.035
47830.984
47851.898
47790.648
48007.898
48733.715
48811.699
49126.785
48827.832
48241.582
46729.434
45042.715
44138.168
42473.715
40667.766
40101.316
40870.566
42043.785
44590.5
45263.516
44588.434
44643.051
44826.234
44271.25
44712.566
44140.648
43599.234
44596.582
45986.965
47026.449
46906.566
47400.715
47605.633
48131.648
48953.5
48442.785
48328.633
48382.715
47512.102
48085.383
48526.301
48570.184
48451.766
49321.117
49812.766
49818.383
49851.434
49070.984
48987.965
48546.383
48796.898
48439.184
47659.965
47417.715
46923.234
48072.852
48885.965
49686.117
49415.234
50065.918
51053.766
51444.184
50825.5
50343.449
50729.234
50029.449
49903.234
49137.648
49913.633
50502.25
49940.301
49586.984
49185.898
47984.582
47316.898
45614.449
44309.633
43869.051
43958.168
44380.582
45008.898
46366.918
46614.434
48030.516
48377.766
48471.984
49171.566
49389.984
49900.234
50071.918
50257.699
50787.516
51686.035
51002.449
50552.898
49602.785
49480.102
49341.852
49195.633
49189.383
49319.766
50011.516
51119.367
51167.25
51195.699
51177.715
51029.301
50769.516
50679.633
50697.852
49542.965
48898.516
48406.766
47710.316
46837.234
46290.383
46659.168
47015.984
47492.035
48037.582
48790.168
48830.449
48640.035
48434.25
48606.5
48254.25
47821.301
47981.051
48505.102
49030.117
49267.035
49323.051
49884.234
50439.582
50424.699
50502.852
50201.234
49973.25
49306.035
48455.449
48073.102
47064.785
46051.434
47424.25
47332.766
47715.516
47883.367
48552.984
48668.035
49091.918
48398.699
48580.785
48936.234
48415.852
48242.832
48028.715
47922.301
47526.918
46851.234
46331.582
46480.566
46526.117
46016.566
45331.051
45619.633
45495.383
45193.168
45173.918
45499.301
45821.984
46084.832
46560.785
46751.234
47255.316
46926.898
46730.516
47221.102
47122.184
45815.898
46627.383
46221.699
46198.449
46465.633
45752.051
45888.102
46793.051
47047.168
47470.582
47356.168
47458.918
47459.301
47042.984
47561.566
46990.117
46383.5
46355.117
46726.035
47216.785
47359.766
46587.852
46752.633
46657.984
46240.234
46472.25
46609.898
46530.184
46336.566
46548.648
46150.102
46327.582
45734.898
45417.051
45297.832
45263.383
45524.434
45104.25
45935.699
46242.316
46822.699
46180.449
46353.434
46366.051
46601.035
46483.25
46259.301
46457.852
46376.898
46156.25
46152.434
46214.383
45836.566
45346.918
45785.035
45894.117
46013.434
45975.117
46124.168
46193.383
46095.301
46548.316
46565.766
46820.852
45878.5
45386.184
45662.102
45072.582
45159.367
44884.516
45473.301
46047.918
45904.5
45763.051
46053.301
46018.648
46373.035
46184.516
46235.5
46599.316
46384.301
46316.449
46564.434
46576.715
46543.633
46308.852
45578.035
45831.184
44993.168
45221.051
45256.5
45131.117
44769.234
44900.117
44879.898
44782.051
44824.434
45275.918
44879.766
45527.984
45268.301
45176.117
44595.102
44156.051
43814.234
43928.316
43493.434
43515.648
43245.301
43856.715
44106.434
44096.984
43915.965
43545.516
44687.301
44930.383
45250.367
45307.785
45932.234
46124.25
45407.965
45081.383
45006.102
44901.449
44084.699
44199.051
44430.168
44456.25
44805.5
44752.383
45233.832
45132.984
45303.168
45053.785
45347.035
44926.582
44607.102
44063.449
44684.5
44748.449
43990.434
44885.516
44483.898
44874.25
45075.168
44506.184
44791.234
44365.582
43516.832
43088.316
43536.633
43260.051
43007.965
43448.648
43466.168
44598.25
44272.699
44972.316
45147.633
44878.648
44781.168
45149.648
45487.898
44925.516
44341.367
44140.984
44111.168
43583.785
43377.566
43287.051
43930.434
43981.516
43943.766
43861.117
44516.965
44577.648
44185.633
43876.582
43893.035
43432.184
42788.965
42261.648
42240.699
42233.051
41860.898
42195.449
42520.766
43179.316
43443.367
43578.184
43896.633
44122.316
44549.035
44496.516
44628.367
44384.582
44212.5
44746.051
44073.566
44566.316
44260.898
43858.582
44371.898
44251.25
44469.566
44133.449
43911.035
43838.184
43768.434
43245.516
43352.766
43060.449
42867.301
43233.449
42810.434
42605.051
42625.234
42501.918
43283.898
43544.516
42728.367
42877.051
43495.832
43366.316
43271.434
43778.715
43234.898
42927.383
42818.633
41940.051
42445.699
41590.785
41805.035
41721.785
41634.301
42261.582
41971.434
42342.852
42222.434
42202.984
42572.234
42465.516
42758.832
42740.184
42220.301
42326.785
42472.102
42650.785
41793.102
42107.516
42312.699
42355.918
41767.102
42261.449
42944.168
42556.383
42208.367
43091.25
43138.5
43081.852
42751.633
42328.918
42858.566
42395.25
42591.367
42554.852
42240.965
42440.918
42306.102
42102.715
42458.301
42150.449
41461.301
41625.184
41914.832
41624.648
41037.898
41038.984
40731.434
40579.648
40420.102
39961.648
40611.633
40639.449
40237.898
41248.785
41139.5
41433.316
41327.234
41104.715
41579.832
41348.715
41025.5
40555.516
40966.832
41159.715
40290.367
39495.117
38667.234
37914.715
37389.898
36596.852
36232.367
35571.117
35104.102
36335.117
37004.234
37051.316
37664.965
38422.785
39641.234
39358.984
39831.633
39633.984
39538.102
39716.25
39247.367
39091.383
39324.035
39244.316
38838.699
38897.582
39111.5
39291.051
39047.367
38766.582
39132.965
38907.715
38959.566
38760.852
39196.102
39139.449
38813.633
39423.984
39216.766
39015.184
38598.367
38355.516
38333.633
38289.316
38246.301
38341.648
38200.766
38564.715
38634.367
38399.051
38595.965
39124.184
38754.434
38505.852
38778.699
38939.25
38802.102
38970.852
38826.035
38408.25
38193.102
38129.25
38353.434
38176.516
37442.898
37807.383
37666.5
37980.918
37765.898
37592.316
37687.234
37855.117
38131.566
37679.648
37843.965
38141.648
37589.633
37866.582
37783.699
37753.516
37110.367
37251.648
37157.367
37208.184
37251.234
37112.184
37094.102
37082.117
36439.168
36771.25
36591.766
36873.582
36364.898
36666.918
37301.832
36965.449
37408.434
37415.051
37295.102
37750.852
37563.434
37537.582
37610.434
37476.316
37628.832
37439.051
37639.301
37341.184
37588.168
37356.184
37792.898
37117.648
37241.965
37001.25
37193.035
37404.184
36900.434
36747.184
36804.832
36866.051
36829.434
36908.117
36982.168
37133.516
37035.965
36954.648
36867.434
36527.449
36031.035
35932.715
36192.301
35598.852
35355.434
35459.383
35923.234
35864.984
35350.965
35371.184
35770.367
35559.984
35253.434
34920.852
35233.898
35027.184
34596.434
34112.25
34494.566
34540.715
34504.168
34846.449
34684.566
34737.918
34119.699
34310.316
33918.301
33801.582
33014.5
32875.518
32853.633
32362.916
32367.834
31707.982
32059.033
31723.85
31119.232
30315.85
30173.301
30253.117
30019.699
29433.316
29674.768
29645.383
29907.166
30046.65
30636.033
31083.783
31938.9
32717.982
32853.768
33012.449
33112.832
33331.785
33118.301
32760.917999999998
32864.834
32583.184
32833.434
32583.916
32986.301
33063.051
33351.301
33293.582
33572.566
33458.715
33898.566
33747.316
33467.633
33842.25
34128.035
33868.383
33560.965
33307.316
33668.766
33537.184
33302.965
33259.051
33321.434
33370.852
33779.035
32959.852
33493.367
33487.25
33570.367
33383.184
33593.699
33398.715
32973.633
32965.117
33054.766
33258.85
32565.834
32461.916
32653.699
32377.518
32310.367
32502.117
32588.967
32319.584
32214.232
31959.184
31863.367
31913.584
32029.9
31969.982
31962.166
31926.383
31875.566
31776.85
31595.834
31588.383
31387.566
30860.982
31279.1
30817.85
30913.367
30876.783
30983.5
30787.25
30937.633
30909.916
30928.699
31240.051
30996.967
31365.518
31174.367
31418.518
31194.566
30702.316
30795.566
30555.518
30347.633
30590.783
30428.699
30431.717
30419.301
30421.184
30812.301
31382.982
30870.834
31453.051
31579.633
31318.383
31482.367
31159.051
31384.1
31495.25
31697.633
31904.85
31933.367
32399.051
32275.1
32767.917999999998
33105.768
33403.383
32834.434
32688.117
33044.168
33606.051
33422.367
33944.918
34117.234
34547.184
34288.633
34471.184
34334.434
34055.582
33184.566
32141.383
31529.566
31203.65
30887.367
30576.449
30312.5
30350.982
30184.633
30124.85
30397.699
30241.982
30258.566
30216.117
30573.566
30346.051
30193.9
29867.184
29770.166
30047.184
29583.967
29905.184
29765.434
30016.783
29972.566
30097.383
30192.033
30419.916
30021.699
30176.383
30501.5
30330.316
29754.834
30084.316
30493.1
30255.584
29898.434
30169.051
30371.768
29807.717
30241.033
29513.449
29875.5
29509.184
29262.301
29506.982
29299.768
29391.117
29094.1
28624.717
29280.367
29335.982
28968.834
29012.65
29207.033
28962.916
29359.9
28778.117
29041.699
29052.449
29212.834
29200.783
29335.566
29077.383
29186.699
29332.783
29590.633
29151.85
28724.967
28757.117
29019.301
29140.717
28908.367
29001.783
28784.1
29047.184
28727.434
28794.982
28849.633
28768.184
28305.166
28105.717
28753.5
28495.982
28034.1
27907.717
28387.367
28000.85
27967.367
28052.25
28398.166
28056.383
27051.967
27835.65
28280.166
27874.184
27811.566
27463.316
27694.033
27769.449
28024.166
27949.717
27837.166
27540.316
27642.768
27631.184
26982.301
26779.85
26183.633
26498.85
26011.033
26463.051
25987.033
26125.916
27416.301
27278.383
27186.967
27841.584
27675.834
27746.449
27254.232
27028.518
26907.1
26918.584
26587.967
26688.717
26790.699
26782.184
26378.768
26662.518
27280.967
26789.449
26295.834
26588.85
26866.367
26970.982
26645.9
26749.051
26873.232
26483.184
26139.699
25795.783
26231.967
25735.783
25679.566
25223.916
25242.768
25256.383
24554.434
24067.518
23878.1
22369.982
21540.633
20715.383
20834.566
20873.717
20944.301
21207.85
22074.434
23014.184
23606.166
23674.717
23903.1
24503.85
25015.834
24957.916
24606.367
25076.25
25007.367
25084.584
25071.834
24666.051
24378.5
24231.65
24693.5
24546.982
24129.566
24817.783
24679.033
24917.85
25020.166
24879.383
25044.301
24972.85
24775.166
24812.85
24959.033
25147.584
24672.5
24705.518
25089.232
25220.184
25052.9
25130.449
25251.967
25222.85
25129.834
24670.518
25103.033
25034.449
24679.768
24482.051
24736.699
24872.449
24693.166
24230.25
24453.232
24844.184
24153.566
24841.982
24993.967
24940.184
25390.834
25078.65
25237.5
25174.383
24900.633
25079.383
24996.166
24907.65
24550.367
24648.449
24692.033
24734.316
24675.768
24744.916
24895.033
25007.65
24641.566
24419.85
24706.434
24583.717
24764.5
24330.316
24859.566
24690.184
24907.301
24918.051
24977.834
24938.65
24453.566
24170.449
24729.367
24558.584
24714.699
24302.916
24234.768
24330.449
24207.434
24555.316
24320.033
24292.783
23698.166
23742.449
23825.1
24098.117
23232.699
23475.982
23754.967
23687.449
23457.834
23300.916
23757.033
23712.25
23466.834
23645.184
23704.5
23900.518
23173.967
23367.518
23831.5
23889.25
23542.301
23375.65
23499.9
23693.85
23336.699
23286.383
23450.367
23369.184
22786.699
23127.584
23113.1
22936.85
22883.834
23053.25
22708.1
23428.25
22814.768
22684.916
22760.232
22813.717
22712.566
22167.717
22653.367
22695.25
22360.699
22102.316
22576.9
22447.584
22354.566
21803.316
22376.5
22345.982
22265.967
22325.518
21924.633
22197.051
22065.9
21587.783
21875.834
21698.051
21676.9
21213.783
21589.566
21503.316
20855.166
20533.982
21258.633
21094.316
20871.633
20801.449
21038.834
20943.449
20557.367
20482.117
21114.566
20860.25
20645.367
20495.717
20980.633
20533.717
20393.367
20255.25
20867.033
20641.518
20398.699
20391.383
20534.834
20247.717
19834.1
19514.383
19969.5
20059.982
19946.301
20208.117
20399.834
20242.584
19685.9
20339.65
20169.1
20003.916
19948.232
19915.316
19797.9
19955.783
19411.699
19354.117
18535.967
17674.184
16834.301
16027.717
15503.3
15316.184
15291.7
15321.116
16314.366
16903.65
17184.1
17693.982
18055.166
18111.916
18210.232
18083.85
18252.367
17647.449
17622.768
16904.518
17971.9
17914.85
17736.9
17683.25
18071.367
18300.316
18490.166
18200.717
18631.166
18893.316
18540.633
18614.85
18992.834
18993.051
18998.1
19143.982
19288.566
19264.449
19089.633
18709.383
19626.967
19393.25
19389.434
18961.717
19622.434
19751.783
19545.9
19756.717
19762.699
19306.584
19517.699
19167.316
19731.1
19615.65
19503.633
19419.316
19467.768
19679.449
19298.834
19822.85
19831.5
19860.783
19811.566
19408.982
20148.834
20080.982
19664.768
19836.916
20516.5
20243.383
19987.166
20482.449
20745.834
20371.916
20114.301
20192.051
19827.699
20027.518
19511.033
19691.117
19999.033
19873.783
19925.367
20397.117
20006.9
20190.518
19555.834
19399.982
20292.633
20095.25
19919.367
20097.449
19864.834
19992.85
20029.232
19742.584
19790.1
19786.982
19744.166
19698.518
19871.367
19507.25
19588.633
19493.117
19860.232
19598.051
19707.1
19614.449
20089.434
19682.85
19696.367
19600.184
19897.1
20145.717
20151.1
20028.449
19934.9
19809.117
19694.699
19923.783
20087.434
20215.584
20174.633
19828.449
20485.166
20337.449
20255.033
19736.184
20303.166
20182.518
19979.367
19843.518
19929.166
20083.85
20240.699
20089.184
20203.834
19860.051
19991.301
20192.051
19917.967
20016.518
19901.1
19799.65
19899.367
20021.916
19753.367
19681.982
19791.033
20040.383
19065.699
19843.449
19850.1
19787.25
19056.967
19483.316
19780.566
19891.783
19728.633
19815.982
19758.9
19844.117
19613.699
19452.717
19848.633
19584.449
19680.033
19345.449
19566.834
19586.449
19284.5
19205.783
19504.834
19076.982
19082.301
18895.051
19271.967
19116.85
18816.301
19095.717
19063.367
18801.982
18993.967
19116.916
18909.166
18885.449
18646.9
18700.316
18974.967
18652.316
18786.301
18425.85
18475.367
18563.25
18473.232
18485.316
18341.166
18244.117
18188.301
18146.518
18423.367
18353.783
18300.967
17358.449
17641.633
17526.051
17321.033
16765.783
16672.9
16693.717
16283.434
15704.05
16212.1
16039.85
15208.033
15597.917
15485.5
15092.783
15242.5
14652.717
14845.833
14641.05
14349.767
14478.583
14756.9
14625.316
14809.5
13550.583
14326.5
14409.717
13934.634
14202.85
14449.233
14552.783
14273.967
14691.783
14948.767
14969.384
15198.1
15630.983
15591.833
15418.783
15497.566
15269.917
15270.434
15440.65
15402.033
14822.05
15269.434
15122.917
14782.434
14192.316
14530.167
14324.05
13969.566
13894.316
13737.3
13794.783
13633.5
13507.583
13931.833
13906.983
13735.9
13766.25
13890.5
13756.583
13628.634
13529.517
13962.634
13809.717
13457.767
13911.184
14282.233
14030.184
13760.833
13922.05
13851.5
13938.717
13882.3
13749.65
13792.5
13543.517
12943.3
13521.85
13433.7
13531.384
13687.434
13182.384
13725.434
13579.783
12802.9
13117.85
13333.233
13164.517
13224.833
13525.917
13645.167
13607.184
13798.566
13722.116
13841.3
13671.85
13636.634
13325.384
13568.9
13649.983
13370.434
13418.783
13627.033
13577.917
13328.233
13785.316
13867.9
13994.517
13532.5
13784.184
13914.1
13863.116
14067.566
13365.783
13897.366
13750.316
13938.833
13542.05
14226.167
13943.05
14092.967
13748.116
14249.033
14166.316
13862.7
13659.25
13912.434
13653.783
13556.434
13785.583
13698.1
13575.717
13192.233
13208.783
13469.167
13640.184
13453.566
13631.717
13562.033
13428.116
13229.566
13436.45
13485.5
13370.717
13682.7
13056.65
13357.1
13627.717
13597.033
13283.184
13328.566
12862.983
12605.967
13036.917
12908.1
12989.05
12218.3
12689.45
13011.033
12898.384
12591.9
12929.517
13157.566
12776.05
12926.566
12736.85
12972.033
12617.983
12366.833
12315.116
12647.1
12611.384
12172.233
12466.783
12432.967
12573.45
12399.566
12438.983
12554.233
12396.116
12205.033
12443.116
12558.033
12498.783
12338.233
12691.783
12436.1
12518.517
12415.167
12204.05
12384.5
12357.917
12207.634
12065.65
12132.167
12201.983
11907.366
11781.983
12264.767
12287.316
11989.833
12022.384
12264.833
12240.25
11813.233
11899.45
12104.5
11856.983
11675.767
12064.184
12021.233
11807.05
12041.967
11814.45
11898.233
11829.384
11539.833
11185.783
11854.5
11497.316
11747.767
11560.05
11647.434
11481.783
11406.7
11240.25
11607.3
11477.316
11347.967
11090.05
11352.434
11385.783
11210.434
11182.25
11479.3
11438.184
10895.434
11081.316
11379.366
11309.45
10614.167
10786.316
11209.566
11168.85
11073.9
10740.184
11300.033
11173.717
11074.7
10847.917
11019.167
10828.384
10651.1
10815.184
10998.5
10794.85
10619.767
10704.517
11114.233
11116.116
10858.033
10605.583
10705.833
10840.45
10655.167
10502.917
10797.833
10741.184
10713.167
10356.116
10547.3
10662.05
10612.767
10431.184
10585.967
10400.116
10844.9
10129.384
10584.033
10505.25
10288.167
9841.25
10533.767
10491.65
10509.967
10200.384
10281.967
10130.45
10275.7
10406.384
10669.1
9859.184
10139.033
9917.517
10172.366
9534.583
9021.1
8348.983
8014.5
7083.25
6142.233
5465.45
4746.7
3922.183
3484.433
2793.783
3086.3
2969.85
2703.433
2911.183
3855.033
4103.5830000000005
4188.033
5227.25
5831.567
6139.45
6493.1
5848.117
6592.3
6177.317
5990.833
5601.183
5345.833
5404.183
5121.5
4884.45
5276.233
5346.05
5333.167
5137.25
5889.433
5699.383
5755.967
6390.65
6465.5
6744.85
6426.633
6933.45
7131.3
7129.783
7167.767
7420.85
7738.567
7784.65
7343.967
7622.65
8187.767
8236.45
7820.833
8348.517
8589.833
8770.45
8673.833
8734.783
9215.3
9193.45
8587.1
8723.983
9419.1
9495.983
9325.7
9078.65
9606.833
9423.517
9241.366
9270.316
9720.167
9508.783
8642.7
9532.917
9682.3
9744.184
9419.967
9197.116
9709.634
9633.517
9449.9
9379.917
9527.1
9631.783
9202.5
9033.717
9960.1
9539.05
9336.434
9365.85
9692.3
9602.316
9461.634
9412.85
9644.434
9586.917
9424.434
9395.184
9664.833
9674.717
9538.9
9429.583
9744.366
9667.184
9118.233
9335.316
9642.833
9539.384
9176.233
9103.983
9495.967
9343.384
9413.833
9185.65
9435.1
9531.384
9269.9
8803.517
9569.1
9489.45
9480.9
9313.85
9780.033
9522.316
9329.233
9120.25
9588.167
9359.05
8933.366
8796.65
9444.767
9337.717
9351.233
8745.983
9467.5
9308.717
9200.5
9269.583
9471.5
9419.184
9226.366
9180.116
9678.566
9499.717
8617.366
8959.116
9594.9
9336.45
9317.1
9151.583
9538.5
9416.05
8977.833
8779.583
9353.434
9197.25
9169.3
9032.983
9373.366
9345.25
9210.033
8716.384
9423.167
9351.45
9011.9
8669.45
9276.566
9386.45
9080.366
9012.783
9352.366
8964.05
8925.033
9035.65
9059.767
8975.983
8836.634
8653.116
9241.634
9073.717
8690.434
8614.05
9099.167
9193.983
8523.7
8606.316
9075.3
9016.184
9031.7
8789.85
9005.833
8933.25
8840.566
8565.583
9193.167
8939.65
8651.566
8640.917
8989.366
8923.983
8743.833
8237.983
8867.967
8798.65
8682.7
8181.717000000001
8961.3
8751.45
8273.434
8690.184
8771.7
8696.184
8237.634
8332.717
8516.3
8624.983
8367.9
8328.25
8616.5
8408.65
8397.7
8155.05
8477.7
8541.717
8013.9
7995.317
8462.767
8425.783
8143.433
8065.783
8137.167
8342.183
7865.3
8026.05
8069.433
8117.317
7941.433
7706.583
8305.233
8148.317
7769.767
7422.917
8002.367
8152.717
7965.367
7652.05
8004.767
7969.983
7259.633
7661.25
8092.833
7727.583
7574.167
7603.25
7869.367
7933.517
7528.767
7396.85
7778.5
7888.317
7735.167
7603.85
7928.7
7715.983
7460.7
7189.583
7799.433
7631.117
7881.633
7348.45
7839.367
7778.983
7259.633
7318.717
7791.167
7628.383
7440.433
7477.85
7772.367
7702.65
7284.633
7234.05
7849.633
7550.717
7411.3
7450.383
7698.9
7543.983
7111.1
7002.317
7359.233
7311.783
6810.1
6951.917
7412.433
7228.65
7426.833
7083.983
7440.167
7318.25
7521.433
7113.917
7328.433
7248.717
6910.033
6874.317
7355.167
7218.317
6747.567
6225.717
7196.367
7211.317
6736.967
6949.183
7187.7
6967.65
6829.767
6769.983
7131.1
6944.917
6746.233
6390.25
6965.1
7011.783
6306.833
6470.117
7038.633
6819.717
6561.9
6348.517
6951.567
6901.117
6824.033
6408.25
7007.367
6901.45
6840.767
6728.05
6933.033
6794.517
5557.9
6021.25
6821.9
6898.517
6494.7
6234.717
6743.567
6866.983
6215.033
6211.65
6649.233
6610.85
6155.033
6168.583
6676.567
6640.517
5972.233
5965.517
6522.033
6458.917
6196.233
6223.183
6430.1
6360.45
5935.633
6328.917
6422.7
6433.183
5926.767
6154.183
6539.567
6302.783
5844.367
5751.05
6336.833
6364.583
6174.367
5647.183
6406.367
6281.65
5606.567
5748.383
