283.983
72.9
-132.55
157.5
458.517
138.96699999999998
218.517
248.7
248.65
263.967
135.11700000000002
-161.7
222.517
218.5
32.583
-25.766999999999996
356.317
-1.3670000000000044
75.783
375.3
434.25
188.7
475.45
166.1
302.65
212.833
237.38299999999998
-120.567
208.917
214.767
347.183
31.233000000000004
296.717
203.5
255.78300000000002
35.233000000000004
573.183
489.567
99.65
-48.367000000000004
253.78300000000002
134.03300000000002
12.849999999999994
195.9
209.45
241.167
162.11700000000002
247.3
237.917
249.167
-26.417
55.900000000000006
625.783
293.83299999999997
-0.4830000000000041
-267.3
447.05
451.3
46.917
52.900000000000006
391.517
446.767
398.517
240.567
425.65
380.7
167.65
332.033
411.517
417.033
348.317
-126.1
453.517
297.16700000000003
46.983000000000004
81.767
394.45
198.1
159.85
85.9
318.117
517.233
209.45
71.367
251.917
363.233
43.917
19.299999999999997
249.38299999999998
213.767
524.117
-3.766999999999996
198.917
222.167
358.983
-45.900000000000006
218.917
269.633
206.78300000000002
94.5
431.58299999999997
368.367
-215.88299999999998
31.632999999999996
411.383
314.7
234.917
210.3
482.717
288.633
9.516999999999996
290.967
116.583
330.633
269.117
293.367
425.183
298.3
565.05
-223.567
335.983
374.1
119.783
374.367
401.383
472.1
278.58299999999997
114.1
361.65
253.63299999999998
-57.55
123.567
349.58299999999997
311.7
141.38299999999998
17.367000000000004
429.45
460.233
76.517
-238.9
369.983
330.1
95.717
151.3
288.85
431.1
349.65
53.033
302.717
337.16700000000003
-274.41700000000003
-130.7
314.91700000000003
221.833
179.183
-7.5
348.58299999999997
273.367
64.85
226.96699999999998
421.58299999999997
302.16700000000003
269.45
-106.167
464.45
422.033
447.58299999999997
155.167
497.383
293.767
166.38299999999998
356.3
425.25
75.167
379.25
-156.833
150.05
240.03300000000002
14.783000000000001
374.16700000000003
596.183
431.5
178.65
-75.767
510.05
166.1
466.717
36.3
409.45
371.5
331.983
395.033
532.183
364.16700000000003
441.65
312.7
345.783
238.167
396.65
-345.3
410.317
365.3
175.317
150.63299999999998
153.45
332.633
484.85
190.03300000000002
257.517
320.567
125.45
-186.833
293.383
397.83299999999997
483.117
197.96699999999998
408.317
318.767
61.117000000000004
-309.7
455.983
248.833
-55.55
32.43300000000001
282.25
199.5
-1004.883
-86.967
135.45
287.967
253.71699999999998
-62.43300000000001
579.583
415.033
280.517
81.9
272.85
239.36700000000002
-102.35
434.9
537.983
283.033
-183.683
44.43300000000001
325.25
327.83299999999997
-102.017
363.16700000000003
392.117
271.967
410.983
351.5
336.58299999999997
418.767
254.583
187.767
390.65
251.36700000000002
421.117
33.967
406.05
444.1
347.05
-66.1
231.45
328.16700000000003
86.317
-279.9
377.45
352.367
273.517
-122.1
361.117
338.367
233.583
89.5
379.91700000000003
361.233
-147.483
221.96699999999998
343.183
76.9
-136.55
167.03300000000002
271.383
224.167
332.717
178.567
274.25
535.9
110.983
183.63299999999998
383.783
539.767
400.65
164.233
223.38299999999998
286.567
109.983
505.967
365.717
212.433
-151.21699999999998
108.7
213.05
293.16700000000003
265.85
-9.167000000000002
556.45
559.833
43.25
294.567
381.117
361.567
243.317
102.367
350.983
393.767
82.983
123.7
308.85
321.3
188.65
296.367
485.85
434.16700000000003
407.183
105.167
563.983
176.36700000000002
387.783
-146.1
367.383
180.36700000000002
-88.083
287.16700000000003
327.117
196.3
539.917
385.9
382.65
266.63300000000004
643.85
86.9
378.783
289.16700000000003
-38.55000000000001
276.433
639.783
418.36699999999996
543.317
-51.63300000000001
449.45
361.5
381.11699999999996
185.967
340.65
523.9
-56.55000000000001
225.833
609.65
332.9
137.183
154.233
347.783
350.5
516.183
174.3
655.183
548.9
702.65
445.433
698.517
505.9
223.983
330.767
384.917
600.233
762.317
183.3
707.9169999999999
581.3
527.85
667.3
603.25
498.7
337.117
639.9
478.45
756.633
110.31700000000001
268.167
552.85
538.967
559.45
390.167
878.383
540.633
704.5830000000001
544.633
680.45
647.1
672.717
296.567
1008.65
471.233
568.45
505.233
847.183
523.3
706.85
591.967
599.65
860.7
772.05
650.033
604.9169999999999
858.233
617.983
429.367
942.25
730.367
627.717
562.9
567.983
670.433
788.317
644.3
875.9169999999999
768.567
547.25
494.967
671.717
768.233
665.983
548.033
896.183
463.967
736.583
463.967
683.917
570.167
748.25
834.033
718.85
455.76700000000005
767.85
959.367
437.04999999999995
866.1
704.917
750.367
774.783
745.167
608.583
966.3
1145.383
663.367
675.517
1263.567
889.517
1107.233
469.51700000000005
664.033
1141.45
964.5
1113.383
1179.433
701.717
675.367
814.85
771.567
1318.183
1140.633
609.317
1084.167
978.317
1193.767
1227.65
1044.9
961.25
1305.5
569.45
864.033
975.583
1149.833
1481.85
1421.5
1354.717
1302.167
1098.517
1196.7
1221.517
1117.033
758.25
973.0999999999999
1316.717
1124.9
1393.383
942.9670000000001
1453.117
1348.833
1463.45
1276.1
1435.583
1341.767
937.117
1410.5
1269.317
1176.033
1102.917
1242.033
1231.717
1354.833
1251.783
1023.7
1346.317
1132.367
1105.383
979.0329999999999
1461.117
1337.033
1284.717
1365.9
1471.317
1217.433
1208.917
1102.167
1366.85
1402.633
1276.117
1021.9000000000001
1532.983
1260.367
1296.383
1278.767
1435.183
1321.9
814.25
1263.567
1317.317
1399.7
1428.517
1599.567
1729.317
1532.033
1559.85
1527.167
1678.583
1721.3
1579.983
1657.9
1632.783
1640.033
1812.983
1672.1
2045.583
1510.967
1104.65
1369.767
1582.917
1871.033
1573.917
1681.367
2053.25
1844.767
1765.517
1684.033
1926.717
1976.1
2004.65
1719.233
2089.583
1768.5
1669.117
1550.967
1607.583
1529.1
1856.517
1195.1
1599.317
1719.633
1965.917
1598.967
1912.983
1790.567
1995.65
1821.9
1894.183
1962.567
1931.917
1853.767
2169.183
1724.7
2282.05
2014.1
2053.05
1970.567
1873.317
2067.567
2316.117
1672.033
1796.117
2100.633
2348.65
2039.367
2145.65
1883.5
1966.117
1848.5
1938.383
2067.1
2028.317
2345.5
2606.317
1877.7669999999998
2480.783
2454.967
2325.85
2229.767
2299.517
2157.967
2121.65
2429.233
2354.317
2176.167
1957.25
2076.967
2021.983
1985.367
2319.65
2206.433
2363.583
2579.1
2390.983
2518.1
2749.983
2485.233
2813.65
2648.3
2983.383
2734.767
2579.117
2806.567
2820.65
2709.7
2527.45
2678.433
2500.917
2592.367
2456.85
2635.7
2621.65
2410.7
2061.783
2343.5
2284.183
2299.1
2130.317
2065.3
2340.45
2080.9
2018.45
1716.833
2350.783
1908.3
2258.717
2258.5
2464.85
2939.967
2731.117
3015.033
2874.05
3041.433
3184.983
2799.767
2972.583
2931.033
2649.45
2564.167
2867.317
2719.767
2950.25
2529.833
2810.383
2846.167
2828.85
2991.233
2955.383
2996.833
3181.117
3109.3
3164.383
3160.367
3075.65
2800.433
3136.917
3197.433
3022.917
3292.9
3376.117
3223.633
3101.117
2827.1
3358.783
3213.167
3546.85
3809.767
3926.517
4289.767
4251.9169999999995
4129.767
4050.45
3981.833
4074.117
3689.767
4276.65
3943.3
4098.983
4019.9
4270.517
3762.633
3923.517
4062.367
3914.783
3959.767
3740.05
3450.767
4072.383
4170.567
4049.117
4229.1669999999995
4404.983
4365.833
4283.45
4016.9669999999996
4365.782999999999
4308.032999999999
3785.383
3987.633
3965.05
4212.433
4101.517
4334.5
4517.517
4244.433
4140.383
3578.433
3852.317
3959.7
4014.65
3740.567
4163.183
3821.967
3847.05
3639.9
3565.25
3513.767
3425.983
3512.5
3551.983
3658.033
3439.65
3577.5
3330.45
3527.167
3650.85
3757.567
4080.917
4220.1
4360.117
4515.367
4307.5830000000005
4408.8330000000005
3953.05
4493.9
4282.05
4282.3
4849.383
4530.9
5246.383
5276.3
5193.717
5423.567
6015.85
5524.767
5621.383
5082.967
5266.45
5144.967
4738.517
4470.367
4538.383
4389.833
4164.783
4303.1
4814.85
4431.767
4737.117
4797.5
5308.583
5268.567
5388.85
5145.433
4987.583
4849.967
4449.917
4293.3
4377.85
3964.033
3799.117
3666.3
3727.383
3655.367
3067.25
3391.1
3406.117
3070.433
2737.65
3530.3
3574.183
3735.233
4030.85
3786.9
4639.983
4902.1
4971.717
4807.1
4910.05
4668.833
4287.383
4428.167
4358.917
4539.567
4525.583
4367.033
4932.183
4585.9
4779.383
4666.3
4834.783
4787.567
4697.65
4160.767
4756.517
4616.833
4784.25
4698.1
4603.183
4608.367
4686.717
4704.767
5392.25
5437.767
5472.317
5728.9
5935.65
5982.9
5941.85
5783.367
6148.783
5897.3
6317.583
5936.167
6379.25
6854.7
6144.717
6365.9
6466.317
6229.9
6186.917
5429.633
5310.65
4706.767
4425.117
3482.9
3319.717
2766.833
2596.517
2582.033
3166.25
3463.7
3820.583
4364.1
4763.383
5004.233
5320.317
5778.033
6125.783
6536.9
6409.317
6404.633
6525.717
5950.833
5836.783
5497.1
5082.783
4285.5
3940.85
3623.033
3619.85
3983.633
4178.117
4765.433
5690.05
6013.833
6270.783
7152.1
7421.717
7580.1
7988.983
7697.767
8431.05
8488.833
8890.116
8607.3
8573.65
9020.566
8776.983
8811.7
8998.184
8825.767
9082.184
8880.5
9542.25
9385.9
9485.184
9289.967
9787.384
9622.566
9458.184
9585.5
10127.184
9875.167
9808.05
9614.167
9760.517
9286.233
9363.517
9540.634
9622.717
10090.9
9850.384
9938.634
10010.05
9633.033
9381.45
9145.366
9368.983
9654.167
9813.783
9726.833
9758.384
9740.833
9654.25
9541.366
9444.25
9411.233
9260.583
9341.033
9800.45
9575.033
9799.517
9474.833
9616.517
9825.233
9612.116
10009.3
10177.917
10193.767
10326.85
10400.033
10556.917
10875.033
11151.384
10953.434
10870.25
10795.767
10076.384
9526.5
9644.05
9587.5
9498.85
9418.5
9735.717
10005.233
10220.116
10876.3
10845.517
11458.566
11406.983
11465.767
11423.85
11878.033
11214.05
11357.634
11814.184
11328.7
11354.384
11587.033
11513.983
11326.566
11952.65
11455.1
11794.05
11733.833
11662.25
11373.167
11637.717
11485.233
11497.25
10892.1
11573.983
11411.366
11416.517
10992.7
11377.316
11769.967
12011.517
11658.233
11916.517
12025.7
11755.45
11768.366
11716.316
10626.833
11115.65
11135.9
11206.917
10715.566
11371.384
11192.9
11261.917
10965.967
10936.25
11336.7
11436.517
11382.566
11470.65
11227.833
10969.783
10930.3
10310.116
10587.566
11335.05
11126.3
11282.917
11685.833
12025.45
12072.233
12281.05
11907.833
12054.45
12222.634
12086.184
11646.167
11410.583
10900.9
11080.917
10292.434
10986.316
11239.033
10884.783
10899.3
11748.917
11712.566
11151.316
11209.967
12088.917
12271.566
11954.917
11769.033
11882.384
11947.7
11659.05
11600.434
11877.85
11654.434
11934.05
12260.566
11945.783
12226.1
12525.05
11571.7
11863.917
11713.566
11330.116
11569.1
10809.917
11084.434
11176.25
12209.833
12055.85
11911.566
11910.25
11393.634
11665.85
11656.167
11998.384
11638.767
11436.783
10814.767
10640.116
10250.833
9873.05
9782.634
9095.116
8937.5
8980.45
8953.7
9503.583
9979.767
10984.717
11654.233
12931.25
13098.767
14172.184
13340.833
12692.384
13214.3
13061.184
12831.833
13660.45
13815.833
14059.384
13840.434
13689.783
13062.7
12489.65
12160.366
12382.85
12364.033
13687.717
13152.1
13773.25
13902.5
14228.783
14294.767
13914.25
14690.1
14910.85
15608.566
15457.717
15583.434
15922.783
16273.967
15160.917
15407.167
14710.184
15065.434
15082.384
15549.233
14880.25
14634.7
14165.85
13943.634
14203.917
13877.167
12935.917
13889.167
13712.917
14634.566
14810.517
14834.833
15841.45
15408.767
15019.316
15337.366
15385.783
15155.9
15159.983
15431.9
15860.983
16309.033
16390.116
16041.1
16180.85
17917.1
16576.116
16629.166
16929.316
16271.833
16889.25
16887.967
17513.783
16875.9
16290.583
16647.233
16884.717
16799.434
16230.717
16174.7
17346.65
17830.166
17449.449
16701.434
17101.584
16869.967
16722.518
15845.167
16791.25
16605.967
16247.116
15493.167
16157.65
16449.434
16466.717
15978.9
17144.316
17170.166
16950.916
17352.301
17499.184
18330.967
17509.584
17272.9
17905.717
17461.166
17862.783
16869.1
17214.316
18036.566
17606.117
17719.033
17753.383
17283.5
17512.383
18023.566
18718.783
18441.367
18407.982
18634.434
18383.916
18876.768
19431.916
18906.033
18846.184
18409.5
18381.783
17868.633
18361.584
17941.232
18283.65
17571.633
17111.051
17391.301
17275.85
16942.232
17572.982
17084.9
17244.65
17396.699
17294.85
17408.301
17304.65
17844.434
18393.982
18842.033
17859.383
17982.033
18028.584
17392.1
18370.184
17986.166
18524.383
18515.834
18946.184
18964.834
19105.518
19388.166
18750.184
18304.834
20083.584
19395.232
19326.449
19620.699
19847.783
18548.9
19368.051
18522.166
19601.783
19259.834
18466.383
19127.633
19649.383
19386.5
19464.184
20542.367
19898.383
19235.633
18993.117
18752.967
18628.117
19237.699
20076.184
19895.232
20662.783
20789.301
21238.051
20710.633
20707.051
21178.367
20951.916
20960.232
20922.584
21092.834
21542.184
21145.566
21902.717
21630.166
21766.783
22268.434
22106.85
22040.834
21575.65
21666.033
21996.449
21548.1
21431.383
21194.5
21986.65
21613.232
22788.449
21930.834
21535.449
22094.033
22222.117
23047.566
23155.383
23275.1
22629.65
22885.9
22296.982
22442.768
22223.717
22723.434
22897.051
24966.768
22931.449
24029.699
24414.051
24612.566
24080.518
25439.434
24844.316
25208.699
26080.051
26878.566
25517.518
26145.699
25522.383
25834.301
27660.518
25939.768
26184.584
25246.566
25166.316
25385.633
26030.449
25982.9
26527.316
27337.768
26770.916
27587.9
28368.117
29165.1
29092.717
29389.834
30175.584
30950.768
30205.982
28758.566
29688.85
29842.166
29027.584
29703.633
30338.982
30389.301
30177.65
30728.699
31397.717
30650.566
32306.982
33050.367
32607.518
31986.367
33211.648
33024.898
33124.051
32783.367
33144.516
33326.434
33067.582
33136.633
32756.917999999998
33049.234
34003.984
34863.566
35292.918
35666.5
37279.785
37551.898
36913.316
37597.832
37660.918
37388.102
37467.184
36396.168
37489.051
36567.234
36570.984
38325.832
38922.383
39287.367
39360.051
39589.434
40406.25
39465.766
39729.582
39101.102
39490.984
39763.434
39238.918
39986.633
40775.852
41209.434
41351.582
41581.766
42077.715
42032.699
41360.582
41676.566
41591.582
41643.965
40969.516
41668.102
41742.918
41957.301
42418.918
41894.102
41663.383
41918.035
42023.852
42084.5
42133.785
42470.898
42217.715
42448.434
42590.918
42343.965
41077.25
40424.965
38511.25
36974.168
35898.715
35508.102
35416.051
35943.965
35990.984
37439.234
39379.117
39975.234
40615.648
40869.699
41093.383
42178.434
43256.449
42932.566
43602.184
43676.434
43217.25
42350.035
41989.449
42322.367
42987.516
43328.301
43872.383
44602.301
45571.051
46142.898
46285.648
46475.434
45647.117
45429.633
44803.316
45198.766
45237.25
45339.102
45158.316
44447.5
43969.715
43713.766
43077.383
43156.102
43435.918
43265.367
44880.117
45150.898
45562.516
46271.168
46521.184
45526.566
45742.051
45346.168
45321.117
45719.434
46139.715
46616.5
47766.516
47681.102
48295.516
47772.5
47717.785
47183.965
46379.316
46568.5
46542.184
46716.168
46473.25
46803.5
47404.918
47780.301
47250.984
47354.234
48469.449
47899.633
48343.184
47582.633
48256.785
47608.234
46563.582
45939.898
45551.852
45507.035
45778.715
46111.035
46655.648
47884.699
47643.984
48520.434
47918.984
47916.633
47711.316
47185.965
46754.316
46304.766
45585.449
45772.035
45756.449
45434.035
45722.648
45704.898
45419.316
45484.5
45295.918
45520.566
46068.117
46518.035
46480.383
47073.301
47793.25
48182.633
48099.648
48430.566
48163.516
48086.566
47241.715
46726.367
46159.785
46500.965
47000.316
46643.566
47556.184
47960.234
48616.184
48892.5
48930.516
48848.832
49867.785
50175.434
50824.449
50890.832
50465.516
50259.5
50039.984
49923.168
49231.715
48924.965
49114.25
49118.301
48711.383
48670.434
47672.785
48328.699
47867.383
48352.699
48190.785
49148.234
49784.316
50517.367
50941.117
51250.5
50192.852
50223.898
49648.383
49675.102
50059.449
49682.766
49654.184
49216.766
49832.25
50165.965
50154.117
50371.566
50466.785
51044.102
51495.785
52350.035
51518.852
51328.168
50563.184
50536.035
49720.918
49696.766
49592.117
49281.168
50024.918
50144.168
48317.383
49504.965
49376.918
48915.102
49198.852
48888.898
48734.984
49086.168
49699.852
50039.5
50095.117
49984.035
50182.648
51021.168
51083.383
51419.168
51088.117
50418.699
48873.918
47119.234
46191.715
44372.367
42562.648
42014.102
42751.516
44009.168
46626.984
47347.035
46706.852
46797.5
46944.051
46322.766
46713.715
46212.102
45573.051
46677.699
48149.449
49170.633
49101.25
49588.035
49775.316
50322.168
51222.383
50669.234
50535.316
50528.301
49749.648
50254.699
50761.117
50809.965
50622.852
51533.832
52068.383
52060.367
52124.383
51338.566
51121.516
50790.898
50973.648
50604.566
49800.852
49571.633
49046.449
50257.898
51086.516
51908.5
51640.918
52356.367
53359.184
53674.699
53120.918
52644.699
53037.582
52289.699
52162.051
51383.898
52164.383
52749.566
52208.117
51875.301
51424.316
50237.898
49462.648
47722.234
46319.184
45953.766
46016.984
46452.168
47068.715
48488.367
48800.449
50226.633
50512.449
50604.434
51341.316
51616.035
52107.715
52314.898
52494.918
52977.633
53925.648
53198.301
52712.918
51838.699
51675.918
51511.035
51394.25
51420.168
51461.785
52226.832
53333.852
53380.5
53419.852
53366.168
53202.984
52996.633
52888.582
52902.367
51703.383
51031.766
50601.316
49846.699
48937.648
48435.898
48798.785
49105.965
49650.383
50181.832
50897.785
51018.434
50759.184
50612.832
50725.785
50455.766
50023.715
50153.566
50622.383
51202.766
51367.25
51481.434
52010.984
52617.898
52570.383
52695.301
52373.383
52151.102
51468.852
50603.699
50142.984
49177.102
48104.984
49485.102
49419.918
49767.898
49966.852
50699.434
50765.785
51253.566
50543.648
50728.367
51058.715
50530.566
50369.383
50176.965
50073.582
49612.832
48896.648
48374.168
48531.117
48601.699
48055.25
47318.367
47719.25
47538.102
47158.648
47215.566
47467.449
47832.965
48108.715
48632.434
48848.25
49355.699
49045.117
48848.566
49341.984
49250.102
47922.715
48688.367
48273.984
48281.035
48533.582
47872.434
47958.516
48914.699
49159.918
49607.566
49406.715
49545.168
49483.516
49122.301
49661.785
49132.434
48503.184
48464.102
48838.648
49304.5
49499.582
48658.633
48838.25
48741.035
48264.582
48583.102
48702.648
48654.301
48391.984
48559.566
48297.516
48389.633
47808.785
47466.168
47315.316
47366.035
47554.852
47147.035
48093.316
48375.766
48932.648
48228.766
48422.383
48470.832
48696.984
48572.301
48296.25
48479.367
48456.648
48210.234
48206.648
48219.566
47866.918
47377.234
47814.582
47962.633
48052.516
48044.434
48181.785
48283.102
48182.383
48572.766
48590.785
48833.234
47881.383
47430.766
47691.785
47107.898
47208.984
46917.699
47497.449
48117.566
47978.316
47811.898
48167.648
48128.832
48386.383
48274.301
48277.918
48645.367
48397.648
48382.102
48585.316
48679.168
48554.051
48353.168
47587.918
47837.367
47029.25
47167.898
47269.984
47158.102
46732.715
46861.832
46761.852
46744.168
46835.715
47255.234
46844.516
47534.301
47237.918
47160.832
46572.316
46096.168
45721.449
45804.766
45403.516
45475.566
45135.184
45779.102
46038.316
46061.633
45804.582
45530.898
46682.918
46908.102
47128.184
47268.035
47957.648
48133.766
47410.051
47146.566
46932.785
46884.699
46032.117
46142.301
46346.051
46358.367
46762.516
46735.965
47245.516
47134.434
47222.785
47062.367
47301.582
46887.234
46612.383
46011.699
46678.184
46768.234
45913.117
46858.301
46386.383
46806.035
47016.785
46449.898
46723.918
46295.301
45466.918
44947.367
45440.852
45140.965
44889.918
45315.965
45341.316
46443.035
46168.383
46953.898
47113.582
46756.832
46687.648
47138.035
47437.715
46868.5
46274.516
45984.301
46018.582
45387.102
45167.648
45158.832
45736.051
45823.633
45810.25
45795.301
46402.918
46448.434
46014.918
45797.832
45751.184
45268.367
44611.648
44010.035
44070.383
44045.699
43625.984
43983.633
44288.25
44971.965
45254.516
45466.633
45756.117
46018.035
46426.316
46344.102
46469.25
46243.234
46102.516
46656.234
45980.117
46434.633
46127.25
45663.766
46220.316
46144.434
46311.184
45928.566
45701.25
45608.035
45571.051
44964.633
45146.184
44807.633
44595.449
44925.367
44595.918
44317.168
44382.516
44266.965
45032.715
45334.168
44498.383
44643.566
45246.715
45158.766
45050.184
45492.699
45010.582
44692.766
44511.785
43706.633
44234.785
43331.633
43535.316
43409.301
43387.582
43906.102
43721.516
44114.367
43945.383
43930.035
44302.582
44269.832
44588.785
44493.5
44001.383
44137.898
44289.383
44488.898
43678.648
43955.234
44131.316
44191.367
43543.918
44111.035
44774.25
44335.699
44086.449
44943.035
45063.316
44863.965
44564.316
44135.5
44763.383
44193.367
44411.648
44378.566
44063.852
44252.633
44183.383
43940.832
44295.715
44033.633
43283.852
43469.035
43763.516
43479.898
42936.117
42880.5
42564.984
42365.898
42214.648
41755.832
42419.648
42403.566
42049.184
43048.035
42922.316
43210.766
43183.648
42888.965
43452.051
43208.234
42800.117
42294.766
42754.715
42975.367
42022.117
41227.566
40336.785
39570.234
38975.715
38236.832
37814.117
37136.367
36636.984
37927.965
38641.852
38672.367
39292.449
40154.633
41349.25
41069.367
41560.449
41320.898
41253.715
41458.766
40946.918
40857.301
41012.184
40965.633
40489.117
40657.832
40819.715
41027.301
40729.383
40444.168
40915.117
40634.832
40695.383
40500.234
40932.785
40874.5
40502.648
41093.766
40868.051
40681.566
40235.051
39989.434
39971.184
39907.434
39862.582
40000.434
39834.316
40187.301
40310.852
40059.965
40268.852
40818.035
40458.715
40182.168
40475.449
40665.766
40490.852
40611.434
40544.051
40064.035
39887.984
39798.168
39989.051
39808.766
39094.785
39405.5
39331.383
39611.434
39433.383
39227.168
39322.785
39468.965
39806.383
39318.301
39545.715
39796.367
39235.516
39518.699
39443.852
39372.434
38796.25
38883.566
38772.184
38873.699
38903.582
38722.965
38702.516
38724.832
38078.715
38399.633
38144.648
38415.898
37936.449
38335.5
38951.316
38614.832
39023.449
39075.035
38908.184
39405.898
39180.449
39145.699
39233.383
39120.035
39299.25
39101.301
39219.648
39021.168
39255.918
38974.965
39409.984
38710.301
38874.582
38671.633
38800.117
39020.898
38519.648
38391.234
38411.852
38519.367
38480.316
38557.898
38600.852
38713.566
38698.383
38577.035
38520.582
38122.5
37632.852
37564.898
37763.785
37156.301
36975.984
37060.168
37463.25
37414.168
36916.383
37018.234
37325.184
37127.234
36859.852
36544.035
36864.516
36619.434
36186.184
35634.898
36012.25
36097.832
36042.648
36361.434
36268.984
36269.301
35718.184
35855.168
35437.852
35344.965
34563.383
34338.434
34434.117
33869.301
33850.648
33165.832
33582.051
33199.367
32501.717
31728.9
31574.783
31642.367
31444.916
30807.633
31016.25
31006.566
31322.25
31421.033
32057.982
32483.9
33420.117
34232.035
34337.117
34554.434
34564.316
34839.434
34656.984
34288.699
34335.715
34059.168
34353.383
34107.301
34508.984
34613.766
34938.984
34857.898
35097.051
34940.699
35418.316
35314.633
35067.648
35365.301
35677.449
35393.168
35114.316
34847.699
35213.715
35027.832
34851.648
34786.367
34836.051
34870.898
35332.648
34498.434
35076.117
34983.566
35075.648
34939.301
35154.918
34921.566
34473.051
34477.035
34593.984
34783.035
34078.648
33931.699
34216.184
33894.168
33791.715
33978.699
34076.449
33802.102
33724.852
33439.566
33366.383
33388.566
33474.516
33461.102
33440.25
33331.434
33325.852
33212.035
33029.25
33006.768
32836.916
32299.033
32667.85
32195.9
32335.316
32308.232
32430.051
32224.434
32309.449
32292.033
32360.982
32696.699
32473.383
32757.367
32639.051
32906.1
32639.383
32032.232
32105.383
31829.9
31635.449
31873.566
31687.25
31698.434
31741.051
31777.033
32156.916
32713.967
32227.783
32804.768
32936.717000000004
32672.967
32843.25
32530.033
32753.184
32950.234
33069.25
33273.367
33389.582
33809.035
33698.516
34181.699
34523.449
34868.035
34298.582
34196.367
34498.25
35112.898
34918.184
35506.5
35620.184
36127.434
35901.117
36041.367
35892.449
35624.5
34737.516
33586.234
32968.316
32690.633
32308.982
32008.699
31707.982
31804.367
31609.584
31571.367
31760.184
31695.434
31681.717
31649.301
32012.051
31735.166
31596.316
31244.633
31195.982
31426.367
31040.65
31341.434
31159.383
31420.232
31400.383
31546.166
31614.117
31811.5
31456.982
31596.232
31978.717
31810.367
31151.916
31541.1
31893.25
31739.301
31320.982
31629.301
31852.383
31226.367
31732.117
30951.434
31303.449
30937.033
30726.916
30836.699
30754.383
30802.566
30489.449
30041.768
30715.717
30782.834
30409.518
30457.1
30593.184
30387.5
30750.184
30176.301
30401.449
30457.633
30684.783
30606.033
30747.85
30502.367
30661.85
30793.633
31013.982
30568.301
30139.25
30167.566
30436.051
30572.9
30261.117
30414.967
30197.051
30438.9
30176.717
30192.5
30271.25
30177.1
29716.316
29496.166
30158.85
29895.301
29392.117
29258.301
29779.117
29357.434
29386.449
29437.566
29705.85
29403.566
28399.916
29177.699
29623.518
29233.699
29176.518
28763.367
28997.383
29105.434
29376.584
29260.633
29242.25
28889.9
28973.916
28966.834
28244.982
28122.301
27470.117
27817.967
27268.25
27748.633
27287.783
27460.699
28781.65
28619.967
28576.316
29236.1
28975.916
29102.633
28616.316
28339.5
28155.717
28203.699
27859.316
27916.768
28073.117
28062.768
27710.25
27988.033
28605.051
28118.633
27581.316
27901.5
28203.117
28280.033
27970.383
28066.166
28164.518
27804.367
27431.85
27024.699
27482.117
27007.633
26913.184
26487.434
26490.184
26448.5
25773.982
25291.9
25027.584
23442.434
22606.783
21723.033
21834.584
21853.633
21975.117
22247.033
23137.916
24137.633
24743.783
24851.367
25053.316
25703.768
26210.65
26198.768
25786.316
26271.033
26227.65
26285.834
26348.916
25925.5
25539.383
25464.1
25913.916
25800.301
25350.783
26033.166
25913.449
26137.633
26266.518
26146.699
26264.184
26276.633
25977.117
26130.9
26194.383
26436.566
25932.518
25956.367
26424.184
26440.232
26348.117
26397.301
26533.717
26531.434
26429.383
25890.033
26333.449
26267.566
25919.518
25730.367
25950.051
26157.699
25920.316
25458.166
25718.316
26068.367
25470.717
26153.033
26268.25
26201.301
26681.25
26354.5
26528.449
26442.232
26195.584
26356.1
26271.383
26199.768
25828.518
25878.166
25935.25
25995.699
25854.117
25993.367
26233.25
26285.434
25895.184
25647.699
25981.117
25830.834
26025.184
25570.9
26093.316
25974.434
26158.449
26171.166
26237.783
26210.566
25685.916
25392.967
25955.184
25787.166
26012.518
25570.768
25434.85
25551.9
25415.449
25845.9
25520.85
25556.967
24971.783
25018.434
25059.051
25335.232
24425.117
24724.434
24958.449
24912.1
24660.051
24497.566
24915.25
24953.301
24698.982
24835.1
24857.316
25111.834
24355.982
24613.699
25053.449
25121.768
24730.051
24599.967
24692.65
24894.166
24521.584
24495.834
24652.383
24570.434
23938.916
24258.834
24279.449
24088.9
24036.85
24200.9
23828.316
24632.1
23983.25
23866.166
23948.25
23990.232
23896.051
23283.5
23830.184
23803.166
23538.316
23259.232
23746.383
23596.367
23503.982
22937.232
23518.316
23507.232
23409.117
23446.033
23080.383
23345.1
23214.449
22722.232
22987.916
22795.633
22818.85
22268.434
22744.117
22647.768
21953.717
21610.434
22367.25
22181.301
22010.65
21865.5
22138.449
22034.033
21630.449
21529.232
22223.449
21896.566
21755.184
21590.566
22021.117
21608.9
21416.85
21318.301
21922.717
21731.166
21453.316
21373.301
21559.25
21237.232
20817.584
20514.166
20999.783
21103.033
21008.117
21268.033
21414.316
21297.834
20689.916
21361.834
21149.85
21019.033
21032.717
20947.5
20789.85
20991.434
20378.916
20231.566
19311.916
18371.367
17423.65
16553.232
15949.45
15629.167
15643.25
15740.167
16781.117
17508.768
17823.383
18362.9
18751.982
18828.301
18955.916
18812.434
18917.916
18336.967
18331.916
17594.566
18644.783
18608.232
18405.051
18375.367
18812.184
19077.301
19281.65
19008.367
19433.117
19709.834
19343.717
19457.166
19847.051
19865.967
19868.051
20063.232
20167.584
20141.566
19976.051
19640.033
20572.518
20319.967
20300.25
19900.633
20580.65
20703.367
20521.85
20722.166
20700.717
20206.967
20463.518
20095.566
20658.25
20532.232
20458.184
20379.434
20440.316
20636.301
20223.65
20774.434
20775.85
20825.434
20778.051
20405.1
21115.383
21069.434
20674.85
20863.834
21613.65
21284.434
21046.85
21582.834
21783.117
21405.834
21167.449
21274.9
20900.916
21068.166
20549.449
20723.633
20992.584
20900.834
20922.584
21399.301
21033.383
21214.166
20552.916
20391.1
21316.383
21092.367
20965.982
21078.434
20874.584
20990.301
21066.518
20755.834
20788.85
20830.834
20745.316
20736.1
20858.316
20488.1
20637.184
20431.768
20851.518
20542.9
20683.916
20641.434
21039.717
20638.834
20696.518
20615.566
20932.25
21181.566
21159.051
21047.301
20985.518
20778.967
20702.25
20974.5
21108.65
21201.834
21250.184
20863.166
21537.449
21326.566
21292.316
20759.033
21309.65
21210.033
21015.65
20889.834
20978.584
21109.768
21257.117
21142.768
21229.982
20875.1
20998.117
21235.768
20930.25
21038.434
20918.449
20804.633
20894.449
21046.301
20706.916
20703.166
20801.65
21054.834
20089.449
20856.566
20848.982
20806.699
20084.982
20488.699
20802.783
20917.033
20746.383
20796.434
20747.117
20919.367
20614.051
20472.566
20850.65
20625.232
20723.982
20343.699
20578.316
20620.5
20276.783
20188.367
20505.117
20061.834
20078.184
19899.367
20255.184
20122.9
19744.518
20070.367
20043.783
19737.033
19945.117
20109.967
19890.117
19834.301
19610.449
19636.5
19951.383
19638.166
19745.916
19387.033
19422.184
19478.434
19335.717
19418.434
19277.584
19182.367
19146.85
19118.166
19323.584
19287.1
19207.783
18227.301
18499.25
18410.9
18206.916
17529.367
17437.982
17485.434
17012.051
16406.301
16923.383
16748.434
15893.184
16295.833
16168.184
15738.833
15903.65
15333.3
15468.85
15249.033
14970.717
15111.1
15367.917
15231.566
15438.45
14156.5
14911.983
14995.366
14543.316
14813.634
15046.316
15147.167
14906.717
15364.9
15631.917
15692.033
15910.45
16338.3
16323.717
16192.233
16279.917
16041.767
16037.116
16189.366
16160.983
15577.3
16034.05
15837.9
15467.05
14848.634
15202.384
14923.033
14607.05
14484.233
14321.783
14439.033
14231.517
14152.9
14570.783
14532.566
14380.517
14393.634
14501.65
14350.3
14241.917
14178.7
14601.65
14419.566
14083.983
14536.833
14921.517
14683.767
14401.316
14534.767
14502.45
14576.566
14480.25
14389.833
14425.116
14138.1
13559.05
14152.434
13983.983
14161.434
14289.116
13830.1
14339.316
14169.967
13436.25
13740.833
13953.517
13791.5
13808.783
14130.434
14230.517
14259.7
14427.517
14359.634
14479.45
14297.434
14256.05
13917.634
14163.983
14283.3
13998.65
14039.767
14240.517
14248.033
13967.05
14446.833
14493.05
14647.1
14226.517
14466.967
14603.717
14554.634
14761.583
14018.5
14593.983
14400.1
14639.517
14215.9
14937.65
14632.233
14802.05
14418.833
14960.717
14904.233
14562.917
14358.634
14573.583
14311.366
14239.384
14464.233
14395.316
14242.1
13913.184
13851.233
14132.65
14289.434
14143.783
14292.767
14270.983
14099.033
13886.25
14117.366
14183.05
14062.434
14356.116
13762.9
14061.517
14289.767
14251.517
13959.634
13967.717
13530.9
13236.05
13667.167
13563.116
13616.1
12831.517
13387.3
13655.25
13547.033
13268.05
13611.7
13817.45
13414.167
13544.717
13383.434
13630.517
13249.634
12970.05
12960.634
13305.316
13217.3
12806.917
13081.434
13074.116
13217.033
13033.583
13070.833
13190.116
13035.233
12833.517
13062.1
13193.05
13112.233
12998.783
13355.366
13041.05
13135.7
13045.517
12862.5
13013.05
13002.833
12811.05
12691.434
12706.717
12816.167
12509.983
12427.833
12889.85
12909.1
12608.45
12629.233
12860.316
12872.566
12452.25
12489.566
12721.783
12488.967
12243.45
12666.1
12621.65
12405.566
12676.517
12425.566
12450.116
12407.833
12129.917
11764.366
12455.85
12133.634
12349.05
12139.366
12235.116
12064.033
11990.184
11820.7
12173.583
12033.3
11947.05
11664.833
11898.384
11989.767
11774.717
11745.767
12021.783
11988.033
11483.05
11633.9
11920.917
11869.9
11177.45
11348.634
11761.983
11727.5
11646.05
11320.5
11847.583
11719.233
11621.05
11370.366
11566.85
11392.7
11217.65
11384.233
11568.517
11335.033
11172.783
11225.434
11663.184
11662.833
11429.05
11152.233
11246.85
11391.233
11198.85
11026.5
11323.983
11254.967
11237.65
10902.233
11108.184
11183.167
11120.783
10961.767
11124.85
10925.167
11405.316
10670.5
11087.85
10989.566
10784.917
10356.3
11094.717
11029.233
11040.05
10695.767
10852.384
10669.967
10797.184
10893.967
11146.583
10378.833
10635.45
10452.9
10652.517
9986.3
9407.25
8642.833
8223.65
7205.233
6226.05
5417.233
4641.85
3733.167
3305.65
2564.033
2840.117
2715.633
2449.717
2673.433
3622.517
3891.7
4009.7830000000004
5135.9
5788.517
6142.9
6522.45
5877.767
6620.517
6183.1
5932.517
5535.967
5277.983
5306.633
4979.65
4752.033
5153.583
5263.5
5229.85
5058.1
5843.117
5635.167
5735.117
6383.9
6465.65
6753.567
6477.317
7017.033
7219.05
7225.833
7295.25
7575.233
7910.25
7974.3
7559.317
7848.9
8434.85
8498.1
8087.983
8640.033
8915.717
9080.434
9016.583
9091.1
9552.517
9526.1
8986.184
9115.967
9849.316
9908.634
9735.316
9496.233
10029.05
9834.5
9662.184
9645.566
10138.25
9946.233
9119.65
9946.833
10117.983
10183.634
9880.384
9664.1
10121.583
10076.5
9898.85
9827.233
9960.85
10107.434
9683.384
9498.5
10412.983
9991.1
9821.65
9801.9
10132.983
10039.233
9897.184
9916.967
10119.184
10056.033
9900.583
9879.566
10148.517
10117.566
10023.65
9875.833
10192.05
10131.767
9584.783
9777.7
10094.917
9998.5
9637.384
9559.3
9971.384
9815.634
9888.184
9634.434
9876.717
10015.634
9697.384
9275.3
10061.783
9923.3
9922.45
9764.366
10239.983
9999.967
9807.917
9583.167
10023.983
9816.634
9378.184
9222.5
9859.116
9787.634
9782.25
9187.366
9915.717
9777.167
9625.184
9709.967
9908.517
9893.5
9669.983
9628.233
10136.184
9935.434
9060.184
9397.566
10021.517
9764.033
9760.184
9588.366
9998.917
9881.634
9417.316
9280.7
9781.917
9645.5
9638.05
9481.566
9808.85
9778.366
9608.583
9177.767
9864.517
9772.167
9439.85
9115.967
9699.517
9855.767
9507.184
9429.7
9769.517
9399.366
9350.583
9482.967
9491.783
9413.833
9272.717
9096.5
9656.116
9511.233
9112.783
9055.767
9509.85
9615.5
8943.65
9044.167
9507.517
9432.7
9465.116
9219.9
9453.116
9336.566
9314.316
8964.767
9621.85
9350.434
9083.517
9057.167
9406.25
9343.033
9138.45
8656.366
9289.983
9197.1
9107.783
8579.033
9374.517
9154.5
8643.85
9080.833
9155.25
9063.5
8645.983
8735.233
8902.184
9014.167
8771.65
8727.833
9013.116
8781.833
8772.45
8543.233
8887.717
8888.833
8394.583
8380.434
8854.25
8818.366
8518.05
8462.434
8497.983
8722.233
8244.517
8408.5
8464.117
8497.967
8319.917000000001
8114.032999999999
8682.983
8501.7
8134.717
7792.167
8361.45
8534.3
8319.25
8032.3
8357.65
8339.967
7639.383
8050.767
8473.317
8078.5
7943.317
7994.367
8242.05
8275.367
7898.183
7766.233
8149.983
8239.5
8079.05
7954.9
8282.917000000001
8069.1
7808.983
7570.7
8152.983
7946.967
8219.917000000001
7693.633
8211.65
8123.967
7604.317
7664.3
8154.183
7987.833
7779.65
7843.633
8122.05
8032.833
7642.117
7579.433
8186.05
7903.5
7759.983
7808.7
8046.25
7895.1
7434.25
7334.9
7687.517
7647.1
7128.85
7253.433
7747.517
7577.5
7750.917
7409.967
7776.45
7621.233
7822.45
7463.033
7657.983
7575.433
7236.783
7205.567
7664.45
7534.967
7059.717
6544.433
7463.517
7507.433
7064.583
7250.567
7498.25
7299.233
7117.05
7083.5
7456.783
7237.433
7075.383
6742.967
7291.05
7347.233
6605.917
6775.567
7326.317
7105.767
6863.917
6657.9
7246.05
7226.167
7156.917
6724.833
7311.183
7219.633
7165.583
7038.1
7255.85
7095.767
5836.117
6351.167
7100.983
7203.967
6807.05
6541.833
7041.117
7170.1
6544.65
6520.767
6931.65
6915.567
6443.783
6456.567
6979.45
6926.367
6256.517
6267.1
6792.05
6783.967
6481.25
6488.033
6714.45
6645.233
6222.117
6609.967
6702.45
6713.167
6191.583
6441.767
6809.85
6576.567
6107.383
6033.167
6609.65
6629.833
6462.85
5916.433
6686.983
6530.9
5872.783
5996.833
