262.433
64.25
-140.433
152.85
448.16700000000003
134.183
210.3
235.85
232.567
246.65
113.767
-163.817
199.167
204.78300000000002
28.766999999999996
-28.75
345.767
-11.349999999999994
58.567
358.783
413.633
172.917
467.633
152.917
272.567
198.583
222.233
-125.95
198.567
193.917
313.1
20.117000000000004
274.7
198.11700000000002
237.5
20.117000000000004
556.5
463.717
86.433
-57.217
239.1
113.983
-22.433000000000007
180.78300000000002
194.233
220.85
147.167
223.917
213.433
237.45
-38.033
38.25
611.367
276.783
-7.5
-267.75
429.967
446.91700000000003
38.632999999999996
35.849999999999994
371.567
430.25
379.1
223.11700000000002
411.433
353.45
163.7
315.117
391.9
387.05
319.633
-151.61700000000002
441.567
282.717
31.167
78.65
377.1
173.517
135.96699999999998
70.783
298.9
490.45
198.167
61.05
234.433
343.58299999999997
23.900000000000006
10.316999999999993
233.1
198.85
492.5
-1.816999999999993
180.1
209.517
336.16700000000003
-72.217
185.9
241.85
192.63299999999998
88.383
417.433
349.983
-236.833
24.516999999999996
398.7
302.65
212.9
198.917
456.16700000000003
281.58299999999997
1.1670000000000016
277.05
99.433
317.717
236.567
279.45
401.16700000000003
282.05
549.3
-227.35
322.83299999999997
366.65
99.433
352.05
381.233
450.45
254.96699999999998
100.45
345.233
232.05
-65.5
99.05
334.767
308.58299999999997
124.967
2.3829999999999956
410.633
436.91700000000003
55.367000000000004
-251.61700000000002
348.233
313.05
87.233
133.38299999999998
274.567
415.58299999999997
335.767
38.382999999999996
286.567
323.25
-278.83299999999997
-149.75
307.433
197.11700000000002
160.9
-16.016999999999996
326.5
256.183
50.033
214.38299999999998
391.7
289.383
248.36700000000002
-109.217
455.367
403.717
427.567
148.71699999999998
478.767
270.25
153.5
331.517
406.367
74.183
357.367
-169.88299999999998
132.1
219.183
-2.233000000000004
359.117
593.167
417.45
148.9
-92.483
498.433
150.65
454.567
18.983000000000004
380.5
347.183
319.5
382.317
515.033
347.517
423.9
301.65
329.367
223.317
381.5
-349.35
391.233
341.183
163.167
133.25
138.567
314.717
468.767
173.38299999999998
234.233
299.783
123.167
-210.75
273.5
372.183
459.033
179.65
384.967
303.58299999999997
43.56699999999999
-321.41700000000003
441.367
233.25
-64.633
6.117000000000004
260.033
186.05
-1008.833
-105.15
128.567
270.383
235.567
-69.217
561.233
399.45
256.1
58.783
256.233
222.65
-117.633
423.45
510.9
271.25
-183.833
33.983000000000004
311.367
311.717
-107.3
348.65
381.233
255.11700000000002
392.233
336.58299999999997
324.16700000000003
394.517
242.167
173.317
363.633
244.85
402.5
21.849999999999994
394.7
425.117
340.3
-78.417
221.833
306.91700000000003
83.967
-284.35
367.967
334.317
250.767
-120.883
343.433
324.58299999999997
216.03300000000002
71.85
364.233
351.517
-164.5
195.78300000000002
332.633
59.717
-157.3
152.583
259.83299999999997
204.78300000000002
314.433
161.25
255.167
514.317
89.167
156.383
371.7
531.05
380.967
163.05
219.167
272.783
88.767
483.517
356.967
203.317
-158.5
98.383
212.7
287.91700000000003
254.233
-8.75
535.167
545.717
30.566999999999993
277.183
367.83299999999997
347.183
224.5
100.117
339.83299999999997
380.383
75.767
123.783
289.3
325.117
173.63299999999998
296.183
474.367
425.717
383.967
102.717
567.967
181.05
385.967
-139.55
363.7
175.05
-81.233
284.317
340.633
204.25
542.367
392.91700000000003
381.1
263.783
636.9
85.44999999999999
379.433
291.11699999999996
-29.63300000000001
276.25
634.7
424.11699999999996
543.367
-37.94999999999999
438.9
368.25
397.767
198.517
351.3
522.85
-45.63300000000001
231.983
613.167
331.517
135.767
162.45
356.567
357.717
529.5
183.383
651.833
545.917
686.633
443.983
692.767
500.38300000000004
231.1
333.517
380.233
586.983
775.967
190.983
698.5
580.383
532.9
665.45
595.433
492.45
338.9
618.05
474.9
742.983
100.56700000000001
275.717
544.5
523.9169999999999
551.1669999999999
398.05
870.1669999999999
539.383
704.5
527.45
674.433
635.25
674.3
291.717
990.1
460.517
550.367
487.983
831.3
513.517
684.967
564.9169999999999
580.767
840.783
751.633
635.517
590.1669999999999
842.05
617.433
427.45
919.1
714.117
611.033
539.05
536.967
635.983
747.967
631.717
857.967
756.05
543.7
487.85
650.5
746.917
642.767
524.783
877.3
441.85
707.567
428.51700000000005
654.433
544.383
717.967
812.317
693.833
435.98299999999995
752.567
928.5830000000001
418.967
840.05
692.433
730.783
749.767
710.117
575.9
929.783
1111.7
628.85
656.033
1227.117
865.433
1067.317
454.63300000000004
645.45
1119.567
933.05
1077.7
1135.783
683.433
651.583
775.633
743.383
1284.767
1108.917
581.633
1050.383
953.967
1165.383
1195.167
1025.583
943.367
1271.383
560.433
832.65
951.367
1125.45
1446.9
1387.05
1326.1
1264.05
1061.9
1170.983
1181.967
1099.517
732.9670000000001
942.05
1290.7
1108.183
1368.233
924.317
1423.7
1323.983
1425.033
1243.25
1403.567
1312.85
912.9670000000001
1371.383
1239.9
1138.317
1066.967
1201.45
1194.833
1320.917
1225.567
990.5830000000001
1330.7
1090.517
1068.367
943.317
1411.233
1308.117
1245.3
1329.45
1425.233
1183.45
1152.1
1068.183
1342.9
1357.917
1251.367
995.117
1486.7
1231.917
1267.3
1254.583
1394.967
1277.717
791.0999999999999
1207.383
1295.567
1360.05
1377.7
1560.583
1687.967
1500.983
1510.433
1494.45
1628.5
1685.85
1529.3
1596.917
1591.5
1609.65
1770.767
1614.383
2004.1
1481.117
1066.167
1319.85
1530.633
1815.383
1535.833
1635.05
1993.833
1799.517
1721.167
1644.05
1874.967
1916.65
1944.367
1680.917
2033.967
1725.65
1616.033
1498.317
1556.567
1502.85
1802.767
1144.717
1547.233
1656.917
1898.233
1543.917
1854.033
1751.717
1951.767
1763.85
1829.967
1901.65
1890.967
1788.45
2088.367
1671.517
2213.7
1948.317
1985.167
1900.05
1798.7
1995.45
2233.3
1598.05
1711.233
2018.117
2267.3
1979.983
2072.033
1820.583
1888.3
1765.783
1866.367
1990.583
1950.567
2249.517
2513.567
1817.317
2377.233
2341.65
2233.433
2157.45
2199.5
2079.183
2024.1
2325.45
2276.3
2080.05
1882.033
1984.517
1936.3
1908.317
2223.9
2114.783
2255.033
2475.65
2277.967
2410.183
2626.033
2379.25
2688.1
2527.85
2865.1
2613.85
2456.167
2686.383
2694.9
2573.383
2415.633
2559.383
2385.9
2449.317
2326.967
2507.317
2492.9
2305.583
1967.7
2241.45
2172.3
2193.583
2013.967
1951.783
2213.9
1973.583
1911.833
1614.85
2238.7
1806.183
2134.7
2144.317
2328.833
2797.117
2584.767
2853.117
2692.367
2871.983
3017.833
2636.917
2817.7
2762.317
2506.5
2422.85
2708.767
2565.517
2817.033
2375.183
2636.567
2689.383
2669.7
2818.583
2785.833
2809.317
2980.967
2920.05
2975.567
2982.583
2890.967
2604.717
2922.9
2988.183
2824.7
3071.45
3167.833
3035.183
2911.767
2626.183
3135.1
3005.717
3315.633
3579.85
3675.233
4018.65
4003.1
3850.25
3786.1
3710.45
3821.167
3421.383
3992.1
3674.85
3821.3
3729.45
3984.367
3486.183
3644.9
3778.517
3643.833
3677.583
3455.367
3175.117
3780.833
3876.05
3759.433
3911.383
4087.3
4069.383
3954.767
3717.25
4061.233
3996.983
3495.233
3708.183
3690.833
3887.25
3774.9
3998.85
4172.567
3918.117
3811.833
3280.383
3556.7
3672.517
3716.3
3432.517
3851.433
3516.783
3577.767
3365.85
3288.1
3235.917
3166.3
3239.517
3255.367
3368.45
3154.7
3305.383
3055.033
3225.583
3339.967
3441.983
3731.7
3888.65
3987.033
4146.383
3953.3
4024.983
3606.567
4123.717000000001
3915.033
3918.983
4456.032999999999
4116.85
4809.5
4822.517
4737.767
4946.65
5513.9
4993.183
5143.167
4612.517
4795.7
4700.05
4309.8330000000005
4071.65
4133.367
3998.65
3795.233
3910.05
4403.5
4005.7830000000004
4303.233
4325.183
4823.567
4768.65
4932.633
4663.45
4531.967
4374.85
4045.033
3877.45
3986.967
3589.85
3470.5
3323.05
3404.567
3337.783
2756.1
3116.717
3112.567
2774.45
2470.233
3208.917
3250.1
3364.783
3674.767
3369.783
4190.3
4395.117
4482.233
4309.717
4420.567
4189.183
3833.5
3985.317
3909.633
4094.05
4069.433
3903.517
4447.5
4119.85
4300.5
4176.9169999999995
4356.3
4291.983
4227.9
3685.717
4281.567
4137.383
4302.433
4228.983
4124.367
4154.983
4207.767
4195.45
4874.433
4888.45
4903.1
5125.383
5298.233
5364.983
5344.9
5166.717
5511.7
5265.583
5631.5
5231.583
5698.033
6101.983
5418.1
5660.517
5765.367
5544.45
5515.233
4834.117
4720.433
4174.783
3966.233
3079.25
2944.167
2470.183
2296.7
2297.85
2837.9
3086.983
3413.1
3909.317
4247.7
4427.05
4708.7
5123.117
5393.233
5811.983
5694.767
5664.65
5823.3
5269.517
5176.5
4894.25
4551.967
3808.317
3527.7
3224.25
3204.7
3553.183
3708.3
4219.183
5069.3
5322.717
5503.767
6338.917
6593.367
6671.917
7072.7
6761.917
7472.033
7497.45
7926.3
7623.783
7552.7
7975.85
7739.7
7785.783
7921.233
7773.85
8023.767
7814.783
8467.5
8255.65
8386.3
8142.917
8668.366
8479.717
8332.7
8381.25
8917.5
8702.384
8666.033
8436.783
8611.967
8118.383
8210.832999999999
8385.517
8494.367
8875.25
8639.033
8708.917
8778.1
8493.583
8215.366
8018.85
8211.167000000001
8453.583
8642.767
8548.717
8505.434
8526.917
8487.033
8338.783
8279.033
8262.783
8099.633
8174.45
8624.033
8389.717
8585.5
8276.317
8413.832999999999
8615.717
8430.7
8777.783
8950.634
8952.717
9030.833
9096.25
9218.366
9512.25
9740.434
9585.85
9485.3
9470.517
8809.833
8330.384
8495.5
8420.717
8364.567
8242.317
8548.3
8800.384
8907.634
9494.25
9438.033
10009.85
9947.967
9966.917
9976.5
10352.116
9723.167
9875.25
10325.233
9826.917
9898.767
10092.983
10029.5
9824.783
10461.9
9939.184
10262.5
10207.316
10112.233
9844.85
10120.033
9982.85
10005.566
9417.85
10066.967
9880.05
9859.7
9480.783
9864.9
10206.184
10434.967
10072.983
10343.7
10414.65
10187.233
10215.85
10137.7
9176.917
9619.3
9660.05
9738.634
9243.783
9870.767
9681.316
9789.366
9485.583
9455.366
9798.917
9918.5
9878.85
9946.233
9687.45
9475.1
9458.316
8898.033
9143.316
9873.033
9594.783
9744.434
10052.116
10382.033
10427.983
10660.366
10288.184
10416.833
10525.184
10500.634
10065.316
9915.366
9410.917
9599.833
8858.983
9513.167
9730.917
9376.634
9354.917
10176.767
10136.917
9601.634
9660.316
10406.1
10606.184
10335.5
10133.517
10266.033
10334.517
10100.033
9992.316
10234.9
10052.45
10325.5
10593.583
10281.566
10532.116
10807.833
9932.917
10225.5
10073.517
9692.434
9987.45
9280.434
9548.917
9562.7
10470.65
10389.967
10219.85
10214.833
9771.85
10065.233
10011.05
10389.167
10003.517
9824.634
9249.517
9152.5
8854.45
8508.767
8409.116
7836.967
7712.517
7749.167
7706.917
8185.1
8575.25
9453.1
10020.717
11078.967
11204.983
12200.434
11394.917
10917.434
11319.05
11205.033
11036.05
11755.767
11846.45
12076.033
11932.116
11846.1
11203.917
10777.566
10483.85
10720.366
10590.25
11813.3
11296.983
11892.566
11924.184
12214.566
12264.85
11922.1
12617.717
12773.767
13374.116
13251.634
13367.583
13602.566
13962.583
12971.9
13188.917
12598.833
12876.583
12859.634
13250.45
12735.5
12542.65
12141.767
11916.783
12180.833
11901.517
11014.3
11890.116
11715.833
12489.717
12676.767
12668.717
13560.233
13212.517
12850.434
13102.45
13158.5
12948.25
12894.767
13097.05
13549.566
13922.717
13990.233
13637.384
13773.5
15284.583
14143.5
14190.116
14425.1
13851.583
14403.167
14346.917
14971.3
14440.65
13894.3
14193.583
14430.967
14298.583
13814.767
13725.65
14788.7
15209.983
14882.233
14231.384
14601.434
14366.783
14227.3
13471.517
14346.9
14173.65
13857.3
13182.45
13747.366
13980.983
14034.767
13601.783
14632.033
14648.316
14412.366
14780.05
14908.233
15642.917
14967.434
14739.917
15321.167
14884.384
15194.434
14328.983
14711.434
15391.05
14934.366
15086.517
15139.634
14688.384
14920.5
15310.65
15978.967
15673.05
15645.233
15784.583
15642.434
16067.717
16526.1
16092.917
16049.033
15659.85
15650.1
15142.783
15642.5
15211.184
15589.5
14916.25
14550.5
14793.917
14691.1
14379.65
15014.566
14503.116
14641.9
14725.983
14691.7
14759.384
14619.1
15190.783
15647.033
15988.65
15162.767
15247.116
15311.967
14782.517
15565.767
15167.717
15769.1
15725.05
16059.233
16058.316
16241.833
16467.05
15929.566
15500.783
17103.367
16511.316
16406.566
16634.717
16921.5
15725.384
16397.634
15705.517
16641.233
16387.917
15703.767
16217.917
16706.5
16413.783
16524.3
17417.383
16887.768
16322.45
16140.634
15910.05
15797.9
16316.983
16984.768
16897.717
17535.434
17657.383
18014.967
17547.184
17628.768
18015.184
17753.166
17718.916
17758.834
17841.184
18217.566
17861.051
18554.566
18361.916
18436.033
18887.982
18742.166
18659.717
18210.434
18328.584
18629.9
18232.916
18124.9
17915.316
18583.434
18317.65
19289.367
18539.184
18234.834
18671.449
18755.301
19485.916
19554.5
19645.783
19091.5
19343.65
18843.301
19028.051
18777.1
19140.316
19366.633
21102.449
19507.566
20296.916
20670.166
20807.85
20265.9
21539.449
21022.232
21356.184
22028.699
22689.518
21578.967
22109.65
21549.367
21853.65
23457.699
21969.717
22180.301
21339.916
21311.633
21410.518
22022.301
21915.449
22421.834
23082.25
22550.166
23360.184
23989.5
24612.783
24630.768
24805.25
25594.033
26250.051
25572.232
24275.85
25117.566
25260.518
24572.166
25080.783
25701.566
25715.783
25506.1
26017.449
26587.434
25886.383
27334.301
27984.25
27599.9
27064.783
28114.1
27997.65
28012.633
27721.85
28090.5
28199.184
28001.1
28068.383
27668.367
27953.25
28806.834
29551.184
29948.1
30209.916
31584.232
31832.383
31325.232
31965.051
31972.5
31703.449
31761.9
30794.383
31757.232
30967.184
30864.033
32442.117
32991.834
33328.449
33414.234
33533.715
34337.434
33492.184
33708.035
33166.715
33491.766
33627.383
33178.633
33894.449
34608.434
34937.648
35113.898
35272.918
35680.234
35659.184
35132.766
35392.184
35261.234
35331.984
34629.832
35272.785
35382.965
35597.852
36017.102
35518.918
35357.5
35559.582
35670.566
35689.25
35738.566
36099.383
35831.832
35952.051
36217.168
35986.316
34875.102
34404.918
32720.166
31408.25
30464.367
30146.184
30055.9
30531.117
30458.768
31805.051
33393.965
33851.648
34505.434
34603.051
34935.367
35755.117
36777.234
36375.449
37042.5
37079.316
36747.301
35939.051
35669.367
35932.918
36540.699
36800.582
37294.5
37919.582
38780.5
39287.184
39379.766
39441.582
38761.367
38594.852
38080.699
38408.383
38476.035
38476.25
38429.633
37746.648
37364.367
37125.117
36547.367
36649.25
36965.766
36663.918
38172.766
38395.051
38689.566
39326.117
39600.633
38701.051
38932.965
38487.785
38543.965
38866.516
39267.102
39686.715
40701.566
40524.383
41129.5
40658.25
40651.699
40173.648
39488.699
39640.785
39612.766
39740.316
39543.102
39794.852
40359.965
40665.582
40199.367
40305.582
41354.566
40770.785
41193.168
40473.449
41073.434
40517.516
39635.301
39123.918
38745.5
38672.051
38904.699
39207.316
39630.234
40796.117
40498.699
41300.785
40789.898
40802.516
40615.367
40145.051
39822.168
39394.984
38670.633
38938.316
38922.699
38642.918
38889.965
38827.516
38614.832
38646.715
38552.965
38664.516
39196.832
39589.383
39604.898
40057.715
40825.434
41045.316
40957.168
41274.516
41063.367
40974.051
40237.102
39782.852
39309.566
39575.918
40009.633
39703.25
40543.633
40905.051
41514.367
41721.316
41724.168
41672.582
42494.699
42812.25
43369.699
43484.648
43136.102
42952.383
42650.832
42708.316
41945.633
41807.383
41910.566
41900.984
41518.102
41434.852
40514.434
41155.383
40738.699
41192.184
41020.965
41949.117
42486.168
43038.184
43406.699
43786.184
42754.5
42859.582
42338.633
42414.852
42730.898
42373.516
42393.766
42019.852
42427.898
42731.852
42735.102
42981.648
43016.766
43497.852
43935.566
44742.316
43963.633
43833.852
43124.965
43171.25
42366.367
42377.316
42298.766
41989.449
42644.699
42725.25
40966.832
42172.715
42063.102
41667.117
41884.168
41638.051
41532.699
41856.984
42392.035
42675.316
42699.301
42573.852
42786.301
43436.383
43592.766
43814.715
43569.234
43047.852
41670.5
40139.449
39281.367
37772.316
36170.965
35666.051
36373.434
37360.449
39690.766
40354.051
39685.035
39817.117
40026.566
39435.051
39887.367
39329.582
38829.832
39763.715
40970.434
41907.051
41850.633
42271.051
42443.434
42952.648
43772.965
43289.449
43107.766
43208.984
42374.566
42850.316
43373.965
43385.184
43155.168
44004.25
44464.566
44486.785
44542.234
43791.449
43653.832
43312.516
43602.5
43259.852
42517.898
42318.184
41795.5
42901.582
43629.367
44344.316
44068.301
44768.516
45716.566
45996.648
45411.5
44953.918
45380.367
44704.715
44651.367
43944.516
44642.566
45155.184
44646.766
44367.852
44050.102
42935.383
42226.5
40708.984
39518.633
39162.852
39257.234
39612.383
40168.633
41356.852
41600.168
42905.852
43216.633
43274.785
43919.434
44100.648
44602.035
44762.648
44888.102
45334.316
46252.367
45662.648
45209.566
44393.715
44274.102
44081.582
43990.699
43969.316
44001.234
44768.449
45781.965
45802.918
45789.367
45829.449
45663.035
45416.918
45410.234
45421.516
44238.898
43681.648
43312.965
42648.316
41821.102
41331.117
41656.301
41950.785
42423.035
42909.449
43549.367
43674.051
43404.566
43271.582
43463.699
43112.918
42714.633
42840.785
43309.102
43783.449
43958.301
44032.648
44540.832
45058.051
45031.699
45151.785
44876.5
44679.051
44060.699
43269.852
42912.367
42056.785
41001.168
42291.383
42180.367
42514.918
42720.168
43334.316
43479.633
43824.852
43287.434
43341.516
43748.633
43203.117
43105.301
42909.184
42871.301
42444.051
41777.5
41340.383
41497.367
41550.316
41043.168
40374.25
40698.234
40596.785
40267.965
40261.051
40513.434
40838.715
41040.699
41539.918
41686.035
42162.449
41907.367
41688.383
42192.434
42056.316
40909.965
41680.715
41276.301
41276.648
41474.102
40861.852
40982.766
41774.184
41971.5
42375.316
42286.301
42404.316
42314.633
42049.984
42526.965
41983.316
41476.367
41389.117
41741.766
42144.184
42337.367
41587.918
41774.035
41622.449
41201.832
41502.918
41682.965
41505.715
41261.699
41506.582
41174.301
41423.582
40778.102
40499.582
40435.434
40378.715
40638.035
40149.051
41068.699
41282.051
41813.832
41148.648
41387.434
41367.852
41663.234
41541.984
41269.5
41434.117
41430.234
41166.918
41191.301
41216.785
40899.965
40439.25
40859.699
40949.516
41087.898
40989.516
41179.766
41243.918
41094.168
41488.918
41548.168
41839.715
40907.168
40485.785
40744.965
40150.051
40276.633
40100.715
40632.566
41096.316
40900.832
40828.449
41111.832
41037.383
41321.301
41232.918
41289.234
41595.184
41344.367
41347.715
41557.832
41510.918
41488.699
41334.582
40615.566
40863.785
40044.102
40241.383
40319.766
40233.383
39875.434
40027.184
40014.898
39941.984
39954.766
40334.582
39995.102
40562.383
40365.898
40291.582
39768.234
39391.449
39020.699
39187.785
38783.633
38753.852
38524.566
39119.25
39298.965
39321.316
39193.234
38764.785
39899.5
40073.715
40319.301
40398.383
40980.965
41159.984
40451.832
40337.184
40096.566
40058.117
39243.168
39405.316
39643.699
39583.383
40005.035
39903.051
40404.102
40259.184
40391.102
40173.582
40435.898
40121.852
39855.102
39309.449
39897.301
40010.184
39190.367
40095.984
39718.633
40065.984
40233.832
39747.25
39961.766
39665.648
38809.367
38368.715
38862.766
38646.25
38337.035
38793.852
38778.301
39774.648
39506.434
40130.516
40345.035
39993.117
39958.301
40310.984
40692.301
40131.25
39630.035
39409.051
39393.898
38874.648
38704.965
38599.184
39208.832
39280.984
39256.766
39165.383
39794.633
39854.648
39462.367
39232.852
39142.367
38780.785
38187.434
37668.918
37709.766
37720.715
37304.5
37639.316
38005.367
38590.582
38768.234
38897.316
39244.102
39434.984
39761.699
39778.582
39870.434
39710.582
39470.633
40016.984
39420.434
39882.984
39580.832
39154.785
39687.633
39591.516
39779.434
39332.715
39201.168
39160.117
39130.234
38591.516
38710.234
38457.516
38269.301
38547.648
38242.434
38039.383
37990.168
37868.25
38679.234
38893.984
38111.102
38231.316
38840.035
38738.184
38643.434
39116.984
38650.367
38292.051
38193.633
37440.918
37921.566
37138.918
37314.301
37198.316
37180.5
37686.648
37477.965
37787.852
37722.301
37605.051
38055.965
37883.918
38209.633
38150.785
37672.301
37729.715
37935.301
38077.316
37211.965
37586.383
37744.035
37792.184
37195.168
37658.918
38323.699
37892.715
37651.898
38440.516
38505.035
38406.516
38093.832
37684.852
38271.035
37733.715
37950.633
37905.852
37649.035
37836.852
37693.367
37471.516
37829.102
37570.516
36924.102
37086.852
37373.434
37162.918
36551.168
36563.582
36267.965
36137.852
35954.566
35526.715
36169.035
36150.25
35808.5
36701.984
36635.434
36845.184
36823.633
36504.117
37021.633
36827.785
36518.633
36026.918
36489.766
36636.582
35903.566
35100.648
34447.633
33714.383
33203.234
32518.65
32163.834
31604.184
31168.301
32263.783
32848.434
32912.715
33463.898
34185.051
35268.102
35005.984
35412.102
35240.117
35196.898
35377.25
34967.234
34778.516
34989.234
34899.516
34511.102
34615.383
34754.434
34984.984
34750.434
34462.316
34895.301
34644.184
34685.301
34515.984
34896.035
34811.785
34461.898
35027.184
34902.434
34681.918
34329.301
34085.918
34135.102
33995.582
33972.367
34084.852
33930.234
34283.316
34338.234
34111.25
34286.367
34781.582
34449.102
34250.316
34490.367
34622.383
34548.035
34631.25
34539.035
34151.383
34000.566
33894.715
34060.898
33942.051
33219.102
33619.449
33471.566
33733.051
33541.434
33447.449
33507.699
33677.852
33917.367
33529.516
33663.633
33930.918
33381.301
33653.918
33618.168
33571.582
33013.301
33130.648
33053.168
33073.051
33164.168
33088.449
33010.699
32993.648
32381.834
32665.584
32501.9
32774.518
32290.834
32662.982
33232.032999999996
32883.782999999996
33267.301
33257.785
33186.832
33543.516
33308.301
33394.449
33443.5
33274.516
33491.766
33344.25
33455.434
33195.852
33437.234
33191.449
33627.898
33008.516
33100.301
32873.918
33100.5
33228.984
32772.1
32636.65
32741.1
32738.584
32766.5
32752.783
32853.633
32934.449
32930.035
32798.25
32805.699
32432.184
32023.633
31915.051
32131.166
31649.982
31290.434
31436.783
31921.967
31806.518
31346.301
31408.051
31784.5
31566.916
31251.1
30996.85
31290.434
31114.982
30742.367
30274.85
30592.166
30645.316
30636.301
30912.316
30800.9
30829.783
30222.1
30506.783
30077.566
29997.117
29238.699
29167.518
29201.834
28729.717
28735.768
28072.518
28439.633
28121.184
27545.434
26874.051
26735.768
26828.584
26647.834
26095.783
26352.033
26257.518
26547.633
26612.85
27156.166
27530.449
28303.768
29032.717
29132.367
29300.982
29318.033
29597.916
29416.967
29053.383
29127.9
28919.449
29145.967
28915.518
29214.367
29287.65
29566.699
29547.383
29778.9
29614.65
30087.967
29911.916
29669.1
29934.184
30281.967
30009.383
29701.834
29503.449
29863.5
29723.184
29517.166
29468.584
29580.232
29573.783
29947.566
29182.783
29697.633
29678.783
29775.633
29559.717
29815.367
29564.65
29274.166
29170.383
29349.834
29543.717
28832.434
28721.584
28948.367
28682.982
28587.301
28807.982
28919.9
28666.717
28507.5
28303.518
28282.699
28310.518
28382.301
28326.982
28301.1
28241.184
28266.566
28121.051
28026.434
28010.85
27819.834
27236.449
27658.633
27249.25
27343.5
27298.449
27459.1
27218.051
27394.1
27351.383
27387.367
27683.184
27511.9
27800.117
27632.9
27875.117
27623.5
27169.916
27334.967
27125.383
26959.033
27184.383
27039.367
27041.783
27045.301
26937.85
27366.367
27801.383
27401.5
27909.449
28050.434
27770.916
27945.9
27637.051
27878.1
27980.117
28118.232
28259.316
28333.033
28736.85
28636.434
29030.717
29326.5
29592.584
29081.1
29003.65
29285.166
29792.518
29591.232
30085.783
30207.566
30627.85
30434.768
30525.85
30427.367
30176.85
29444.5
28447.65
27951.301
27633.117
27355.967
27088.65
26789.5
26876.783
26707.633
26592.117
26835.434
26754.783
26754.967
26708.65
27042.301
26840.051
26723.967
26366.916
26394.699
26575.184
26173.166
26457.051
26271.5
26519.65
26488.166
26618.383
26675.633
26895.383
26484.566
26645.383
26989.699
26783.916
26319.9
26603.383
26952.9
26766.65
26408.834
26669.518
26931.768
26330.383
26756.699
26082.316
26461.633
26063.584
25843.699
25984.25
25925.5
25938.051
25709.5
25236.316
25874.434
25971.65
25635.367
25624.982
25847.434
25624.783
25964.232
25392.316
25600.301
25659.783
25791.1
25764.85
25936.566
25621.584
25737.033
25894.051
26137.434
25701.117
25292.166
25345.85
25625.166
25716.916
25436.232
25601.518
25506.232
25673.051
25402.301
25409.982
25473.033
25400.584
24996.768
24759.518
25376.033
25166.518
24719.9
24602.25
25089.768
24674.184
24672.834
24806.117
25050.967
24742.518
23768.033
24511.184
24975.699
24573.518
24530.633
24147.717
24381.633
24480.25
24748.033
24662.783
24577.699
24285.982
24355.566
24325.117
23800.166
23652.982
23115.1
23376.449
22891.1
23368.383
22868.033
22955.584
24217.033
24017.25
23977.301
24544.982
24389.566
24470.25
24024.434
23856.383
23656.434
23673.783
23417.5
23496.25
23575.633
23605.518
23189.434
23442.25
24094.434
23624.117
23110.566
23437.316
23711.9
23744.65
23460.633
23590.25
23703.301
23368.051
23041.367
22709.383
23130.166
22689.982
22630.166
22173.449
22217.434
22287.916
21644.5
21163.117
21056.1
19758.85
19021.232
18248.584
18386.033
18401.449
18482.166
18681.117
19411.166
20267.316
20762.033
20777.717
21025.434
21625.25
22083.232
21963.783
21652.768
22113.518
22024.699
22096.518
22112.566
21730.051
21363.1
21265.584
21740.633
21583.717
21205.566
21828.184
21752.699
21959.449
22036.1
21901.518
21998.633
22005.184
21761.033
21862.85
21953.434
22130.117
21695.834
21710.982
22116.566
22194.783
22079.033
22112.916
22286.834
22255.717
22107.033
21642.383
22097.9
22059.184
21724.768
21491.85
21761.166
21856.584
21736.967
21308.184
21512.033
21834.117
21187.367
21870.117
22004.367
21960.184
22354.566
22066.982
22177.633
22164.584
21924.232
22058.916
22008.768
21970.584
21616.301
21661.449
21707.033
21771.184
21679.434
21711.518
21943.699
21955.717
21698.566
21422.584
21743.566
21580.783
21836.834
21381.316
21869.367
21707.184
21873.768
21897.584
21999.834
21918.117
21457.699
21155.717
21733.033
21600.449
21813.166
21403.117
21292.9
21394.916
21291.434
21635.518
21402.301
21385.518
20810.434
20834.717
20988.9
21236.25
20378.166
20605.982
20885.9
20880.117
20652.9
20468.65
20905.301
20807.65
20581.1
20733.383
20831.9
21018.25
20319.367
20510.383
20995.232
21055.85
20694.768
20534.717
20641.699
20884.982
20512.633
20490.117
20648.699
20559.184
19999.232
20296.916
20283.434
20159.584
20118.768
20216.184
19921.232
20647.316
20016.9
19903.717
20022.232
20058.783
19938.1
19405.65
19916.834
19935.25
19662.834
19407.783
19855.434
19747.85
19646.566
19108.717
19683.834
19647.051
19581.166
19600.85
19300.834
19559.717
19381.1
18969.85
19246.633
19076.982
19098.967
18633.518
19040.434
18926.117
18302.633
17958.449
18749.768
18561.184
18339.967
18265.316
18519.033
18374.184
17996.967
17975.717
18603.434
18318.383
18142.367
17976.916
18455.9
18033.316
17854.633
17756.184
18401.768
18155.25
17893.9
17857.717
18048.434
17782.584
17380.633
17066.518
17547.566
17636.85
17542.967
17819.783
17962.9
17846.982
17225.834
17885.383
17674.768
17599.65
17554.5
17468.85
17392.967
17542.982
17043.367
17046.916
16452.767
15717.45
15027.434
14345.983
13936.1
13782.384
13736.3
13725.517
14603.7
15084.116
15269.033
15683.05
16021.366
16027.517
16151.434
16065.717
16184.634
15644.45
15690.167
14956.384
15978.033
15953.25
15677.833
15638.184
16016.366
16242.25
16370.033
16057.45
16456.767
16694.45
16371.233
16416.051
16794.967
16786.316
16754.301
16876.65
17002.1
16994.982
16775.633
16400.383
17306.699
17035.584
17027.033
16624.051
17264.633
17420.25
17166.367
17389.449
17391.699
16949.65
17107.699
16768.65
17339.166
17230.65
17094.033
17036.717
17058.566
17306.518
16881.434
17413.25
17360.834
17426.584
17390.967
16974.584
17643.434
17644.783
17221.5
17389.65
18045.301
17761.051
17504.367
17984.518
18211.566
17895.25
17619.367
17756.518
17427.301
17557.916
17067.434
17235.85
17559.699
17446.584
17458.367
17915.184
17565.5
17686.85
17083.633
16932.184
17837.768
17657.783
17465.1
17612.518
17464.232
17530.449
17653.301
17318.65
17365.633
17349.916
17311.033
17283.518
17434.1
17105.584
17200.768
17020.184
17456.232
17179.982
17284.166
17248.518
17683.967
17233.717
17283.5
17225.584
17444.301
17669.518
17703.967
17571.916
17477.699
17354.184
17275.166
17491.65
17646.566
17743.717
17727.232
17326.518
17961.967
17777.783
17790.834
17257.85
17834.1
17731.783
17535.5
17405.25
17513.566
17610.584
17778.166
17666.051
17751.166
17472.783
17558.633
17755.25
17463.967
17567.449
17460.699
17301.783
17405.301
17531.449
17272.633
17230.051
17334.434
17629.316
16696.434
17432.916
17459.566
17371.783
16700.033
17064.449
17387.834
17502.051
17323.367
17338.25
17334.232
17441.25
17153.367
17052.051
17440.5
17176.916
17287.699
16920.051
17194.5
17233.65
16913.633
16829.518
17154.5
16732.518
16743.834
16580.783
16889.566
16785.85
16473.834
16770.184
16726.166
16508.316
16629.033
16791.916
16593.301
16570.384
16358.5
16357.116
16663.9
16340.116
16468.7
16117.583
16235.3
16278.717
16122.033
16252.517
16057.7
16009.45
15991.9
15900.25
16168.7
16110.717
16106.3
15163.917
15460.434
15397.116
15246.3
14665.05
14605.434
14684.983
14321.033
13723.783
14266.1
14113.45
13290.9
13722.25
13644.366
13274.583
13420.967
12906.184
13050.434
12892.517
12611.167
12761.717
12966.7
12851.184
13033.3
11797.384
12552.434
12656.65
12202.967
12514.517
12712.1
12791.517
12538.967
12918.717
13121.033
13152.384
13327.7
13690.45
13690.3
13524.316
13612.233
13405.05
13388.634
13558.583
13562.434
12989.316
13453.366
13314.917
12972.7
12427.517
12819.3
12562.717
12290.767
12229.917
12074.566
12153.85
11979.9
11825.85
12255.434
12233.85
12100.9
12107.583
12199.3
12052.316
11951.767
11853.583
12267.5
12088.316
11762.566
12209.783
12554.634
12336.983
12059.833
12226.85
12176.233
12240.45
12152.033
12044.583
12128.634
11880.65
11329.5
11897.05
11758.3
11905.85
11989.566
11507.983
12040.233
11895.717
11210.033
11497.384
11738.9
11584.05
11613.833
11849.717
11961.366
11950.184
12108.5
12043.65
12165.566
11997.583
11947.967
11674.583
11906.634
12006.45
11696.767
11710.25
11979.5
11979.116
11631.1
12125.25
12179.767
12307.05
11846.967
12077.583
12185.434
12183.65
12381.233
11679.184
12161.833
12066.384
12234.434
11832.45
12525.767
12241.717
12408.9
12005.917
12545.967
12455.983
12124.767
11969.65
12196.833
11967.717
11890.767
12083.917
12044.434
11904.783
11575.566
11560.783
11789.366
11968.783
11825.3
11991.184
11955.5
11777.783
11569.167
11757.917
11879.3
11761.05
12023.366
11424.25
11735.233
12007.517
11976.5
11667.05
11731.9
11277.85
11006.9
11448.583
11348.767
11425.116
10614.634
11167.85
11475.7
11343.116
11034.434
11352.517
11588.9
11184.85
11337.566
11171.783
11423.967
11099.05
10835.566
10783.917
11140.767
11102.184
10645.167
10956.25
10933.366
11085.05
10899.9
10952.983
11052.634
10894.983
10710.967
10925.85
11074.967
10975.783
10844.3
11139.05
10858.366
10971.184
10889.967
10707.65
10887.767
10867.116
10684.366
10581.783
10627.767
10741.25
10450.3
10313.517
10806.833
10794.45
10498.767
10563.184
10805.9
10813.917
10361.566
10447.25
10644.233
10426.45
10212.566
10623.116
10609.3
10379.583
10588.366
10387.517
10468.033
10404.583
10115.566
9776.384
10460.5
10104.983
10339.366
10175.583
10240.833
10051.517
10032.5
9868.583
10200.9
10087.05
9975.566
9722.717
10005.566
10047.517
9827.9
9813.316
10075.5
10064.05
9530.7
9729.65
10012.434
9977.983
9275.9
9472.65
9883.634
9840.05
9750.434
9407.983
9955.167
9854.184
9784.5
9497.783
9683.1
9488.45
9351.7
9530.783
9672.634
9476.917
9316.9
9373.65
9810.033
9785.917
9557.7
9313.116
9404.7
9558.917
9377.767
9171.316
9501.5
9422.517
9415.9
9117.583
9299.767
9363.583
9328.967
9167.517
9357.634
9165.983
9567.7
8874.65
9337.9
9256.517
9047.967
8617.384
9319.5
9300.85
9296.366
8992.583
9096.033
8929.583
9041.033
9147.917
9433.7
8643.116
8956.7
8731.384
8985.7
8440.384
8033.5
7456.383
7241.367
6439.717
5658.567
5108.117
4519.367
3793.25
3415.967
2749.517
3067.9
2976.183
2699.567
2907.583
3757.967
3952.583
3939.567
4877.45
5407.633
5677.717
5980.7
5342.85
6075.033
5690.717
5539.3
5209.717
5016.633
5092.25
4796.7
4555.117
4953.967
5008.717
4990.033
4757.45
5484.433
5276.717
5309.033
5899.117
5964.033
6166.783
5875.5
6354.983
6524.433
6470.85
6479.767
6758.183
6997.167
7030.783
6557.567
6838.183
7334.233
7365.317
6918.1
7441.45
7700.633
7816.45
7716.633
7725.383
8199.233
8173.983
7570.833
7688.317
8379.767
8464.383
8288.567
8012.183
8541.967
8353.45
8150.967
8125.85
8609.767
8423.05
7563.5
8426.717
8583.967
8663.582999999999
8345.567
8107.583
8611.767
8521.45
8338.3
8257.717
8381.967
8517.85
8102.433999999999
7917.183
8834.1
8437.25
8245.033
8266.717
8581.5
8485.582999999999
8323.233
8307.184
8526.634
8505.384
8310.5
8249.983
8578.233
8537.25
8414.833
8301.116
8643.767
8536.384
7992.1669999999995
8188.25
8537.434
8423.85
8063.1
8023.583
8404.633
8289.783
8323.633
8084.117
8341.7
8469.85
8175.833
7705.783
8506.1
8367.317
8357.7
8184.25
8685.767
8416.65
8221.167000000001
7997.45
8477.433
8280.317
7844.833
7694.917
8337.167000000001
8296.25
8297.367
7702.25
8363.9
8253.317
8111.233
8190.65
8385.3
8339.183
8140.167
8074.65
8588.367
8378.183
7533.833
7894.65
8492.832999999999
8270.917000000001
8221.5
8070.85
8469.567
8352.783
7923.167
7712.917
8292.5
8129.117
8120.233
8000.517
8305.767
8261.85
8100.5
7642.117
8353.167000000001
8278.25
7944.3
7614.783
8208.233
8350.117
8031.433
7969.183
8295.367
7934.25
7902.033
8030.65
8023.967
7948.983
7830.367
7607.25
8194.033
8032.783
7660.967
7594.983
8047.567
8196.917000000001
7501.833
7574.25
8028.967
7983.183
8008.7
7762.517
7975.3
7903.183
7836.3
7527.183
8166.833
7913.783
7664.033
7599.05
8007.033
7898.583
7738.567
7244.85
7888.967
7815.317
7706.433
7202.117
7974.433
7785.983
7283.9
7695.717
7799.167
7697.117
7303.5
7387.783
7548.767
7669.983
7429.167
7386.65
7672.433
7443.05
7426.9
7207.783
7519.633
7558.983
7091.567
7028.717
7507.9
7491.117
7192.833
7152.117
7209.433
7389.317
6939.633
7093.517
7165.567
7218.583
7026.9
6825.45
7384.5
7222.65
6858.233
6534.85
7083.433
7260.25
7059.367
6768.117
7114.633
7071.45
6402.567
6804.117
7232.5
6853.917
6735.833
6790.583
7005.033
7033.45
6655.3
6537.183
6934.233
7026.717
6871.5
6721.45
7058.833
6868.983
6583.1
6309.85
6949.233
6758.783
6988.233
6500.65
6987.9
6914.317
6413.9
6468.517
6946.5
6784.183
6584.9
6666.25
6915.033
6850.117
6456.5
6395.317
6984.567
6723.383
6578.033
6624.25
6880.3
6712.317
6315.967
6181.517
6562.567
6520.383
6028.167
6139.317
6623.167
6450.917
6622.7
6280.183
6654.567
6486.717
6706.367
6322.317
6520.833
6457.85
6110.767
6101.583
6552.033
6418.117
5980.5
5455.983
6400.967
6428.117
5975.5
6185.983
6400.767
6198.717
6044.3
6004.117
6360.9
6168.25
6008.967
5660.383
6226.367
6274.45
5555.033
5735.45
6303.7
6069.717
5825.3
5608.65
6191.9
6171.583
6083.633
5689.117
6264.033
6206.183
6117.033
5980.25
6205.633
6030.183
4819.167
5317.383
6077.633
6166.117
5797.367
5521.65
6030.367
6160.717
5519.633
5516.183
5944.367
5890.983
5457.567
5458.583
5966.233
5929.917
5295.033
5286.65
5823.7
5799.117
5505.3
5526.183
5760.833
5688.05
5269.167
5644.317
5754.9
5767.517
5265.7
5483.05
5861.3
5643.183
5177.7
5089.25
5692.167
5694.183
5546.033
4983.65
5751.9
5653.117
4955.967
5088.917
