271.717
70.067
-136.817
151.333
451.317
122.8
212.65
224.53300000000002
235.25
251.867
119.917
-168.6
206.517
209.733
29.25
-22.667
342.517
-12.466999999999999
62.382999999999996
363.8
420.783
183.8
464.85
149.667
282.117
199.733
224.85
-126.867
197.917
198.667
320.91700000000003
20.599999999999994
283.717
192.0
238.583
21.132999999999996
558.583
473.267
90.583
-67.067
252.38299999999998
124.533
-6.283000000000001
170.8
200.65
235.0
146.25
229.8
213.85
238.333
-38.150000000000006
33.132999999999996
621.45
276.933
-4.683000000000007
-270.133
426.58299999999997
428.267
33.717
36.266999999999996
376.05
429.66700000000003
389.183
222.46699999999998
413.517
366.8
153.983
317.8
400.91700000000003
385.867
326.85
-151.53300000000002
444.717
284.2
34.583
65.467
391.383
183.86700000000002
138.583
57.132999999999996
300.783
490.867
198.317
56.733000000000004
226.583
339.733
30.316999999999993
4.066999999999993
236.25
202.6
497.25
-9.266999999999996
187.317
212.2
350.983
-70.4
190.05
248.067
195.183
91.267
414.117
355.933
-226.15
28.799999999999997
406.91700000000003
299.467
228.65
205.2
469.25
283.133
-0.3499999999999943
271.867
107.85
319.267
249.25
274.8
405.65
276.66700000000003
552.85
-232.2
323.117
368.6
105.917
354.2
383.117
445.0
249.583
103.667
351.517
238.86700000000002
-61.55
108.333
336.05
303.66700000000003
128.71699999999998
6.733000000000004
412.85
435.067
58.917
-247.46699999999998
350.717
309.533
88.317
133.267
274.783
410.067
336.983
29.599999999999994
288.383
314.33299999999997
-276.483
-148.333
313.91700000000003
207.53300000000002
162.05
-6.266999999999996
327.117
262.66700000000003
53.31699999999999
209.8
407.65
289.733
258.45
-111.467
455.717
399.533
429.91700000000003
147.933
491.783
270.933
158.05
330.0
401.58299999999997
71.867
367.983
-169.86700000000002
133.65
216.86700000000002
0.9170000000000016
354.467
586.917
410.6
162.517
-86.267
498.117
147.0
459.65
17.599999999999994
394.783
356.0
316.183
381.4
522.25
343.867
420.117
302.4
329.783
221.6
384.91700000000003
-342.267
386.183
347.8
168.983
132.933
135.983
320.2
461.58299999999997
168.933
246.517
290.6
120.05
-197.667
273.317
376.733
465.783
180.8
387.25
307.8
51.25
-320.33299999999997
442.05
227.4
-57.417
18.667
263.05
184.6
-998.017
-104.733
119.85
268.4
245.183
-73.4
561.05
396.867
261.317
64.733
264.383
212.067
-114.35
415.8
523.85
269.267
-184.683
34.467
307.65
311.733
-117.417
343.0
382.183
255.333
391.717
337.467
333.183
402.933
233.65
175.13299999999998
371.05
240.933
407.717
15.533000000000001
398.117
425.933
334.85
-83.933
224.517
312.2
77.05
-290.733
366.983
340.6
253.517
-120.467
346.85
327.66700000000003
211.78300000000002
72.4
360.45
349.933
-154.417
201.2
327.983
60.400000000000006
-145.417
163.667
264.05
210.46699999999998
304.717
158.733
263.05
508.867
97.983
163.6
376.517
523.2
392.383
155.667
217.583
272.067
91.383
492.867
348.517
200.46699999999998
-159.017
90.067
206.317
276.533
258.517
-19.400000000000006
535.583
546.267
28.049999999999997
269.6
365.383
334.133
231.05
83.933
320.58299999999997
379.267
71.383
118.6
289.45
317.33299999999997
167.983
277.467
466.91700000000003
417.0
384.117
85.733
539.45
159.8
359.25
-161.733
349.65
154.067
-116.817
264.66700000000003
309.65
169.267
512.517
355.8
351.517
230.2
604.85
53.132999999999996
339.117
245.733
-63.483000000000004
240.933
599.383
378.66700000000003
509.25
-86.667
404.317
318.6
337.717
138.667
293.783
472.133
-101.35
171.46699999999998
562.517
268.66700000000003
83.583
108.667
285.983
294.067
469.91700000000003
129.0
596.383
500.33299999999997
652.25
380.0
630.45
434.933
153.05
250.533
299.85
505.067
677.117
90.667
617.783
485.66700000000003
443.38300000000004
585.267
511.983
408.933
259.91700000000003
542.333
401.11699999999996
643.4
12.38300000000001
180.133
458.05
430.2
455.317
293.33299999999997
780.717
439.2
601.117
426.66700000000003
573.517
532.667
572.117
187.267
898.717
368.66700000000003
471.517
396.467
744.583
419.8
592.45
470.933
484.717
717.733
626.117
515.267
465.983
717.6669999999999
489.45
317.6
808.983
607.867
503.517
428.6
438.183
530.133
641.45
505.933
739.317
621.467
409.583
350.133
508.45
604.8
495.183
382.6
739.45
320.067
583.05
313.933
526.783
406.8
591.317
676.867
561.717
288.6
609.65
799.867
295.583
718.6
562.65
608.4
640.183
587.867
444.383
788.067
971.85
468.6
505.98299999999995
1078.133
712.983
914.8
301.98299999999995
471.13300000000004
936.917
766.2
892.783
952.133
494.58299999999997
452.533
569.317
540.533
1080.583
902.333
378.11699999999996
844.0
744.917
960.0
1004.85
816.267
735.117
1075.0
368.65
636.533
759.583
914.933
1226.85
1172.667
1090.717
1016.467
839.05
918.933
957.117
846.133
505.717
702.6
1069.783
880.733
1144.05
694.733
1209.783
1105.867
1207.183
1016.333
1172.383
1094.2
686.383
1155.067
1004.65
914.2
858.517
992.2
988.45
1094.333
1020.183
771.0
1110.117
870.6
834.05
708.4
1189.05
1071.733
1024.383
1068.533
1191.45
941.6669999999999
941.05
829.333
1122.917
1137.133
1033.583
791.2
1297.983
1015.533
1057.383
1037.6
1191.117
1050.867
559.65
975.0
1055.983
1105.667
1143.85
1313.533
1443.983
1236.267
1262.717
1241.2
1365.717
1421.667
1270.783
1340.667
1327.917
1309.333
1491.517
1340.133
1716.983
1201.8
808.25
1070.533
1285.65
1561.467
1280.717
1371.067
1724.183
1521.733
1438.317
1354.067
1585.383
1622.6
1668.05
1384.067
1753.45
1427.8
1337.517
1234.933
1321.45
1250.333
1564.05
926.133
1316.05
1421.6
1650.917
1266.733
1579.117
1456.867
1663.583
1469.0
1568.45
1624.2
1611.917
1523.867
1823.917
1379.067
1921.05
1671.467
1703.583
1635.0
1523.85
1718.133
1973.983
1337.933
1448.917
1749.8
1988.117
1714.467
1797.117
1552.267
1640.45
1508.267
1603.383
1717.733
1655.383
1941.667
2210.783
1471.6
2065.117
2022.533
1917.05
1833.733
1906.25
1766.667
1730.783
2026.933
1975.383
1777.067
1586.183
1699.933
1651.583
1608.267
1945.85
1821.067
1944.783
2134.8
1952.85
2086.8
2303.183
2016.467
2348.583
2183.867
2523.517
2272.333
2119.383
2344.8
2363.25
2260.933
2076.783
2227.6
2055.25
2136.467
2025.583
2214.267
2223.517
2014.667
1691.25
1971.733
1921.25
1931.467
1748.583
1693.133
1959.917
1711.067
1679.383
1392.867
2030.65
1592.533
1913.183
1889.2
2058.183
2494.667
2254.517
2500.533
2342.517
2506.067
2668.25
2271.4
2493.917
2443.133
2212.583
2110.8
2410.917
2262.867
2524.717
2088.0
2351.383
2395.4
2367.583
2504.533
2466.183
2486.467
2657.517
2586.467
2642.65
2643.2
2551.117
2275.2
2618.183
2647.0
2500.183
2724.067
2830.25
2689.867
2580.983
2284.6
2804.25
2668.6
2964.583
3190.133
3277.183
3603.333
3576.517
3429.267
3370.983
3292.867
3427.383
3030.867
3591.983
3282.067
3424.383
3346.867
3599.05
3105.133
3270.383
3420.6
3297.917
3339.6
3118.65
2816.733
3408.25
3499.133
3377.517
3524.6
3680.183
3638.133
3545.05
3300.533
3666.45
3610.933
3127.317
3363.4
3341.183
3535.467
3379.783
3589.933
3790.983
3545.933
3442.25
2908.467
3228.25
3329.2
3410.583
3100.267
3498.05
3182.933
3251.65
3068.533
3012.983
2949.467
2873.65
2959.133
2971.25
3077.933
2874.517
3005.067
2774.383
2939.067
3049.517
3117.8
3412.517
3545.267
3629.117
3809.733
3598.317
3720.2
3289.917
3793.467
3579.917
3566.4
4098.717000000001
3752.267
4422.9169999999995
4422.4
4307.783
4504.6
5103.917
4549.667
4715.583
4193.333
4395.65
4307.933
3955.317
3733.6
3809.05
3673.133
3465.85
3583.667
4057.383
3672.267
3938.45
3944.267
4431.25
4390.333
4543.05
4299.867
4165.9169999999995
4036.467
3720.983
3588.733
3718.85
3324.133
3204.65
3074.6
3162.25
3108.667
2532.783
2896.667
2895.517
2555.2
2239.05
2999.333
3027.85
3127.067
3417.25
3085.733
3908.717
4104.133
4172.983
4004.267
4126.717000000001
3889.733
3575.65
3702.333
3661.317
3832.667
3806.383
3610.267
4165.05
3836.267
4016.383
3911.667
4068.717
4022.333
3938.85
3414.867
3994.65
3856.4
4004.05
3953.0
3854.05
3885.067
3921.583
3886.867
4557.783
4588.0
4573.85
4790.067
4953.117
5022.067
5017.65
4843.267
5173.383
4922.0
5305.717
4917.133
5365.65
5756.133
5070.517
5309.867
5412.25
5221.933
5211.983
4529.133
4456.85
3915.133
3733.583
2860.0
2779.85
2316.333
2163.317
2137.8
2671.383
2906.733
3243.183
3671.467
3993.65
4149.467
4432.65
4837.0
5125.25
5473.2
5367.05
5355.6
5511.317
4980.133
4902.25
4643.8
4303.517
3588.733
3346.983
3065.933
3035.917
3361.067
3518.317
4005.733
4799.85
5021.0
5219.85
6023.4
6244.05
6313.533
6687.383
6401.467
7108.517
7099.733
7508.317
7218.733
7181.317
7571.133
7355.117
7402.667
7559.05
7396.267
7633.183
7424.4
8082.117
7868.2
7976.183
7757.133
8251.85
8079.467
7931.917
7986.467
8524.783
8302.933
8260.05
8036.333
8192.25
7742.467
7818.783
7995.8
8095.383
8504.133
8258.65
8340.2
8404.917
8124.533
7830.65
7622.933
7845.383
8119.467
8298.983
8176.467
8176.5830000000005
8148.133
8137.583
7986.333
7956.917
7897.267
7767.65
7810.867
8267.783
8036.733
8209.45
7944.133
8069.783
8269.933
8074.717
8481.332999999999
8600.116
8590.934
8685.983
8757.667
8856.116
9189.0
9404.917
9214.467
9165.116
9090.066
8491.717
7946.067
8133.05
8086.467
8044.45
7922.533
8220.717
8440.667000000001
8574.116
9161.733
9104.116
9676.0
9573.783
9625.667
9593.05
9994.6
9404.05
9519.733
9946.65
9481.866
9551.85
9757.134
9726.65
9523.733
10150.05
9610.6
9960.384
9862.667
9795.517
9526.866
9812.184
9667.066
9696.65
9128.066
9778.316
9589.066
9575.783
9179.0
9572.85
9903.066
10097.184
9744.6
9989.05
10082.066
9928.583
9910.4
9823.717
8894.733
9356.65
9369.533
9469.05
9022.667
9608.517
9420.267
9534.717
9227.733
9195.983
9532.8
9668.583
9585.0
9689.316
9447.267
9248.783
9224.8
8676.25
8889.066
9631.184
9350.6
9494.25
9836.866
10145.116
10189.866
10416.783
10052.333
10202.717
10308.267
10257.45
9820.267
9708.983
9175.267
9365.116
8673.066
9317.85
9489.333
9163.717
9166.733
9942.783
9909.066
9388.583
9442.267
10232.85
10408.8
10121.517
9909.733
10057.85
10110.066
9879.184
9786.733
10018.783
9869.533
10093.45
10386.333
10065.116
10306.533
10574.717
9712.866
9990.384
9866.4
9478.05
9807.667
9101.583
9370.533
9384.184
10279.4
10241.116
10050.066
10055.783
9610.866
9897.583
9854.066
10167.65
9847.8
9641.65
9121.2
9009.65
8688.0
8366.25
8282.0
7726.583
7587.867
7616.517
7588.0
8072.917
8449.2
9330.25
9892.267
10904.517
11025.267
11996.783
11220.934
10730.983
11124.8
11021.85
10841.866
11592.85
11650.934
11889.85
11728.733
11651.717
11026.333
10615.384
10308.934
10529.45
10427.333
11692.517
11118.333
11757.783
11798.733
12098.116
12146.4
11775.25
12500.267
12611.717
13238.134
13099.583
13244.866
13493.45
13795.667
12827.65
13018.134
12466.783
12740.333
12727.983
13087.934
12606.717
12372.467
11935.783
11788.066
12049.583
11782.6
10910.184
11780.667
11648.983
12392.267
12542.65
12597.066
13464.917
13106.333
12755.85
13039.733
13065.517
12857.2
12828.783
12959.733
13399.45
13788.533
13848.25
13489.866
13622.783
15153.8
14002.85
14019.8
14264.384
13686.667
14251.717
14201.467
14843.05
14276.733
13761.384
14073.0
14334.783
14194.333
13709.783
13618.0
14711.917
15136.6
14776.65
14183.066
14522.184
14309.866
14195.917
13379.0
14259.517
14121.934
13782.25
13129.533
13693.65
13962.0
13944.116
13530.533
14524.05
14551.333
14321.783
14672.467
14847.25
15574.6
14909.384
14710.467
15301.717
14879.467
15178.917
14330.866
14685.184
15391.333
14912.983
15061.134
15080.05
14694.2
14859.583
15279.934
15911.583
15612.934
15599.65
15754.8
15622.25
16031.866
16502.517
16039.0
16000.717
15666.533
15646.517
15156.0
15601.717
15222.733
15554.783
14912.267
14540.384
14746.267
14665.05
14351.333
14993.05
14505.0
14625.384
14720.467
14675.65
14760.0
14598.917
15172.6
15635.45
15989.066
15195.316
15259.467
15317.184
14778.2
15567.45
15190.2
15725.983
15756.2
16091.316
16103.934
16263.85
16471.267
15937.316
15483.066
17120.051
16492.667
16438.983
16671.867
16912.449
15771.066
16473.316
15749.733
16686.983
16422.066
15758.85
16249.533
16763.116
16453.2
16573.384
17463.4
16941.85
16347.2
16183.717
15958.0
15836.917
16377.0
17011.85
16955.467
17590.982
17707.732
18073.916
17616.0
17648.25
18029.467
17789.117
17769.934
17808.85
17875.334
18319.717
17965.199
18700.051
18449.533
18564.25
18998.199
18897.117
18819.066
18318.65
18448.334
18765.982
18364.0
18210.717
18034.6
18692.25
18399.199
19388.783
18620.334
18270.449
18741.334
18883.051
19586.934
19627.783
19751.867
19192.449
19445.867
18952.051
19117.133
18906.783
19239.801
19476.051
21236.533
19630.916
20493.0
20792.65
20939.4
20407.916
21678.334
21163.584
21438.334
22174.316
22830.533
21690.117
22205.334
21702.25
21973.066
23582.65
22055.334
22268.717
21430.199
21405.717
21495.533
22176.25
22056.199
22489.65
23262.467
22691.982
23497.133
24159.982
24763.066
24781.717
24963.801
25756.518
26435.666
25782.85
24439.268
25297.65
25457.6
24778.518
25269.6
25927.316
25923.334
25764.449
26257.334
26868.449
26179.4
27682.916
28245.867
27899.65
27295.867
28391.316
28223.334
28260.316
27952.801
28321.717
28437.133
28219.25
28243.133
27851.25
28123.6
29018.051
29723.467
30143.184
30400.801
31806.85
32032.0
31511.916
32178.199
32228.518
31933.334
31956.383
30977.133
32032.982
31233.4
31116.184
32715.533
33354.051
33661.199
33761.184
33895.332
34684.582
33807.199
34105.051
33542.867
33808.984
34024.602
33488.582
34224.734
34974.516
35333.332
35479.184
35622.668
36073.316
36069.266
35468.316
35805.0
35620.582
35709.0
35039.984
35614.934
35725.449
35937.668
36345.117
35828.266
35714.648
35896.602
35973.785
36039.602
36128.785
36458.668
36203.582
36388.734
36602.051
36377.934
35278.316
34721.867
33112.918
31736.268
30745.25
30430.666
30362.85
30860.199
30821.65
32119.6
33739.383
34264.199
34876.516
35034.602
35287.117
36218.801
37206.648
36911.066
37575.316
37584.398
37350.184
36500.734
36260.516
36498.266
37094.051
37393.066
37847.184
38471.668
39322.785
39863.199
39995.582
40030.465
39257.117
39142.535
38705.582
38992.266
38981.383
38972.199
38965.316
38252.668
37879.316
37651.535
37102.648
37148.199
37509.449
37246.398
38685.25
38939.668
39257.918
39909.668
40172.715
39303.801
39539.383
39129.398
39181.785
39541.332
39894.117
40326.801
41375.184
41243.535
41801.184
41352.535
41357.582
40879.066
40117.051
40264.934
40222.117
40452.066
40217.184
40504.535
41075.316
41332.133
40868.316
40965.266
42017.117
41445.199
41860.582
41089.934
41752.984
41174.734
40227.785
39663.867
39348.449
39279.266
39497.051
39758.535
40189.918
41401.332
41088.383
41925.0
41397.918
41436.602
41222.648
40680.266
40421.516
39969.199
39254.715
39506.801
39494.449
39267.266
39413.516
39450.867
39209.117
39226.801
39129.648
39251.332
39743.582
40239.668
40194.918
40675.133
41397.383
41609.133
41549.117
41829.668
41585.316
41483.266
40705.316
40193.266
39720.051
40034.934
40472.785
40262.398
41134.648
41502.266
42137.918
42424.668
42410.785
42274.133
43130.984
43418.0
43997.383
44079.398
43780.715
43517.398
43273.984
43284.398
42583.184
42356.133
42430.449
42481.0
42112.316
42033.332
41138.516
41737.668
41332.051
41764.199
41707.715
42593.332
43157.785
43770.465
44162.184
44485.465
43561.383
43649.668
43071.785
43110.867
43496.984
43194.668
43133.984
42793.133
43203.715
43567.801
43562.316
43724.133
43856.516
44279.535
44765.918
45607.066
44813.117
44642.801
43996.918
43980.465
43173.715
43197.867
43072.715
42815.199
43428.918
43596.0
41703.184
42939.602
42809.051
42485.066
42750.852
42410.801
42340.051
42545.398
43227.383
43469.066
43546.316
43392.199
43580.582
44318.867
44396.051
44684.266
44342.25
43850.199
42457.516
40919.133
40018.918
38583.066
36842.516
36325.266
36994.449
38043.867
40461.184
41113.199
40504.449
40597.734
40833.25
40248.801
40636.117
40083.801
39623.918
40530.0
41825.852
42739.0
42663.516
43122.266
43370.316
43823.066
44611.449
44165.535
43968.383
44095.668
43239.984
43709.332
44210.184
44284.0
44075.785
44928.867
45344.184
45347.199
45416.117
44673.934
44574.316
44197.465
44455.117
44138.199
43376.383
43158.133
42648.852
43718.133
44466.785
45235.465
44961.383
45597.332
46581.852
46877.199
46358.383
45895.465
46263.184
45666.199
45525.984
44906.266
45557.918
46115.535
45644.383
45282.801
44931.516
43827.867
43185.582
41537.668
40383.25
39955.602
40037.582
40442.934
40978.785
42226.199
42430.051
43749.934
44051.516
44132.266
44817.25
44974.535
45460.582
45633.934
45742.316
46252.734
47124.648
46506.867
46096.383
45215.066
45097.449
44916.266
44795.852
44823.734
44861.383
45609.602
46637.715
46614.934
46646.648
46698.332
46574.715
46290.465
46279.051
46310.266
45151.184
44543.867
44144.051
43536.398
42624.648
42156.867
42517.316
42802.398
43313.852
43691.535
44395.516
44514.398
44274.051
44124.867
44276.051
43967.867
43573.918
43673.734
44171.449
44657.668
44846.648
44861.266
45381.316
45986.801
45863.852
45963.465
45671.984
45519.266
44879.648
44135.199
43802.582
42843.066
41790.184
43139.668
43037.984
43378.066
43556.715
44216.266
44342.715
44710.0
44178.25
44254.734
44649.25
44095.465
44011.383
43788.934
43732.582
43345.934
42640.516
42197.734
42320.648
42398.801
41897.516
41195.465
41521.184
41340.133
41045.648
41063.266
41305.316
41621.133
41826.648
42328.398
42498.117
42957.266
42716.785
42564.0
42998.852
42962.465
41755.984
42493.867
42112.715
42117.934
42302.449
41713.867
41790.715
42692.066
42861.648
43251.066
43074.117
43280.398
43210.383
42886.0
43374.715
42830.465
42298.25
42261.801
42578.715
42994.199
43186.516
42423.734
42583.715
42470.066
42032.648
42335.801
42448.918
42369.0
42142.051
42410.535
42093.984
42283.332
41647.918
41438.133
41326.785
41287.602
41483.648
41009.199
41959.449
42157.801
42745.117
42022.668
42273.449
42250.934
42555.449
42385.867
42201.383
42357.266
42333.117
42070.867
42107.648
42138.734
41775.648
41286.867
41733.852
41812.602
41996.918
41912.066
42099.316
42127.398
42012.449
42371.867
42453.516
42683.867
41887.184
41424.066
41695.25
41083.602
41141.715
40909.266
41522.918
42061.734
41861.051
41697.465
42041.449
41933.398
42269.184
42068.668
42191.383
42462.465
42308.918
42189.465
42427.648
42482.133
42383.383
42233.066
41534.516
41735.934
40950.449
41188.0
41256.051
41124.465
40747.117
40897.535
40844.117
40776.734
40846.25
41190.266
40821.383
41393.535
41227.715
41168.332
40676.449
40205.266
39904.852
39976.133
39608.449
39569.066
39325.715
39915.332
40189.25
40160.332
39952.918
39604.465
40667.449
40938.602
41214.582
41263.332
41827.316
42030.934
41341.785
41119.066
40959.051
40950.801
40082.25
40272.199
40461.051
40487.0
40829.383
40776.0
41247.117
41175.066
41226.051
41091.199
41323.785
40961.934
40675.984
40175.465
40788.449
40844.332
40043.785
40945.668
40608.582
40911.668
41127.918
40599.867
40854.785
40443.867
39657.184
39204.133
39656.184
39398.332
39143.184
39545.465
39562.184
40520.867
40298.582
40950.133
41103.785
40809.199
40741.117
41070.535
41476.918
40861.801
40376.918
40119.801
40061.984
39526.133
39299.648
39234.199
39824.316
39858.535
39799.316
39735.0
40366.25
40445.668
40081.785
39797.199
39817.785
39476.867
38821.25
38352.734
38381.184
38360.535
38050.316
38325.332
38680.383
39211.668
39463.852
39541.934
39897.051
40086.934
40434.648
40335.934
40502.25
40282.133
40130.516
40650.266
40042.715
40477.465
40188.785
39720.332
40299.852
40207.398
40328.051
39991.0
39797.117
39692.535
39724.582
39176.668
39288.316
39040.398
38871.117
39131.133
38813.449
38610.668
38614.715
38462.0
39302.117
39518.734
38735.852
38813.199
39416.184
39273.199
39221.316
39680.602
39239.785
38933.602
38764.051
38065.535
38548.051
37729.465
37952.184
37882.934
37834.316
38352.535
38154.184
38469.668
38361.051
38389.465
38705.648
38661.0
38919.25
38892.332
38374.582
38473.066
38686.715
38828.934
38053.648
38349.266
38546.984
38560.602
37962.449
38431.867
39058.316
38736.934
38427.715
39267.535
39347.648
39208.0
38899.516
38546.066
39106.582
38629.602
38793.582
38763.535
38498.117
38712.668
38571.316
38373.199
38690.516
38424.133
37784.516
37924.332
38277.918
38038.668
37398.648
37451.734
37153.449
36992.668
36769.648
36409.465
36985.984
36998.734
36619.117
37559.266
37447.582
37708.867
37625.852
37284.266
37797.184
37543.133
37187.25
36576.801
37015.449
37085.199
36221.516
35412.398
34623.785
33865.734
33320.715
32645.533
32249.65
31678.268
31167.783
32273.533
32893.65
32993.133
33539.316
34242.398
35435.051
35182.934
35698.449
35519.668
35563.316
35667.266
35194.516
35036.801
35195.383
35116.066
34670.383
34710.934
34892.715
35110.066
34962.516
34766.535
35224.785
35042.066
35191.984
35003.332
35389.316
35300.465
34870.582
35398.398
35136.051
34828.332
34355.449
34004.0
34114.449
34056.066
34151.316
34366.465
34217.715
34643.199
34723.449
34542.266
34797.383
35303.668
34994.785
34659.934
34972.25
35132.332
35010.852
35120.734
35015.316
34556.066
34421.715
34373.133
34636.715
34505.332
33764.918
34164.266
34056.25
34376.266
34241.25
34048.867
34181.051
34316.066
34635.918
34126.066
34384.984
34633.801
34073.785
34400.266
34360.25
34288.133
33754.051
33904.602
33813.117
33848.535
33927.785
33818.801
33755.516
33783.133
33126.051
33507.266
33255.25
33530.668
33055.117
33440.934
34011.051
33688.066
34121.449
34087.199
34027.918
34414.801
34180.383
34232.066
34239.785
34157.0
34339.449
34139.668
34306.785
34031.734
34273.715
34017.398
34479.715
33857.332
33958.383
33713.934
33959.117
34106.934
33648.25
33464.801
33596.648
33637.867
33626.648
33662.266
33775.918
33818.934
33811.25
33740.066
33677.984
33340.668
32932.316
32765.398
32974.65
32499.199
32221.051
32340.334
32766.316
32693.199
32235.65
32327.066
32622.584
32450.867
32167.25
31852.467
32184.85
31975.6
31613.65
31121.133
31480.25
31573.6
31525.184
31789.934
31711.518
31710.467
31185.65
31357.6
30997.383
30904.533
30122.584
29998.6
30041.982
29635.467
29599.383
28862.0
29302.717
29004.199
28414.717
27659.533
27511.982
27622.268
27451.449
26874.4
27135.449
27092.4
27335.717
27396.268
28081.117
28396.732
29194.184
29929.0
30058.449
30201.732
30250.25
30537.199
30310.25
29942.334
30054.85
29748.934
30043.383
29821.666
30125.25
30237.867
30556.783
30457.666
30690.383
30593.066
31039.717
30878.066
30621.982
30930.934
31192.982
30967.268
30713.449
30496.4
30795.316
30706.4
30477.316
30400.199
30522.051
30498.268
30887.982
30154.4
30677.184
30644.666
30695.117
30508.533
30762.65
30546.334
30205.584
30164.133
30271.184
30462.732
29776.65
29685.268
29889.051
29634.666
29530.184
29705.0
29856.518
29572.6
29447.65
29191.199
29185.383
29156.533
29264.184
29228.4
29197.85
29090.467
29171.449
29060.0
28954.916
28933.066
28756.449
28202.4
28553.717
28110.801
28218.916
28202.867
28377.916
28107.732
28251.65
28209.666
28236.717
28559.4
28386.449
28655.0
28529.85
28723.066
28473.117
27880.467
27999.584
27770.533
27606.584
27730.4
27589.584
27591.0
27611.65
27559.666
28031.65
28534.732
28077.25
28606.334
28753.717
28497.0
28626.383
28283.732
28580.051
28694.467
28901.051
29063.4
29132.783
29545.133
29432.584
29821.066
30178.916
30444.867
29920.783
29770.666
30123.982
30628.801
30455.316
30921.133
31089.916
31510.199
31346.783
31450.666
31336.85
31077.867
30425.184
29392.0
28818.85
28513.268
28233.383
27987.801
27729.383
27776.467
27615.184
27558.533
27755.518
27669.801
27681.518
27646.6
27987.982
27766.4
27655.584
27259.6
27337.117
27507.801
27073.117
27360.801
27259.051
27468.533
27489.316
27517.6
27650.383
27866.6
27480.916
27641.934
28005.449
27821.533
27250.982
27592.467
27923.184
27757.666
27377.25
27638.133
27936.982
27370.867
27779.717
27104.334
27442.316
27071.066
26894.449
27001.066
26879.518
26983.732
26675.25
26202.467
26885.916
26970.334
26612.717
26620.934
26858.982
26618.467
26957.518
26412.867
26653.117
26672.934
26859.25
26829.0
26946.85
26680.6
26827.383
26966.0
27199.982
26739.0
26333.449
26358.199
26644.783
26734.666
26435.184
26633.4
26469.584
26678.934
26458.916
26420.133
26458.982
26418.066
25960.783
25713.533
26324.383
26065.666
25623.584
25502.934
25935.717
25506.0
25444.982
25558.268
25745.916
25468.334
24392.117
25139.6
25539.449
25126.934
25016.783
24639.801
24884.85
24997.4
25251.982
25232.867
25156.85
24862.533
24936.051
24931.4
24393.518
24232.467
23733.25
24052.268
23648.584
24082.268
23683.25
23787.801
25106.584
24920.666
24886.117
25502.467
25266.982
25307.268
24771.051
24469.533
24233.051
24250.6
23972.982
24018.133
24155.449
24266.4
23971.051
24285.0
24937.316
24461.934
23980.184
24286.533
24569.117
24631.199
24338.518
24397.334
24541.717
24194.334
23909.117
23503.533
23906.117
23424.133
23354.783
22918.0
22943.717
22980.6
22359.25
21901.801
21770.316
20420.732
19662.982
18862.934
19024.85
19017.4
19122.916
19348.268
20084.25
20986.732
21480.051
21550.6
21780.85
22408.6
22892.25
22832.6
22534.383
22970.467
22895.916
23010.533
22995.783
22633.199
22341.717
22196.533
22657.783
22556.533
22152.383
22800.199
22715.449
22874.4
23002.184
22873.0
23005.85
22965.133
22757.316
22816.732
22940.184
23130.4
22705.65
22684.199
23071.518
23211.133
23104.916
23144.199
23302.916
23273.133
23147.449
22660.0
23119.65
23029.666
22711.783
22534.801
22795.717
22920.133
22748.25
22292.467
22559.717
22905.732
22272.65
22943.467
23048.916
22980.732
23382.25
23129.066
23271.982
23222.066
22965.383
23152.199
23043.518
22984.533
22661.783
22719.4
22745.65
22851.0
22701.184
22822.533
23034.117
23056.133
22727.383
22498.199
22808.117
22683.867
22873.383
22449.4
22968.85
22784.867
23002.316
22978.334
23060.584
22999.4
22525.449
22239.133
22830.25
22654.867
22830.518
22454.6
22367.783
22514.133
22372.051
22707.934
22490.051
22421.268
21892.316
21916.867
21982.65
22280.934
21381.051
21706.666
21935.584
21917.199
21671.449
21508.732
21964.184
21906.133
21696.316
21814.133
21879.051
22095.467
21411.383
21591.4
22065.717
22095.467
21688.783
21578.4
21712.65
21906.334
21542.184
21501.4
21679.316
21612.732
21020.117
21348.467
21342.85
21158.334
21109.518
21286.4
20980.783
21726.934
21038.184
20931.732
21087.316
21108.066
21019.449
20409.066
20957.85
20993.199
20691.916
20403.467
20912.316
20768.934
20652.916
20134.666
20718.916
20648.066
20587.25
20630.4
20286.051
20546.334
20414.518
19968.334
20242.717
20067.334
20069.316
19591.6
19982.117
19930.199
19280.717
18919.533
19690.184
19529.0
19346.982
19212.732
19484.65
19339.133
19001.584
18895.334
19572.184
19253.732
19074.117
18944.199
19408.65
18967.6
18812.383
18705.934
19305.117
19082.666
18824.65
18806.133
18971.316
18657.801
18306.051
17965.934
18439.25
18543.334
18428.584
18717.0
18874.25
18764.199
18150.25
18782.533
18589.85
18515.666
18399.117
18347.934
18294.184
18437.334
17888.717
17756.133
16981.051
16140.2
15288.316
14403.134
13893.25
13635.467
13604.25
13618.0
14622.05
15283.066
15561.917
16037.733
16414.184
16465.134
16594.45
16483.0
16582.316
16053.066
15997.25
15283.533
16342.184
16282.0
16092.717
16022.6
16456.783
16668.667
16865.383
16581.066
17026.518
17274.334
16928.916
16999.533
17358.383
17414.334
17398.717
17524.199
17617.783
17565.133
17345.449
16941.467
17823.184
17525.334
17426.383
17017.732
17597.051
17729.066
17516.717
17664.467
17626.117
17142.467
17262.65
16922.133
17479.051
17388.199
17257.916
17209.666
17277.783
17604.732
17199.051
17746.934
17674.051
17756.533
17746.117
17329.4
18026.85
18048.334
17705.383
17936.066
18673.584
18481.467
18236.184
18813.934
19049.518
18677.732
18407.184
18521.467
18212.316
18380.801
17878.85
17962.066
18255.316
18104.867
18043.65
18452.199
17985.65
18121.133
17500.717
17277.533
18244.85
18032.199
17939.85
18073.199
17917.783
18013.133
18062.65
17764.6
17783.051
17816.801
17756.117
17677.066
17873.584
17586.0
17676.184
17567.732
17941.982
17663.6
17789.383
17714.867
18111.316
17719.268
17768.184
17695.666
17967.85
18287.4
18342.051
18244.268
18175.051
18050.199
17934.184
18138.268
18302.316
18381.0
18388.717
18051.934
18671.65
18543.133
18442.982
17909.4
18481.184
18351.6
18154.184
18046.6
18201.518
18280.666
18481.518
18355.732
18461.982
18156.6
18293.051
18516.199
18262.117
18339.6
18252.584
18068.934
18169.584
18288.4
18037.783
17957.533
18148.051
18383.801
17483.117
18223.934
18271.316
18205.199
17473.449
17866.666
18181.916
18304.334
18163.449
18184.133
18090.717
18249.732
17969.584
17837.199
18282.051
18014.801
18084.717
17735.6
18014.184
18069.6
17738.916
17669.199
17986.518
17547.867
17590.85
17387.867
17750.117
17611.268
17268.717
17578.533
17561.65
17348.4
17444.65
17587.133
17365.383
17384.934
17129.051
17135.666
17471.65
17096.867
17244.85
16861.533
16931.051
16933.533
16815.316
16882.066
16727.982
16648.0
16587.051
16513.199
16753.85
16686.867
16628.983
15620.4
15791.116
15584.467
15285.45
14531.667
14297.517
14211.533
13720.717
13044.267
13567.25
13408.733
12666.45
13098.0
13026.25
12647.667
12810.983
12326.733
12492.983
12253.066
11933.917
12039.4
12292.45
12200.733
12369.783
11055.333
11810.316
11921.866
11465.116
11784.4
12100.85
12248.667
12109.384
12647.6
13015.25
13133.066
13421.05
13846.267
13886.85
13789.467
13942.45
13699.6
13696.983
13831.733
13843.65
13272.866
13693.25
13436.733
12988.45
12279.8
12585.783
12350.267
11958.517
11827.134
11651.917
11757.4
11617.85
11504.733
11917.316
11912.134
11756.85
11716.8
11838.983
11681.866
11603.25
11506.0
11916.116
11712.066
11443.517
11890.733
12239.583
12043.934
11804.25
11956.066
11951.05
12014.533
11981.05
11840.667
11826.583
11516.4
10914.717
11472.667
11394.05
11569.533
11778.717
11385.8
11974.05
11843.533
11094.384
11332.934
11474.316
11279.134
11330.65
11607.0
11726.184
11753.134
11924.184
11875.667
12037.45
11850.066
11794.116
11454.066
11680.116
11804.267
11558.583
11563.333
11813.05
11726.066
11526.25
12051.6
12175.917
12338.066
11962.384
12233.533
12466.517
12477.0
12695.184
11941.333
12448.25
12330.667
12532.05
12165.8
12872.583
12659.0
12795.783
12464.733
13024.517
12930.2
12587.517
12396.467
12591.65
12340.533
12249.983
12514.866
12450.517
12304.8
11930.45
11926.6
12168.384
12326.4
12146.983
12329.134
12291.116
12121.533
11945.917
12180.134
12298.517
12205.467
12500.917
11921.467
12244.384
12493.0
12472.583
12185.134
12220.116
11797.2
11502.917
11914.0
11831.05
11906.733
11142.384
11664.066
11953.05
11836.333
11536.783
11900.733
12137.783
11785.134
11891.316
11769.733
12040.116
11675.533
11419.25
11388.333
11714.384
11644.2
11241.783
11507.066
11521.583
11656.333
11522.917
11538.733
11643.25
11499.733
11285.184
11542.6
11676.517
11593.667
11467.25
11819.0
11534.316
11648.066
11554.05
11348.0
11543.583
11481.2
11339.25
11252.066
11286.25
11368.267
11066.45
10951.8
11438.25
11426.066
11157.517
11179.6
11442.783
11417.533
11001.517
11088.667
11246.45
11088.4
10877.384
11256.4
11232.384
11006.0
11231.65
11019.934
11079.316
11026.733
10736.85
10380.6
11055.25
10734.8
10982.717
10768.667
10894.517
10673.0
10619.983
10469.6
10810.05
10709.267
10595.384
10325.467
10598.116
10638.467
10443.717
10425.066
10692.65
10671.066
10121.983
10281.8
10603.717
10546.4
9892.116
10038.934
10462.717
10448.333
10325.116
9978.333
10547.917
10446.134
10362.85
10103.533
10262.85
10073.2
9932.717
10114.533
10242.717
10071.934
9875.85
9952.066
10385.384
10395.667
10148.85
9888.6
9953.05
10125.467
9916.384
9756.733
10104.384
10024.333
9977.583
9646.267
9848.983
9954.134
9892.783
9737.533
9935.316
9713.333
10151.316
9447.533
9881.384
9797.667
9594.583
9146.733
9859.517
9820.6
9842.65
9519.0
9624.783
9475.2
9577.65
9714.066
9973.184
9178.2
9468.983
9256.066
9510.917
8848.333
8365.05
7616.6
7293.05
6370.2
5461.517
4745.733
4058.05
3239.4
2813.783
2120.6
2438.517
2326.267
2032.4499999999998
2232.733
3140.65
3357.333
3423.25
4475.667
5063.65
5387.533
5752.983
5077.2
5821.65
5425.067
5236.117
4825.6
4570.783
4648.733
4333.05
4087.6670000000004
4499.25
4573.733
4564.983
4365.2
5126.117
4909.8
4988.25
5614.4
5671.317
5939.0
5650.517
6158.4
6359.583
6356.2
6404.183
6691.933
7008.783
7072.6
6619.983
6919.8
7491.05
7524.4
7117.117
7662.533
7934.517
8082.933
7999.517
8028.333
8531.117
8514.867
7911.517
8051.733
8764.717
8862.467
8697.983
8423.866
8941.45
8755.8
8577.783
8608.667
9092.85
8851.333
8003.983
8896.333
9063.384
9126.6
8798.583
8587.866
9062.917
9005.267
8823.45
8750.134
8886.184
9006.934
8579.65
8421.2
9358.717
8944.8
8705.917
8761.733
9080.45
8973.467
8875.116
8812.267
8989.917
8996.8
8812.583
8779.6
9114.583
9050.533
8951.517
8806.533
9136.717
9049.667
8501.917
8705.333
9014.25
8946.0
8564.983
8515.0
8904.783
8777.066
8820.05
8579.134
8843.184
8981.134
8689.45
8203.733
8997.983
8869.066
8870.45
8701.733
9183.517
8906.6
8735.85
8524.4
8987.184
8782.733
8348.85
8189.532999999999
8840.184
8776.934
8785.184
8164.866
8871.184
8748.866
8611.25
8696.533
8889.717
8852.2
8651.917
8584.467
9096.65
8881.134
8056.717000000001
8391.8
8992.85
8758.934
8748.25
8577.333
8970.25
8864.333
8395.983
8207.4
8793.384
8626.533
8601.184
8465.134
8785.65
8781.0
8654.116
8163.3330000000005
8842.85
8770.667
8383.783
8092.4
8693.116
8831.267
8506.917
8445.8
8777.25
8399.133
8364.05
8488.867
8516.917000000001
8412.332999999999
8273.25
8086.066000000001
8690.983
8486.733
8126.983
8073.200000000001
8515.517
8642.8
7965.183
8024.8
8495.383
8419.667000000001
8478.917000000001
8237.733
8439.45
8335.267
8276.45
7964.133
8592.517
8342.4
8060.717
7997.933
8374.85
8294.533
8099.583
7632.133
8258.25
8178.333
8091.383
7563.667
8315.317
8146.667
7640.317
8059.933
8143.65
8044.4
7593.783
7676.8
7821.583
7944.467
7690.65
7639.333
7937.183
7697.533
7710.917
7519.333
7835.45
7852.333
7374.717
7339.933
7843.983
7799.933
7520.583
7461.933
7531.183
7723.667
7274.85
7429.0
7477.783
7535.467
7344.383
7116.067
7685.05
7539.467
7159.117
6843.467
7426.183
7579.467
7391.85
7129.933
7463.917
7455.267
6782.65
7196.933
7609.183
7222.8
7072.317
7126.4
7357.45
7374.4
7018.917
6866.467
7291.583
7357.333
7134.05
7015.333
7298.917
7095.667
6803.25
6520.733
7160.183
6955.667
7231.983
6746.333
7255.383
7216.267
6724.317
6755.2
7256.383
7084.067
6914.717
6958.133
7240.717
7166.867
6746.05
6688.6
7307.183
7024.533
6913.983
6935.467
7197.583
7040.667
6595.317
6450.4
6841.117
6789.467
6259.583
6380.667
6864.65
6710.933
6863.25
6541.0
6875.25
6739.4
6958.383
6567.867
6794.383
6720.867
6361.05
6326.4
6799.917
6679.467
6204.117
5671.333
6628.317
6661.8
6219.717
6375.8
6657.917
6459.533
6303.383
6257.267
6627.517
6404.867
6234.05
5925.8
6473.85
6517.4
5792.317
5976.333
6550.05
6343.667
6112.583
5892.267
6496.517
6474.533
6402.85
5972.267
6542.717
6462.467
6407.05
6276.533
6501.317
6358.933
5097.45
5611.8
6365.317
6449.533
6071.517
5804.8
6326.717
6457.733
5793.183
5765.667
6201.317
6177.6
5699.45
5734.733
6226.05
6203.867
5539.65
5540.867
6078.65
6014.733
5751.983
5752.333
5979.383
5897.667
5485.85
5868.267
5957.983
5973.4
5427.25
5677.867
6027.317
5795.267
5345.05
5233.067
5829.983
5812.8
5663.717
5096.467
5867.583
5754.667
5066.517
5174.533
