266.883
68.183
-132.38299999999998
148.917
452.483
126.05
202.21699999999998
231.383
235.95
249.183
121.417
-167.417
204.88299999999998
212.71699999999998
21.950000000000003
-38.083
350.217
-11.016999999999996
65.017
366.117
417.41700000000003
186.183
468.283
150.517
270.41700000000003
200.78300000000002
222.28300000000002
-121.95
195.35
190.117
331.35
21.450000000000003
289.283
197.05
238.21699999999998
22.183000000000007
562.817
469.05
88.35
-63.95
245.483
130.183
-6.450000000000003
180.65
203.88299999999998
234.65
146.15
230.05
217.083
246.25
-35.45
34.18300000000001
615.75
285.58299999999997
-22.917
-264.017
425.95
432.45
28.683000000000007
36.45
379.15
421.783
387.017
232.71699999999998
416.95
366.65
154.75
315.983
392.483
390.183
324.15
-141.75
440.617
279.183
36.150000000000006
88.45
380.217
188.38299999999998
134.21699999999998
69.583
296.55
494.45
197.28300000000002
66.917
241.817
341.383
33.882999999999996
13.516999999999996
242.417
205.517
493.017
-2.016999999999996
176.95
219.65
340.55
-57.417
196.21699999999998
243.78300000000002
198.15
91.183
419.683
357.05
-227.65
24.183000000000007
400.283
295.91700000000003
219.75
208.65
477.217
283.85
-3.5829999999999984
266.85
96.883
318.25
244.083
271.517
409.08299999999997
287.183
549.017
-229.017
335.35
364.983
103.55
367.65
373.883
450.65
256.017
89.917
343.617
235.71699999999998
-66.65
111.85
336.15
306.58299999999997
133.417
2.25
411.95
439.05
57.150000000000006
-240.683
348.683
321.91700000000003
85.217
133.183
274.483
414.717
334.017
39.25
287.15
315.717
-278.317
-143.88299999999998
299.55
207.183
166.15
-9.283000000000001
332.95
272.45
46.217
216.38299999999998
404.283
294.05
253.083
-115.083
455.75
411.65
434.683
146.38299999999998
490.75
277.783
160.683
342.517
403.41700000000003
71.183
376.483
-171.683
140.683
228.317
1.3499999999999943
362.183
586.75
418.85
158.683
-90.083
491.283
151.38299999999998
456.35
24.450000000000003
385.35
348.717
319.483
385.983
525.95
345.85
415.75
307.317
338.817
225.183
384.35
-347.017
382.95
350.183
168.417
131.983
140.21699999999998
320.91700000000003
470.41700000000003
175.317
245.417
295.783
116.483
-194.61700000000002
283.95
380.91700000000003
460.217
184.85
393.883
302.85
46.417
-319.617
439.75
242.317
-56.983000000000004
15.117000000000004
269.35
193.45
-1002.983
-99.883
125.95
267.717
250.083
-73.883
569.817
405.983
263.883
68.317
264.617
220.983
-116.383
422.91700000000003
518.683
270.983
-186.38299999999998
39.117000000000004
304.683
312.517
-120.183
350.58299999999997
384.883
258.65
395.75
340.717
321.283
401.65
239.61700000000002
175.183
368.883
247.38299999999998
400.283
25.117000000000004
397.217
440.45
340.817
-76.817
221.88299999999998
312.517
80.683
-284.883
377.817
333.783
248.15
-126.817
349.08299999999997
322.317
214.95
80.317
362.08299999999997
351.983
-156.517
201.517
322.55
71.183
-138.25
165.65
260.883
208.183
313.41700000000003
159.11700000000002
266.817
518.317
98.617
171.183
371.683
531.25
383.817
157.583
208.817
276.183
94.283
498.517
351.683
198.917
-159.517
101.517
204.35
288.717
258.55
-20.549999999999997
537.217
546.917
28.549999999999997
287.717
370.483
337.58299999999997
221.15
94.383
334.41700000000003
378.183
75.75
120.517
291.08299999999997
314.183
169.95
289.983
473.817
431.45
389.617
94.517
553.35
161.78300000000002
368.15
-151.417
360.217
169.583
-91.183
277.717
331.883
191.38299999999998
529.283
377.58299999999997
363.483
255.45
623.95
68.25
375.683
278.65
-45.25
260.317
627.55
404.45
538.017
-61.150000000000006
430.683
356.25
371.95
181.717
320.95
504.317
-68.71700000000001
220.45
581.817
311.783
124.28299999999999
149.65
330.217
330.25
492.35
155.85
631.083
528.983
670.75
414.517
667.883
486.58299999999997
200.35
303.183
358.817
567.183
735.35
161.917
673.617
552.85
500.683
641.717
564.883
459.65
311.483
602.117
445.283
715.383
76.14999999999998
238.64999999999998
529.017
494.183
511.417
349.717
837.75
507.983
668.0830000000001
491.65
650.017
597.183
636.95
262.117
954.683
421.317
519.483
462.117
791.55
475.117
658.35
541.717
551.017
806.9169999999999
711.483
603.117
552.483
804.9169999999999
583.35
382.917
895.0830000000001
675.183
578.4169999999999
515.383
504.683
606.517
714.617
600.85
820.35
717.9169999999999
494.883
437.717
604.017
704.983
593.017
477.183
825.817
394.183
667.15
398.85
615.283
503.317
674.4169999999999
765.45
653.883
380.317
696.35
885.85
374.483
802.983
655.283
688.983
712.283
682.783
533.817
877.65
1080.483
571.85
595.617
1183.85
809.35
1021.65
406.35
589.45
1057.55
883.717
1018.883
1081.517
621.55
591.05
706.617
676.583
1216.617
1031.383
516.883
982.65
876.417
1093.983
1131.217
953.783
869.217
1219.05
493.95000000000005
772.117
899.683
1055.717
1386.617
1314.917
1249.617
1183.317
986.683
1092.383
1114.617
1025.717
660.617
876.25
1216.483
1044.383
1286.55
842.583
1362.75
1250.783
1354.617
1164.117
1324.083
1248.917
846.017
1301.783
1167.75
1072.183
1009.4169999999999
1151.85
1134.35
1245.85
1167.417
923.05
1258.217
1022.117
1010.483
864.7170000000001
1346.35
1239.183
1184.683
1244.85
1365.817
1103.05
1096.417
991.9169999999999
1268.217
1300.783
1184.283
936.5830000000001
1437.15
1163.65
1204.483
1189.917
1333.35
1217.183
716.017
1138.383
1214.483
1289.05
1311.75
1470.783
1621.15
1429.85
1447.883
1405.783
1536.35
1610.717
1453.017
1530.383
1527.883
1525.183
1691.483
1528.183
1930.017
1401.717
983.1500000000001
1246.25
1448.083
1749.117
1458.083
1562.85
1899.75
1717.983
1633.883
1553.317
1769.75
1830.583
1875.55
1583.317
1950.15
1625.517
1533.083
1434.517
1488.95
1424.383
1739.417
1083.05
1498.75
1593.583
1826.283
1468.383
1769.883
1661.45
1874.55
1674.783
1761.817
1825.183
1810.883
1717.45
2011.95
1585.45
2122.617
1862.85
1907.283
1813.85
1721.283
1924.65
2168.083
1522.517
1640.75
1956.783
2195.483
1911.317
1980.083
1729.383
1823.817
1703.183
1788.217
1913.65
1874.15
2179.117
2426.283
1713.45
2290.017
2261.117
2159.15
2063.717
2115.683
1994.983
1955.55
2252.917
2202.217
1979.45
1789.55
1910.383
1858.483
1832.45
2146.817
2022.783
2172.75
2376.517
2194.817
2324.183
2535.683
2268.25
2592.35
2432.517
2766.617
2532.917
2371.817
2597.783
2601.283
2505.25
2320.283
2465.517
2290.75
2373.45
2269.217
2425.25
2419.15
2213.517
1907.15
2170.117
2099.017
2114.85
1942.55
1871.917
2151.283
1901.717
1859.017
1556.517
2169.95
1752.383
2079.417
2077.117
2250.483
2713.383
2498.283
2780.183
2633.75
2782.183
2927.017
2541.45
2733.083
2692.917
2429.55
2343.65
2642.55
2479.117
2738.15
2309.983
2571.083
2637.85
2572.083
2746.583
2707.35
2732.05
2914.95
2841.717
2885.817
2895.317
2797.55
2534.65
2860.683
2888.05
2753.817
2982.85
3080.617
2943.383
2840.683
2548.517
3049.617
2924.983
3230.483
3498.783
3564.283
3911.983
3894.95
3742.717
3698.75
3610.183
3720.817
3320.783
3894.15
3579.517
3741.683
3652.783
3890.75
3411.383
3555.083
3700.117
3563.35
3603.383
3391.35
3100.583
3695.883
3801.383
3656.083
3829.783
4011.883
3976.383
3874.017
3617.583
3981.15
3921.45
3415.483
3625.383
3603.15
3830.583
3688.75
3904.45
4092.217
3848.25
3721.617
3191.117
3491.15
3587.317
3653.55
3366.117
3776.55
3472.65
3508.083
3308.317
3248.55
3193.383
3100.55
3165.583
3213.883
3291.85
3083.483
3242.983
2998.75
3165.783
3307.15
3390.183
3676.683
3831.717
3925.95
4082.45
3897.683
3972.117
3551.15
4068.65
3858.617
3857.45
4377.883
4047.983
4736.617
4741.983
4655.95
4842.85
5437.283
4913.85
5088.55
4540.517
4738.883
4646.317
4261.0830000000005
4020.25
4097.4169999999995
3959.917
3751.217
3856.183
4323.15
3974.783
4242.15
4247.85
4747.15
4716.717
4873.617
4610.583
4445.817
4327.783
3996.35
3841.783
3950.55
3565.317
3432.017
3297.85
3366.55
3303.383
2734.483
3079.65
3086.75
2750.783
2425.75
3186.517
3217.75
3333.45
3622.15
3343.317
4147.483
4365.317
4439.283
4285.917
4361.75
4156.317
3804.95
3943.45
3898.083
4068.85
4035.15
3867.583
4424.617
4085.717
4246.217000000001
4159.5830000000005
4332.55
4268.383
4189.55
3651.917
4270.282999999999
4104.9169999999995
4260.55
4179.317
4108.017
4136.5830000000005
4165.75
4162.65
4827.483
4876.317
4846.75
5082.383
5272.883
5325.05
5310.017
5140.517
5488.35
5221.583
5651.55
5220.45
5674.217
6089.183
5399.417
5649.583
5745.017
5520.117
5516.817
4807.583
4708.883
4173.717
3946.817
3056.65
2938.35
2456.383
2297.417
2286.717
2816.15
3075.25
3407.617
3892.917
4219.817
4423.117
4695.35
5118.783
5405.217
5779.917
5666.35
5643.983
5799.283
5240.85
5145.15
4887.25
4542.217
3797.117
3509.217
3223.183
3206.883
3556.983
3701.35
4230.782999999999
5056.083
5298.717
5510.283
6336.85
6585.417
6668.183
7051.617
6778.383
7477.283
7492.85
7902.15
7610.783
7554.55
7977.117
7751.15
7764.317
7966.683
7792.117
8036.95
7821.983
8473.95
8286.783
8405.817
8159.783
8672.684
8505.783
8350.417
8402.05
8938.083
8731.917
8680.017
8452.85
8620.417
8157.9169999999995
8229.683
8405.85
8494.35
8927.85
8693.35
8762.517
8822.684
8507.05
8253.417
8030.65
8218.95
8480.85
8666.75
8555.517
8545.15
8551.384
8500.684
8394.384
8311.483
8271.45
8136.417
8217.983
8674.817
8429.917000000001
8631.083
8277.582999999999
8449.15
8660.717
8452.017
8837.25
8971.816
8985.65
9078.417
9169.184
9257.684
9576.25
9803.35
9628.65
9564.35
9506.517
8866.083
8326.316
8524.15
8448.45
8394.683
8298.582999999999
8581.217
8820.384
8954.35
9551.384
9511.684
10064.316
10011.083
10035.316
10051.15
10415.917
9810.017
9956.05
10398.684
9912.05
9980.35
10161.583
10106.684
9922.316
10510.816
10000.184
10354.217
10306.45
10213.616
9955.517
10221.083
10044.717
10118.083
9510.983
10194.417
9996.583
9973.483
9580.05
9958.55
10304.917
10501.884
10156.65
10447.417
10523.184
10330.15
10335.85
10262.35
9274.184
9704.417
9735.717
9827.083
9372.05
9971.417
9799.45
9894.017
9591.783
9551.217
9918.316
10057.616
9981.184
10043.816
9829.717
9599.616
9590.25
8973.684
9256.25
9959.35
9717.783
9862.95
10194.384
10530.884
10597.316
10774.083
10403.85
10569.616
10671.783
10645.95
10183.45
10024.816
9516.917
9718.217
8960.65
9619.083
9853.116
9487.75
9497.917
10307.75
10251.116
9739.15
9790.783
10570.884
10746.45
10463.684
10260.116
10404.35
10481.717
10238.083
10135.45
10396.15
10177.983
10468.616
10757.384
10426.35
10702.384
10967.884
10055.517
10353.283
10224.717
9840.816
10134.316
9412.55
9693.116
9695.417
10633.917
10548.884
10390.384
10389.15
9932.384
10227.083
10207.316
10509.55
10196.316
9993.95
9449.116
9286.884
8985.65
8635.884
8554.783
7981.75
7853.45
7859.217
7839.317
8309.35
8717.983
9610.483
10200.583
11275.15
11406.25
12402.15
11597.316
11089.017
11535.184
11396.616
11221.583
11988.816
12058.45
12283.15
12145.05
12010.816
11396.717
10970.017
10649.717
10871.283
10743.917
12025.55
11485.65
12093.35
12142.983
12437.083
12499.116
12126.55
12877.583
12997.684
13609.717
13469.616
13629.517
13868.017
14200.05
13211.017
13452.917
12823.217
13140.384
13117.083
13514.45
13008.083
12790.783
12361.017
12155.717
12403.816
12128.116
11245.816
12100.85
11956.684
12750.05
12875.816
12935.917
13851.217
13445.717
13097.35
13395.717
13446.15
13200.384
13188.017
13364.25
13800.283
14225.05
14281.083
13963.184
14097.217
15662.917
14443.684
14493.05
14734.816
14149.05
14710.283
14672.25
15303.616
14728.917
14181.95
14466.45
14754.884
14614.917
14102.55
14042.316
15139.95
15545.384
15177.55
14576.783
14919.017
14719.384
14565.35
13734.25
14672.75
14532.85
14126.15
13489.717
14086.75
14358.116
14357.35
13899.65
14929.816
14972.25
14754.55
15116.983
15272.616
15962.384
15321.684
15063.85
15657.884
15229.116
15553.684
14675.517
15020.684
15734.783
15283.816
15461.917
15504.816
15055.384
15287.95
15689.65
16348.616
16052.184
16030.55
16198.917
16068.283
16453.184
16964.551
16514.917
16460.083
16032.25
16062.816
15518.917
16006.884
15603.316
15976.684
15291.717
14928.616
15140.25
15063.083
14746.717
15356.35
14897.65
15014.15
15105.45
15059.283
15134.783
15020.816
15557.717
16054.217
16390.05
15533.017
15657.45
15690.483
15158.25
15968.75
15601.384
16132.616
16147.45
16502.483
16509.45
16630.35
16925.449
16365.35
15940.45
17548.416
16939.383
16861.35
17096.584
17314.816
16150.116
16843.416
16105.917
17110.75
16820.65
16094.483
16678.783
17151.949
16845.25
17001.551
17911.051
17348.75
16751.916
16585.684
16334.85
16243.217
16767.449
17465.35
17338.383
18022.15
18141.449
18508.416
18067.051
18119.684
18501.117
18265.949
18233.316
18242.482
18297.316
18726.217
18391.383
19118.217
18885.051
18980.617
19423.717
19284.949
19212.518
18742.416
18889.051
19187.75
18757.717
18676.75
18455.982
19155.883
18809.783
19817.482
19081.584
18745.551
19237.449
19338.35
20068.783
20131.551
20245.584
19640.75
19922.449
19408.617
19549.25
19339.283
19722.982
19956.949
21722.316
20112.949
20936.584
21303.35
21432.051
20900.482
22220.25
21675.816
21980.449
22701.416
23355.584
22219.684
22798.051
22255.416
22514.916
24182.15
22639.25
22802.883
21982.717
21951.15
22093.982
22725.75
22580.717
23066.883
23855.383
23263.551
24073.051
24760.15
25360.316
25403.551
25594.383
26333.949
27081.316
26404.949
25074.383
25878.15
26071.25
25346.949
25856.449
26515.816
26512.449
26343.551
26820.717
27400.416
26745.85
28207.551
28863.518
28491.816
27945.982
29024.482
28810.518
28881.482
28586.449
28971.482
29057.584
28901.75
28917.717
28541.482
28822.916
29727.018
30478.982
30852.217
31226.584
32598.551
32810.85
32254.551
32960.051
32989.617
32693.051
32800.217000000004
31754.051
32772.416
31950.117
31848.949
33542.984
34081.75
34406.117
34483.816
34652.383
35412.082
34567.785
34816.352
34258.785
34553.352
34805.25
34294.082
34992.582
35779.949
36169.25
36276.949
36428.715
36875.617
36853.316
36289.75
36582.582
36468.215
36501.051
35895.949
36514.25
36600.484
36791.648
37208.551
36709.051
36528.215
36756.449
36811.75
36896.449
36984.352
37288.715
37000.883
37220.715
37465.418
37195.184
36074.016
35526.984
33827.816
32491.65
31439.949
31160.383
31080.084
31539.65
31499.684
32880.584
34536.883
35039.918
35684.816
35837.648
36098.352
37022.051
38060.215
37630.852
38373.016
38368.582
38007.551
37213.852
36951.484
37189.316
37793.016
38094.117
38562.016
39226.715
40105.949
40640.648
40786.215
40909.316
40102.082
39927.785
39421.016
39743.449
39829.949
39828.316
39795.883
39093.051
38682.949
38407.715
37909.148
37949.785
38281.285
38066.051
39509.816
39732.449
40123.949
40758.516
40987.148
40096.516
40332.016
39930.582
39956.816
40310.449
40666.352
41115.852
42196.684
42041.918
42600.215
42141.516
42141.148
41646.316
40898.215
41089.648
41020.883
41190.715
40981.285
41236.383
41836.617
42204.516
41674.883
41777.051
42839.684
42255.184
42773.418
41964.984
42605.684
42039.316
41082.551
40531.316
40201.484
40057.051
40364.883
40695.715
41093.016
42281.516
41957.215
42878.117
42337.352
42299.051
42122.082
41664.184
41365.418
40879.383
40209.551
40362.582
40382.816
40103.383
40338.617
40338.449
40079.684
40122.117
40017.082
40133.184
40623.285
41106.25
41091.617
41580.316
42308.215
42576.852
42466.949
42818.184
42605.285
42481.785
41760.418
41254.117
40771.617
41094.984
41485.148
41198.648
42123.016
42374.582
43030.551
43312.383
43289.285
43208.715
44092.082
44402.117
45008.285
45136.984
44706.082
44596.449
44354.617
44282.25
43547.082
43316.582
43478.684
43484.449
43126.285
43030.648
42143.148
42709.449
42309.949
42751.715
42623.617
43536.449
44052.684
44755.051
45126.484
45419.25
44475.617
44551.051
43985.418
44057.785
44380.016
44037.582
43994.082
43669.785
44075.949
44412.918
44389.352
44660.715
44692.883
45232.852
45643.949
46475.715
45719.949
45586.383
44807.949
44893.516
44034.016
44029.516
44004.75
43675.918
44289.883
44444.648
42577.949
43825.383
43716.082
43353.852
43606.684
43308.785
43136.418
43449.582
44071.418
44369.184
44481.148
44307.582
44538.148
45159.316
45281.551
45592.25
45324.418
44776.918
43391.016
41796.383
40905.418
39362.117
37656.617
37100.383
37795.484
38880.449
41295.285
41997.852
41373.418
41450.648
41616.617
41096.449
41492.082
40932.316
40373.75
41306.852
42646.617
43652.25
43556.215
43995.316
44202.684
44668.051
45520.215
44988.051
44880.285
44993.516
44131.148
44621.25
45109.617
45161.051
44996.684
45872.383
46310.75
46279.582
46418.883
45612.648
45466.215
45116.785
45361.352
45004.785
44308.684
44059.648
43566.418
44603.715
45409.617
46174.383
45926.484
46611.051
47554.816
47869.516
47270.285
46831.648
47228.883
46550.449
46432.285
45774.184
46475.816
47055.648
46538.016
46184.184
45831.617
44718.852
44045.484
42405.316
41197.816
40802.715
40880.75
41316.582
41859.352
43099.184
43357.75
44631.648
44991.352
45069.582
45798.352
45941.582
46423.617
46645.316
46789.016
47262.316
48171.082
47518.184
47070.949
46233.918
46120.484
45953.051
45806.215
45861.984
45849.75
46585.918
47605.082
47685.852
47682.949
47682.051
47588.352
47289.648
47304.285
47305.918
46094.082
45551.516
45156.352
44441.852
43625.75
43082.715
43429.215
43743.25
44223.082
44674.051
45402.285
45504.582
45255.418
45103.25
45254.75
44940.648
44560.016
44670.516
45128.949
45646.117
45855.016
45908.648
46416.148
46995.051
46949.285
47061.184
46789.75
46517.648
45916.75
45124.648
44762.617
43854.785
42785.816
44115.516
44026.75
44356.449
44537.75
45202.449
45326.617
45738.918
45106.352
45251.449
45600.617
45053.582
44952.016
44789.25
44679.148
44263.582
43602.484
43150.184
43315.148
43318.648
42829.484
42164.316
42467.949
42365.715
42098.418
42059.449
42308.75
42616.117
42861.215
43301.25
43469.148
43992.785
43735.883
43538.184
43982.285
43940.117
42692.418
43482.117
43033.883
43085.316
43273.352
42626.316
42755.016
43600.184
43824.816
44190.051
44139.883
44266.918
44149.484
43840.984
44331.75
43844.852
43310.949
43200.25
43553.551
44001.785
44181.617
43463.918
43583.883
43478.25
43019.016
43332.051
43457.684
43329.117
43113.551
43374.582
43039.148
43248.117
42619.484
42331.516
42265.082
42230.25
42420.215
41985.383
42897.215
43146.984
43621.75
42992.984
43249.285
43266.316
43495.352
43352.051
43142.016
43304.25
43238.016
43028.316
43006.418
43085.715
42730.016
42263.715
42631.883
42799.648
42944.816
42845.648
43049.215
43129.918
42951.215
43390.25
43417.816
43672.051
42778.551
42393.852
42605.684
42019.715
42127.148
41874.184
42418.949
42964.516
42800.816
42646.984
43021.551
42887.648
43256.016
43080.984
43111.816
43484.25
43250.148
43243.648
43415.75
43485.449
43389.418
43201.051
42490.215
42712.918
41927.418
42172.785
42182.285
42098.449
41800.551
41876.785
41866.352
41773.184
41802.75
42175.984
41872.215
42449.516
42200.816
42152.449
41636.215
41199.25
40838.551
40949.984
40535.75
40577.316
40238.75
40882.316
41114.148
41137.051
40941.418
40600.316
41680.75
41855.449
42204.816
42290.785
42865.016
43032.051
42379.215
42132.383
41953.617
41958.051
41156.75
41243.516
41466.75
41443.383
41798.484
41754.785
42280.148
42153.25
42229.285
42024.715
42313.418
41965.383
41692.285
41147.316
41771.418
41824.852
41022.215
41921.852
41537.148
41897.785
42076.551
41601.383
41886.418
41463.785
40688.684
40173.582
40647.684
40468.184
40096.352
40569.648
40593.215
41620.316
41280.082
41976.918
42221.285
41867.316
41798.082
42179.852
42532.684
42002.25
41452.883
41217.918
41191.418
40664.25
40493.883
40400.918
40972.684
41044.984
40996.617
40927.25
41573.684
41662.516
41270.082
40995.184
40996.352
40572.516
39952.949
39457.449
39496.016
39498.852
39109.352
39452.984
39731.883
40366.785
40598.082
40739.715
41019.285
41237.715
41600.684
41598.25
41666.949
41470.184
41372.617
41868.516
41245.684
41711.516
41353.75
40918.383
41508.949
41422.449
41583.418
41182.184
41040.684
40963.117
40979.949
40349.449
40525.418
40196.648
40049.816
40330.582
40006.949
39787.785
39799.285
39685.516
40408.082
40809.449
39926.617
40076.785
40611.883
40524.852
40439.75
40927.516
40454.215
40137.852
40005.617
39226.582
39703.816
38866.25
39042.949
38899.984
38936.949
39441.184
39212.215
39589.852
39493.816
39405.051
39832.684
39695.383
40025.352
39976.648
39469.75
39546.383
39754.816
39878.715
39084.215
39409.715
39637.551
39611.25
39012.082
39491.715
40129.215
39747.516
39485.684
40331.184
40411.215
40261.852
39918.016
39523.117
40122.816
39640.316
39797.551
39771.117
39515.816
39716.449
39571.418
39309.918
39655.016
39441.25
38763.949
38887.648
39134.148
38999.715
38369.148
38377.383
38042.082
37955.516
37774.418
37321.918
37937.883
37971.918
37595.816
38504.648
38434.352
38693.316
38665.484
38325.785
38839.949
38649.516
38347.551
37794.852
38231.285
38383.516
37565.949
36754.582
36053.016
35216.648
34761.684
34080.715
33645.352
33042.449
32558.883
33703.648
34371.352
34413.449
34969.418
35699.316
36915.148
36615.715
37089.352
36923.316
36884.684
37055.715
36591.285
36440.852
36570.016
36555.383
36086.551
36216.785
36409.816
36611.648
36393.816
36112.449
36555.75
36330.852
36314.352
36182.516
36558.215
36518.184
36159.285
36699.449
36487.617
36298.449
35901.684
35640.117
35620.082
35559.383
35561.016
35734.184
35526.883
35911.918
35982.75
35742.184
36007.75
36509.316
36180.617
35897.715
36169.418
36385.316
36191.082
36317.852
36243.75
35765.117
35594.484
35536.449
35752.148
35632.785
34894.418
35251.25
35171.082
35417.516
35252.082
35139.984
35224.285
35369.316
35640.684
35182.316
35377.949
35685.785
35080.816
35379.852
35372.883
35296.984
34705.883
34834.648
34782.082
34855.117
34847.617
34755.117
34680.816
34653.25
34060.684
34395.117
34170.285
34451.918
33963.551
34310.051
34966.617
34592.184
35031.484
35001.449
34919.418
35294.582
35098.684
35127.051
35130.215
35078.918
35226.551
35021.184
35193.883
34959.918
35182.949
34920.648
35374.883
34723.582
34889.551
34590.516
34843.75
34977.582
34521.148
34397.316
34495.352
34468.516
34447.883
34510.383
34602.949
34681.648
34683.75
34561.785
34514.082
34112.785
33740.617
33621.715
33815.418
33331.516
32960.75
33132.383
33606.551
33516.648
33068.883
33099.918
33484.082
33279.316
33012.484
32688.316
32985.35
32798.449
32371.217
31899.25
32271.684
32367.85
32341.084
32582.117
32470.551
32513.25
31929.416
32105.051
31737.018
31643.783
30864.684
30730.85
30827.018
30326.051
30307.816
29597.25
30011.084
29695.316
29090.75
28351.316
28238.283
28287.051
28106.816
27532.117
27813.816
27709.051
28039.617
28062.316
28655.15
29070.316
29918.217
30640.982
30743.617
30890.449
30936.283
31207.051
31029.15
30664.518
30749.75
30449.184
30775.684
30494.051
30860.217
30938.184
31246.949
31204.117
31408.75
31282.518
31736.75
31608.184
31322.018
31647.383
31975.617
31693.383
31372.617
31191.584
31537.482
31390.449
31187.816
31107.184
31224.018
31216.783
31593.283
30865.184
31347.35
31338.449
31404.084
31188.584
31501.217
31240.584
30896.084
30890.316
31017.551
31176.383
30469.617
30332.25
30584.084
30308.982
30242.084
30431.117
30538.949
30209.65
30145.617
29884.717
29891.75
29872.783
29979.949
29940.783
29881.883
29824.584
29829.684
29749.584
29616.949
29602.184
29426.084
28829.184
29229.217
28770.916
28933.551
28853.982
29010.75
28804.383
28954.816
28893.584
28933.883
29247.783
29015.15
29413.051
29199.35
29412.051
29175.949
28629.65
28784.283
28585.916
28393.15
28667.783
28480.15
28500.184
28514.684
28473.717
28877.018
29354.982
28860.283
29435.316
29554.416
29347.65
29452.217
29147.316
29389.949
29487.982
29690.617
29825.518
29957.283
30355.916
30262.949
30622.85
30972.283
31270.25
30744.75
30593.982
30974.551
31491.982
31323.551
31732.584
31920.883
32320.518
32106.551
32248.982
32145.816
31910.25
31131.084
30068.584
29547.551
29242.117
28886.15
28646.85
28364.949
28450.518
28336.75
28183.65
28425.617
28312.25
28306.35
28309.449
28651.084
28416.316
28268.35
27952.584
27954.35
28135.65
27702.883
27983.85
27882.482
28094.717
28040.75
28190.518
28218.684
28483.449
28118.883
28260.783
28611.816
28390.051
27841.75
28167.783
28558.883
28356.051
27931.018
28247.051
28532.949
27929.783
28376.75
27689.916
27946.617
27649.916
27423.35
27564.184
27404.816
27531.783
27248.482
26771.449
27438.816
27530.584
27197.482
27168.85
27371.018
27157.117
27493.018
26946.916
27138.482
27222.117
27368.217
27327.717
27471.084
27194.184
27336.684
27498.85
27698.684
27252.916
26888.883
26874.316
27161.816
27272.982
27022.084
27152.449
26984.551
27248.383
26958.75
26953.383
27034.482
26967.783
26520.816
26269.184
26912.949
26670.584
26201.684
26109.783
26546.217
26196.518
26152.018
26246.316
26516.15
26151.184
25196.15
25945.717
26384.35
25976.518
25913.949
25484.982
25777.35
25819.783
26178.949
26098.518
25974.15
25715.65
25747.217
25739.982
25184.018
25028.518
24456.018
24726.25
24297.75
24674.316
24263.883
24363.518
25682.75
25455.184
25437.816
26058.916
25867.949
25938.449
25455.416
25227.051
25038.949
25039.916
24795.883
24848.717
24956.551
24974.584
24620.551
24877.518
25535.949
25058.584
24527.15
24878.783
25154.35
25205.316
24886.684
25032.25
25131.084
24797.316
24465.018
24109.051
24472.217
24045.783
23974.949
23579.051
23542.217
23599.25
22953.283
22485.184
22340.617
20936.65
20181.684
19388.518
19498.949
19479.383
19582.816
19824.783
20621.482
21502.051
22034.551
22084.982
22319.283
22943.783
23446.75
23349.982
23013.416
23465.717
23377.018
23502.25
23509.35
23127.051
22801.018
22654.117
23098.617
22959.25
22535.551
23272.449
23107.551
23345.25
23437.217
23330.117
23458.217
23386.783
23162.482
23262.65
23348.75
23515.383
23127.75
23137.184
23517.816
23607.25
23466.084
23550.316
23694.482
23661.383
23584.617
23041.916
23500.551
23465.85
23114.018
22907.518
23180.217
23316.916
23117.15
22683.117
22955.482
23275.184
22642.35
23223.25
23441.482
23363.584
23798.617
23492.783
23626.816
23599.184
23365.35
23480.117
23420.018
23367.717
23075.217
23120.916
23126.883
23183.916
23112.816
23157.117
23407.684
23425.518
23089.949
22857.916
23171.018
23066.982
23236.617
22812.717
23329.35
23154.184
23364.949
23355.518
23413.084
23352.717
22899.883
22627.65
23206.084
23039.982
23203.084
22795.982
22713.684
22822.383
22668.018
23054.117
22787.883
22777.051
22221.949
22275.449
22332.816
22617.518
21732.084
22021.316
22232.018
22276.783
21996.684
21842.783
22252.283
22238.85
22012.018
22089.051
22195.551
22399.184
21702.482
21895.65
22370.018
22413.85
22047.949
21936.584
22048.75
22226.783
21842.217
21841.584
21987.684
21899.783
21348.416
21650.783
21671.684
21484.982
21454.018
21606.584
21270.217
22046.316
21372.15
21266.717
21399.018
21359.65
21300.084
20725.518
21241.816
21299.117
20967.551
20731.449
21189.617
21037.316
20944.084
20454.383
21014.949
20972.117
20864.617
20919.449
20567.684
20818.449
20682.482
20268.184
20506.684
20356.449
20378.75
19854.982
20301.883
20186.316
19576.617
19258.982
19989.551
19810.85
19619.482
19462.717
19774.217
19588.25
19253.617
19163.916
19802.35
19537.982
19385.35
19225.051
19713.949
19251.916
19093.283
18981.449
19584.15
19382.85
19136.35
19103.316
19270.949
18963.584
18536.684
18228.316
18732.482
18857.916
18704.084
19016.051
19167.35
19040.65
18440.617
19021.316
18867.617
18753.449
18759.75
18667.916
18548.883
18721.316
18229.75
18150.051
17463.482
16647.316
15905.083
15114.316
14640.35
14448.05
14435.55
14409.85
15333.483
15895.917
16164.283
16623.783
16955.217
17021.051
17117.018
17027.783
17151.949
16572.85
16598.283
15861.518
16937.283
16873.316
16644.617
16599.85
16969.084
17200.518
17372.084
17091.25
17533.35
17738.051
17411.283
17462.85
17835.416
17839.916
17833.283
17943.518
18084.283
18046.982
17833.15
17469.85
18377.217
18115.117
18057.416
17679.65
18350.883
18464.449
18215.617
18408.25
18392.949
17926.117
18117.684
17751.65
18311.416
18209.85
18088.551
18020.449
18063.217
18326.316
17942.217
18462.65
18417.416
18474.85
18404.283
18033.916
18721.416
18722.316
18321.084
18497.65
19208.15
18890.518
18688.617
19172.449
19434.883
19072.25
18833.816
18952.783
18575.883
18754.85
18278.482
18421.25
18691.283
18590.184
18570.75
19017.916
18690.416
18775.982
18135.883
18034.717
18898.283
18729.85
18578.35
18703.916
18552.883
18614.383
18723.35
18418.051
18485.283
18460.184
18401.084
18343.449
18509.883
18161.518
18300.15
18149.783
18550.684
18261.783
18411.816
18293.184
18736.018
18294.982
18378.15
18265.783
18574.084
18817.916
18835.416
18709.85
18624.084
18501.051
18409.75
18664.25
18747.883
18907.117
18908.084
18503.783
19137.75
19001.117
18942.684
18430.316
18989.416
18875.982
18675.816
18538.316
18671.617
18787.982
18933.15
18823.25
18926.551
18631.117
18731.15
18908.783
18636.018
18757.85
18653.684
18497.783
18599.217
18744.982
18476.15
18390.25
18559.283
18792.117
17855.816
18610.383
18606.283
18583.051
17884.084
18218.65
18552.551
18646.051
18471.883
18538.316
18506.15
18632.383
18354.15
18233.449
18618.949
18353.65
18432.75
18095.982
18357.482
18393.584
18085.816
17992.117
18304.816
17889.717
17916.15
17730.584
18074.482
17926.383
17598.217
17947.117
17904.084
17655.916
17805.35
17913.85
17744.949
17726.85
17488.084
17485.117
17817.482
17476.117
17578.551
17268.518
17333.883
17402.518
17258.35
17348.982
17157.482
17078.65
17014.75
16999.051
17260.816
17182.85
17133.018
16168.383000000002
16463.95
16329.85
16148.417
15484.917
15390.35
15402.717
14982.616
14341.116
14899.017
14754.65
13902.15
14320.316
14254.616
13837.583
14025.816
13489.45
13630.884
13448.184
13186.15
13287.316
13502.15
13394.316
13550.15
12320.983
13063.75
13180.583
12711.684
13030.85
13283.017
13367.05
13114.616
13578.116
13851.95
13917.783
14118.616
14506.783
14523.15
14377.316
14497.35
14257.517
14231.35
14425.25
14388.283
13834.917
14272.283
14105.316
13742.55
13130.25
13459.217
13230.316
12893.816
12803.583
12638.15
12733.25
12592.616
12445.783
12839.417
12826.783
12706.35
12660.316
12783.816
12647.517
12534.55
12456.583
12865.95
12707.384
12355.217
12830.45
13197.616
12965.85
12715.217
12860.25
12818.616
12894.517
12803.417
12704.45
12757.217
12451.65
11879.017
12455.717
12336.083
12493.384
12611.95
12167.05
12711.083
12588.116
11845.95
12143.85
12313.083
12171.316
12208.884
12483.45
12613.616
12571.85
12752.55
12697.717
12820.417
12673.917
12615.083
12305.316
12532.884
12637.583
12369.083
12354.05
12636.55
12570.517
12353.816
12824.65
12869.684
13038.25
12608.95
12806.983
12988.283
12975.384
13152.55
12452.65
12959.55
12814.45
13028.217
12639.316
13331.884
13042.583
13200.283
12841.384
13385.884
13304.05
13002.816
12774.184
13005.35
12795.517
12664.75
12903.316
12831.017
12711.316
12361.55
12346.45
12592.884
12756.184
12612.616
12742.717
12725.616
12525.783
12365.083
12586.184
12673.417
12549.917
12845.684
12230.583
12558.75
12790.583
12778.417
12483.517
12511.083
12082.05
11811.35
12231.717
12154.35
12209.316
11406.75
11999.316
12237.684
12092.517
11837.15
12149.45
12405.283
11998.717
12120.283
11993.983
12222.483
11896.983
11631.283
11596.583
11932.75
11889.116
11461.55
11706.65
11682.35
11862.25
11696.283
11740.65
11843.217
11669.25
11472.684
11730.184
11878.616
11783.316
11628.283
11955.917
11699.616
11799.184
11684.95
11505.184
11701.95
11661.45
11487.55
11374.45
11437.283
11493.783
11193.884
11120.517
11572.55
11583.65
11295.95
11327.583
11563.35
11584.917
11149.483
11230.65
11444.083
11204.917
11011.083
11399.184
11369.483
11143.05
11388.35
11145.583
11252.083
11162.717
10909.95
10538.384
11209.35
10870.583
11095.884
10933.25
11020.083
10837.717
10781.483
10621.316
10986.55
10832.45
10718.017
10477.983
10724.75
10753.583
10575.417
10540.717
10825.017
10818.45
10284.417
10458.783
10745.15
10710.316
9999.616
10174.116
10609.15
10558.717
10464.017
10138.45
10672.217
10554.25
10474.283
10220.917
10390.283
10213.65
10054.083
10222.65
10388.884
10206.583
10037.684
10065.917
10528.816
10521.717
10272.083
10011.983
10128.684
10275.25
10080.816
9896.783
10221.95
10129.384
10121.017
9787.583
9981.217
10069.384
10022.684
9847.184
10048.55
9838.25
10281.884
9590.05
10016.217
9920.717
9739.017
9291.717
10014.816
9938.384
9979.95
9642.917
9729.283
9587.917
9727.083
9841.184
10109.684
9314.583
9579.15
9388.184
9664.816
9019.65
8590.283
7891.917
7642.083
6743.717
5903.817
5230.583
4581.35
3786.45
3388.15
2704.583
3007.617
2892.717
2628.417
2813.183
3730.883
3946.383
3974.3500000000004
5002.317
5574.15
5900.117
6214.083
5561.317
6321.75
5912.117
5744.883
5364.65
5139.283
5215.317
4909.483
4668.717
5082.217
5158.383
5110.95
4930.45
5648.55
5440.383
5513.883
6140.65
6199.017
6438.583
6123.283
6635.45
6809.283
6794.717
6815.883
7103.383
7390.95
7432.05
6972.017
7227.317
7776.883
7813.117
7412.617
7900.317
8192.617
8323.05
8219.95
8255.316
8736.35
8715.05
8119.35
8265.783
8961.616
9039.983
8831.684
8586.316
9120.017
8926.116
8758.217
8731.65
9253.217
9018.917
8185.0830000000005
9030.05
9168.017
9260.116
8930.684
8712.783
9236.283
9139.25
8953.684
8886.583
9010.55
9134.316
8717.816
8558.45
9488.217
9060.184
8837.283
8865.65
9215.15
9098.783
8979.083
8946.783
9150.95
9103.384
8939.017
8904.65
9189.217
9189.717
9033.083
8908.717
9235.95
9185.184
8601.884
8821.45
9150.35
9034.45
8685.884
8630.583
9029.017
8879.717
8944.816
8698.316
8959.95
9059.25
8798.884
8335.85
9125.017
9019.116
9000.816
8800.65
9293.35
9024.45
8870.417
8649.983
9127.483
8881.45
8468.483
8310.384
8947.35
8882.65
8894.684
8292.783
8994.884
8845.25
8726.017
8829.25
8981.75
8946.316
8761.283
8658.45
9209.884
8983.116
8150.549999999999
8513.25
9094.017
8853.25
8850.283
8691.316
9082.283
8970.25
8523.35
8335.783
8906.083
8748.45
8719.55
8578.316
8895.283
8878.983
8744.217
8279.65
8949.15
8883.45
8562.616
8227.983
8823.083
8950.517
8623.283
8572.583
8895.483
8517.45
8486.684
8610.384
8599.283
8535.517
8412.884
8224.517
8789.616
8605.983
8237.95
8184.983
8643.417
8801.583
8096.282999999999
8153.65
8624.15
8565.184
8606.083
8354.05
8554.817
8453.45
8431.417
8111.049999999999
8722.883
8507.183
8221.082999999999
8181.65
8540.35
8466.383
8280.017
7804.65
8437.35
8388.45
8232.617
7744.65
8522.082999999999
8345.45
7805.35
8263.317
8291.75
8222.25
7796.017
7917.383
8096.283
8169.717
7939.35
7902.117
8163.817
7951.917
7949.017
7706.183
8044.217
8074.583
7586.883
7558.85
8033.017
8015.25
7689.017
7634.183
7706.55
7909.65
7416.883
7608.783
7665.283
7708.85
7535.15
7326.783
7876.017
7749.85
7353.417
7000.383
7574.217
7752.583
7559.017
7275.783
7611.35
7576.917
6900.35
7304.05
7719.217
7365.717
7186.883
7253.117
7506.617
7521.983
7147.417
6999.117
7409.617
7515.65
7328.217
7218.183
7530.683
7319.183
7035.017
6769.717
7406.35
7221.983
7470.683
6960.183
7455.283
7398.583
6875.483
6938.65
7428.417
7265.317
7059.617
7126.05
7411.017
7324.983
6933.283
6848.45
7478.15
7207.45
7052.483
7094.117
7332.55
7197.65
6760.483
6650.917
7002.15
7004.25
6455.817
6593.717
7044.083
6884.45
7082.083
6742.583
7108.35
6935.85
7147.283
6762.917
6993.217
6901.717
6540.483
6558.983
7012.817
6862.05
6389.483
5873.85
6825.883
6885.117
6414.883
6589.917
6848.35
6627.583
6466.617
6433.983
6818.883
6604.183
6418.283
6070.117
6653.15
6694.317
5988.017
6157.917
6718.95
6501.317
6245.817
6029.983
6628.617
6601.117
6523.817
6106.65
6698.283
6605.517
6548.817
6437.25
6636.15
6480.45
5250.95
5763.917
6515.817
6583.717
6222.75
5944.25
6456.35
6579.05
5930.483
5946.917
6378.817
6325.983
5840.15
5898.183
6386.15
6333.317
5674.217
5703.183
6223.55
6167.717
5916.817
5915.05
6158.75
6081.583
5659.017
6041.85
6146.683
6149.65
5615.817
5873.783
6248.017
6016.517
5548.017
5463.383
6049.35
6057.983
5896.417
5333.85
6118.35
5981.317
5321.417
5417.717
