272.967
68.033
-136.9
148.767
443.7
134.767
210.233
235.167
232.833
261.567
126.433
-174.3
207.433
212.167
20.232999999999997
-40.033
352.9
-5.299999999999997
67.1
361.7
423.233
180.767
466.233
158.63299999999998
280.9
196.567
230.5
-124.433
205.9
199.767
317.967
18.033
281.233
196.96699999999998
241.63299999999998
20.433000000000007
554.9
469.1
90.033
-59.833
238.167
123.5
-6.966999999999999
175.233
200.833
231.9
147.767
225.767
216.567
242.03300000000002
-39.766999999999996
35.167
608.567
273.033
-11.900000000000006
-257.567
435.1
449.033
25.233000000000004
32.7
379.5
423.5
379.16700000000003
224.36700000000002
413.83299999999997
365.633
152.03300000000002
319.567
387.433
386.233
317.433
-144.96699999999998
438.1
291.7
29.367000000000004
78.967
378.3
181.5
145.1
61.7
295.1
488.967
202.96699999999998
58.033
234.96699999999998
337.767
26.766999999999996
5.433000000000007
237.167
205.7
498.433
-4.099999999999994
178.9
210.833
353.233
-56.5
203.567
254.1
188.9
84.767
411.967
358.9
-232.167
30.167
398.433
305.16700000000003
220.767
204.9
470.967
281.633
-2.299999999999997
262.633
95.7
311.7
243.233
273.767
402.83299999999997
277.7
550.5
-233.9
322.83299999999997
364.633
106.167
367.7
385.967
456.567
257.3
100.233
334.633
238.63299999999998
-64.233
112.3
328.1
303.633
126.967
1.9000000000000057
417.433
440.1
48.5
-249.567
344.5
309.233
90.767
128.767
267.233
419.7
335.7
37.967
292.9
314.633
-283.9
-141.433
307.567
202.833
160.3
-4.233000000000004
332.033
258.767
44.56699999999999
215.36700000000002
405.033
295.1
243.833
-114.167
454.367
397.1
428.83299999999997
143.167
489.967
267.233
153.433
332.16700000000003
403.633
69.167
366.5
-174.233
148.567
209.1
-0.5
363.967
584.9
420.7
156.7
-90.3
492.433
150.167
454.5
19.766999999999996
395.433
356.767
311.567
375.7
514.1
348.16700000000003
425.7
304.367
329.633
221.3
389.767
-359.033
376.567
339.16700000000003
175.1
129.63299999999998
145.63299999999998
315.16700000000003
475.433
164.3
241.167
290.233
112.233
-198.36700000000002
270.1
385.233
462.633
189.96699999999998
388.16700000000003
303.7
45.233000000000004
-326.233
438.7
235.7
-62.43300000000001
12.900000000000006
270.5
181.433
-1019.967
-92.9
123.567
268.83299999999997
239.767
-73.3
557.367
388.033
258.767
60.632999999999996
255.03300000000002
232.63299999999998
-117.633
423.5
520.367
269.16700000000003
-184.233
34.367000000000004
302.433
315.033
-113.7
348.967
380.767
251.433
394.433
342.83299999999997
325.83299999999997
407.633
241.833
178.96699999999998
375.9
245.567
405.633
20.367000000000004
394.16700000000003
420.967
337.16700000000003
-82.3
222.3
310.5
73.167
-287.83299999999997
359.567
341.1
254.1
-124.7
350.3
337.9
207.7
71.367
351.83299999999997
358.83299999999997
-160.833
204.1
337.033
71.633
-154.833
155.1
266.9
210.167
317.5
150.167
258.367
514.433
98.1
168.9
377.233
534.033
380.567
150.5
234.1
270.233
96.5
491.233
351.83299999999997
201.7
-156.167
106.367
204.233
293.3
264.367
-12.766999999999996
538.033
563.367
31.299999999999997
286.967
375.233
346.967
226.03300000000002
106.167
346.033
389.1
77.433
133.36700000000002
298.83299999999997
332.3
181.03300000000002
297.633
484.83299999999997
445.567
403.9
117.233
565.9
186.5
395.16700000000003
-135.5
376.16700000000003
196.033
-76.833
300.367
352.5
215.3
561.167
397.7
394.7
285.16700000000003
649.033
107.36699999999999
398.9
312.967
-18.766999999999996
285.36699999999996
656.5
430.033
565.767
-19.167
473.9
396.36699999999996
424.63300000000004
221.167
379.36699999999996
549.433
-14.5
256.033
639.167
358.433
173.9
196.5
379.033
383.033
549.967
208.3
684.033
564.1
716.9
473.1
732.433
538.5
253.5
368.967
429.433
643.567
818.3
233.3
739.9
616.1669999999999
566.633
711.1669999999999
627.033
530.5
373.767
673.433
526.8330000000001
789.3
147.03300000000002
323.1
591.767
577.433
594.8330000000001
437.967
916.633
583.1669999999999
749.9
576.3
723.3
682.767
722.367
337.3
1037.433
503.367
599.9
532.3
871.767
560.433
731.9
623.9
634.9
898.9
805.7
702.967
655.567
909.967
675.7
470.833
968.967
769.233
656.5
590.1669999999999
596.9
697.567
816.8330000000001
679.433
911.633
795.767
597.167
532.967
711.833
808.433
705.9
586.167
932.3
511.70000000000005
761.433
490.76700000000005
700.033
588.5
785.1
863.167
748.633
495.1
803.633
980.633
471.36699999999996
885.167
732.5
779.367
803.433
785.633
641.5
984.033
1178.233
682.5
714.767
1286.833
922.3
1126.033
519.7
707.233
1191.367
1010.367
1150.367
1224.567
757.167
719.033
849.833
814.9
1362.367
1181.967
642.967
1121.567
1018.833
1235.167
1264.967
1090.033
1012.633
1354.767
613.3
897.5
1032.3
1197.433
1510.567
1456.633
1407.167
1342.7
1147.1
1244.167
1273.233
1182.1
804.9670000000001
1018.433
1356.433
1183.967
1430.833
1003.433
1508.767
1403.367
1503.567
1316.433
1464.367
1390.5
987.567
1450.167
1312.767
1211.967
1147.3
1278.033
1269.833
1374.7
1287.3
1074.967
1387.433
1173.833
1151.567
1014.233
1488.9
1392.033
1334.833
1401.433
1508.433
1246.7
1232.9
1136.233
1397.433
1421.1
1301.7
1055.967
1543.833
1280.233
1324.433
1313.767
1461.9
1344.033
842.5
1283.167
1353.633
1429.567
1440.033
1629.233
1749.633
1580.967
1580.433
1557.767
1694.233
1747.1
1601.7
1684.3
1673.633
1693.9
1853.3
1686.633
2069.033
1556.1
1133.833
1392.233
1602.367
1884.433
1609.5
1720.567
2046.567
1871.567
1797.433
1714.9
1952.7
1993.433
2030.033
1742.767
2111.833
1785.033
1680.567
1572.1
1618.5
1550.033
1867.1
1204.1
1605.633
1731.633
1961.167
1609.7
1930.433
1816.3
2013.567
1830.967
1900.633
1964.9
1948.433
1858.3
2164.567
1748.233
2265.7
2020.1
2057.833
1979.233
1877.367
2066.233
2295.3
1673.767
1775.367
2073.9
2351.833
2056.967
2129.3
1882.967
1954.233
1838.3
1922.3
2068.7
2035.033
2329.233
2598.9
1892.6999999999998
2476.233
2449.167
2332.633
2230.567
2272.1
2146.433
2106.167
2410.567
2342.567
2148.233
1948.9
2061.833
1984.7
1967.567
2294.233
2190.233
2333.167
2542.9
2364.833
2494.167
2715.367
2458.833
2773.567
2616.833
2960.967
2712.767
2534.9
2769.9
2788.367
2678.3
2479.367
2647.3
2467.3
2546.967
2428.167
2602.633
2571.367
2354.3
2032.3000000000002
2303.767
2254.5
2265.7
2088.9
2029.6329999999998
2285.767
2038.433
1972.7
1681.433
2294.5
1872.3
2199.167
2205.567
2403.633
2876.9
2670.033
2950.833
2801.567
2985.967
3135.567
2721.7
2900.433
2876.3
2585.7
2493.833
2779.167
2636.433
2908.967
2468.633
2731.1
2773.967
2750.167
2916.367
2866.833
2915.1
3083.433
3024.1
3083.3
3073.167
2986.1
2698.033
3036.1
3081.567
2927.833
3167.3
3263.5
3118.3
3004.567
2721.833
3235.833
3100.9
3425.233
3693.633
3768.633
4117.967000000001
4112.967000000001
3974.367
3924.433
3847.5
3936.9
3548.5
4116.1669999999995
3802.367
3958.033
3865.367
4106.8330000000005
3594.567
3772.633
3893.3
3752.433
3804.967
3593.433
3300.033
3914.7
3992.5
3880.5
4045.7
4214.433
4198.767
4096.633
3837.9
4173.8330000000005
4120.633
3598.833
3824.9
3802.3
4028.7
3888.233
4121.032999999999
4315.1
4047.233
3934.967
3398.5
3652.433
3764.367
3813.5
3545.967
3952.1
3635.1
3673.767
3446.633
3390.767
3350.033
3263.1
3336.167
3348.567
3471.367
3249.433
3394.7
3153.633
3333.5
3448.9
3547.433
3851.3
4005.833
4103.1
4279.3
4078.567
4147.9
3727.033
4232.5
4041.633
4046.567
4578.767
4266.833
4954.567
4968.567
4891.567
5079.9
5680.633
5133.9
5297.567
4749.233
4948.367
4840.167
4423.9
4197.367
4269.1669999999995
4119.433
3898.767
4021.633
4533.367
4132.367
4402.1
4455.7
4930.3
4912.9
5066.633
4795.9
4638.1
4500.9
4148.967000000001
4008.7
4086.433
3696.233
3561.1
3424.9
3496.167
3427.967
2852.3
3189.9
3203.367
2860.3
2556.967
3302.633
3348.767
3470.367
3753.1
3481.233
4305.8330000000005
4501.833
4607.233
4441.967
4528.633
4307.967
3945.167
4085.967
4029.433
4221.233
4181.9
4018.633
4597.233
4242.3
4412.833
4292.367
4460.367
4414.9
4344.433
3804.9669999999996
4405.367
4275.433
4413.567
4342.9
4253.367
4281.032999999999
4330.033
4337.033
5008.767
5038.9
5034.767
5271.7
5424.9
5489.633
5472.167
5304.233
5642.567
5384.633
5803.167
5403.033
5817.1
6289.633
5576.833
5822.9
5910.367
5694.433
5673.3
4962.633
4849.167
4305.233
4076.633
3171.633
3048.7
2552.9
2382.567
2395.1
2918.367
3183.1
3521.9
4014.5
4351.367
4559.3
4858.9
5279.633
5569.967
5969.1
5831.7
5816.967
5981.5
5419.3
5314.433
5021.033
4662.233
3918.233
3618.3
3323.9
3306.433
3671.833
3806.9
4358.5
5192.1
5464.633
5665.7
6499.433
6727.633
6834.167
7241.167
6942.833
7653.367
7693.7
8097.1
7808.3
7747.9
8177.433
7938.167
7978.567
8125.5
7955.9
8192.967
8002.567
8650.633
8490.1
8593.5
8363.233
8855.233
8703.167
8564.9
8631.5
9131.233
8933.5
8897.434
8657.566
8835.566
8360.1
8419.5
8579.967
8654.5
9101.767
8855.967
8971.634
9007.1
8674.634
8414.566
8208.566
8413.033
8676.9
8846.634
8737.9
8741.366
8736.233
8685.434
8557.233
8480.367
8456.7
8313.167000000001
8376.7
8829.167
8578.1
8780.434
8482.366
8623.434
8824.366
8616.7
9028.366
9129.1
9132.566
9244.233
9327.9
9416.033
9766.767
9999.1
9814.1
9722.634
9659.167
9016.566
8507.434
8679.767
8595.967
8570.5
8448.433
8754.366
8971.767
9118.767
9745.366
9695.833
10260.634
10193.967
10220.566
10207.9
10619.833
9989.7
10117.167
10555.833
10062.167
10101.833
10319.3
10247.3
10058.3
10658.5
10131.5
10512.7
10425.1
10347.3
10100.3
10340.233
10192.233
10233.967
9651.566
10333.833
10137.767
10144.833
9732.9
10113.967
10460.833
10638.1
10318.5
10579.7
10646.767
10450.167
10449.833
10378.434
9397.033
9859.5
9855.1
9946.634
9485.1
10105.434
9906.033
9983.366
9714.9
9675.366
10026.3
10151.233
10086.434
10167.1
9912.833
9681.634
9666.5
9071.033
9330.566
10062.967
9807.233
9951.967
10273.566
10614.5
10671.634
10874.167
10510.833
10639.9
10769.9
10707.9
10251.3
10114.434
9608.5
9787.833
9043.1
9720.634
9936.434
9567.1
9590.967
10384.1
10334.033
9792.3
9822.1
10631.167
10818.7
10526.167
10336.7
10463.167
10549.167
10267.9
10181.566
10442.833
10270.167
10530.7
10835.3
10515.233
10761.167
11073.5
10205.233
10456.634
10284.7
9890.5
10175.033
9510.434
9731.1
9762.634
10699.634
10604.5
10445.967
10460.634
9968.1
10281.233
10219.634
10565.9
10250.833
10014.9
9502.7
9370.7
9048.434
8690.033
8626.033
8006.967
7876.5
7895.3
7878.233
8346.7
8732.566
9660.833
10240.967
11311.9
11436.434
12470.9
11630.566
11158.366
11554.566
11460.3
11285.9
12038.634
12094.833
12335.3
12155.833
12056.167
11458.167
11010.5
10686.233
10924.5
10837.7
12098.233
11521.7
12113.767
12171.7
12443.033
12504.7
12143.233
12848.033
13037.967
13593.5
13507.1
13639.767
13866.233
14219.7
13236.167
13442.434
12853.1
13136.566
13157.833
13546.967
13018.434
12782.566
12369.167
12168.167
12424.767
12112.767
11242.767
12085.1
11931.167
12721.634
12859.033
12920.767
13799.366
13401.434
13104.566
13366.1
13413.167
13215.7
13180.5
13380.967
13810.167
14207.5
14277.366
13938.233
14058.767
15622.3
14442.634
14495.634
14709.3
14132.9
14703.9
14675.366
15280.767
14723.233
14154.3
14474.967
14723.1
14579.366
14082.634
14000.5
15074.434
15494.7
15110.7
14483.767
14856.9
14624.033
14505.434
13677.5
14607.1
14445.767
14083.7
13425.767
14037.366
14310.366
14294.434
13860.033
14908.767
14915.634
14692.9
15053.566
15206.7
15876.767
15179.233
14965.1
15593.5
15123.434
15422.833
14602.9
14953.833
15662.1
15211.233
15371.967
15437.833
14993.767
15206.3
15625.767
16253.3
15981.7
15913.434
16109.233
15964.5
16395.833
16824.768
16371.767
16344.5
15955.434
15939.5
15440.233
15915.767
15538.566
15881.967
15215.366
14815.434
15060.233
14946.634
14658.566
15247.767
14767.634
14894.167
14998.7
14952.833
15059.033
14900.033
15449.366
15928.634
16286.1
15423.5
15501.434
15622.5
15020.967
15866.5
15491.366
16037.833
16010.434
16375.767
16386.1
16533.7
16758.166
16245.833
15767.033
17402.1
16802.566
16691.033
16917.967
17155.301
15981.833
16702.566
15942.434
16928.166
16669.9
15994.366
16510.1
16990.301
16701.301
16815.434
17732.967
17166.301
16558.033
16387.366
16152.1
16070.566
16572.434
17239.5
17159.033
17816.5
17933.033
18294.967
17854.834
17918.699
18310.699
18077.033
18065.301
18072.232
18139.434
18533.699
18175.232
18860.232
18632.9
18758.301
19176.9
19049.633
18965.434
18503.768
18662.033
18920.834
18509.166
18401.5
18228.232
18877.033
18602.566
19617.1
18871.967
18506.834
18981.967
19136.5
19822.367
19944.367
20001.834
19407.1
19672.699
19159.834
19356.566
19062.9
19471.633
19656.232
21438.633
19787.166
20641.5
20975.566
21177.633
20616.166
21894.166
21371.166
21699.232
22422.699
23101.699
21898.301
22519.232
21946.232
22238.367
23843.166
22370.301
22515.166
21673.301
21642.768
21762.967
22439.834
22323.633
22782.5
23474.967
22969.967
23719.301
24358.434
25058.033
25088.033
25238.5
25998.166
26696.834
26015.633
24683.834
25539.166
25681.633
24939.9
25448.834
26055.1
26126.5
25902.5
26384.633
26976.834
26267.768
27770.033
28391.367
27982.768
27442.9
28519.566
28372.9
28446.768
28147.699
28542.232
28658.834
28413.232
28498.566
28100.699
28402.5
29305.967
30010.9
30393.033
30734.033
32147.301
32378.9
31762.699
32490.166
32477.166
32202.232
32233.9
31234.033
32256.768
31432.434
31348.434
32945.633
33522.633
33861.434
33894.898
34052.965
34802.566
33959.234
34226.832
33647.566
33945.301
34225.566
33659.5
34453.832
35104.766
35487.035
35619.566
35780.301
36203.832
36229.5
35642.5
35935.5
35806.234
35894.699
35269.766
35933.234
35979.168
36167.699
36562.301
36088.234
35920.699
36146.434
36180.832
36288.102
36329.699
36685.898
36384.168
36535.898
36835.832
36573.898
35498.965
34959.168
33254.102
31948.967
31042.633
30680.9
30637.033
31108.633
31016.5
32383.232
33978.699
34470.035
35106.5
35142.566
35443.965
36334.5
37308.633
36924.168
37594.566
37626.234
37256.832
36449.434
36112.766
36382.965
36982.898
37298.566
37736.367
38388.766
39284.965
39818.965
40000.766
40008.5
39277.234
39156.699
38675.102
38984.102
39031.766
39031.766
38987.699
38302.168
37864.832
37675.434
37124.234
37182.301
37544.965
37230.035
38741.434
38959.566
39278.633
39890.234
40129.832
39258.965
39494.633
39015.5
39124.234
39453.633
39755.5
40201.566
41242.234
41070.434
41671.633
41196.832
41152.035
40719.301
39960.5
40095.102
40114.832
40284.234
40049.898
40341.301
40883.766
41188.434
40725.168
40790.965
41892.898
41329.766
41750.832
41023.367
41596.766
41071.699
40118.766
39651.367
39267.832
39184.566
39431.5
39783.566
40271.102
41428.566
41056.168
41910.234
41372.301
41437.766
41214.035
40725.566
40363.301
40011.832
39310.367
39439.898
39486.168
39206.766
39434.566
39413.699
39156.5
39232.5
39073.965
39217.898
39687.965
40154.367
40100.566
40634.102
41300.633
41548.367
41486.965
41820.301
41628.434
41549.102
40825.102
40317.434
39819.434
40137.832
40530.5
40216.102
41069.367
41388.898
41991.168
42273.234
42250.301
42164.566
43076.5
43379.102
43925.566
44048.832
43693.234
43473.035
43254.832
43216.234
42523.699
42313.633
42439.102
42463.832
42121.566
41949.301
41087.5
41693.434
41318.766
41677.434
41606.898
42498.766
42976.5
43581.898
44025.102
44291.035
43300.633
43402.766
42843.898
42889.035
43238.367
42880.766
42816.301
42498.301
42923.633
43241.5
43246.5
43495.898
43558.5
44016.035
44428.5
45330.898
44504.367
44305.367
43678.766
43654.035
42841.301
42823.699
42816.367
42461.234
43148.234
43326.234
41448.633
42732.832
42603.898
42234.434
42448.168
42201.102
42049.699
42326.633
42887.301
43243.102
43253.035
43129.566
43293.434
44043.168
44145.301
44409.234
44132.766
43610.035
42173.434
40660.5
39750.566
38289.434
36676.832
36169.699
36818.234
37867.367
40222.633
40867.965
40277.367
40326.168
40555.965
39959.965
40378.832
39815.766
39325.434
40243.168
41506.434
42436.367
42358.234
42836.832
42954.633
43428.234
44249.566
43746.434
43635.234
43716.832
42898.566
43396.832
43867.832
43958.301
43713.234
44579.832
45064.434
44995.168
45082.699
44363.566
44213.965
43926.301
44131.633
43751.898
43109.5
42827.965
42353.965
43380.367
44164.234
44922.633
44666.5
45298.102
46207.234
46585.965
45908.434
45549.699
45905.367
45240.367
45083.102
44445.367
45091.832
45649.633
45128.102
44884.367
44464.965
43376.035
42749.367
41130.367
39967.965
39574.965
39694.102
40087.832
40654.832
41889.234
42116.699
43405.301
43728.035
43790.168
44451.234
44653.434
45145.434
45259.832
45407.301
45930.301
46780.234
46123.898
45764.832
44930.234
44778.898
44665.102
44487.434
44532.434
44541.035
45249.766
46307.434
46277.898
46318.699
46306.633
46200.566
45967.434
45949.566
45903.766
44773.766
44178.5
43807.965
43140.699
42314.5
41815.434
42175.633
42422.566
42969.5
43413.898
44111.699
44201.965
43955.699
43774.898
43963.301
43662.168
43221.234
43412.633
43791.566
44365.699
44525.434
44574.832
45123.832
45683.035
45617.832
45627.168
45356.832
45242.965
44527.633
43812.965
43411.035
42539.035
41539.832
42833.168
42687.168
43035.965
43196.168
43841.965
43952.965
44323.832
43803.898
43838.898
44263.766
43736.633
43585.367
43394.566
43266.035
42949.367
42287.102
41798.898
41970.965
42047.367
41527.566
40861.035
41207.234
41030.367
40764.832
40759.766
41032.5
41338.633
41563.633
42035.633
42217.566
42684.898
42373.965
42170.898
42646.832
42545.035
41348.434
42132.699
41718.035
41702.5
41898.5
41283.699
41410.766
42282.168
42461.766
42827.301
42772.898
42838.699
42781.035
42494.898
42980.5
42456.898
41917.234
41817.699
42187.566
42622.898
42777.035
42063.699
42249.035
42090.898
41704.832
41989.168
42129.434
41986.5
41729.035
41967.566
41668.566
41868.102
41286.301
40956.035
40897.035
40840.367
41048.699
40611.234
41525.5
41755.633
42263.367
41584.766
41759.566
41834.633
42066.234
41936.234
41696.898
41877.965
41882.566
41619.633
41629.633
41705.035
41308.367
40848.699
41252.367
41440.766
41563.102
41479.035
41682.5
41646.766
41595.766
41952.168
42027.434
42236.5
41404.766
40939.102
41233.5
40690.234
40714.367
40442.766
41022.5
41572.367
41378.434
41227.633
41565.035
41500.699
41751.965
41610.832
41745.434
42083.832
41828.434
41806.832
42010.234
42082.035
41981.367
41751.301
41060.566
41282.699
40472.965
40689.168
40798.367
40740.633
40378.699
40513.301
40456.766
40374.035
40446.766
40775.301
40451.035
41055.5
40796.301
40778.766
40231.965
39811.699
39446.367
39621.766
39180.434
39237.766
38935.898
39576.566
39726.898
39776.566
39629.035
39245.434
40330.699
40528.035
40797.633
40866.102
41484.434
41622.832
40977.766
40734.566
40579.301
40574.832
39710.5
39861.234
40088.102
40076.898
40436.965
40313.168
40835.832
40722.5
40820.234
40561.301
40857.102
40553.766
40257.234
39739.102
40344.102
40437.234
39605.367
40496.102
40138.965
40443.234
40667.102
40176.766
40474.367
40044.766
39246.766
38780.102
39246.566
39015.367
38724.699
39163.434
39180.898
40169.035
39902.766
40578.035
40794.633
40514.367
40391.5
40761.699
41109.832
40530.234
40034.168
39760.234
39795.699
39316.965
39106.766
39042.699
39666.234
39701.566
39689.434
39612.832
40220.234
40256.633
39904.367
39625.367
39602.898
39207.965
38559.633
38035.301
38157.5
38114.898
37745.766
38064.699
38369.832
38959.965
39197.832
39297.965
39666.102
39896.234
40209.102
40162.035
40327.035
40079.566
39927.965
40416.5
39783.234
40320.898
39989.633
39523.566
40135.367
40018.832
40193.234
39773.965
39703.367
39595.898
39607.965
38991.367
39169.367
38869.367
38722.965
38986.832
38685.699
38483.832
38429.699
38303.168
39086.367
39372.234
38530.035
38698.898
39284.102
39135.566
39086.699
39554.766
39077.102
38717.566
38616.102
37911.566
38288.5
37509.234
37738.566
37644.5
37557.633
38088.035
37847.102
38238.234
38109.035
38058.301
38374.102
38320.832
38620.367
38558.168
38046.766
38130.766
38356.766
38494.168
37643.434
37971.699
38184.633
38177.965
37556.699
38045.566
38695.965
38326.699
38013.234
38872.566
38940.965
38798.434
38469.766
38099.434
38650.5
38161.766
38341.566
38326.832
38073.367
38229.035
38096.699
37838.633
38226.168
37941.5
37259.367
37496.102
37762.367
37574.102
36919.898
36955.965
36684.832
36542.5
36297.766
35931.699
36504.566
36585.434
36213.168
37105.301
37021.832
37250.035
37224.766
36936.699
37442.301
37215.766
36892.766
36397.102
36885.434
37058.5
36217.566
35476.898
34818.766
34131.434
33550.699
32885.232
32540.166
31958.699
31545.768
32674.9
33200.035
33297.898
33827.434
34519.234
35661.566
35373.699
35808.766
35597.699
35572.434
35745.434
35321.168
35145.766
35329.035
35310.699
34899.367
34998.566
35107.102
35323.102
35109.301
34833.965
35272.367
35013.566
35026.102
34834.102
35239.168
35205.633
34873.035
35438.766
35292.965
35084.367
34648.965
34413.633
34473.699
34347.434
34360.832
34500.434
34291.965
34618.5
34714.965
34554.699
34683.5
35186.301
34919.168
34592.301
34873.102
35062.102
34854.301
35024.168
34950.367
34481.898
34383.766
34272.367
34433.102
34299.301
33609.633
33979.832
33867.367
34085.102
33904.367
33786.965
33911.301
34017.434
34347.699
33864.301
34093.168
34308.301
33726.301
34057.965
33986.035
33923.566
33413.367
33490.965
33415.102
33432.234
33539.766
33407.566
33349.102
33376.301
32745.301
33037.032999999996
32816.633
33124.9
32624.834
32973.965
33572.102
33232.965
33675.035
33619.965
33458.234
33915.035
33681.965
33726.5
33753.301
33634.965
33832.234
33636.168
33836.566
33535.035
33770.168
33529.234
33978.168
33367.035
33488.633
33163.102
33471.102
33586.898
33139.367
33008.035
33097.434
33094.234
33070.766
33110.965
33206.832
33378.035
33279.102
33192.5
33139.965
32758.5
32372.033
32272.699
32475.301
31980.232
31678.232
31783.232
32215.166
32209.033
31695.768
31763.566
32084.434
31904.633
31598.633
31298.033
31613.9
31424.699
31084.768
30574.5
30953.834
31026.834
30973.633
31233.033
31130.367
31129.033
30550.768
30761.9
30404.566
30314.033
29574.967
29381.633
29479.768
29010.1
29040.166
28358.434
28738.033
28393.166
27841.699
27118.967
27019.9
27158.232
26954.834
26331.699
26655.232
26504.768
26782.166
26874.967
27457.166
27840.9
28602.566
29329.699
29460.566
29619.566
29650.367
29849.699
29701.301
29347.9
29412.033
29197.033
29451.9
29218.232
29530.5
29592.166
29920.633
29861.834
30058.566
29966.699
30408.033
30245.967
29973.699
30256.768
30569.301
30333.768
30059.434
29873.232
30146.1
30046.699
29857.834
29750.633
29867.834
29900.768
30263.232
29515.967
29982.9
29989.367
30077.9
29839.5
30110.768
29880.1
29538.9
29549.699
29648.434
29813.5
29179.301
29014.967
29218.434
28968.699
28908.1
29124.699
29215.5
28924.1
28813.566
28570.768
28549.5
28598.834
28656.166
28642.301
28602.5
28516.033
28546.166
28420.9
28331.834
28310.033
28143.566
27558.232
27958.434
27511.1
27696.699
27608.9
27782.5
27536.1
27687.301
27589.768
27630.566
27992.434
27804.232
28133.033
27971.5
28144.166
27927.768
27479.1
27583.367
27407.166
27249.434
27479.768
27354.367
27323.768
27339.9
27248.967
27678.301
28130.834
27673.5
28206.033
28350.699
28113.434
28212.033
27941.9
28130.301
28279.166
28450.9
28625.633
28693.232
29056.166
28952.367
29279.367
29627.967
29939.834
29409.633
29273.834
29604.566
30101.9
29903.768
30340.301
30529.1
30922.5
30715.699
30857.434
30722.301
30481.768
29764.566
28751.033
28175.5
27903.834
27626.434
27326.5
27119.232
27161.699
27014.633
26883.301
27153.166
27033.434
27060.367
26974.232
27372.834
27126.301
26987.033
26646.166
26647.033
26817.166
26390.367
26714.301
26565.768
26815.5
26797.367
26895.768
26991.633
27180.434
26796.768
26917.033
27315.033
27080.967
26492.232
26833.633
27197.699
27059.566
26655.834
26896.1
27211.967
26644.1
27045.1
26342.967
26704.967
26355.566
26125.768
26237.633
26201.834
26231.699
25954.434
25492.232
26194.166
26247.9
25878.566
25839.633
26088.699
25907.768
26229.768
25665.166
25881.232
25925.9
26063.834
26066.566
26187.967
25932.301
26019.301
26169.9
26409.834
25975.1
25544.1
25616.434
25864.434
26023.699
25704.5
25850.5
25736.367
25905.232
25706.834
25683.1
25746.166
25663.301
25252.033
24986.566
25657.1
25394.301
24977.301
24917.633
25312.834
24939.5
24974.633
25048.9
25311.232
25021.232
24009.699
24821.1
25260.1
24820.434
24793.232
24402.633
24688.166
24776.232
25006.768
24977.301
24872.232
24547.768
24607.699
24568.367
24025.1
23873.033
23352.633
23626.9
23159.033
23599.434
23128.5
23197.768
24465.967
24245.967
24199.166
24840.434
24641.566
24722.033
24295.1
24082.033
23916.834
23908.699
23669.9
23684.633
23826.9
23856.699
23463.633
23688.033
24344.9
23891.834
23360.967
23671.232
23973.434
23993.834
23733.5
23831.768
24001.232
23625.1
23282.367
22950.232
23354.367
22974.768
22881.434
22466.699
22483.1
22528.9
21893.834
21415.9
21327.301
19971.434
19251.301
18483.367
18601.232
18614.232
18742.301
18956.633
19721.834
20562.301
21032.166
21035.434
21261.5
21867.633
22344.566
22205.699
21911.5
22357.5
22263.301
22330.699
22358.768
21974.367
21643.1
21499.5
21942.1
21870.166
21414.768
22074.232
21941.232
22186.5
22271.033
22125.633
22240.301
22236.301
21940.232
22081.566
22178.232
22357.5
21903.232
21917.699
22362.166
22412.768
22321.166
22337.367
22531.1
22498.699
22362.967
21866.367
22315.434
22259.367
21972.834
21759.699
22004.967
22093.9
21974.5
21495.232
21775.033
22074.967
21441.566
22106.033
22220.566
22193.699
22583.033
22304.633
22429.633
22380.1
22171.9
22316.232
22234.566
22213.301
21816.1
21922.301
21980.699
22002.967
21885.232
21948.967
22206.1
22196.033
21905.5
21693.367
21984.033
21837.301
22057.9
21618.232
22106.367
21942.9
22113.5
22092.033
22218.834
22170.566
21702.301
21389.166
21968.768
21829.967
22047.633
21607.9
21543.566
21651.301
21515.1
21856.633
21612.033
21602.033
21040.768
21088.232
21207.768
21501.434
20555.367
20839.1
21107.434
21086.232
20851.232
20672.834
21128.967
21056.633
20814.1
21007.367
21029.633
21240.633
20501.434
20723.301
21238.967
21269.434
20918.9
20758.834
20906.566
21121.301
20704.768
20689.1
20842.834
20793.834
20191.9
20528.301
20528.1
20331.9
20323.566
20437.768
20126.834
20887.967
20256.5
20137.232
20232.699
20269.166
20175.633
19620.434
20107.434
20191.1
19873.9
19594.967
20039.367
19946.301
19855.1
19337.232
19886.301
19873.166
19799.699
19801.768
19500.033
19720.834
19588.434
19167.9
19438.9
19274.301
19288.5
18774.768
19195.232
19142.967
18529.301
18193.434
18941.434
18708.633
18537.301
18441.166
18710.033
18570.1
18217.834
18155.699
18800.633
18515.768
18345.1
18190.633
18644.633
18255.434
18077.232
17936.699
18561.768
18338.633
18120.1
18066.166
18229.434
17949.566
17548.699
17226.633
17750.166
17823.9
17744.232
18015.166
18168.633
17999.834
17438.699
18056.699
17859.699
17764.232
17692.434
17640.5
17552.434
17719.967
17248.301
17231.768
16618.767
15901.634
15177.634
14492.767
14056.167
13963.566
13897.3
13878.3
14794.767
15253.3
15442.1
15896.634
16192.033
16213.167
16328.033
16213.033
16363.767
15846.967
15858.167
15114.434
16174.3
16087.634
15862.833
15789.634
16202.1
16433.9
16571.967
16261.166000000001
16695.699
16889.033
16547.301
16588.301
16973.768
16959.301
16937.1
17088.633
17239.768
17213.232
16978.367
16605.768
17486.768
17261.834
17206.9
16813.232
17504.5
17604.033
17379.434
17605.633
17613.699
17156.033
17307.768
16952.768
17557.033
17444.033
17332.699
17236.5
17279.367
17499.301
17045.768
17599.834
17583.301
17612.166
17598.9
17184.033
17870.367
17840.1
17393.967
17572.301
18255.699
17981.166
17703.367
18214.434
18421.166
18073.232
17851.232
17939.566
17603.633
17783.367
17307.768
17431.834
17720.9
17652.1
17644.1
18111.367
17753.699
17900.166
17273.5
17123.033
18008.1
17813.1
17671.699
17802.434
17656.232
17728.033
17867.5
17536.232
17581.566
17534.232
17510.566
17425.1
17633.967
17282.768
17423.768
17250.768
17619.768
17351.367
17475.033
17440.232
17863.166
17433.566
17443.367
17377.566
17645.301
17890.434
17881.967
17736.9
17688.834
17525.1
17428.967
17684.9
17822.166
17940.834
17959.699
17525.834
18171.699
17977.232
17945.967
17479.166
17999.232
17901.232
17694.768
17573.434
17711.9
17829.768
17944.434
17828.367
17959.566
17629.9
17766.566
17955.033
17632.1
17757.1
17652.033
17490.5
17629.033
17719.232
17483.1
17422.967
17590.434
17817.967
16892.566
17603.5
17684.768
17549.566
16862.367
17220.5
17582.633
17660.033
17516.367
17516.367
17498.566
17649.633
17347.301
17224.033
17636.166
17386.434
17425.1
17129.232
17380.301
17397.566
17088.768
16991.566
17325.633
16918.967
16957.768
16724.633
17070.967
16938.434
16613.434
16956.301
16920.633
16668.633
16813.5
16963.9
16784.166
16752.434
16511.834
16552.699
16838.967
16530.367
16659.5
16317.967
16389.3
16448.634
16309.233
16419.5
16262.167
16174.7
16129.033
16063.033
16357.9
16281.833
16229.5
15334.634
15637.5
15585.167
15422.1
14836.967
14810.167
14851.767
14476.033
13881.566
14428.434
14287.434
13486.233
13857.033
13802.767
13441.233
13581.3
13009.3
13193.767
13045.833
12788.3
12870.434
13169.5
13000.9
13145.3
11977.366
12707.7
12788.033
12321.434
12622.833
12886.434
12942.767
12646.9
13066.833
13264.967
13307.3
13473.167
13834.9
13822.7
13630.434
13761.7
13539.5
13549.033
13714.1
13706.833
13132.434
13620.967
13450.634
13133.233
12542.5
12923.3
12680.566
12391.3
12352.366
12203.833
12270.767
12124.033
11968.5
12355.9
12356.1
12201.233
12216.5
12348.9
12189.833
12109.9
12002.566
12448.833
12223.9
11899.434
12313.233
12712.967
12484.833
12191.3
12351.233
12314.1
12331.566
12298.3
12186.7
12284.767
12012.7
11479.833
11988.7
11885.233
12019.634
12143.434
11656.967
12153.233
12000.434
11331.1
11623.233
11834.9
11704.167
11770.9
11985.033
12109.767
12096.767
12261.7
12184.3
12301.366
12186.7
12108.434
11807.5
12053.833
12132.566
11825.967
11864.7
12114.434
12109.366
11811.5
12261.434
12323.033
12434.366
12003.9
12196.1
12337.833
12296.634
12511.366
11786.634
12311.5
12184.566
12391.233
11959.1
12642.767
12356.5
12497.7
12149.434
12643.634
12619.1
12292.7
12075.566
12328.833
12073.967
12018.366
12217.3
12168.033
12022.767
11690.233
11664.566
11926.1
12067.9
11928.566
12118.566
12062.366
11903.9
11719.033
11922.167
12033.5
11852.233
12195.566
11539.634
11831.7
12129.033
12090.167
11783.634
11817.9
11412.1
11114.5
11565.566
11465.767
11520.9
10729.033
11285.434
11591.833
11460.967
11158.9
11480.233
11704.233
11293.767
11438.1
11293.967
11547.033
11204.167
10930.366
10893.833
11255.3
11216.033
10750.3
11044.033
11020.9
11166.5
11017.033
11066.7
11150.233
10968.366
10821.5
11000.1
11175.634
11088.434
10937.1
11281.5
11010.767
11096.566
11017.1
10805.434
11016.033
10974.167
10798.434
10682.9
10715.233
10796.233
10528.366
10428.366
10896.033
10915.767
10621.1
10639.7
10901.634
10884.233
10467.434
10541.566
10742.366
10549.033
10323.566
10735.167
10694.1
10480.634
10688.9
10494.767
10542.634
10477.033
10217.967
9827.634
10554.634
10210.833
10441.967
10247.3
10379.5
10161.967
10099.967
9949.5
10289.566
10175.967
10069.5
9840.9
10091.366
10110.967
9962.833
9892.7
10186.5
10155.634
9615.7
9789.5
10092.3
10073.9
9354.033
9557.767
9955.1
9930.5
9814.833
9502.967
10045.566
9900.767
9834.833
9589.7
9767.9
9591.634
9458.434
9601.233
9757.366
9590.5
9387.566
9450.366
9865.3
9876.233
9661.5
9371.167
9484.3
9645.767
9458.434
9264.3
9611.566
9525.1
9485.9
9172.434
9349.434
9454.167
9413.767
9246.7
9459.833
9254.9
9659.033
8975.167
9403.1
9334.7
9114.634
8663.3
9385.833
9348.967
9366.967
9029.634
9139.167
9002.967
9116.033
9224.033
9524.1
8726.767
9039.033
8834.767
9080.366
8522.9
8083.767
7485.7
7286.5
6495.967
5683.9
5163.1
4532.3
3822.9
3457.967
2803.5
3099.5
3026.1
2736.967
2935.367
3821.967
4007.5
3982.0330000000004
4941.833
5473.367
5738.633
6038.1
5374.367
6118.3
5747.1
5608.5
5257.367
5074.167
5160.833
4852.433
4624.833
4999.967
5077.767
5028.5
4818.5
5552.367
5340.633
5373.167
5985.167
6028.3
6243.567
5913.833
6409.833
6556.167
6544.9
6549.1
6779.5
7055.233
7091.1
6626.1
6883.833
7411.833
7457.833
7026.833
7508.1
7749.967
7916.233
7806.9
7823.433
8272.767
8227.433
7653.767
7765.5
8435.7
8526.7
8351.633
8087.833
8634.967
8441.3
8233.7
8204.033
8708.634
8484.367
7629.3
8484.3
8635.433
8723.433
8387.167
8169.3
8656.033
8585.967
8415.033
8337.634
8471.967
8588.634
8163.5
7954.967000000001
8896.833
8501.967
8285.433
8326.967
8657.233
8541.7
8421.9
8390.1
8593.167
8553.434
8362.1
8334.167
8646.9
8621.167
8493.833
8374.1
8678.566
8588.833
8058.9
8246.833
8573.767
8481.566
8118.967000000001
8064.5
8456.967
8332.433
8382.567
8152.567
8412.5
8546.567
8217.9
7762.433
8552.7
8446.233
8447.433
8253.767
8723.832999999999
8462.433
8299.233
8079.299999999999
8541.433
8328.967
7912.367
7771.9
8413.633
8333.832999999999
8360.167000000001
7762.7
8464.3
8306.167000000001
8179.7
8246.167000000001
8432.433
8409.767
8215.233
8124.1
8641.9
8442.9
7600.167
7983.967
8539.3
8321.367
8275.367
8132.1
8520.567
8420.1
7969.5
7784.1
8349.9
8189.967
8154.233
8047.967
8348.367
8303.233
8191.567
7729.967
8401.9
8322.567
7987.367
7655.3
8267.5
8389.3
8082.433
8014.3
8339.3
7984.967
7931.9
8061.167
8088.433
7987.367
7853.433
7650.967
8241.233
8063.633
7727.7
7663.833
8091.3
8242.033
7517.1
7611.167
8099.967
8027.833
8056.367
7823.1
8031.5
7936.033
7897.233
7568.367
8190.833
7983.833
7685.7
7675.567
8023.767
7967.633
7782.033
7268.767
7907.5
7863.7
7762.967
7239.567
8011.1
7814.7
7319.833
7733.633
7818.833
7726.7
7318.367
7411.1
7595.033
7726.833
7441.1
7438.7
7708.9
7465.433
7492.167
7251.833
7574.967
7584.033
7125.367
7066.967
7563.1
7515.367
7249.967
7183.367
7263.833
7437.967
6979.167
7163.7
7218.233
7236.567
7067.567
6843.567
7416.967
7262.167
6899.767
6575.1
7123.1
7307.7
7108.567
6816.5
7154.5
7121.967
6440.167
6840.633
7272.367
6910.367
6741.833
6799.033
7036.167
7080.633
6708.7
6552.433
6932.9
7064.033
6890.9
6786.9
7092.567
6909.7
6627.833
6355.833
6980.367
6801.1
7014.833
6521.767
7020.967
6944.367
6460.833
6479.167
6992.033
6821.3
6598.433
6678.767
6953.633
6914.767
6475.3
6420.833
7035.3
6768.767
6624.433
6652.567
6897.233
6736.767
6319.233
6207.767
6601.767
6549.7
6044.3
6154.567
6652.1
6482.9
6644.5
6313.5
6681.9
6534.5
6748.433
6353.033
6602.3
6471.367
6147.9
6117.367
6595.433
6463.767
5990.633
5491.767
6437.967
6456.5
6007.7
6177.767
6454.567
6235.7
6062.233
6031.433
6407.9
6201.433
6011.767
5667.767
6239.367
6302.9
5592.967
5763.567
6318.767
6113.3
5845.433
5624.9
6214.167
6196.7
6096.433
5683.633
6268.567
6212.033
6123.233
6014.033
6218.567
6067.1
4857.233
5344.5
6112.433
6182.833
5789.433
5527.1
6057.9
6169.967
5523.567
5528.033
5970.3
5929.7
5456.633
5488.967
5960.567
5954.1
5310.5
5283.967
5839.233
5784.833
5536.167
5540.233
5774.033
5695.3
5284.567
5673.5
5766.5
5783.167
5254.5
5498.567
5891.633
5654.433
5188.1
5116.967
5723.833
5692.5
5547.233
4994.5
5790.1
5643.5
4980.7
5115.9
