268.367
75.0
-138.63299999999998
151.6
458.967
143.0
214.7
240.067
233.3
265.733
128.567
-163.333
215.567
213.933
21.433
-33.2
359.3
-3.066999999999993
56.633
364.33299999999997
426.767
184.53300000000002
465.033
152.4
284.233
199.267
226.233
-123.533
200.96699999999998
204.6
328.967
29.733000000000004
288.433
193.267
239.567
24.066999999999993
556.9
475.4
97.567
-65.667
249.233
126.333
2.5
182.267
207.767
228.13299999999998
150.9
232.13299999999998
213.233
243.8
-42.367000000000004
32.333
611.233
277.8
-17.367000000000004
-255.4
435.9
441.66700000000003
22.900000000000006
46.867000000000004
393.033
440.4
387.5
242.267
416.83299999999997
367.467
148.03300000000002
320.2
398.033
388.533
334.433
-140.333
445.7
289.733
37.7
65.2
384.5
178.067
143.3
73.667
290.16700000000003
498.8
205.1
61.8
237.3
352.533
30.299999999999997
4.0
246.767
203.4
500.367
8.066999999999993
181.03300000000002
218.0
340.83299999999997
-61.599999999999994
196.1
254.8
199.167
98.867
423.5
360.4
-226.233
29.200000000000003
400.16700000000003
308.2
230.767
210.86700000000002
469.633
285.0
5.167000000000002
269.533
105.833
315.067
251.63299999999998
276.467
413.233
283.33299999999997
547.7
-227.46699999999998
326.16700000000003
368.067
106.767
369.267
391.3
450.067
262.83299999999997
94.467
348.767
242.2
-61.900000000000006
110.2
327.7
308.2
122.367
5.867000000000004
403.16700000000003
438.933
66.033
-239.4
353.3
318.533
92.967
134.86700000000002
277.233
409.4
330.433
46.266999999999996
304.7
324.867
-281.633
-133.267
310.83299999999997
201.86700000000002
161.96699999999998
-8.799999999999997
328.5
260.467
59.033
216.46699999999998
413.83299999999997
298.533
255.1
-112.0
465.033
407.733
442.9
149.8
481.5
280.66700000000003
164.767
352.067
412.7
79.133
373.16700000000003
-167.0
137.1
233.2
5.832999999999998
362.067
594.967
420.733
171.36700000000002
-90.0
505.1
160.13299999999998
452.1
24.667
391.433
362.8
320.5
386.0
526.033
349.2
425.9
309.6
332.5
233.667
391.967
-352.66700000000003
388.1
349.133
179.433
135.933
144.36700000000002
321.8
475.233
171.933
248.63299999999998
297.66700000000003
110.767
-201.267
278.83299999999997
390.467
468.967
189.86700000000002
390.16700000000003
305.733
60.833
-314.8
442.233
248.6
-61.167
19.533
265.1
189.86700000000002
-1011.567
-103.933
124.5
267.8
246.233
-64.0
563.433
402.067
263.7
69.467
261.83299999999997
234.267
-113.5
434.733
528.967
274.8
-196.96699999999998
38.867000000000004
313.9
321.467
-116.633
359.66700000000003
382.367
254.0
404.233
339.467
339.433
405.933
246.3
185.13299999999998
378.233
240.333
410.16700000000003
32.93300000000001
407.233
436.66700000000003
343.767
-78.333
223.233
322.33299999999997
79.767
-286.267
373.433
337.8
261.633
-126.867
355.567
335.66700000000003
215.3
83.067
363.633
355.133
-156.567
209.067
337.1
59.599999999999994
-133.9
169.733
273.9
215.267
314.83299999999997
168.6
265.7
517.733
102.833
162.067
383.9
525.4
397.1
166.333
226.833
284.733
101.167
498.133
360.233
209.4
-148.433
107.133
221.36700000000002
297.2
271.567
-14.466999999999999
552.433
557.267
36.967
294.067
381.567
357.8
244.03300000000002
115.467
348.9
388.6
86.5
139.8
300.433
327.8
191.96699999999998
306.8
483.83299999999997
441.533
406.033
117.4
572.5
181.067
410.767
-129.8
386.83299999999997
192.4
-74.56700000000001
307.467
350.767
214.6
568.3
413.33299999999997
405.033
296.86699999999996
660.833
113.13300000000001
408.83299999999997
320.267
-8.5
302.6
661.5
438.4
573.167
-14.86699999999999
477.767
394.86699999999996
428.36699999999996
230.8
382.5
559.8
-3.3669999999999902
276.8
651.967
372.067
183.767
203.6
396.233
390.533
557.833
217.267
684.3
575.2
736.233
477.733
747.7
546.333
278.233
389.733
448.967
661.6
838.1
261.0
766.5
643.6
587.8330000000001
726.3330000000001
661.033
538.733
416.167
701.067
548.567
809.867
184.36700000000002
334.067
632.5
606.867
621.7
465.133
955.433
619.6
780.633
604.133
758.3
720.267
752.7
373.733
1073.833
535.2
637.567
559.067
897.967
584.867
765.033
659.533
678.633
945.533
855.233
750.533
698.233
947.533
710.633
520.133
1011.8330000000001
803.533
702.233
635.0
643.633
743.333
856.9
738.667
956.833
858.133
637.967
592.933
755.833
877.267
763.5
651.333
998.833
560.2
820.567
548.533
761.033
651.667
846.7
919.8
807.7
547.933
862.1
1026.933
528.833
947.867
790.033
830.933
853.033
844.333
690.167
1043.4
1240.3
762.667
774.167
1362.667
997.1
1208.067
588.7
772.2
1259.9
1096.0
1227.5
1300.133
856.0329999999999
806.5329999999999
942.9670000000001
916.5329999999999
1449.967
1271.267
750.0999999999999
1215.267
1113.433
1328.533
1358.033
1180.933
1094.433
1433.933
718.0999999999999
986.5999999999999
1121.367
1281.6
1615.967
1568.2
1504.567
1456.867
1280.433
1372.067
1377.833
1283.533
907.767
1120.8
1451.3
1279.333
1542.167
1097.867
1595.1
1486.667
1610.033
1407.6
1575.9
1492.2
1090.5
1551.0
1404.567
1325.867
1257.433
1387.933
1371.233
1491.267
1396.1
1172.8
1503.167
1277.667
1254.3
1131.467
1596.3
1502.933
1441.167
1524.6
1618.7
1370.067
1350.7
1242.6
1504.633
1531.067
1420.967
1156.667
1639.5
1391.333
1438.633
1414.6
1568.233
1458.067
953.433
1403.0
1466.967
1552.867
1575.233
1761.2
1878.833
1697.8
1696.3
1680.6
1819.033
1877.933
1751.5
1823.133
1827.3
1817.533
2002.767
1839.267
2230.167
1701.933
1279.5
1540.467
1748.833
2033.733
1753.1
1841.067
2205.9
1999.0
1941.5
1866.8
2094.367
2174.333
2177.567
1907.467
2262.967
1939.8
1825.967
1713.467
1752.233
1673.6
1985.567
1339.267
1732.367
1866.133
2112.1
1755.133
2089.967
1975.133
2178.967
1990.8
2066.1
2129.467
2090.033
2034.667
2326.167
1908.333
2441.1
2187.4
2209.233
2136.867
2028.567
2215.267
2454.233
1837.067
1948.9
2260.733
2519.9
2211.0
2306.233
2055.667
2118.833
1992.133
2092.567
2232.8
2199.9
2528.4
2793.433
2086.333
2681.7
2655.333
2521.5
2424.733
2475.633
2342.733
2312.767
2604.867
2542.367
2340.933
2140.567
2261.867
2173.233
2150.533
2469.967
2371.133
2528.7
2754.733
2583.1
2714.733
2943.5
2690.733
3004.167
2846.067
3179.633
2932.133
2761.9
3004.467
3006.3
2902.067
2722.1
2880.933
2687.167
2759.667
2647.233
2819.267
2793.567
2571.867
2231.033
2498.133
2438.633
2432.4
2275.033
2216.4
2472.433
2226.467
2154.367
1849.0
2468.833
2040.067
2380.3
2382.267
2596.967
3091.0
2886.433
3217.0
3048.167
3253.4
3377.233
2992.133
3152.7
3110.733
2809.833
2733.067
3021.433
2880.733
3128.7
2688.067
2948.433
3020.933
2979.767
3172.933
3133.967
3169.2
3369.233
3301.4
3352.367
3348.6
3249.567
2954.467
3306.367
3368.467
3218.033
3471.8
3566.833
3400.467
3296.767
2997.0
3519.167
3403.6
3740.833
4025.2
4124.433
4493.133
4500.367
4340.4
4290.7
4192.6
4314.5
3889.733
4476.233
4150.8
4306.7
4231.6669999999995
4457.032999999999
3948.8
4101.7
4240.867
4093.833
4142.3330000000005
3930.033
3636.333
4251.3
4350.532999999999
4218.967000000001
4420.133
4609.367
4615.4
4513.167
4227.467
4560.033
4506.933
3976.767
4179.532999999999
4158.9
4383.3330000000005
4264.767
4523.4
4711.033
4437.2
4296.033
3762.133
4020.1
4107.2
4155.1
3905.467
4301.567
3968.8
4004.033
3778.667
3693.9
3650.067
3579.233
3648.867
3677.833
3785.8
3578.033
3711.267
3438.233
3648.667
3799.833
3907.133
4220.7
4373.267
4502.033
4683.8
4469.167
4534.267
4105.5
4644.4
4433.833
4431.667
4976.5
4703.267
5409.5
5447.0
5377.3
5597.8
6179.7
5672.6
5784.167
5253.2
5417.767
5305.733
4874.833
4616.4
4662.1
4513.0
4302.1
4448.2
4937.367
4573.733
4861.167
4916.133
5448.767
5416.733
5528.767
5272.933
5086.3
4966.733
4557.833
4394.133
4458.767
4056.467
3904.967
3746.667
3791.233
3715.133
3157.033
3472.0
3479.233
3150.067
2820.967
3592.6
3653.7
3806.4
4115.433
3883.5330000000004
4724.033
4957.867
5049.033
4873.133
4975.9
4747.8
4360.567
4510.333
4421.1
4623.533
4595.3
4441.533
5000.767
4655.667
4852.7
4721.133
4901.567
4848.8
4780.767
4222.267
4824.1
4684.933
4833.167
4764.667
4686.9
4689.667
4786.967
4791.933
5500.967
5553.267
5550.7
5805.533
5976.567
6060.067
6014.767
5849.533
6190.967
5953.133
6366.5
5980.467
6447.1
6879.667
6193.567
6425.333
6503.233
6255.067
6234.433
5487.533
5350.033
4751.533
4480.567
3514.067
3342.167
2831.467
2629.7
2624.933
3184.033
3476.2
3857.9
4406.667
4776.3
5032.4
5348.033
5807.6
6121.833
6557.0
6430.033
6448.933
6563.833
5993.933
5850.367
5525.133
5136.233
4302.8
3971.767
3635.133
3615.9
3999.133
4195.1669999999995
4777.133
5709.767
6018.467
6272.833
7185.267
7426.367
7579.4
8002.967
7732.867
8425.767
8493.066
8887.7
8612.134
8551.366
9000.934
8739.1
8798.934
8966.434
8796.0
9080.566
8852.533
9512.9
9342.4
9441.233
9243.934
9734.833
9581.467
9441.233
9540.866
10068.3
9832.267
9756.233
9531.866
9698.033
9242.333
9311.967
9460.2
9568.3
10018.267
9747.5
9850.667
9920.967
9579.2
9318.3
9076.866
9270.366
9582.333
9717.634
9648.0
9654.3
9658.8
9576.967
9445.934
9329.634
9336.333
9168.634
9248.467
9706.1
9459.267
9724.9
9370.667
9523.233
9737.134
9504.434
9912.467
10101.967
10067.066
10222.833
10290.134
10418.767
10731.8
11025.167
10827.866
10769.434
10676.8
9988.767
9429.467
9580.033
9497.934
9400.233
9299.467
9685.833
9928.6
10079.434
10762.066
10677.1
11284.8
11249.3
11285.0
11261.366
11691.467
11044.9
11185.2
11594.9
11125.8
11173.3
11397.4
11308.1
11121.8
11748.7
11239.733
11582.033
11520.4
11437.7
11141.467
11414.366
11299.467
11285.7
10649.333
11376.566
11178.667
11205.167
10772.134
11146.634
11559.733
11775.634
11391.934
11681.1
11763.2
11521.5
11537.267
11465.167
10398.4
10864.033
10885.2
10949.833
10492.134
11135.434
10967.667
11029.434
10701.733
10697.566
11055.4
11233.767
11120.2
11217.5
10957.134
10690.233
10697.667
10039.167
10325.934
11068.434
10842.2
10988.434
11398.6
11731.233
11803.333
12012.1
11640.866
11735.167
11904.6
11817.233
11325.066
11129.5
10594.134
10800.833
10013.733
10709.167
10955.0
10600.033
10627.667
11448.233
11426.066
10841.5
10910.066
11742.1
11951.134
11616.9
11426.267
11556.167
11640.6
11356.967
11264.0
11564.233
11326.066
11609.833
11922.8
11618.833
11874.2
12169.566
11239.267
11530.833
11363.934
10957.1
11220.667
10509.767
10771.733
10815.9
11845.066
11706.233
11530.667
11539.3
11053.267
11306.366
11314.866
11638.833
11317.134
11072.233
10514.6
10301.1
9952.667
9570.3
9478.333
8828.833
8645.333
8714.9
8679.333
9205.7
9643.934
10619.1
11293.0
12512.033
12687.733
13724.566
12884.667
12271.3
12760.4
12663.233
12467.134
13214.366
13361.2
13591.634
13414.934
13307.566
12659.8
12150.033
11803.267
12023.3
11952.6
13328.767
12759.134
13378.634
13420.533
13764.5
13799.467
13427.9
14180.6
14365.033
15022.934
14871.3
15028.533
15339.3
15720.134
14637.3
14854.467
14157.767
14555.467
14525.767
14953.533
14336.767
14094.4
13620.366
13419.0
13688.767
13371.134
12424.833
13326.6
13174.233
14055.667
14210.1
14261.4
15206.366
14774.2
14424.967
14751.2
14780.9
14547.134
14562.7
14810.533
15220.566
15697.2
15730.967
15389.866
15556.3
17225.066
15906.7
15974.267
16229.5
15609.866
16282.366
16194.134
16831.1
16205.4
15651.967
15986.733
16198.767
16089.467
15553.1
15473.733
16612.233
17086.666
16720.232
16025.134
16363.366
16152.2
16023.033
15152.4
16066.434
15922.934
15555.634
14848.866
15470.5
15775.134
15767.767
15306.4
16413.434
16460.0
16214.9
16586.934
16766.367
17560.4
16765.166
16531.0
17156.434
16724.732
17070.768
16123.134
16470.767
17221.4
16792.633
16921.066
17006.9
16508.134
16754.566
17229.066
17899.301
17602.133
17571.367
17798.467
17618.434
18060.867
18561.367
18077.934
18019.834
17575.934
17563.699
17027.6
17508.9
17109.6
17466.367
16784.0
16310.634
16561.134
16463.967
16181.066
16796.7
16280.267
16459.699
16568.334
16501.7
16603.867
16471.166
17011.934
17543.699
17949.0
17006.434
17107.199
17186.301
16588.6
17472.367
17114.133
17652.367
17650.467
18059.834
18043.467
18183.367
18469.867
17870.834
17424.0
19129.033
18489.533
18425.301
18652.666
18911.5
17633.801
18381.566
17615.199
18655.166
18333.533
17584.232
18173.4
18665.301
18395.666
18489.232
19550.199
18911.699
18254.801
18038.301
17834.6
17683.301
18305.533
19073.834
18904.467
19627.1
19820.199
20183.768
19671.334
19725.699
20142.6
19893.9
19895.066
19869.967
19989.732
20454.566
20057.0
20772.768
20509.066
20659.301
21161.867
20973.5
20917.268
20426.367
20580.732
20861.9
20452.867
20292.232
20078.666
20826.232
20492.133
21589.033
20782.867
20381.834
20919.801
21051.9
21804.0
21914.699
22039.666
21411.033
21678.0
21084.5
21259.133
20999.566
21466.934
21657.033
23613.666
21740.232
22714.4
23076.9
23305.199
22741.834
24108.533
23495.566
23842.4
24689.033
25399.0
24147.633
24753.4
24136.768
24463.0
26172.633
24561.732
24808.033
23895.133
23836.434
23975.4
24638.232
24512.666
25051.9
25857.467
25265.633
26104.334
26827.699
27568.334
27544.166
27708.066
28580.301
29296.666
28545.232
27180.934
28055.834
28254.0
27396.301
28045.732
28658.5
28737.0
28514.166
28972.666
29684.367
28887.6
30531.033
31258.867
30805.967
30187.732
31353.834
31208.6
31251.033
30962.867
31323.633
31488.268
31256.967
31297.066
30875.834
31216.666
32144.434
32992.199
33359.699
33707.734
35201.102
35478.465
34870.234
35607.199
35614.633
35371.867
35340.898
34332.602
35400.5
34546.266
34456.566
36199.0
36797.965
37084.867
37151.234
37371.199
38194.832
37262.133
37528.035
36964.465
37274.965
37539.602
37013.766
37733.0
38504.566
38946.801
39058.234
39241.398
39701.367
39733.398
39115.699
39386.332
39255.301
39343.398
38668.168
39300.133
39428.234
39646.332
40080.633
39557.734
39363.434
39606.398
39620.168
39750.0
39782.367
40135.199
39862.832
40072.133
40325.234
40028.398
38852.367
38234.133
36451.035
34967.734
34012.832
33650.668
33578.566
34047.066
34033.766
35450.398
37209.168
37763.266
38386.102
38543.066
38860.5
39820.465
40848.965
40454.199
41158.234
41138.535
40700.898
39942.934
39585.766
39893.066
40523.434
40862.332
41376.035
42049.0
42993.699
43568.867
43720.035
43764.668
42997.898
42831.199
42305.234
42611.066
42723.035
42684.066
42652.898
41879.801
41512.168
41182.133
40591.965
40695.133
40943.832
40830.602
42349.965
42570.801
42942.965
43620.465
43883.965
42880.266
43082.301
42720.465
42688.633
43133.133
43494.434
43958.465
45066.102
44904.332
45492.301
44998.867
44980.035
44539.602
43704.566
43934.734
43885.566
44027.332
43775.367
44088.934
44708.898
45033.934
44516.234
44658.734
45689.035
45151.398
45629.965
44813.668
45489.434
44826.867
43842.234
43321.398
42916.035
42886.867
43065.832
43403.934
43921.566
45122.934
44854.699
45713.734
45192.234
45159.199
44990.898
44445.199
44074.898
43631.934
42935.965
43103.133
43107.699
42799.801
43067.301
43040.066
42788.699
42818.734
42708.301
42833.332
43329.234
43841.867
43812.832
44366.535
45090.965
45332.332
45313.434
45642.535
45410.965
45336.398
44524.234
44028.066
43479.102
43855.398
44278.234
43977.199
44831.234
45220.535
45786.832
46119.465
46073.102
46002.133
46971.102
47302.0
47894.566
48009.133
47595.035
47402.867
47210.367
47112.535
46374.102
46138.535
46280.168
46248.0
45916.699
45868.934
44837.633
45434.199
45040.234
45521.934
45343.434
46278.668
46861.168
47569.934
47937.234
48275.934
47232.898
47280.133
46725.5
46793.801
47213.234
46736.332
46721.035
46363.266
46827.434
47182.867
47141.367
47374.266
47467.965
47929.066
48458.898
49310.398
48497.699
48291.668
47590.102
47559.0
46748.832
46688.0
46597.633
46319.465
47026.301
47121.133
45267.234
46529.199
46389.5
46036.602
46252.234
45945.465
45858.566
46113.535
46680.234
47086.465
47111.566
46992.199
47177.566
47901.801
48025.035
48329.133
47999.367
47444.0
45952.699
44286.867
43387.566
41751.133
39947.102
39462.867
40185.367
41321.801
43825.301
44508.066
43852.035
43981.934
44151.301
43542.066
43972.168
43386.734
42825.898
43846.535
45170.766
46228.266
46149.367
46625.066
46802.566
47272.199
48134.301
47630.066
47473.301
47564.0
46686.5
47212.801
47722.965
47766.734
47600.965
48521.867
48977.5
48917.867
48994.5
48230.801
48092.566
47687.602
47906.434
47615.066
46839.633
46576.199
46047.766
47248.465
48110.434
48787.801
48572.898
49245.734
50202.434
50520.734
49930.5
49475.734
49851.434
49201.465
49034.5
48374.668
49023.766
49696.602
49131.832
48728.465
48307.699
47173.332
46485.832
44803.465
43534.5
43053.199
43179.965
43628.066
44259.367
45546.199
45793.234
47184.266
47506.5
47607.934
48350.832
48548.734
49002.699
49196.199
49359.301
49883.266
50818.5
50039.734
49653.832
48765.801
48628.102
48437.398
48351.699
48359.332
48402.035
49081.133
50179.5
50271.734
50259.965
50262.934
50180.367
49895.867
49854.766
49856.734
48647.699
47983.398
47580.102
46867.465
46007.168
45408.0
45833.102
46139.602
46674.168
47079.668
47841.102
47952.332
47720.766
47547.266
47729.035
47418.734
46964.234
47057.801
47556.301
48137.066
48304.965
48359.801
48923.234
49494.734
49432.301
49474.934
49265.766
48997.266
48294.965
47522.934
47172.234
46176.266
45030.898
46496.398
46387.434
46693.867
46908.699
47607.133
47687.301
48114.867
47547.965
47649.465
48013.102
47456.133
47253.234
47085.332
46995.965
46594.0
45877.699
45428.668
45578.035
45640.066
45060.566
44420.801
44777.367
44557.867
44326.832
44309.133
44553.102
44882.133
45112.699
45674.398
45795.367
46295.801
46063.699
45827.734
46280.434
46223.0
44956.566
45680.668
45260.832
45314.867
45542.301
44785.066
45001.699
45851.934
46109.035
46533.867
46363.699
46466.465
46421.301
46098.801
46634.633
46055.133
45480.234
45445.398
45774.168
46232.266
46370.699
45618.465
45816.965
45752.332
45269.301
45552.332
45713.699
45585.332
45345.633
45559.332
45204.102
45426.199
44798.832
44522.199
44365.566
44320.668
44583.168
44092.934
45058.168
45269.398
45899.102
45158.934
45377.035
45369.133
45651.766
45541.332
45266.566
45415.398
45369.832
45168.535
45142.035
45199.133
44832.566
44330.066
44761.898
44905.332
45069.898
44983.867
45169.5
45201.465
45103.699
45489.668
45486.301
45771.398
44879.766
44436.934
44652.5
44072.535
44146.633
43898.934
44491.102
45058.602
44873.766
44711.133
45039.766
44986.398
45355.832
45166.398
45169.766
45618.934
45343.035
45348.668
45514.699
45574.199
45477.766
45286.734
44583.035
44799.199
43918.5
44200.934
44226.035
44098.332
43754.633
43863.133
43855.301
43776.934
43802.5
44273.535
43845.301
44454.465
44237.898
44135.398
43531.5
43172.398
42778.766
42923.934
42489.699
42508.465
42236.898
42878.398
43066.633
43093.668
42884.566
42579.934
43702.434
43896.602
44232.434
44260.066
44900.699
45048.801
44390.832
44101.066
43958.234
43914.332
43084.832
43193.801
43406.699
43405.398
43778.699
43738.867
44194.832
44158.867
44205.102
43982.734
44275.633
43911.0
43613.633
43070.934
43674.566
43760.332
42979.699
43884.332
43514.102
43836.934
44063.633
43502.133
43814.832
43383.332
42559.5
42063.867
42497.434
42264.133
41985.168
42425.066
42474.367
43556.734
43263.633
43937.066
44135.301
43812.332
43725.832
44137.266
44477.633
43895.133
43341.766
43118.801
43123.367
42543.066
42387.168
42305.0
42894.566
42982.332
42954.566
42867.801
43466.766
43552.0
43175.102
42934.801
42850.234
42448.066
41798.5
41239.801
41302.832
41293.934
40835.102
41217.801
41528.168
42164.398
42500.633
42601.465
42926.566
43135.734
43516.898
43470.066
43620.633
43372.332
43228.898
43727.602
43151.035
43548.801
43236.965
42771.867
43321.766
43332.465
43380.035
43084.734
42882.566
42848.0
42771.5
42194.801
42333.434
42037.199
41876.5
42136.266
41809.434
41622.734
41606.699
41474.535
42301.434
42563.801
41766.766
41844.266
42472.898
42335.934
42271.699
42756.0
42224.566
41887.398
41747.434
40949.801
41462.301
40612.398
40847.102
40698.133
40665.168
41217.668
40949.301
41284.734
41216.766
41121.398
41514.699
41417.465
41752.102
41678.066
41176.367
41301.602
41416.566
41630.734
40791.234
41114.0
41301.898
41272.332
40695.301
41177.066
41883.566
41460.934
41153.766
42026.465
42086.234
42003.801
41638.367
41183.133
41769.633
41337.199
41429.832
41458.398
41133.301
41334.332
41207.965
41008.535
41339.566
41043.332
40370.965
40532.668
40866.633
40635.867
39993.898
39966.066
39679.965
39515.668
39301.367
38926.535
39509.898
39545.535
39179.965
40171.133
40101.832
40321.668
40253.633
39945.066
40460.234
40259.801
39894.102
39441.535
39940.633
40140.934
39264.898
38470.801
37677.898
36928.0
36398.633
35655.199
35267.965
34660.0
34189.5
35373.535
36062.102
36111.0
36639.633
37407.0
38622.035
38323.066
38776.434
38575.801
38522.234
38718.734
38237.633
38100.066
38211.898
38221.133
37826.566
37932.199
38085.102
38268.332
38033.102
37743.801
38183.5
37938.465
37917.102
37719.734
38150.699
38106.465
37753.367
38412.801
38184.301
37986.734
37590.367
37351.535
37382.434
37236.465
37232.566
37346.602
37111.035
37449.668
37590.766
37340.867
37593.5
38029.668
37722.434
37467.465
37759.035
37891.934
37765.633
37885.133
37801.699
37331.535
37191.965
37133.398
37287.965
37140.0
36396.566
36784.668
36617.832
36911.535
36756.367
36580.066
36641.832
36843.734
37124.035
36608.535
36777.766
37097.801
36569.434
36831.0
36783.965
36648.133
36134.633
36211.867
36151.5
36197.668
36238.965
36091.867
36058.168
36049.133
35461.367
35764.066
35512.234
35790.535
35293.035
35680.199
36296.168
35890.602
36360.168
36344.465
36242.102
36683.398
36428.367
36495.465
36548.102
36409.199
36608.367
36376.066
36570.301
36289.535
36546.367
36249.535
36714.301
36104.266
36167.965
35947.266
36161.434
36292.332
35794.168
35679.602
35704.832
35815.801
35760.566
35849.867
35916.633
36026.066
35989.5
35928.332
35835.633
35491.668
34998.234
34904.133
35138.367
34579.266
34245.965
34388.133
34841.766
34836.934
34346.234
34363.535
34723.234
34503.266
34216.766
33908.0
34187.434
33975.934
33577.102
33103.266
33460.566
33512.465
33498.633
33789.535
33644.5
33683.668
33067.301
33283.266
32874.633
32801.6
32028.166
31856.732
31908.434
31453.801
31387.566
30751.533
31130.367
30787.4
30141.633
29376.133
29243.5
29354.732
29179.232
28560.801
28806.1
28720.801
29034.967
29074.133
29719.166
30133.199
30964.301
31726.666
31850.967
32042.334
32098.633
32313.133
32127.232
31765.934
31823.834
31599.533
31868.633
31601.801
31952.699
32062.4
32333.834
32315.533
32528.367
32431.867
32877.434
32734.334
32436.232
32730.934
33088.9
32845.532999999996
32508.232
32252.533
32566.434
32486.199
32265.566
32189.533
32256.768
32329.133
32692.434
31940.867
32455.9
32409.801
32485.566
32374.0
32564.367
32349.0
31947.768
31903.533
31989.633
32229.801
31508.301
31391.066
31656.834
31364.334
31301.9
31470.133
31581.367
31290.334
31198.434
30959.533
30874.699
30878.334
30967.232
30944.533
30898.768
30840.0
30847.967
30782.867
30633.834
30584.268
30400.232
29843.6
30272.566
29817.066
29905.232
29877.133
30042.5
29785.4
29901.633
29878.066
29956.566
30262.867
30048.699
30372.934
30240.9
30433.467
30196.566
29658.4
29823.5
29602.0
29417.301
29647.467
29526.699
29495.268
29574.9
29490.666
29876.033
30358.133
29876.301
30453.133
30639.367
30349.4
30472.699
30139.199
30387.834
30529.334
30700.434
30856.801
30942.033
31340.0
31290.633
31696.066
31979.1
32304.533
31823.301
31633.268
32020.566
32535.268
32377.834
32867.732
32969.699
33409.465
33202.965
33377.734
33188.5
32962.4
32090.232
31068.133
30505.967
30179.801
29874.967
29590.133
29324.566
29340.334
29197.5
29086.066
29360.699
29284.133
29276.768
29224.934
29563.967
29349.4
29183.1
28850.066
28789.301
29028.801
28538.5
28870.467
28755.166
28988.934
28926.5
29090.801
29163.768
29355.066
28975.967
29156.801
29547.566
29287.066
28744.566
29033.334
29432.232
29214.199
28847.367
29143.867
29416.967
28801.666
29201.434
28515.0
28861.633
28506.133
28278.1
28424.133
28292.033
28362.467
28096.367
27623.4
28296.9
28356.732
28006.434
28050.133
28211.1
27975.533
28318.768
27775.133
27982.367
28049.268
28209.566
28186.934
28319.967
28056.867
28152.301
28282.066
28560.699
28094.0
27669.434
27665.268
27968.768
28077.666
27840.5
27985.334
27831.566
28041.4
27820.768
27757.199
27817.1
27743.533
27325.5
27105.533
27737.967
27468.533
27011.232
26932.801
27384.367
26982.4
26999.768
27105.666
27344.566
27042.6
26068.834
26858.867
27277.434
26904.066
26862.166
26453.4
26741.033
26805.066
27061.367
27011.467
26897.5
26593.268
26629.699
26616.732
26003.9
25829.0
25279.033
25564.268
25096.566
25519.666
25046.967
25187.934
26450.232
26274.268
26249.232
26880.0
26654.5
26748.199
26256.566
26100.934
25932.367
25923.801
25629.033
25715.066
25793.033
25833.268
25414.232
25664.934
26286.9
25839.867
25284.566
25645.199
25915.834
25985.6
25642.834
25750.199
25911.5
25554.4
25235.967
24880.199
25268.033
24877.732
24749.768
24348.133
24326.566
24392.066
23726.967
23223.934
23080.5
21581.732
20828.566
20015.732
20125.301
20158.133
20249.699
20481.133
21308.1
22225.467
22738.566
22809.467
23046.566
23656.133
24119.768
24062.199
23695.9
24152.334
24065.566
24153.867
24135.1
23762.732
23446.166
23331.133
23760.834
23602.934
23217.834
23865.533
23759.768
23972.133
24075.033
23982.467
24065.967
24035.867
23815.1
23896.066
24012.633
24188.732
23781.768
23772.066
24153.834
24245.334
24134.367
24190.934
24324.1
24288.334
24191.9
23662.334
24123.633
24095.801
23737.232
23565.268
23794.768
23922.199
23767.9
23293.533
23510.033
23882.732
23232.967
23886.4
24006.232
23969.467
24423.633
24165.199
24270.768
24234.6
23951.768
24133.467
24064.768
23983.066
23636.1
23702.666
23701.834
23769.133
23679.768
23764.6
23994.566
24031.6
23703.1
23479.801
23777.834
23630.4
23824.967
23384.801
23932.633
23748.533
23918.301
23910.867
24019.5
23980.066
23494.9
23160.6
23766.5
23608.666
23757.367
23385.867
23285.967
23376.533
23254.367
23595.6
23376.566
23372.199
22792.834
22816.732
22857.699
23180.732
22258.166
22560.666
22789.9
22805.467
22552.633
22410.133
22830.768
22754.066
22541.232
22705.867
22771.9
22966.066
22214.367
22437.133
22926.1
22944.934
22583.5
22457.801
22537.434
22798.6
22388.033
22397.467
22508.768
22445.6
21863.434
22182.666
22187.566
21988.533
21983.9
22091.732
21772.566
22558.801
21929.434
21804.199
21867.033
21912.732
21798.699
21245.199
21747.1
21789.4
21473.5
21245.199
21675.232
21554.732
21450.367
20939.133
21489.367
21467.199
21375.768
21432.4
21014.166
21314.0
21161.166
20729.666
20985.1
20794.133
20839.1
20298.0
20752.033
20689.4
20051.699
19679.0
20409.166
20219.801
20047.1
19947.467
20205.5
20095.467
19722.232
19657.334
20318.967
19977.666
19824.033
19641.867
20138.1
19702.0
19546.166
19453.6
20053.967
19836.732
19550.434
19532.6
19728.633
19360.334
19014.967
18720.6
19185.967
19265.801
19185.566
19467.066
19586.967
19453.4
18881.434
19507.732
19332.566
19198.801
19163.633
19100.066
18978.699
19143.467
18630.9
18577.934
17888.967
17102.066
16290.233
15577.333
15071.366
14890.467
14866.1
14881.4
15831.5
16404.267
16633.1
17072.334
17417.5
17463.867
17559.566
17459.732
17613.566
17062.732
17034.232
16333.934000000001
17387.1
17309.801
17081.9
17031.533
17430.5
17678.334
17831.166
17565.801
17967.1
18171.732
17854.566
17943.334
18275.9
18292.199
18284.232
18450.867
18526.166
18537.732
18322.301
17937.334
18887.967
18631.0
18593.1
18197.533
18889.967
19013.801
18787.1
18974.268
19015.166
18562.467
18738.1
18403.133
18964.699
18849.6
18741.768
18657.199
18697.434
18913.268
18480.566
19048.334
19022.699
19041.4
19022.768
18620.0
19309.367
19269.801
18881.768
19033.133
19705.633
19396.199
19170.166
19673.801
19909.1
19505.801
19256.5
19375.334
19030.232
19207.334
18744.834
18846.533
19161.166
19107.6
19098.301
19557.066
19195.301
19364.934
18737.301
18564.334
19472.633
19308.133
19118.699
19245.334
19067.834
19149.666
19252.699
18965.801
19006.566
18990.268
18944.633
18898.732
19039.834
18716.199
18807.834
18689.533
19064.566
18760.867
18902.367
18846.533
19236.768
18851.867
18886.033
18776.533
19078.033
19326.4
19308.633
19206.801
19118.967
18973.732
18867.768
19135.467
19268.9
19397.133
19354.566
18995.867
19588.834
19426.066
19386.5
18906.6
19476.633
19339.268
19123.166
19049.199
19142.5
19285.533
19398.166
19260.867
19390.1
19089.4
19152.633
19344.6
19054.967
19194.732
19092.834
18936.133
19054.9
19158.867
18924.834
18802.268
18950.232
19230.666
18242.1
19045.666
19018.633
18939.268
18252.367
18635.268
18944.232
19058.334
18906.367
18983.732
18876.768
19066.934
18769.9
18627.533
19019.768
18758.934
18891.699
18495.801
18719.967
18779.6
18439.768
18356.533
18706.232
18272.334
18270.5
18129.133
18439.1
18314.199
17974.566
18270.533
18277.5
18005.6
18152.367
18307.533
18123.301
18094.533
17835.367
17869.0
18171.434
17828.334
17961.834
17612.268
17697.566
17732.199
17652.834
17695.533
17548.033
17477.268
17436.232
17414.066
17640.1
17597.6
17524.768
16577.732
16894.9
16842.4
16652.366
16086.134
16011.033
16076.866
15694.3
15086.934
15645.767
15471.934
14645.1
15034.533
14946.566
14531.733
14697.233
14144.8
14297.033
14069.6
13810.9
13975.467
14207.767
14084.733
14266.366
13027.533
13775.167
13877.2
13404.5
13702.533
13923.566
14016.6
13711.967
14142.467
14344.566
14355.4
14559.233
14952.4
14953.233
14767.267
14863.434
14604.333
14637.833
14813.333
14773.566
14232.8
14672.7
14528.4
14200.767
13622.866
13952.767
13761.134
13426.833
13356.0
13208.767
13292.134
13117.634
12967.066
13382.434
13375.4
13230.1
13228.134
13359.233
13183.467
13106.967
12994.134
13457.1
13245.934
12925.566
13366.6
13719.833
13508.866
13214.1
13368.733
13302.7
13389.733
13310.233
13211.333
13262.5
13034.333
12455.967
13023.733
12857.767
13019.2
13130.233
12649.134
13195.634
13020.4
12270.833
12586.533
12820.833
12655.0
12725.233
12998.134
13067.634
13081.2
13280.233
13162.066
13316.566
13131.733
13065.634
12741.6
13045.7
13102.733
12827.366
12846.733
13075.167
13081.533
12793.366
13266.4
13288.1
13421.4
12970.366
13182.866
13331.033
13280.866
13497.434
12769.667
13289.566
13146.066
13354.634
12928.866
13620.366
13371.667
13518.566
13108.934
13669.033
13586.2
13273.967
13063.8
13281.967
13069.2
12968.967
13181.0
13117.5
12994.667
12624.833
12612.267
12867.833
13021.4
12873.1
13030.934
13032.5
12823.866
12637.7
12865.4
12919.7
12830.467
13110.833
12467.467
12781.7
13055.733
13005.767
12712.733
12737.366
12322.134
12033.233
12455.267
12359.167
12413.8
11652.1
12160.733
12486.434
12321.934
12040.033
12374.066
12617.967
12191.2
12328.7
12181.0
12421.167
12051.533
11823.767
11784.733
12108.167
12033.866
11594.9
11931.333
11882.434
12040.533
11833.967
11929.6
12014.434
11828.2
11650.033
11866.134
11996.9
11941.6
11794.566
12142.934
11849.233
11942.0
11860.967
11705.134
11832.7
11817.733
11642.167
11515.467
11565.634
11660.8
11358.1
11234.2
11754.634
11756.333
11458.167
11505.267
11742.833
11732.8
11279.7
11354.267
11595.033
11369.333
11145.566
11519.733
11498.366
11283.467
11527.434
11284.0
11368.566
11293.8
10992.5
10675.667
11353.5
10997.866
11230.566
11042.2
11135.434
10953.733
10926.9
10723.733
11064.833
10960.6
10866.566
10566.267
10859.233
10914.134
10743.634
10668.667
10944.434
10919.333
10390.233
10583.6
10877.434
10809.667
10118.566
10285.267
10758.833
10665.134
10571.033
10263.533
10828.233
10679.533
10609.434
10320.8
10527.9
10354.066
10181.434
10358.733
10501.033
10304.0
10144.634
10199.2
10643.1
10602.267
10393.566
10111.667
10212.7
10363.0
10184.366
9997.2
10310.833
10245.333
10219.167
9902.134
10087.1
10164.934
10130.233
9954.467
10148.3
9935.066
10369.033
9653.6
10101.3
10032.6
9816.1
9374.066
10090.434
10046.866
10071.233
9737.866
9848.033
9706.134
9819.033
9931.667
10223.967
9404.4
9710.233
9476.667
9759.7
9129.467
8663.767
8005.2
7721.5
6879.2
6012.967
5354.533
4716.967
3932.4
3536.967
2864.933
3157.833
3058.2
2783.833
3001.0
3925.633
4136.867
4172.833
5160.267
5731.033
6019.0
6382.033
5721.267
6460.567
6060.0
5891.433
5508.733
5292.9
5358.667
5071.033
4834.8
5215.833
5294.6
5264.433
5069.467
5817.033
5605.4
5672.1
6273.333
6338.433
6603.933
6283.633
6766.533
6926.033
6936.733
6945.3
7225.133
7486.033
7530.667
7067.633
7359.667
7911.9
7934.333
7534.3
8006.2
8295.767
8445.133
8351.3
8362.667
8849.1
8798.533
8232.833
8360.733
9041.033
9125.6
8907.967
8684.667
9207.634
9019.866
8843.767
8837.6
9305.3
9120.866
8245.5
9130.8
9270.767
9339.934
9009.233
8803.733
9283.7
9203.134
9023.3
8935.066
9113.767
9216.8
8778.5
8612.6
9529.3
9113.2
8920.3
8941.134
9265.833
9170.866
9024.434
8996.934
9236.167
9143.2
9000.9
8963.533
9285.233
9252.267
9122.967
8989.667
9326.767
9239.134
8693.9
8884.4
9198.967
9110.0
8754.233
8697.066
9086.7
8935.866
9005.833
8742.267
9039.833
9141.8
8843.833
8368.0
9156.566
9056.733
9026.566
8877.2
9351.7
9078.4
8899.366
8686.533
9178.634
8972.134
8521.434
8359.533
9017.967
8945.467
8924.7
8331.733
9061.233
8903.0
8796.833
8863.0
9050.7
8993.8
8808.967
8731.6
9245.3
9038.0
8215.967
8535.066
9167.9
8932.866
8883.566
8727.066
9107.5
8994.533
8567.5
8381.066
8944.9
8775.733
8798.7
8647.267
8958.7
8924.467
8778.033
8300.8
9012.434
8939.8
8584.7
8258.4
8849.9
8985.866
8649.634
8575.2
8915.634
8556.134
8540.3
8655.0
8668.366
8558.2
8426.366
8251.0
8830.033
8667.267
8307.167
8215.066
8680.634
8830.733
8123.366
8220.934
8672.566
8603.4
8627.3
8402.467
8567.5
8517.934
8459.833
8153.134
8761.7
8542.6
8237.233
8236.733
8592.7
8510.4
8340.033
7846.933
8483.367
8401.133
8300.1
7805.467
8570.567
8370.533
7882.767
8296.267
8376.1
8282.933
7859.5
7991.8
8145.033
8257.0
8017.9
7981.0
8250.233
8050.867
8011.5
7788.667
8108.1
8135.467
7664.633
7598.333
8113.9
8070.267
7773.233
7727.0
7797.3
7970.6
7512.3
7679.133
7749.967
7759.933
7604.9
7363.467
7933.367
7759.2
7405.367
7064.267
7635.167
7786.2
7579.767
7301.267
7639.633
7614.333
6936.967
7336.333
7742.567
7393.067
7232.767
7275.0
7531.967
7554.533
7196.3
7025.333
7446.567
7570.467
7384.9
7267.333
7604.167
7408.267
7106.9
6859.333
7448.3
7284.8
7530.3
7035.333
7513.3
7443.0
6924.7
6978.067
7465.1
7321.467
7096.3
7177.667
7436.833
7371.133
6958.3
6894.8
7493.433
7229.4
7090.5
7118.4
7367.033
7202.667
6786.433
6674.333
7049.433
7013.867
6481.633
6620.067
7093.967
6949.8
7105.167
6768.6
7111.367
6980.667
7201.967
6801.2
7015.633
6933.333
6575.567
6562.4
7017.833
6899.267
6433.3
5913.8
6878.367
6889.667
6433.167
6619.533
6878.367
6649.867
6505.9
6481.333
6800.567
6632.8
6446.167
6107.0
6675.833
6731.267
6003.967
6183.133
6735.1
6526.0
6282.3
6048.533
6648.367
6620.467
6539.567
6113.2
6704.567
6599.8
6560.567
6437.0
6637.567
6483.467
5269.7
5743.2
6531.7
6586.4
6209.567
5942.2
6437.833
6584.533
5935.7
5921.933
6361.633
6323.067
5874.433
5888.867
6377.967
6345.8
5705.233
5700.6
6249.3
6194.067
5919.567
5941.0
6160.3
6078.867
5669.033
6071.267
6154.033
6170.067
5631.433
5899.867
6252.833
6041.2
5582.3
5485.733
6056.767
6076.933
5937.633
5359.133
6156.7
6019.6
5355.9
5478.933
