267.2
56.867000000000004
-137.53300000000002
148.333
443.533
130.267
202.133
229.267
230.6
246.2
117.533
-172.333
194.86700000000002
189.53300000000002
20.267000000000003
-41.733000000000004
342.067
-9.400000000000006
56.733
356.733
409.933
173.667
449.8
136.46699999999998
278.4
198.733
224.8
-140.8
192.733
194.53300000000002
321.267
18.533
276.2
188.6
233.8
9.399999999999999
549.067
458.33299999999997
81.867
-77.467
239.53300000000002
108.8
-12.667000000000002
172.46699999999998
190.53300000000002
215.46699999999998
131.6
222.933
209.86700000000002
236.333
-44.867000000000004
16.333
601.467
269.4
-29.400000000000006
-263.867
429.2
427.6
19.933000000000007
29.733000000000004
372.0
424.4
370.467
217.667
404.067
356.933
144.133
311.2
383.2
377.467
321.0
-150.4
429.467
273.467
27.667
64.333
381.33299999999997
176.333
129.333
59.867000000000004
291.66700000000003
487.2
199.2
59.06699999999999
217.933
335.4
28.066999999999993
0.4000000000000057
235.86700000000002
191.267
484.733
-19.732999999999997
177.0
197.8
333.867
-73.667
187.2
241.267
176.2
85.133
402.4
340.867
-233.6
16.266999999999996
401.733
290.0
213.8
202.067
453.8
275.133
-7.400000000000006
255.8
88.2
317.0
240.46699999999998
265.0
403.0
280.133
546.267
-242.6
316.8
365.067
103.0
354.467
382.467
454.133
258.533
92.467
332.067
236.8
-70.467
98.8
331.733
293.8
115.267
-7.200000000000003
409.067
432.66700000000003
47.400000000000006
-257.33299999999997
350.0
304.867
78.2
123.667
263.133
412.933
324.067
33.667
293.733
314.733
-285.933
-144.733
299.6
200.333
163.4
-18.933000000000007
319.6
252.8
48.06699999999999
200.867
397.2
286.133
238.46699999999998
-118.667
442.33299999999997
403.467
419.533
138.0
471.867
260.467
154.2
328.067
403.267
73.6
353.8
-177.53300000000002
132.6
210.733
-3.8670000000000044
357.66700000000003
575.6
409.933
155.333
-96.067
486.533
136.267
443.733
13.533000000000001
380.867
345.4
304.8
368.0
516.267
341.2
417.66700000000003
294.2
334.8
224.267
364.33299999999997
-358.66700000000003
380.267
341.33299999999997
161.8
127.93299999999999
136.267
310.867
463.2
168.8
237.46699999999998
288.733
122.6
-217.733
263.6
370.4
453.6
167.133
383.867
294.267
46.599999999999994
-325.733
428.467
230.8
-68.6
12.667000000000002
255.8
173.067
-1014.667
-111.4
119.4
253.0
232.6
-75.667
556.933
400.133
248.4
58.400000000000006
253.0
208.6
-118.4
408.2
517.867
265.4
-199.067
19.0
304.133
306.533
-118.067
339.6
367.067
246.267
387.66700000000003
325.933
316.6
394.4
232.133
158.2
361.933
243.933
397.933
19.066999999999993
388.533
425.4
333.467
-85.467
210.13299999999998
303.133
69.867
-295.0
364.33299999999997
329.66700000000003
251.13299999999998
-132.2
338.733
318.467
203.133
58.467
356.467
345.0
-163.4
195.867
324.6
54.599999999999994
-160.267
151.667
260.533
204.2
310.733
155.667
259.733
511.533
93.667
159.867
374.4
518.867
379.133
153.8
216.13299999999998
270.933
85.0
491.867
344.8
198.6
-168.6
90.6
203.13299999999998
283.6
265.133
-19.799999999999997
540.0
551.8
26.599999999999994
276.4
369.067
332.66700000000003
220.86700000000002
96.8
337.4
371.6
73.733
117.067
297.467
313.733
184.933
295.133
474.0
437.0
399.66700000000003
105.733
566.733
173.667
399.33299999999997
-144.86700000000002
375.533
178.067
-73.86699999999999
288.933
347.133
202.0
548.467
395.267
381.66700000000003
257.867
644.333
91.46700000000001
387.33299999999997
296.86699999999996
-28.266999999999996
282.13300000000004
644.733
418.733
548.2
-37.53299999999999
458.067
375.4
400.067
204.867
359.067
534.4
-38.266999999999996
244.867
623.333
339.2
148.867
172.6
367.86699999999996
364.86699999999996
519.0
189.333
674.2
546.333
706.467
449.33299999999997
713.933
520.533
247.267
341.13300000000004
399.067
608.4
791.267
206.2
723.267
587.0
548.733
670.133
611.4
512.067
347.467
653.067
488.6
760.867
135.0
294.733
568.8
542.4
574.133
401.867
883.533
558.6
719.467
543.2
691.533
654.067
691.733
322.0
1013.3330000000001
477.533
571.533
503.467
846.933
526.6
699.8
601.3330000000001
595.133
858.133
774.6
651.3330000000001
614.0
869.8
640.867
438.8
948.267
723.867
626.067
554.867
564.3330000000001
652.0
776.2
648.867
889.4
761.867
553.467
506.79999999999995
663.667
768.6
670.133
544.133
890.933
463.0
722.667
455.933
668.933
563.0
737.0
818.8
716.8
453.6
762.2
939.467
437.26700000000005
855.733
697.667
738.933
763.867
734.067
596.8
945.533
1138.867
654.267
668.8
1240.6
879.333
1091.267
472.067
665.733
1141.267
964.267
1095.933
1157.867
708.6
665.467
799.867
764.2
1302.8
1123.0
604.667
1063.733
970.6
1194.4
1215.733
1034.2
966.6
1292.467
583.2
853.867
970.533
1142.733
1460.8
1399.733
1354.867
1281.133
1084.6
1189.467
1214.0
1111.2
751.867
966.133
1308.4
1137.6
1385.533
945.933
1446.533
1336.533
1443.0
1266.6
1423.4
1332.667
934.6669999999999
1382.867
1250.333
1152.0
1089.4
1222.133
1219.933
1338.6
1244.533
1004.5329999999999
1338.6
1119.333
1092.4
966.867
1430.0
1329.2
1261.267
1331.867
1454.067
1206.0
1167.333
1081.333
1348.667
1377.8
1252.2
1008.733
1498.067
1231.667
1281.2
1266.4
1416.867
1290.8
793.867
1228.733
1287.333
1363.267
1392.8
1559.867
1699.333
1501.133
1524.133
1492.933
1636.867
1691.2
1556.667
1606.867
1622.067
1618.733
1793.267
1636.333
2012.467
1487.533
1066.867
1329.733
1543.6
1815.867
1545.933
1632.2
1998.2
1809.2
1719.533
1653.0
1865.667
1930.267
1955.4
1674.267
2036.733
1711.067
1606.4
1507.267
1564.067
1486.0
1803.667
1162.4
1562.267
1671.4
1908.8
1541.2
1861.333
1743.933
1959.0
1751.533
1827.333
1900.733
1877.2
1794.4
2095.133
1662.333
2197.467
1948.0
1959.0
1895.067
1791.067
1992.667
2232.533
1611.0
1721.8
2019.867
2256.733
1984.933
2066.533
1822.533
1882.467
1768.8
1848.133
1986.267
1946.267
2250.067
2513.0
1788.1329999999998
2359.267
2357.267
2246.4
2140.4
2203.267
2062.2
2021.667
2304.467
2260.2
2062.333
1856.333
1981.333
1923.667
1887.133
2221.667
2098.333
2253.667
2445.0
2254.867
2401.6
2622.133
2346.6
2672.4
2509.8
2841.867
2594.467
2434.8
2667.2
2675.667
2580.4
2380.533
2551.4
2353.467
2450.733
2323.2
2503.733
2478.533
2271.133
1944.8
2214.267
2153.133
2175.867
2004.533
1941.067
2196.467
1953.267
1882.867
1597.6
2223.8
1780.8
2129.4
2139.267
2304.4
2767.867
2538.133
2841.933
2669.867
2840.8
2991.8
2614.933
2801.133
2739.0
2478.8
2391.533
2680.733
2544.267
2789.333
2349.667
2621.2
2657.933
2628.133
2780.067
2744.6
2788.0
2947.4
2886.8
2944.6
2934.6
2854.2
2580.067
2908.533
2956.667
2787.867
3027.4
3126.4
2976.467
2872.667
2575.0
3097.4
2972.6
3276.267
3538.467
3606.4
3953.2
3957.467
3799.4
3736.2
3658.267
3780.6
3364.533
3945.067
3609.533
3783.733
3687.467
3942.133
3428.6
3595.333
3730.6
3585.8
3639.6
3415.267
3113.533
3731.733
3826.0
3687.0
3867.4
4020.067
4011.867
3888.333
3645.4
3995.267
3941.733
3434.733
3661.933
3616.867
3828.267
3706.8
3919.933
4118.0
3847.533
3752.467
3217.667
3506.933
3603.133
3657.267
3360.133
3775.4
3449.067
3519.067
3313.133
3250.733
3184.867
3107.467
3181.933
3208.067
3305.133
3100.0
3218.067
2996.933
3172.0
3283.267
3363.533
3665.067
3824.267
3921.467
4076.8
3885.0
3979.6
3544.267
4049.733
3842.0
3843.067
4351.6
4040.133
4729.067
4733.067
4634.6
4825.267
5434.2
4904.933
5076.2
4512.267
4699.267
4614.2
4242.867
3989.267
4064.333
3901.467
3717.8
3834.2
4306.867
3925.133
4202.333
4215.667
4715.8
4684.133
4825.533
4576.267
4410.067
4290.8
3948.933
3811.8
3915.867
3530.133
3399.133
3263.4
3339.4
3272.733
2698.867
3049.267
3059.933
2716.4
2417.267
3157.067
3194.533
3288.6
3580.667
3291.533
4098.6
4310.6
4393.133
4223.2
4310.6669999999995
4078.733
3762.067
3897.0
3829.333
4008.467
3994.6
3835.267
4345.733
4020.533
4193.933
4083.8
4253.4
4208.867
4136.867
3584.0
4180.467000000001
4036.6
4200.133
4146.0
4029.267
4060.4
4103.2
4085.6000000000004
4745.6
4784.267
4785.6
4990.133
5154.133
5230.0
5230.333
5049.933
5386.267
5145.0
5527.0
5113.067
5586.933
5966.333
5261.333
5521.067
5623.933
5398.733
5415.6
4706.933
4623.867
4085.8
3871.867
2982.667
2885.2
2390.4
2231.6
2230.4
2771.0
3011.4
3336.667
3820.133
4108.267
4302.333
4599.4
4995.267
5309.067
5658.133
5520.4
5521.067
5678.867
5130.933
5044.267
4765.867
4435.867
3700.4
3434.6
3148.2
3135.733
3465.533
3606.133
4124.6
4941.4
5156.6
5360.533
6175.4
6407.267
6505.133
6863.133
6569.4
7253.733
7303.933
7703.467
7385.4
7332.533
7772.933
7517.667
7586.667
7718.533
7536.267
7788.4
7612.8
8228.267
8052.8
8147.333
7938.6
8415.533
8239.867
8114.867
8131.866
8710.267
8449.467
8417.333
8187.733
8383.4
7901.467
7982.533
8153.667
8233.267
8646.467
8413.4
8472.667
8541.467
8236.467
7960.333
7731.4
7972.4
8250.332999999999
8414.067
8282.332999999999
8293.467
8290.733
8234.067
8098.267
8048.067
7998.867
7884.733
7929.533
8390.933
8130.4
8312.867
8024.4
8184.6
8372.8
8162.267
8535.867
8700.733
8656.333
8755.134
8840.533
8922.866
9225.4
9460.2
9262.0
9232.733
9163.934
8549.667
8033.133
8201.332999999999
8153.933
8105.4
8018.2
8287.533
8512.267
8627.333
9218.6
9151.866
9695.8
9650.0
9691.267
9683.467
10047.667
9446.8
9573.333
9988.066
9501.667
9567.2
9770.866
9712.533
9543.733
10140.333
9611.667
9958.6
9901.0
9797.267
9519.866
9785.8
9632.0
9702.934
9145.0
9742.8
9582.134
9553.333
9158.6
9579.667
9887.134
10088.866
9724.733
9981.4
10066.866
9904.333
9905.066
9811.533
8884.0
9336.866
9327.0
9436.6
8970.0
9560.4
9369.8
9485.066
9190.066
9151.0
9492.267
9613.733
9551.866
9636.267
9386.533
9193.333
9148.0
8579.934
8838.4
9530.934
9264.667
9425.467
9711.8
10034.533
10115.066
10298.2
9947.8
10090.8
10185.134
10143.267
9723.467
9597.8
9114.2
9302.467
8525.533
9223.134
9371.333
9065.934
9042.866
9822.134
9780.533
9237.8
9320.6
10066.533
10261.667
9987.4
9795.267
9911.4
9968.934
9743.0
9652.0
9890.866
9728.934
9984.934
10243.2
9917.066
10166.0
10434.4
9578.866
9864.134
9711.467
9336.733
9622.0
8941.934
9198.4
9194.6
10106.733
10058.2
9876.733
9872.8
9408.667
9729.8
9655.467
10038.066
9672.134
9481.8
8947.267
8856.733
8548.934
8205.133
8125.867
7584.867
7451.867
7477.6
7455.667
7893.867
8256.867
9127.467
9681.134
10680.8
10801.533
11750.2
10981.2
10493.667
10915.733
10812.667
10639.0
11343.934
11416.4
11629.0
11488.934
11403.533
10781.8
10423.4
10069.0
10315.066
10197.467
11408.467
10877.267
11482.667
11490.134
11786.8
11819.6
11450.333
12178.467
12303.333
12906.733
12774.066
12883.934
13104.066
13450.533
12489.4
12705.866
12142.866
12387.4
12393.733
12753.134
12269.733
12070.6
11637.733
11479.934
11729.467
11450.267
10594.533
11438.0
11284.533
11992.4
12217.866
12180.4
13053.866
12678.333
12372.733
12626.6
12689.267
12445.267
12430.467
12582.4
13025.467
13381.2
13451.066
13112.866
13241.667
14752.333
13574.733
13645.134
13865.2
13310.0
13841.8
13812.667
14378.866
13900.066
13366.467
13649.333
13894.8
13754.134
13287.267
13186.2
14246.733
14648.333
14279.866
13695.0
14040.066
13840.866
13690.467
12910.533
13791.4
13670.667
13325.733
12671.6
13247.0
13490.333
13483.733
13063.333
14052.4
14076.467
13812.467
14206.667
14353.467
15001.533
14366.066
14135.934
14733.4
14297.467
14585.6
13761.667
14134.066
14807.667
14331.866
14498.4
14526.2
14149.267
14320.667
14741.333
15348.267
15046.533
15024.4
15181.866
15019.866
15412.866
15883.467
15444.467
15427.333
15032.733
15041.134
14561.934
15010.4
14616.4
15010.6
14336.333
13987.8
14191.333
14108.667
13795.2
14413.6
13909.533
14038.8
14141.6
14114.134
14185.066
14021.866
14584.134
15041.267
15353.2
14556.733
14602.2
14723.0
14147.8
14937.267
14578.8
15098.533
15095.467
15421.2
15403.267
15613.4
15811.4
15295.8
14852.667
16395.533
15769.467
15740.467
15938.934
16185.6
15083.667
15738.866
15032.8
15988.4
15732.267
15074.934
15560.866
16043.2
15735.8
15895.4
16696.732
16212.533
15589.467
15466.667
15232.0
15166.467
15672.667
16279.866999999998
16203.6
16811.334
16936.4
17291.934
16804.732
16906.199
17238.133
17026.801
16957.6
17047.334
17093.268
17461.133
17162.934
17826.732
17561.6
17707.268
18103.199
17943.533
17885.066
17445.0
17577.0
17869.666
17440.6
17331.732
17169.934
17797.334
17535.268
18490.934
17768.801
17424.6
17912.934
17973.801
18629.199
18757.533
18830.334
18219.133
18493.934
18065.6
18192.467
17976.533
18280.133
18550.666
20228.6
18715.199
19460.133
19783.934
19928.199
19378.934
20660.268
20148.666
20448.6
21079.467
21723.268
20648.801
21135.666
20654.6
20924.133
22468.066
21064.334
21177.533
20409.334
20364.4
20496.4
21096.199
20965.334
21453.6
22119.133
21618.801
22347.268
22936.0
23573.334
23569.0
23704.6
24479.732
25067.133
24491.334
23223.533
24018.334
24196.6
23488.334
23997.199
24612.533
24558.268
24419.867
24889.467
25476.268
24762.133
26186.199
26770.6
26439.268
25828.0
26923.6
26716.066
26784.066
26511.334
26920.732
26979.934
26741.4
26822.334
26443.066
26743.133
27569.934
28270.199
28638.133
28899.732
30243.666
30439.0
29944.732
30597.0
30574.066
30325.199
30331.467
29412.732
30391.0
29542.4
29536.334
31090.467
31636.801
31847.867
31957.732
32126.133
32854.934
31989.801
32247.533
31712.467
32015.867
32225.934
31705.6
32400.066
33131.332
33457.465
33584.0
33688.801
34081.535
34120.0
33596.867
33842.0
33716.801
33840.0
33195.668
33719.934
33860.266
33979.535
34433.332
33896.801
33822.332
34009.867
34081.535
34114.934
34240.934
34503.133
34265.199
34399.332
34592.734
34384.332
33407.867
32861.666
31278.934
30015.268
29098.533
28748.801
28712.867
29157.066
29062.533
30385.666
31865.4
32333.867
32940.532999999996
33075.602
33355.133
34219.934
35174.0
34758.867
35404.734
35425.133
35137.0
34334.0
34080.0
34302.867
34902.199
35126.332
35627.266
36192.332
37053.465
37555.398
37649.734
37682.0
36985.0
36860.066
36392.332
36707.465
36785.332
36706.867
36721.602
36053.668
35709.668
35451.332
34955.668
34979.133
35315.465
35046.398
36429.535
36626.734
36960.332
37588.734
37807.668
36985.199
37250.266
36769.801
36835.199
37169.867
37510.398
37902.734
38918.398
38714.867
39298.602
38799.398
38847.266
38393.734
37673.801
37872.934
37840.066
37962.133
37751.398
38021.734
38528.535
38869.934
38325.266
38489.934
39530.734
38954.066
39385.199
38577.066
39242.266
38715.066
37835.734
37322.199
36944.867
36897.867
37206.867
37401.465
37811.602
38979.668
38643.734
39497.867
38942.465
38989.199
38753.266
38300.535
38037.801
37656.199
36940.465
37137.668
37163.199
36865.734
37128.867
37082.465
36832.801
36948.934
36841.465
36902.465
37387.934
37801.0
37770.934
38236.668
38973.398
39137.535
39094.465
39410.199
39214.535
39126.133
38422.066
37976.867
37533.465
37816.465
38186.668
37935.867
38706.934
39014.465
39612.398
39902.867
39861.602
39759.199
40621.465
40892.801
41427.801
41484.398
41161.0
40990.734
40743.133
40747.266
40010.332
39859.535
39972.668
39968.801
39672.602
39589.668
38718.398
39258.535
38871.133
39245.398
39162.199
40064.266
40481.867
41115.199
41505.398
41744.867
40847.668
40951.398
40450.199
40447.199
40764.801
40439.398
40466.668
40068.668
40432.266
40759.934
40805.602
40976.602
41024.668
41496.398
41900.668
42684.801
41979.602
41795.801
41162.266
41183.934
40405.133
40423.332
40263.0
40047.133
40651.465
40795.934
38965.0
40198.266
40105.266
39777.199
39978.266
39712.133
39583.867
39862.266
40455.535
40704.0
40682.199
40641.133
40801.066
41477.801
41558.398
41804.133
41546.199
41019.199
39699.535
38241.332
37406.332
35978.867
34438.668
33919.535
34644.535
35599.734
37819.066
38460.199
37828.668
37931.934
38103.668
37523.668
38000.535
37426.066
36948.734
37890.199
39062.602
39968.934
39850.332
40268.465
40423.535
40877.801
41721.199
41214.066
41121.398
41185.133
40363.133
40862.867
41350.332
41325.934
41139.535
42013.801
42414.602
42389.535
42403.535
41746.398
41630.668
41295.133
41566.535
41279.934
40543.133
40328.398
39823.066
40852.934
41605.535
42273.465
42032.602
42655.801
43586.199
43862.332
43294.535
42900.734
43260.332
42633.602
42523.398
41869.934
42603.734
43118.066
42543.066
42307.398
41980.801
40921.332
40294.398
38765.398
37663.801
37255.934
37344.734
37723.266
38229.133
39365.332
39650.867
40909.398
41151.398
41252.332
41861.199
42049.668
42523.867
42620.602
42778.734
43274.602
44120.934
43450.133
43121.801
42291.934
42166.0
41983.0
41933.668
41937.734
41972.465
42612.668
43642.332
43620.535
43670.734
43691.801
43564.602
43257.535
43279.398
43260.465
42152.398
41613.066
41255.465
40611.0
39801.066
39377.668
39699.199
39965.066
40427.801
40835.602
41493.602
41561.066
41327.133
41217.398
41373.801
41074.934
40667.465
40826.934
41254.867
41734.602
41844.668
41954.602
42424.199
42923.867
42907.199
42974.133
42708.602
42583.535
41913.199
41194.398
40888.0
40010.133
39031.668
40310.535
40168.867
40518.266
40680.398
41276.734
41368.398
41724.066
41217.398
41221.668
41652.066
41182.266
41029.535
40848.934
40752.465
40426.066
39772.535
39317.934
39513.668
39554.535
39054.332
38413.266
38737.398
38572.0
38318.801
38304.734
38564.332
38867.332
39077.801
39549.734
39719.465
40155.398
39825.734
39661.535
40141.0
40056.934
38934.867
39640.465
39261.535
39315.199
39493.199
38875.332
38990.133
39809.266
39979.867
40321.668
40251.066
40348.535
40294.199
39956.266
40467.066
39916.801
39456.602
39352.133
39652.934
40084.734
40265.934
39528.0
39774.266
39668.867
39180.332
39458.133
39590.801
39515.199
39290.066
39454.734
39205.465
39374.066
38822.332
38492.465
38479.734
38415.0
38603.266
38214.398
39072.668
39270.133
39769.602
39129.801
39307.867
39370.332
39575.934
39440.867
39263.934
39425.398
39385.934
39164.734
39132.934
39223.332
38867.465
38393.535
38845.066
38924.066
39093.066
38975.734
39218.867
39229.734
39053.133
39450.0
39445.801
39758.934
38873.801
38498.602
38752.867
38209.535
38299.398
38060.066
38618.332
39058.668
38941.332
38783.465
39103.867
38995.266
39336.934
39146.0
39230.199
39503.867
39327.133
39310.266
39518.398
39513.332
39439.465
39263.668
38633.867
38847.465
38053.398
38273.867
38401.199
38285.535
37934.535
38095.535
38024.398
37964.867
37985.398
38369.199
38013.867
38624.133
38319.602
38315.801
37778.332
37411.668
37049.734
37188.801
36849.801
36850.465
36510.199
37114.668
37339.934
37369.266
37212.535
36802.199
37851.199
38082.934
38329.734
38409.535
38946.867
39136.398
38530.0
38321.668
38110.266
38092.934
37302.734
37455.199
37669.0
37629.332
37975.266
37873.535
38343.398
38304.934
38348.602
38137.199
38420.332
38124.465
37858.867
37317.602
37935.066
38038.332
37243.465
38079.535
37751.465
38063.066
38150.602
37708.668
38031.465
37619.934
36864.066
36422.0
36952.465
36697.332
36374.0
36791.668
36834.0
37792.801
37498.934
38122.133
38338.133
38051.465
37900.398
38364.0
38654.332
38198.332
37603.734
37420.801
37447.668
36951.535
36823.133
36729.734
37253.465
37339.066
37323.332
37200.535
37856.668
37848.465
37509.801
37239.801
37274.801
36856.602
36250.0
35760.465
35829.266
35806.0
35459.332
35714.668
36071.332
36671.535
36864.867
36962.867
37264.535
37448.199
37814.801
37682.133
37928.867
37670.133
37512.668
38002.199
37445.602
37905.332
37632.668
37167.133
37652.398
37603.199
37807.266
37370.066
37245.934
37191.133
37192.602
36637.398
36835.066
36546.398
36335.332
36611.535
36299.066
36129.668
36086.199
36003.398
36751.398
36986.602
36136.133
36317.934
36874.602
36802.066
36686.0
37141.133
36682.535
36369.867
36311.266
35513.602
35968.465
35215.332
35417.535
35311.066
35315.602
35831.867
35571.332
35858.602
35802.199
35657.535
36063.867
35998.398
36264.332
36223.668
35759.602
35765.867
36025.535
36109.734
35366.398
35639.133
35874.602
35850.133
35245.867
35658.066
36356.133
35918.535
35725.398
36452.801
36558.801
36440.266
36102.668
35704.801
36287.066
35824.199
36005.867
35973.535
35696.398
35837.668
35708.867
35505.133
35869.867
35607.133
34956.199
35150.535
35448.934
35217.266
34643.934
34622.867
34385.934
34276.535
34114.199
33692.934
34281.066
34300.066
33915.668
34793.133
34698.332
34956.066
34921.934
34611.332
35142.0
34965.0
34597.0
34096.066
34566.199
34784.867
34041.133
33269.398
32648.0
31987.6
31498.467
30853.133
30498.801
29997.6
29545.801
30604.801
31149.533
31188.6
31739.133
32363.533
33500.332
33219.332
33607.535
33418.668
33402.934
33557.332
33114.066
32957.199
33214.398
33116.734
32744.467
32865.801
32967.133
33188.266
33005.732
32694.533
33087.066
32821.801
32868.268
32681.666
33103.732
33000.732
32711.133
33224.465
33101.199
32911.734
32533.066
32253.867
32399.0
32224.6
32202.867
32360.666
32165.133
32483.066
32517.199
32273.666
32537.133
33005.732
32713.467
32446.334
32721.732
32849.934
32718.934
32837.133
32763.533
32364.0
32216.334
32119.6
32255.268
32192.801
31479.066
31893.666
31757.533
31983.666
31774.4
31636.533
31775.066
31930.0
32164.934
31728.801
31949.4
32208.199
31612.533
31911.268
31893.0
31791.268
31260.334
31373.334
31307.6
31379.268
31423.6
31336.867
31238.732
31194.199
30639.066
30984.133
30778.0
31016.666
30573.199
30916.467
31507.467
31139.867
31547.0
31496.066
31426.732
31756.334
31527.666
31603.0
31646.066
31469.533
31732.133
31508.801
31678.4
31412.334
31685.4
31392.199
31810.0
31230.0
31357.732
31105.4
31335.666
31464.334
31079.0
30878.801
30999.666
30988.0
31017.133
31053.334
31117.334
31172.0
31143.0
31098.467
31026.0
30662.732
30317.0
30177.467
30440.934
29929.867
29659.199
29770.334
30178.867
30155.6
29662.732
29668.801
30099.867
29829.867
29557.934
29306.6
29628.199
29418.934
29080.133
28622.334
28937.4
29051.6
28983.133
29228.268
29131.268
29170.066
28618.066
28802.199
28478.666
28381.268
27649.732
27549.0
27574.066
27191.066
27180.066
26529.334
26932.4
26593.934
26081.732
25310.334
25246.801
25359.199
25234.6
24683.334
24911.268
24853.666
25052.732
25131.066
25730.533
26052.732
26759.4
27423.867
27527.867
27697.4
27704.467
27993.268
27785.334
27432.666
27526.801
27256.334
27566.533
27323.268
27652.867
27691.467
27975.867
27877.133
28095.467
27992.867
28440.0
28264.0
28007.732
28334.467
28624.199
28383.934
28119.133
27912.066
28234.066
28131.6
27894.666
27824.066
27930.801
27957.6
28340.801
27535.6
28041.732
28053.133
28134.0
27912.666
28165.467
27967.467
27616.801
27586.6
27756.066
27917.467
27248.268
27148.732
27323.533
27098.934
27032.533
27218.4
27341.334
27088.334
26955.867
26716.867
26716.801
26701.533
26835.066
26756.199
26769.867
26656.199
26688.801
26597.801
26489.268
26497.801
26281.801
25774.066
26218.334
25724.133
25838.334
25813.666
25945.4
25697.533
25873.133
25778.6
25837.467
26160.801
25930.268
26285.732
26131.6
26351.934
26133.6
25625.666
25791.801
25638.4
25509.066
25759.801
25614.0
25559.0
25593.268
25455.066
25908.732
26323.801
25885.732
26364.4
26530.4
26246.934
26410.334
26080.467
26330.334
26442.268
26623.6
26744.066
26871.133
27160.867
27036.732
27375.133
27714.934
27976.334
27435.934
27296.467
27668.732
28115.666
27949.334
28414.6
28580.732
28907.4
28703.6
28795.133
28749.0
28560.867
27815.867
26861.199
26363.4
26058.066
25769.334
25541.934
25351.666
25361.533
25249.066
25123.066
25311.334
25256.268
25263.6
25170.334
25531.199
25320.666
25192.066
24883.0
24886.199
25104.732
24648.133
24940.801
24837.801
24996.4
25030.066
25095.334
25212.666
25373.6
24998.934
25147.6
25518.867
25279.0
24747.467
25068.268
25440.666
25219.467
24827.666
25129.467
25412.066
24840.666
25251.133
24533.199
24957.666
24579.0
24379.268
24541.199
24380.934
24499.0
24276.801
23715.934
24393.732
24478.334
24166.6
24180.732
24363.666
24154.467
24519.334
23959.934
24110.4
24203.133
24283.934
24297.467
24463.467
24170.533
24297.066
24390.268
24637.268
24242.801
23861.801
23845.467
24136.533
24270.467
23957.533
24071.467
24006.6
24168.666
23932.666
23960.334
24007.334
23933.867
23584.467
23355.0
23968.268
23744.4
23279.334
23187.6
23652.199
23297.0
23277.934
23367.268
23625.199
23318.268
22361.467
23104.533
23582.666
23128.6
23129.801
22719.066
23069.801
23062.666
23325.867
23272.867
23204.199
22917.0
22974.934
22930.6
22450.334
22263.0
21768.6
22018.732
21612.732
21959.0
21576.066
21616.867
22860.199
22581.6
22569.666
23197.6
23001.934
23017.133
22658.066
22483.0
22342.666
22302.934
22083.867
22154.732
22263.133
22238.4
21848.133
22082.133
22704.066
22239.066
21740.467
22064.533
22384.666
22396.867
22065.334
22270.268
22362.199
22018.066
21725.666
21339.934
21774.199
21377.268
21321.801
20880.801
20917.467
21014.133
20392.801
19890.133
19865.4
18588.467
17911.334
17165.867
17313.133
17345.732
17433.666
17611.334
18327.732
19104.801
19581.6
19554.467
19776.6
20325.867
20817.867
20684.133
20407.133
20851.0
20714.268
20809.732
20848.732
20412.934
20137.066
20017.867
20431.867
20303.0
19905.0
20566.732
20462.867
20657.334
20780.934
20621.334
20737.268
20713.199
20446.801
20584.268
20674.334
20857.199
20423.533
20408.4
20793.133
20863.0
20775.6
20789.334
20970.6
20975.533
20820.268
20311.666
20792.268
20790.4
20460.4
20212.268
20462.666
20577.867
20418.334
19964.334
20223.4
20544.4
19945.867
20548.334
20745.066
20646.133
21092.467
20769.334
20884.4
20830.467
20669.199
20780.066
20716.732
20645.467
20309.334
20377.133
20437.934
20472.268
20387.467
20475.732
20669.801
20697.334
20389.066
20143.199
20461.334
20337.533
20540.0
20089.199
20660.4
20467.666
20629.467
20616.934
20717.533
20640.066
20201.199
19882.268
20441.467
20316.0
20514.199
20111.268
20038.133
20145.268
20025.4
20357.467
20145.732
20108.268
19559.934
19586.0
19701.133
19961.934
19149.268
19387.666
19678.0
19650.133
19398.334
19251.533
19659.934
19608.334
19369.066
19517.6
19585.066
19796.934
19057.934
19309.801
19741.801
19783.066
19462.268
19308.334
19442.732
19653.334
19259.268
19274.467
19407.199
19356.268
18839.268
19070.6
19087.199
18939.801
18876.268
19013.467
18713.867
19413.4
18826.6
18737.4
18829.801
18867.732
18761.666
18228.334
18708.533
18804.133
18477.732
18205.533
18687.801
18582.533
18442.934
17935.199
18488.199
18475.666
18407.0
18452.268
18132.867
18417.334
18290.666
17796.533
18092.4
17929.666
17916.867
17450.867
17901.268
17812.934
17176.066
16839.133
17644.066
17447.066
17244.533
17172.666
17440.533
17248.133
16931.066
16855.199
17506.0
17217.199
17021.934
16893.268
17366.268
16936.934
16774.467
16661.334
17275.467
17075.133
16830.867
16828.0
16979.533
16665.867
16313.8
16008.6
16518.934
16578.866
16506.934
16787.8
16915.866
16784.733
16196.866999999998
16826.801
16642.199
16518.066
16509.8
16416.467
16335.467
16470.0
16036.333
16041.866
15488.0
14874.2
14211.866
13549.934
13178.267
13083.6
13024.4
12971.6
13823.0
14263.4
14425.4
14807.667
15104.8
15134.134
15239.2
15163.667
15278.533
14789.6
14812.934
14083.4
15113.533
15036.134
14778.733
14716.467
15094.866
15336.866
15434.533
15107.0
15525.066
15729.267
15378.134
15429.667
15805.2
15769.467
15826.866
15910.733
16036.0
16005.4
15774.2
15371.4
16286.066
16034.066
16016.533
15598.267
16285.6
16403.6
16151.533
16344.934
16424.0
15928.866
16100.467
15776.866
16374.066
16216.6
16115.134
16048.866
16076.267
16290.934
15813.934
16394.533
16368.6
16383.934
16327.934
15948.733
16646.6
16603.6
16181.2
16337.199
16997.867
16673.666
16465.334
16896.6
17138.334
16816.334
16580.268
16687.333
16364.934
16541.2
16016.134
16174.8
16518.066
16400.934
16423.267
16874.199
16507.066
16653.6
16034.6
15873.133000000002
16780.0
16550.4
16456.533
16587.066
16431.0
16486.934
16646.733
16315.333
16344.533
16312.733
16273.934
16190.267
16421.8
16044.866
16155.333
16042.866
16415.4
16126.467
16304.333
16199.866
16643.866
16221.0
16277.6
16158.934
16386.6
16625.8
16643.2
16527.333
16397.4
16331.667
16174.4
16419.4
16573.134
16664.866
16651.268
16260.0
16915.732
16742.066
16716.0
16207.0
16747.133
16652.733
16503.2
16359.8
16483.333
16562.8
16711.667
16584.733
16694.2
16406.733
16500.134
16698.866
16416.934
16504.066
16413.667
16213.467
16367.667
16475.333
16227.0
16152.934
16259.2
16562.6
15648.333
16376.267
16393.533
16322.0
15642.267
16018.2
16329.866
16409.733
16245.0
16304.667
16277.333
16354.733
16080.4
16014.866
16389.134
16132.8
16210.0
15909.267
16167.2
16187.533
15864.8
15812.134
16084.866
15697.267
15703.4
15529.2
15906.667
15753.467
15442.134
15734.467
15727.733
15505.4
15615.467
15748.467
15601.533
15547.533
15328.0
15342.4
15622.8
15357.0
15473.2
15120.4
15230.934
15290.267
15176.2
15246.4
15084.2
15031.866
14999.6
14930.866
15196.2
15129.533
15102.267
14228.467
14535.866
14464.066
14378.8
13792.134
13748.0
13824.467
13507.066
12940.0
13511.733
13341.4
12540.0
12921.533
12876.333
12529.533
12674.533
12165.533
12327.733
12143.4
11891.0
12058.134
12278.8
12114.0
12279.934
11070.134
11853.6
11953.733
11484.134
11779.134
12019.0
12076.533
11811.8
12152.934
12363.733
12371.8
12551.066
12900.2
12862.066
12681.0
12818.066
12559.333
12573.8
12775.6
12742.333
12217.934
12656.4
12512.4
12253.467
11676.8
12030.467
11843.4
11590.866
11499.134
11395.866
11436.733
11285.6
11127.2
11528.2
11519.0
11379.066
11392.8
11516.0
11343.333
11252.533
11175.467
11575.733
11402.8
11084.8
11470.733
11877.333
11663.066
11405.134
11517.6
11463.733
11501.2
11458.8
11326.467
11427.267
11199.4
10657.066
11193.866
11066.934
11201.533
11326.0
10804.2
11339.2
11199.866
10504.0
10796.267
11038.134
10907.467
10942.2
11159.934
11306.934
11250.333
11436.667
11358.0
11455.866
11270.8
11262.6
10985.134
11244.4
11325.267
11009.866
11006.066
11293.467
11258.866
10982.467
11414.0
11465.667
11550.467
11149.467
11312.4
11494.0
11417.866
11628.0
10947.533
11437.733
11321.733
11514.533
11092.533
11752.333
11490.0
11629.866
11240.267
11783.0
11713.2
11396.4
11217.2
11447.467
11227.0
11118.733
11367.8
11324.533
11163.667
10841.066
10848.2
11103.8
11251.134
11075.934
11255.667
11225.2
11061.2
10846.267
11057.866
11163.267
11015.934
11287.8
10664.6
10993.866
11272.733
11241.866
10927.4
10982.333
10585.934
10313.6
10761.066
10692.2
10733.934
9933.467
10492.066
10784.8
10616.533
10311.934
10660.333
10865.066
10483.467
10631.667
10487.934
10719.134
10396.333
10141.6
10119.733
10459.934
10408.533
9973.533
10271.733
10242.066
10383.934
10222.267
10283.6
10343.467
10210.934
10026.267
10230.934
10387.667
10296.2
10167.8
10468.467
10207.866
10308.2
10227.866
10019.066
10188.6
10196.134
10027.267
9892.467
9977.934
10063.0
9777.2
9661.467
10149.467
10115.134
9842.2
9899.134
10131.533
10143.2
9706.134
9772.934
10012.934
9782.333
9584.6
9983.066
9946.134
9744.467
9954.267
9729.667
9812.4
9750.866
9491.6
9122.2
9812.533
9459.066
9701.267
9542.667
9625.8
9451.267
9403.467
9226.533
9595.8
9452.467
9352.866
9101.467
9393.2
9425.667
9232.866
9198.934
9475.533
9453.134
8902.467
9117.667
9402.467
9381.267
8690.8
8878.134
9273.134
9263.733
9130.6
8804.667
9343.8
9238.866
9162.134
8913.733
9058.667
8891.2
8771.8
8950.733
9079.934
8887.533
8708.467
8779.667
9215.467
9187.333
8960.4
8686.066
8836.866
8956.8
8782.267
8612.333
8938.866
8842.0
8836.934
8501.2
8728.333
8802.533
8748.533
8582.533
8806.267
8583.667
8998.866
8317.467
8761.733
8674.267
8476.4
8028.4
8776.866
8697.934
8722.2
8395.2
8515.0
8368.267
8457.934
8594.733
8871.8
8101.3330000000005
8390.867
8186.0
8472.0
7933.0
7550.467
6966.0
6835.733
6083.267
5382.667
4886.6
4344.133
3660.2
3315.067
2664.867
3023.133
2902.8
2629.4
2812.2
3683.467
3812.667
3768.2
4682.2
5159.0
5425.733
5698.067
5050.8
5764.267
5421.867
5292.6
4982.067
4799.533
4901.333
4589.467
4353.533
4747.533
4787.867
4764.667
4527.4
5236.2
5014.667
5046.533
5637.0
5690.733
5889.0
5559.133
6027.8
6199.933
6129.133
6127.6
6389.6
6641.667
6660.8
6184.6
6431.733
6956.133
6958.533
6526.133
7012.8
7256.533
7368.0
7268.933
7266.067
7728.133
7698.0
7099.4
7187.8
7880.667
7943.2
7773.2
7519.933
8030.733
7829.267
7644.533
7614.267
8111.4
7918.267
7046.8
7929.8
8059.333
8130.867
7806.667
7600.933
8094.333
7989.467
7830.733
7721.8
7868.667
7943.333
7556.867
7411.867
8332.933
7914.2
7703.533
7734.733
8051.2
7947.533
7814.733
7791.667
8004.333
7944.867
7787.933
7759.933
8039.933
8019.267
7872.6
7764.6
8085.0
8001.6
7449.467
7676.8
7987.4
7910.333
7549.0
7489.0
7896.667
7776.0
7814.4
7568.8
7827.4
7938.133
7665.0
7180.933
7972.6
7866.067
7873.467
7660.933
8144.667
7895.467
7719.533
7488.4
7980.6
7773.533
7346.2
7190.933
7851.467
7778.467
7770.0
7181.6
7881.533
7753.067
7576.6
7678.733
7848.867
7816.4
7629.4
7527.8
8075.4
7857.933
7044.6
7388.733
7955.133
7745.133
7735.4
7572.0
7984.067
7839.133
7417.667
7225.133
7764.8
7636.867
7603.867
7454.133
7792.267
7759.267
7610.533
7153.067
7840.0
7751.733
7431.533
7119.533
7715.667
7828.533
7513.267
7448.733
7811.067
7441.467
7408.4
7518.8
7537.667
7436.867
7307.267
7106.333
7697.133
7518.267
7162.667
7116.2
7563.333
7693.4
7015.067
7087.4
7554.333
7461.2
7507.333
7288.733
7484.667
7412.867
7347.067
7029.667
7693.667
7432.0
7164.933
7129.6
7508.4
7419.4
7257.533
6767.533
7409.733
7327.467
7213.533
6707.8
7495.8
7293.8
6802.467
7228.133
7309.4
7245.133
6802.667
6928.933
7088.867
7195.2
6971.933
6913.733
7228.0
6975.4
6969.8
6755.667
7075.467
7092.6
6638.533
6572.267
7076.0
7042.0
6763.0
6698.667
6764.4
6952.067
6516.0
6667.667
6719.933
6774.4
6586.533
6364.533
6929.2
6808.933
6437.867
6083.0
6659.8
6823.467
6643.133
6343.467
6677.6
6656.0
5972.067
6358.2
6785.467
6415.333
6291.133
6355.8
6576.267
6611.8
6221.933
6070.933
6491.933
6598.267
6429.6
6320.8
6654.8
6472.733
6163.733
5914.933
6526.467
6346.133
6578.133
6086.733
6564.2
6511.933
5989.667
6038.933
6538.133
6349.933
6159.8
6223.667
6508.067
6426.333
6045.333
5988.2
6587.133
6317.533
6178.8
6201.0
6482.2
6323.667
5886.8
5776.533
6175.733
6127.4
5633.667
5748.8
6229.733
6061.4
6224.133
5891.467
6253.4
6093.933
6318.8
5911.267
6145.6
6051.333
5719.8
5686.267
6152.8
6035.933
5577.133
5057.467
6021.867
6051.067
5600.267
5780.067
6041.6
5815.0
5663.467
5636.067
6017.8
5780.8
5610.933
5282.2
5860.867
5924.4
5189.267
5360.333
5933.933
5704.4
5467.267
5247.4
5824.733
5815.133
5713.267
5295.8
5894.533
5823.2
5752.533
5620.667
5820.4
5654.733
4453.533
4938.933
5724.667
5806.933
5420.4
5147.4
5694.333
5813.4
5159.133
5149.933
5589.933
5539.133
5081.533
5135.067
5606.667
5567.667
4950.867
4931.8
5486.4
5425.8
5170.533
5175.933
5422.4
5341.133
4935.267
5322.4
5420.133
5425.6
4911.6
5152.4
5541.467
5309.067
4856.667
4754.0
5342.733
5365.333
5205.667
4651.4
5445.667
5301.533
4649.6
4774.533
