269.55
72.983
-140.65
152.917
445.283
136.917
208.483
237.517
233.21699999999998
255.65
117.68299999999999
-157.55
209.88299999999998
216.45
17.017000000000003
-34.150000000000006
347.95
-6.349999999999994
61.083
362.783
422.217
188.25
457.75
151.383
278.217
199.317
222.417
-126.55
190.817
192.71699999999998
321.15
25.450000000000003
283.017
201.11700000000002
240.88299999999998
26.25
558.483
472.05
102.217
-59.617000000000004
244.483
130.65
-15.450000000000003
187.65
205.35
235.65
143.95
237.45
213.95
252.917
-39.849999999999994
33.45
612.083
283.65
-13.917000000000002
-266.55
428.817
439.183
24.283
41.583
369.817
438.783
388.683
232.85
414.35
368.45
150.55
321.65
385.683
387.05
328.35
-136.28300000000002
440.95
281.783
28.950000000000003
77.183
389.75
184.317
139.15
66.917
298.883
491.983
205.95
68.983
235.017
335.25
29.882999999999996
6.983000000000004
239.483
208.38299999999998
502.41700000000003
1.5829999999999984
186.483
212.917
356.55
-66.283
195.21699999999998
254.65
199.817
91.65
409.283
358.45
-225.11700000000002
26.117000000000004
397.55
298.717
227.61700000000002
207.517
462.883
286.517
-1.3829999999999956
278.183
95.483
327.783
244.35
281.517
402.683
278.91700000000003
551.817
-233.35
330.683
370.85
113.217
355.25
393.017
455.05
252.55
90.583
355.217
246.517
-60.05
114.45
335.617
304.717
124.15
8.582999999999998
420.75
438.317
60.882999999999996
-243.21699999999998
349.35
309.317
80.95
129.917
276.883
419.117
344.75
41.45
289.75
335.117
-279.317
-140.15
299.483
198.45
168.083
-15.150000000000006
344.35
260.783
46.217
220.65
409.55
298.717
247.15
-109.75
453.817
400.65
424.017
152.85
496.683
274.517
160.483
343.517
415.15
74.583
365.283
-158.61700000000002
143.817
229.65
7.150000000000006
363.05
586.617
418.58299999999997
157.35
-77.617
499.15
151.85
462.35
29.583
389.75
359.45
320.883
377.383
521.15
344.117
424.55
305.983
334.15
227.317
379.35
-351.217
386.017
358.383
169.483
136.05
140.95
317.05
469.883
176.85
247.35
299.517
113.417
-201.017
277.15
387.517
461.217
189.317
385.017
306.117
49.95
-314.75
449.817
243.25
-61.983000000000004
16.516999999999996
262.41700000000003
179.85
-1009.25
-101.15
128.417
271.85
254.083
-60.75
564.683
405.717
254.55
63.45
262.217
228.85
-108.45
424.25
522.017
279.05
-191.317
36.18300000000001
309.75
310.317
-117.717
348.717
376.55
253.78300000000002
397.217
349.317
337.817
411.183
241.35
173.583
372.55
250.917
403.017
36.31699999999999
395.41700000000003
431.117
337.75
-77.617
218.417
318.383
75.483
-281.017
375.75
345.717
257.55
-125.883
349.95
330.91700000000003
213.75
79.383
368.483
348.25
-162.25
208.71699999999998
326.817
61.45
-144.517
159.983
259.883
213.11700000000002
326.95
165.11700000000002
264.15
518.85
92.283
159.45
375.017
534.317
387.817
161.183
222.817
277.517
96.083
484.517
358.55
211.317
-145.38299999999998
105.383
212.61700000000002
289.383
267.08299999999997
-6.349999999999994
542.283
558.583
32.283
290.25
380.017
346.183
235.61700000000002
101.05
344.41700000000003
390.783
92.017
133.05
300.41700000000003
332.983
179.75
300.45
484.283
443.05
410.617
121.117
574.483
191.783
400.75
-122.083
387.683
191.917
-74.85
306.65
349.35
220.45
563.217
412.05
404.483
287.45
660.017
111.917
397.41700000000003
315.25
-11.182999999999993
291.11699999999996
661.017
436.517
561.283
-17.817000000000007
473.88300000000004
385.85
414.483
221.85
378.75
558.117
-18.05000000000001
263.983
638.283
364.91700000000003
163.417
201.05
375.817
377.183
538.35
210.117
664.55
567.85
717.15
480.25
725.75
545.45
269.217
373.65
424.15
656.183
809.683
243.71699999999998
750.95
624.517
575.883
715.717
638.0830000000001
540.183
396.15
681.183
529.15
808.85
154.28300000000002
320.85
613.55
579.25
606.017
449.583
922.283
595.317
758.617
584.65
724.0830000000001
701.717
730.617
349.783
1053.017
509.117
609.95
549.183
894.75
568.65
746.55
652.25
649.683
913.117
830.883
731.983
676.15
927.05
693.617
491.983
988.217
777.383
678.0830000000001
612.45
620.55
718.783
842.15
702.383
931.017
825.917
613.017
568.25
735.617
844.583
746.15
638.983
967.75
539.983
800.55
522.583
732.35
637.183
819.017
907.917
789.95
526.983
839.017
1023.183
505.683
929.85
772.15
807.117
840.083
819.717
671.15
1041.983
1212.017
735.983
752.283
1341.65
975.683
1190.25
564.15
761.517
1234.35
1070.25
1212.083
1297.45
831.483
797.117
930.817
890.6500000000001
1435.883
1255.85
729.817
1201.65
1098.817
1319.583
1340.95
1174.317
1093.083
1425.45
709.617
989.983
1105.75
1283.583
1607.55
1552.183
1492.75
1444.85
1260.95
1358.183
1372.483
1275.317
895.683
1116.117
1457.35
1285.317
1530.75
1094.65
1600.95
1500.317
1598.817
1412.517
1561.217
1484.183
1099.483
1546.583
1422.75
1318.45
1256.75
1390.517
1377.55
1485.717
1389.55
1182.983
1501.217
1279.717
1270.483
1137.45
1612.417
1507.317
1468.15
1531.317
1632.483
1388.85
1351.083
1248.25
1525.683
1545.25
1416.817
1172.917
1655.217
1396.25
1441.083
1426.85
1577.55
1481.983
964.1500000000001
1403.05
1492.017
1562.183
1586.083
1765.783
1890.017
1700.65
1732.017
1711.317
1821.95
1903.717
1761.95
1843.517
1828.55
1857.583
2017.217
1860.583
2236.35
1720.717
1288.75
1556.783
1766.55
2039.583
1761.55
1866.65
2224.417
2032.85
1955.35
1876.05
2133.217
2162.717
2199.883
1922.65
2294.417
1965.383
1849.083
1739.317
1778.55
1703.783
1995.283
1353.117
1740.817
1888.517
2131.883
1776.65
2107.483
2005.983
2191.55
2012.783
2065.217
2148.517
2141.75
2039.117
2364.417
1921.117
2457.617
2214.65
2230.883
2144.117
2039.617
2238.383
2486.75
1849.317
1968.817
2295.85
2530.95
2256.85
2317.083
2073.05
2146.15
2024.183
2110.417
2247.85
2214.083
2530.717
2801.017
2103.583
2707.217
2674.983
2540.017
2453.517
2490.083
2361.25
2328.417
2620.317
2563.283
2362.65
2141.883
2273.383
2197.55
2167.717
2488.083
2378.317
2564.15
2778.517
2603.883
2730.517
2964.75
2705.383
3022.15
2869.183
3192.417
2967.45
2789.617
3023.183
3035.817
2943.983
2730.283
2885.117
2693.217
2794.583
2654.283
2830.85
2796.617
2580.85
2241.217
2505.583
2431.15
2473.65
2290.283
2239.983
2496.083
2246.25
2165.15
1859.317
2485.083
2030.85
2387.417
2389.583
2605.683
3095.917
2913.417
3207.383
3069.483
3262.583
3383.283
2995.983
3169.35
3123.583
2812.35
2732.45
3014.083
2870.45
3125.817
2703.383
2949.15
2998.783
2996.75
3161.783
3141.083
3179.05
3367.683
3321.45
3337.617
3340.05
3261.883
2973.517
3302.417
3365.25
3220.15
3477.117
3554.75
3410.917
3271.683
2990.117
3522.35
3390.183
3714.283
4007.717
4111.0830000000005
4490.383
4471.75
4330.783
4261.15
4186.65
4279.817
3888.717
4467.817
4129.65
4298.883
4213.983
4443.017
3934.383
4101.483
4247.25
4062.15
4122.45
3902.817
3631.717
4235.0830000000005
4343.9169999999995
4206.217000000001
4402.583
4564.283
4590.783
4469.35
4198.583
4559.083
4465.383
3944.217
4154.25
4102.95
4342.383
4253.017
4483.05
4666.55
4410.517
4257.417
3741.783
3994.283
4094.25
4131.683
3876.317
4308.55
3957.517
3966.483
3749.717
3680.217
3625.517
3537.75
3614.517
3649.883
3764.383
3548.283
3673.383
3408.283
3603.917
3750.083
3874.783
4174.683
4345.583
4466.683
4622.583
4437.817
4503.917
4053.35
4604.717
4390.15
4387.45
4936.35
4651.183
5330.017
5376.45
5312.683
5563.783
6109.95
5605.517
5740.617
5209.85
5360.617
5247.85
4832.55
4553.183
4614.817
4449.117
4250.017
4371.583
4882.083
4520.183
4818.083
4877.383
5385.083
5348.05
5485.617
5213.383
5027.95
4889.383
4485.55
4342.65
4408.817
3992.783
3870.283
3701.983
3738.95
3682.517
3093.017
3419.25
3419.083
3095.783
2772.217
3525.45
3602.35
3739.25
4056.883
3788.85
4628.817
4898.383
4974.55
4825.517
4907.817
4659.25
4285.883
4447.517
4349.683
4554.917
4533.617
4373.65
4915.95
4599.383
4779.817
4677.183
4845.083
4782.383
4718.75
4142.583
4748.617
4611.983
4768.483
4674.517
4609.35
4597.383
4680.35
4693.25
5379.017
5445.05
5447.617
5716.317
5876.817
5952.917
5920.017
5756.317
6110.617
5844.983
6274.683
5895.05
6341.283
6779.783
6080.15
6328.317
6391.417
6161.85
6137.417
5386.183
5262.75
4679.45
4395.417
3458.25
3274.017
2732.783
2539.35
2555.317
3111.217
3382.25
3751.483
4310.782999999999
4690.15
4937.65
5241.817
5694.717
6006.55
6410.583
6306.083
6303.383
6444.883
5852.917
5713.817
5408.383
5006.483
4222.717
3882.55
3553.383
3515.017
3886.25
4085.283
4658.117
5559.95
5896.117
6128.883
7035.983
7270.283
7415.917
7825.017
7562.917
8288.55
8313.383
8711.55
8440.384
8372.417
8814.65
8603.217
8630.583
8798.616
8598.384
8871.884
8678.25
9330.35
9165.65
9257.417
9041.384
9530.483
9403.116
9265.083
9311.45
9860.95
9639.184
9542.75
9350.05
9490.017
9035.517
9103.616
9284.184
9355.816
9812.583
9539.15
9631.783
9701.083
9378.983
9110.816
8866.05
9056.75
9333.983
9519.083
9434.25
9428.083
9439.116
9364.75
9258.25
9129.083
9133.917
8941.75
9041.384
9499.017
9245.583
9449.017
9141.25
9277.55
9518.25
9263.083
9660.85
9859.35
9833.917
9945.95
10076.917
10171.75
10521.85
10746.417
10563.983
10486.083
10392.85
9688.017
9146.316
9302.816
9188.384
9157.283
9063.717
9394.95
9626.783
9800.616
10467.717
10410.017
10995.65
10935.95
10998.65
10949.217
11375.583
10745.884
10890.717
11316.083
10842.983
10882.55
11111.65
11039.017
10825.583
11461.283
10987.517
11287.616
11236.983
11141.684
10871.05
11111.55
10971.583
10969.083
10393.25
11084.816
10882.184
10890.816
10459.25
10850.15
11228.717
11420.55
11063.917
11336.616
11447.783
11201.95
11222.45
11161.483
10102.85
10550.684
10588.316
10682.616
10190.116
10830.816
10675.517
10691.15
10387.517
10371.083
10739.384
10905.684
10808.65
10891.35
10628.25
10391.483
10383.45
9771.616
10023.85
10774.884
10541.517
10682.35
11069.384
11394.15
11454.05
11657.217
11316.517
11395.083
11555.116
11501.35
11016.517
10806.684
10307.25
10500.217
9714.116
10385.35
10651.25
10272.217
10293.583
11108.15
11076.917
10515.75
10568.116
11414.75
11614.783
11281.616
11118.983
11213.616
11303.783
10994.017
10926.65
11166.15
10971.717
11247.75
11558.717
11245.616
11491.384
11789.75
10898.45
11143.417
10992.917
10613.483
10890.65
10151.017
10434.45
10452.884
11454.45
11345.616
11176.65
11192.75
10715.65
10972.083
10959.917
11288.75
10922.65
10723.884
10144.717
9953.35
9616.917
9251.483
9169.917
8524.75
8382.783
8411.15
8362.117
8923.35
9319.783
10273.75
10919.184
12080.283
12243.05
13295.017
12432.583
11867.283
12346.717
12205.083
11982.983
12764.75
12894.85
13142.483
12963.25
12829.15
12204.05
11698.417
11367.184
11582.217
11515.85
12790.55
12287.45
12904.684
12988.583
13294.417
13339.983
12976.55
13703.45
13911.75
14525.583
14391.35
14513.783
14820.616
15178.517
14092.017
14319.583
13670.217
13999.184
13998.017
14432.983
13833.55
13613.116
13169.616
12922.783
13195.35
12901.116
11979.75
12888.316
12715.884
13585.583
13756.75
13779.45
14728.95
14330.983
13956.417
14240.184
14287.816
14056.316
14010.616
14239.517
14666.083
15098.717
15197.75
14812.384
14949.684
16595.45
15340.35
15365.316
15628.816
15007.25
15643.017
15576.517
16207.083
15659.783
15066.616
15391.384
15629.483
15514.917
14998.816
14895.917
16023.083
16459.65
16118.017
15448.384
15811.75
15604.717
15496.55
14624.783
15493.417
15363.717
14972.95
14309.85
14907.616
15152.384
15170.95
14728.184
15800.95
15815.783
15598.017
15996.517
16153.616
16905.25
16120.217
15954.384
16571.017
16112.65
16433.949
15541.583
15875.483
16626.583
16165.15
16321.517
16347.217
15869.917
16119.95
16579.65
17225.283
16904.65
16890.084
17115.982
16898.482
17351.717
17842.084
17361.25
17299.416
16912.184
16928.416
16356.783
16866.15
16469.05
16818.884
16107.85
15717.55
15936.65
15844.083
15522.517
16169.616
15643.184
15784.55
15898.583
15844.483
15951.05
15790.616
16353.384
16866.35
17212.783
16346.884
16447.449
16494.95
15915.25
16788.084
16413.184
16944.551
16950.65
17326.35
17301.518
17462.883
17748.051
17131.816
16713.184
18375.018
17714.184
17676.816
17953.982
18182.482
16927.783
17687.684
16894.184
17953.949
17624.65
16917.617
17466.85
17961.684
17650.383
17781.35
18770.717
18184.617
17554.717
17328.949
17097.783
17016.084
17566.383
18259.018
18151.85
18866.75
19000.65
19359.018
18868.184
18948.018
19337.117
19110.75
19060.316
19064.482
19164.65
19621.283
19243.584
19929.551
19705.117
19845.416
20299.051
20141.684
20103.383
19565.15
19757.383
20042.35
19614.184
19431.75
19292.783
19984.217
19643.916
20671.617
19889.916
19509.949
20049.051
20192.35
20915.184
20968.084
21106.982
20505.816
20768.717
20230.018
20384.783
20133.883
20569.85
20775.416
22645.316
20882.416
21789.051
22137.416
22309.25
21777.883
23118.85
22526.75
22845.717
23630.551
24341.383
23086.684
23691.85
23127.217
23436.051
25132.217
23521.316
23730.217
22848.85
22815.018
22918.85
23592.35
23446.117
24004.217
24715.117
24188.949
24959.184
25685.75
26385.117
26364.482
26513.85
27354.35
28069.25
27375.949
25982.584
26854.75
27005.982
26295.551
26866.184
27471.816
27546.316
27308.949
27825.65
28450.018
27706.783
29275.217
29990.316
29537.617
28988.65
30047.684
29900.383
29952.949
29680.916
30005.283
30154.449
29907.482
29977.117
29534.35
29823.717
30785.75
31527.518
31955.084
32313.65
33718.148
33963.117
33363.75
34083.316
34114.484
33837.117
33850.617
32864.516
33904.352
33010.582
32969.684
34663.516
35208.418
35542.516
35585.75
35816.449
36645.684
35675.582
35982.684
35412.449
35679.75
35936.383
35388.215
36152.715
36906.75
37288.117
37434.352
37586.25
37992.215
37988.648
37404.551
37699.25
37531.883
37606.715
36997.215
37589.785
37641.285
37866.582
38271.285
37783.449
37604.949
37802.852
37892.684
37969.184
37994.684
38344.383
38080.484
38306.516
38550.352
38238.051
37101.949
36489.852
34755.883
33364.316
32346.416
31984.982
31890.949
32342.85
32355.15
33715.117
35420.949
36015.715
36633.016
36788.918
37073.148
38037.918
39010.016
38665.516
39357.75
39380.383
39027.352
38223.984
37921.352
38215.984
38781.285
39110.383
39613.551
40264.785
41140.949
41680.715
41801.148
41896.184
41124.816
40951.383
40449.484
40710.852
40814.082
40802.582
40743.883
40020.383
39537.617
39387.051
38814.016
38839.449
39206.082
38958.648
40440.883
40722.852
41041.75
41688.582
41968.816
41050.785
41282.684
40844.25
40845.551
41239.316
41612.352
42098.383
43109.883
42961.516
43562.816
43067.316
43114.215
42590.316
41804.949
41999.648
41945.352
42108.648
41876.082
42127.715
42727.016
43076.984
42586.148
42707.184
43744.816
43181.316
43648.684
42845.582
43435.75
42856.25
41959.484
41382.582
41021.148
40974.25
41112.484
41459.383
41882.484
43119.516
42827.352
43697.051
43161.285
43149.383
42917.883
42452.785
42105.352
41637.918
41014.816
41159.449
41157.484
40874.582
41133.082
41105.117
40811.082
40905.984
40749.883
40874.449
41414.484
41901.184
41865.484
42374.648
43158.215
43372.117
43293.082
43643.383
43404.148
43337.648
42588.016
42066.117
41526.016
41876.785
42287.215
42010.25
42874.016
43234.516
43839.883
44068.449
44090.883
44010.984
44916.684
45199.785
45781.617
45924.984
45543.016
45320.852
45071.883
45060.918
44345.75
44066.184
44253.016
44250.918
43884.551
43735.582
42849.75
43420.383
43046.75
43476.715
43368.215
44308.852
44782.551
45456.449
45811.418
46152.984
45147.75
45190.316
44677.148
44705.383
45034.215
44699.316
44657.215
44266.25
44677.016
45083.449
45045.016
45249.785
45324.949
45871.117
46278.75
47142.984
46355.148
46163.648
45467.883
45496.051
44687.016
44634.117
44480.148
44222.449
44939.016
45026.117
43205.684
44392.785
44328.215
43914.449
44158.082
43845.051
43694.352
43982.25
44594.148
44927.316
44961.148
44863.117
45039.75
45761.582
45817.684
46100.715
45852.215
45294.25
43861.484
42236.516
41366.684
39772.449
38018.75
37531.117
38223.684
39340.383
41705.418
42429.516
41776.883
41841.516
42079.352
41486.984
41917.352
41378.25
40845.484
41773.25
43078.684
44086.852
43994.551
44424.648
44632.352
45141.852
45945.148
45457.449
45312.883
45406.984
44557.418
45059.918
45525.484
45561.852
45354.551
46245.25
46705.148
46674.316
46740.551
46012.25
45835.352
45506.715
45730.883
45411.582
44699.551
44443.852
43896.551
45024.25
45802.617
46570.785
46290.484
46968.516
47878.352
48278.785
47688.352
47183.852
47614.418
46960.785
46871.684
46168.25
46849.617
47416.25
46857.215
46595.316
46185.75
45041.117
44367.285
42736.516
41518.352
41087.184
41197.418
41618.918
42165.816
43400.648
43647.082
44977.582
45295.949
45396.648
46091.215
46270.715
46780.285
46930.449
47100.285
47549.051
48456.551
47753.25
47386.816
46498.316
46417.949
46235.383
46137.082
46158.852
46127.215
46865.582
47887.75
47944.383
47957.352
47972.582
47826.484
47597.785
47542.285
47514.516
46368.016
45790.316
45381.816
44656.984
43837.215
43298.184
43668.883
43968.715
44467.418
44901.582
45589.75
45688.117
45477.148
45353.785
45465.418
45113.117
44767.418
44845.117
45334.215
45843.25
46023.949
46098.582
46585.016
47143.383
47103.883
47214.25
46907.215
46710.785
46076.484
45311.918
44883.816
43968.117
42924.148
44245.918
44109.016
44504.785
44676.684
45361.852
45402.484
45812.184
45293.75
45377.383
45696.684
45176.25
45071.75
44881.918
44795.082
44413.715
43693.617
43192.316
43372.418
43418.715
42963.082
42225.984
42588.75
42419.582
42081.484
42051.449
42409.082
42730.715
42969.75
43415.051
43619.816
44064.383
43817.148
43584.184
44117.551
44035.184
42779.484
43507.383
43137.75
43145.984
43367.684
42699.184
42791.684
43695.852
43869.883
44316.582
44157.418
44306.918
44182.285
43879.715
44401.016
43845.852
43347.082
43236.051
43629.016
44020.25
44225.418
43418.449
43650.285
43481.582
43023.883
43367.648
43502.352
43393.316
43158.816
43347.984
43033.285
43265.117
42615.148
42311.449
42186.148
42171.918
42413.215
41987.316
42860.617
43120.516
43642.215
42984.449
43127.285
43167.918
43396.082
43323.582
43092.148
43270.715
43174.617
42930.918
42936.816
43054.715
42678.684
42163.25
42528.484
42698.715
42821.617
42792.516
42983.148
42977.25
42844.883
43290.715
43290.016
43600.648
42694.215
42273.383
42477.684
41924.852
41992.75
41801.648
42346.148
42850.25
42699.016
42542.785
42874.883
42846.648
43147.418
42925.648
43016.418
43313.582
43075.551
43041.383
43269.285
43296.316
43168.148
43011.051
42329.016
42550.582
41721.484
41974.648
42053.551
41927.582
41575.148
41744.918
41659.617
41591.984
41638.484
41999.785
41652.148
42278.383
42016.215
41977.051
41361.949
41048.516
40640.016
40785.184
40390.352
40410.184
40068.352
40676.184
40917.617
40930.715
40720.082
40396.984
41434.215
41680.25
41975.148
42070.051
42665.551
42830.582
42139.617
41961.25
41785.082
41714.184
40906.617
40979.25
41253.082
41241.184
41547.285
41534.383
42044.418
41900.648
42048.883
41827.715
42104.082
41770.051
41476.949
40947.715
41532.883
41624.984
40788.148
41717.516
41324.617
41671.984
41835.617
41325.785
41583.285
41218.648
40368.816
39941.918
40396.285
40166.184
39859.883
40293.051
40301.551
41350.648
41116.551
41768.449
41951.551
41613.918
41521.816
41927.648
42244.148
41699.051
41187.816
40992.383
40932.949
40440.316
40258.816
40198.918
40793.617
40876.383
40750.418
40723.785
41352.352
41400.051
41003.75
40712.648
40763.484
40353.383
39687.148
39151.383
39201.082
39187.383
38811.484
39127.184
39510.484
40066.25
40359.883
40443.316
40775.75
41013.316
41356.617
41323.184
41449.285
41221.852
41058.684
41579.582
40977.418
41434.785
41129.484
40619.316
41202.082
41129.316
41294.418
40911.051
40742.949
40654.715
40652.215
40044.715
40242.016
39898.785
39737.816
40040.117
39685.285
39516.918
39476.418
39338.051
40177.082
40406.715
39597.418
39713.316
40358.082
40224.449
40125.617
40577.715
40068.418
39733.648
39677.75
38844.852
39377.352
38499.449
38761.484
38615.383
38561.816
39137.516
38912.285
39201.852
39119.082
39051.984
39381.684
39288.117
39663.617
39549.383
39051.617
39116.984
39363.883
39461.117
38683.684
38956.918
39183.551
39183.516
38618.082
39010.316
39747.684
39307.184
39025.883
39865.785
39910.215
39807.184
39485.75
39070.383
39633.352
39123.383
39363.684
39305.582
39039.285
39166.918
39061.418
38871.25
39208.883
38939.25
38241.016
38404.184
38678.352
38496.117
37854.75
37888.383
37560.684
37486.516
37214.684
36836.184
37456.148
37454.383
37100.484
38036.383
37957.75
38194.449
38139.551
37854.316
38360.285
38145.383
37811.016
37316.383
37809.016
38021.516
37151.418
36431.117
35682.684
34991.984
34409.551
33764.051
33381.148
32799.717000000004
32346.482
33462.785
34079.148
34142.051
34693.816
35393.648
36543.484
36246.852
36742.082
36498.383
36420.816
36654.516
36222.75
36084.516
36251.418
36154.715
35838.215
35927.516
36036.883
36255.648
35997.285
35749.117
36144.418
35913.25
35910.484
35691.184
36115.816
36089.051
35725.949
36315.117
36111.016
35942.516
35511.949
35299.582
35382.148
35228.516
35166.016
35359.582
35103.352
35494.852
35531.215
35329.25
35533.352
36016.984
35655.684
35411.785
35768.617
35836.582
35706.285
35839.25
35736.883
35313.449
35166.75
35121.785
35258.816
35126.516
34354.949
34758.715
34637.684
34854.383
34736.215
34512.715
34680.883
34825.984
35105.883
34603.785
34863.352
35104.582
34527.352
34807.184
34755.484
34677.918
34165.551
34267.516
34197.352
34226.852
34271.016
34139.516
34076.148
34069.25
33493.75
33769.051
33563.883
33846.582
33387.148
33718.516
34309.484
33987.648
34425.883
34305.117
34232.148
34659.117
34400.75
34473.785
34487.484
34385.184
34573.551
34392.316
34579.148
34305.184
34518.816
34268.648
34667.418
34050.852
34190.684
33878.648
34138.352
34286.852
33851.617
33671.852
33874.949
33767.117
33775.215
33877.316
33943.285
34025.852
33959.484
33901.449
33821.352
33472.051
33057.816
32969.051
33107.018
32616.051
32346.084
32473.383
32876.416
32846.717000000004
32393.949
32399.982
32821.75
32568.584
32261.75
31996.25
32262.35
32077.051
31696.684
31218.051
31573.816
31649.584
31620.217
31895.449
31764.816
31809.916
31259.35
31417.25
31031.018
30959.184
30235.416
30083.117
30133.482
29659.449
29636.482
28975.65
29309.551
29002.184
28423.883
27663.184
27562.551
27638.518
27491.35
26882.449
27143.684
27069.25
27329.217
27422.184
27999.416
28413.85
29210.684
29941.717
30085.35
30208.982
30256.75
30474.783
30298.816
29945.916
30030.949
29816.449
30079.551
29795.449
30100.018
30178.65
30469.684
30452.449
30642.283
30522.184
30975.617
30833.25
30559.283
30850.117
31169.551
30903.316
30623.551
30391.518
30719.816
30630.25
30388.018
30320.051
30419.684
30472.783
30830.084
30063.051
30580.482
30591.383
30604.018
30407.25
30695.35
30448.65
30061.883
30075.65
30213.35
30379.85
29696.551
29587.982
29798.482
29539.316
29443.883
29634.982
29771.949
29484.051
29345.684
29160.25
29089.949
29122.117
29208.551
29138.184
29121.35
29055.982
29063.617
28970.916
28839.35
28799.65
28638.35
28075.982
28491.482
28047.383
28135.482
28101.518
28311.084
28019.383
28180.816
28086.117
28162.816
28513.051
28265.883
28598.051
28442.084
28637.65
28456.883
27927.518
28124.617
27914.449
27769.617
27995.184
27854.084
27835.783
27837.684
27777.916
28178.482
28636.584
28202.551
28749.783
28836.15
28637.518
28737.482
28422.184
28666.617
28770.982
28919.35
29093.85
29177.949
29544.982
29437.15
29813.383
30109.416
30422.717
29891.084
29792.717
30085.75
30587.051
30413.35
30870.449
31048.482
31473.783
31228.283
31355.25
31248.883
31004.316
30232.15
29235.85
28685.816
28373.316
28079.551
27830.316
27598.482
27602.916
27495.551
27369.051
27609.684
27480.449
27495.816
27464.783
27848.084
27570.449
27412.551
27112.184
27066.283
27250.916
26874.416
27125.117
27028.217
27225.584
27267.084
27291.316
27420.684
27604.184
27274.35
27353.584
27744.551
27519.85
26983.283
27282.85
27655.75
27432.518
27054.684
27371.316
27622.883
27059.383
27460.75
26739.518
27105.084
26810.916
26549.416
26696.449
26562.482
26631.65
26357.949
25894.717
26518.551
26655.117
26325.084
26288.184
26513.217
26239.184
26630.018
26075.25
26266.949
26296.316
26470.75
26461.65
26589.416
26326.916
26437.217
26584.25
26821.482
26372.65
25950.35
26002.449
26244.949
26373.449
26093.018
26199.982
26103.283
26308.85
26059.482
26062.982
26124.416
26057.051
25604.217
25380.717
26012.084
25792.982
25368.816
25283.982
25714.816
25298.117
25311.217
25409.383
25702.416
25403.717
24376.883
25154.449
25584.217
25184.85
25135.283
24794.982
25045.816
25108.916
25365.416
25305.383
25212.883
24914.316
24954.15
24955.25
24413.084
24217.383
23693.283
23954.316
23518.084
23937.184
23468.084
23544.051
24775.883
24586.717
24597.416
25194.518
25024.35
25087.65
24631.883
24447.85
24237.75
24288.783
24018.084
24096.25
24162.684
24213.916
23767.416
24022.184
24639.883
24186.717
23710.816
24032.518
24266.416
24375.449
24029.416
24167.25
24290.684
23950.916
23645.883
23284.316
23686.617
23242.518
23147.949
22783.184
22747.15
22804.184
22124.084
21679.518
21576.283
20190.916
19438.084
18621.65
18790.551
18776.117
18858.75
19088.117
19898.617
20716.783
21207.551
21293.184
21446.217
22122.584
22589.35
22484.85
22173.416
22613.25
22508.217
22615.117
22611.084
22225.051
21910.217
21785.982
22227.75
22093.982
21651.283
22339.518
22234.35
22469.717
22522.084
22431.518
22513.416
22539.717
22258.018
22344.051
22446.684
22649.916
22158.084
22219.184
22567.883
22698.783
22564.684
22620.85
22719.217
22730.383
22612.75
22094.65
22580.283
22560.184
22206.416
22014.65
22256.883
22378.25
22201.018
21739.316
22025.283
22337.584
21685.15
22359.25
22505.416
22458.25
22888.416
22587.717
22694.35
22663.65
22402.283
22603.117
22509.482
22435.184
22083.816
22137.916
22219.283
22261.584
22148.416
22234.449
22444.283
22462.051
22164.551
21955.25
22224.283
22101.717
22293.551
21862.449
22386.217
22196.117
22341.551
22384.65
22458.217
22405.584
21919.883
21676.717
22223.949
22060.051
22272.283
21835.184
21777.816
21842.316
21733.217
22109.316
21893.816
21830.982
21286.482
21299.518
21381.883
21691.184
20812.816
21100.916
21335.084
21283.383
21074.15
20921.65
21357.15
21268.449
21046.617
21188.584
21283.084
21473.783
20741.084
20947.65
21444.15
21455.117
21124.816
20989.584
21106.949
21301.717
20946.617
20892.982
21057.551
20972.449
20424.084
20707.982
20716.617
20542.584
20526.551
20647.383
20336.617
21071.25
20438.551
20328.383
20467.883
20507.783
20394.15
19808.65
20339.75
20355.449
20063.15
19779.518
20279.35
20129.051
20024.084
19518.982
20073.283
20055.85
19958.617
20037.25
19652.084
19943.184
19801.949
19341.117
19630.482
19426.449
19474.551
18976.584
19411.482
19294.518
18686.084
18352.25
19132.883
18917.449
18739.35
18644.184
18895.551
18716.783
18388.551
18304.383
18962.018
18689.783
18500.283
18365.85
18841.684
18389.65
18257.684
18097.316
18740.217
18538.916
18277.883
18175.65
18393.018
18102.383
17716.217
17421.117
17888.949
17958.25
17885.283
18174.383
18304.75
18152.117
17570.15
18235.316
18025.084
17916.783
17886.15
17752.184
17691.084
17861.117
17376.883
17385.383
16773.616
16058.05
15368.35
14647.45
14244.217
14131.116
14097.684
14008.983
14929.616
15412.983
15589.017
16049.05
16350.95
16389.583
16469.55
16380.783
16529.217
15987.116
16016.75
15301.384
16300.283
16252.25
15999.283
15919.583
16352.417
16569.85
16735.551
16417.584
16851.816
17036.85
16690.551
16753.25
17090.018
17097.051
17090.551
17200.316
17352.684
17348.117
17096.75
16716.449
17637.35
17381.316
17331.35
16952.449
17638.15
17752.518
17499.949
17739.982
17754.482
17291.383
17491.018
17141.783
17723.018
17579.982
17462.949
17390.117
17411.084
17679.783
17233.75
17786.383
17737.482
17789.051
17715.084
17318.982
18018.283
18006.65
17532.283
17713.518
18371.35
18098.383
17813.283
18354.916
18569.15
18213.85
17974.883
18113.85
17731.084
17881.916
17402.482
17585.584
17861.416
17789.85
17798.35
18242.117
17924.75
18026.383
17408.217
17255.916
18179.018
17979.783
17835.617
17964.449
17785.018
17883.916
17979.551
17644.717
17685.15
17691.85
17627.482
17601.65
17778.617
17412.383
17546.018
17387.783
17754.416
17491.717
17658.217
17580.982
17979.75
17531.982
17625.551
17545.85
17762.416
18012.982
17995.684
17874.783
17818.949
17663.65
17547.35
17811.051
17952.816
18079.518
18033.15
17662.051
18276.949
18131.316
18117.35
17573.916
18148.617
18044.383
17837.816
17716.25
17830.35
17925.85
18112.617
17968.449
18064.018
17771.85
17852.35
18078.982
17751.018
17864.25
17754.949
17565.184
17757.75
17807.316
17591.283
17517.449
17679.617
17885.184
16986.35
17728.449
17748.75
17657.051
16951.883
17348.184
17665.75
17771.982
17598.684
17638.518
17579.949
17733.518
17451.15
17313.25
17730.617
17490.518
17558.084
17242.316
17456.551
17508.383
17221.416
17117.717
17439.949
16983.916
17041.949
16838.518
17171.018
17048.25
16717.217
17045.982
17043.217
16772.85
16906.617
17067.449
16888.018
16842.85
16583.617
16625.25
16952.35
16608.584
16769.75
16411.184
16471.483
16561.517
16425.55
16506.717
16315.483
16256.384
16230.95
16224.85
16426.217
16422.65
16340.816
15459.116
15750.95
15668.983
15527.816
14936.85
14915.684
14967.85
14675.75
14038.116
14573.283
14465.783
13617.35
14021.25
13937.55
13558.05
13716.616
13181.917
13341.283
13159.983
12912.95
13034.85
13283.283
13135.316
13288.417
12075.717
12856.283
12960.717
12477.017
12753.116
13015.417
13065.116
12761.017
13176.45
13381.95
13387.384
13542.083
13931.05
13917.417
13727.65
13833.283
13626.05
13615.483
13782.25
13758.816
13205.85
13680.417
13547.45
13243.017
12684.517
13016.35
12834.116
12523.95
12434.717
12329.616
12382.384
12229.816
12092.05
12473.816
12447.85
12361.75
12351.116
12467.083
12308.05
12185.684
12097.25
12514.95
12352.25
11985.616
12425.983
12802.816
12582.517
12319.884
12439.316
12404.75
12469.85
12405.55
12312.517
12366.816
12117.783
11567.483
12118.45
12009.017
12121.517
12247.816
11734.517
12262.884
12106.983
11384.35
11719.45
11922.15
11776.05
11858.417
12091.917
12191.75
12147.65
12362.483
12267.45
12375.616
12204.583
12192.483
11879.917
12154.283
12235.184
11931.15
11923.783
12208.083
12180.85
11915.083
12349.184
12372.217
12510.316
12044.816
12256.384
12406.15
12349.316
12570.55
11865.25
12389.95
12226.25
12425.684
12033.583
12720.417
12423.85
12576.816
12193.983
12746.75
12669.917
12339.15
12133.85
12367.283
12148.05
12051.083
12273.65
12201.95
12090.583
11750.75
11737.983
11951.483
12130.05
11989.616
12180.517
12134.217
11944.917
11744.684
11981.384
12042.417
11932.45
12199.95
11614.116
11908.75
12156.517
12131.55
11837.384
11882.283
11447.116
11166.75
11624.517
11539.95
11592.783
10793.684
11324.116
11607.616
11476.05
11189.35
11541.517
11741.616
11350.184
11511.95
11350.517
11572.75
11254.384
10985.55
10949.384
11297.217
11246.517
10795.417
11073.583
11072.55
11222.783
11036.417
11099.983
11169.15
11048.316
10841.75
11077.583
11208.816
11118.917
10966.417
11301.184
11052.017
11146.517
11040.75
10866.116
11020.616
11011.116
10837.35
10732.717
10756.55
10861.184
10570.017
10478.917
10965.083
10946.85
10646.083
10683.45
10934.816
10939.316
10496.483
10576.783
10792.35
10557.917
10356.417
10770.316
10737.616
10521.316
10737.684
10537.517
10586.884
10538.25
10243.816
9890.917
10611.017
10250.116
10466.816
10302.517
10391.217
10200.45
10151.816
10013.316
10332.35
10203.25
10124.483
9850.384
10126.75
10152.25
9963.75
9922.65
10227.417
10180.85
9689.483
9834.316
10130.884
10090.517
9399.684
9574.316
10029.417
9959.983
9849.55
9516.917
10080.217
9953.116
9878.75
9622.316
9795.55
9616.184
9470.684
9637.517
9794.616
9579.583
9421.35
9502.917
9931.017
9910.184
9695.95
9437.717
9533.75
9673.917
9479.884
9317.783
9626.283
9569.184
9546.616
9209.45
9369.15
9495.517
9427.483
9272.316
9467.816
9277.384
9667.083
8992.583
9436.55
9377.917
9149.884
8722.116
9450.95
9394.05
9408.75
9092.65
9198.884
9018.316
9150.95
9255.783
9539.75
8758.917
9059.283
8851.184
9126.15
8537.917
8156.017
7526.983
7315.55
6534.783
5763.55
5198.65
4610.75
3867.783
3502.55
2846.25
3156.483
3057.583
2796.483
2986.25
3877.283
4058.383
4019.3500000000004
4984.317
5512.017
5778.117
6102.95
5442.117
6181.683
5809.917
5651.883
5316.45
5110.75
5202.783
4901.683
4683.517
5055.75
5115.917
5080.75
4868.317
5602.417
5361.917
5415.217
6009.65
6053.883
6280.25
5950.417
6457.117
6615.817
6589.983
6586.417
6858.717
7103.35
7129.45
6669.883
6917.783
7469.883
7463.383
7026.417
7542.717
7774.683
7925.05
7824.483
7815.25
8299.95
8260.117
7660.55
7801.317
8487.55
8562.383
8386.617
8100.517
8643.017
8447.117
8259.75
8220.25
8718.616
8523.45
7650.617
8539.184
8680.417
8749.05
8417.55
8191.517
8706.816
8616.517
8445.75
8347.45
8485.616
8598.783
8199.684
8007.384
8935.017
8511.116
8313.15
8338.65
8676.217
8585.116
8444.95
8403.983
8614.35
8573.45
8384.884
8377.316
8669.083
8624.25
8504.217
8386.116
8686.483
8616.917
8052.017
8278.25
8600.816
8522.65
8174.35
8089.384
8487.017
8366.717
8412.483
8169.05
8422.883
8549.783
8251.55
7805.717
8584.617
8460.117
8451.417000000001
8279.45
8766.55
8495.25
8308.283
8119.9169999999995
8588.817
8358.85
7942.817
7792.85
8421.617
8366.45
8360.617
7782.65
8483.883
8325.517
8187.75
8251.717
8455.417000000001
8415.317
8219.15
8158.917
8670.55
8460.582999999999
7632.683
7972.25
8568.817
8326.917000000001
8316.55
8166.183
8539.283
8440.05
8008.217
7794.317
8372.217
8216.783
8181.883
8070.117
8386.617
8346.05
8202.017
7741.983
8445.35
8353.317
8011.483
7690.917
8284.017
8415.317
8087.883
8034.05
8372.55
8005.983
7970.35
8098.117
8123.083
8023.983
7896.75
7701.45
8273.017
8106.583
7738.95
7670.05
8140.95
8249.183
7589.883
7668.383
8140.483
8057.383
8090.35
7856.05
8035.817
7980.183
7915.483
7608.783
8246.95
8016.917
7724.217
7703.717
8092.283
8012.45
7819.683
7330.25
7961.283
7875.117
7768.283
7256.717
8042.15
7851.317
7365.95
7759.45
7864.683
7776.317
7353.217
7457.85
7640.35
7733.383
7501.617
7461.25
7732.883
7522.783
7511.417
7294.717
7595.417
7634.983
7156.683
7123.117
7606.617
7549.783
7253.15
7197.583
7276.35
7487.05
7030.15
7161.983
7235.217
7298.85
7091.75
6895.983
7451.283
7312.183
6944.017
6605.183
7152.15
7333.65
7135.683
6849.183
7198.017
7147.05
6460.75
6851.317
7281.15
6937.517
6787.217
6831.517
7088.283
7100.85
6726.483
6593.85
7005.083
7076.65
6932.617
6832.117
7137.017
6956.383
6659.283
6392.45
7028.083
6844.183
7075.15
6566.783
7084.017
7005.117
6466.217
6533.183
7009.017
6839.05
6657.483
6741.117
6992.283
6913.583
6516.15
6445.983
7056.283
6802.05
6637.95
6702.25
6926.217
6787.317
6358.617
6238.517
6621.283
6569.65
6080.017
6211.517
6676.617
6508.85
6679.217
6365.583
6712.683
6567.783
6777.417
6384.183
6625.817
6509.183
6150.75
6166.317
6626.217
6478.45
6033.217
5500.583
6448.083
6501.317
6053.417
6231.183
6457.15
6257.05
6113.817
6081.517
6423.95
6222.783
6050.883
5721.717
6286.95
6336.717
5617.483
5795.917
6352.417
6138.117
5867.35
5648.917
6260.95
6204.85
6131.483
5725.917
6297.483
6231.25
6161.017
6047.717
6254.283
6095.517
4882.55
5379.983
6146.217
6220.983
5826.017
5579.717
6079.95
6208.45
5570.483
5563.85
5984.883
5949.45
5511.017
5522.317
6014.683
5973.717
5342.35
5336.117
5878.683
5830.517
5559.75
5575.383
5818.883
5737.783
5333.017
5696.583
5805.817
5829.383
5295.217
5535.783
5915.95
5693.783
5230.883
5150.85
5753.483
5724.983
5599.15
5037.117
5806.35
5688.917
5021.35
5151.317
