264.2
74.417
-133.6
147.683
445.067
122.35
209.46699999999998
234.75
227.0
255.21699999999998
115.0
-172.183
205.8
210.417
14.332999999999998
-37.31699999999999
346.6
-1.316999999999993
59.6
363.217
417.467
174.35
461.66700000000003
143.15
282.6
200.417
221.867
-129.38299999999998
199.667
201.417
313.8
13.283000000000001
277.933
198.55
235.2
11.017000000000003
550.933
477.217
83.467
-69.983
243.6
116.95
-14.867000000000004
178.417
201.13299999999998
225.88299999999998
142.0
222.683
209.86700000000002
238.15
-45.667
25.950000000000003
610.267
275.617
-17.400000000000006
-260.117
425.933
433.08299999999997
36.266999999999996
38.283
376.733
438.217
374.733
224.35
420.0
366.15
146.4
319.617
385.0
384.483
324.4
-143.85
435.33299999999997
276.817
34.2
73.55
381.8
187.35
134.86700000000002
72.283
297.933
490.95
201.53300000000002
57.483000000000004
236.6
339.75
32.8
9.816999999999993
229.267
206.15
490.733
-1.316999999999993
174.0
216.083
337.66700000000003
-66.783
193.4
250.75
192.53300000000002
84.683
410.133
347.35
-227.2
25.483000000000004
396.2
298.817
218.733
211.21699999999998
468.0
281.41700000000003
-14.733000000000004
263.817
104.2
327.617
246.933
279.217
399.733
277.217
545.533
-228.45
318.133
362.017
95.733
356.35
386.267
451.883
253.0
96.95
345.933
232.21699999999998
-72.6
116.95
336.66700000000003
304.617
129.4
8.816999999999993
408.067
436.017
51.667
-247.65
346.33299999999997
307.883
80.333
126.883
271.067
411.817
328.067
40.083
290.933
329.283
-285.933
-135.583
292.867
198.817
155.13299999999998
-14.650000000000006
328.0
255.88299999999998
53.867000000000004
213.75
407.8
294.75
247.733
-109.983
452.867
402.017
431.6
138.95
482.8
278.683
150.667
336.08299999999997
393.2
67.15
368.733
-166.65
133.933
223.35
-1.1329999999999956
361.08299999999997
577.133
421.283
161.933
-92.25
489.4
144.417
439.933
24.483000000000004
381.933
347.41700000000003
300.6
381.617
514.2
335.217
427.067
296.95
333.0
223.15
369.533
-357.717
376.467
352.95
159.8
136.817
131.933
314.95
466.533
178.017
238.067
299.75
115.667
-204.11700000000002
262.8
384.883
454.733
181.017
380.067
307.017
41.0
-323.117
438.0
231.483
-75.533
12.216999999999999
256.2
187.95
-1015.067
-101.517
123.4
263.75
240.067
-70.983
558.867
393.017
260.6
59.55
263.6
219.35
-122.8
424.95
513.667
265.883
-190.733
31.950000000000003
309.4
315.217
-121.533
338.483
375.6
256.55
390.8
332.617
322.067
411.15
241.333
169.417
372.33299999999997
246.083
401.533
23.683000000000007
391.867
433.283
325.4
-83.317
223.4
312.017
79.467
-289.383
371.467
338.15
249.8
-126.25
342.533
325.08299999999997
204.867
81.217
362.2
347.41700000000003
-166.0
195.883
330.533
52.349999999999994
-148.0
159.88299999999998
268.467
205.35
309.467
167.61700000000002
254.733
507.617
92.867
162.083
377.33299999999997
525.483
381.0
154.75
219.86700000000002
276.017
89.467
493.08299999999997
356.533
199.683
-156.2
92.017
203.86700000000002
285.35
262.66700000000003
-10.716999999999999
530.0
546.217
14.066999999999993
271.483
365.8
344.217
221.4
96.55
331.867
376.017
74.933
118.95
294.267
314.95
167.733
295.15
468.867
427.35
396.33299999999997
96.75
547.933
174.75
370.267
-146.517
356.867
166.417
-99.4
277.683
324.867
191.483
515.0
376.483
372.533
249.817
629.267
65.217
368.2
271.017
-48.06700000000001
258.283
623.0
406.61699999999996
527.333
-45.983000000000004
427.733
347.08299999999997
376.33299999999997
176.083
328.2
504.15
-72.06700000000001
199.75
587.4
308.08299999999997
117.6
141.883
329.533
337.483
492.33299999999997
151.35
630.0
520.017
670.8
419.88300000000004
666.0
472.61699999999996
198.2
298.283
355.267
560.15
737.467
146.95
658.533
535.417
487.86699999999996
635.75
550.667
454.41700000000003
304.4
599.55
436.467
709.283
56.13299999999998
226.28300000000002
502.8
490.017
511.133
336.283
829.4
492.217
654.933
479.15
626.6669999999999
599.4169999999999
619.733
251.28300000000002
953.133
417.483
515.533
449.95
788.4
478.55
639.2
528.017
534.6
786.55
695.933
580.75
536.6669999999999
786.217
551.933
371.417
862.267
658.617
553.3330000000001
497.95
487.333
580.617
698.8
566.95
805.8
679.95
481.267
415.15
577.133
688.617
575.867
456.15
802.867
374.75
640.733
378.417
590.067
481.683
653.6669999999999
739.95
632.467
365.617
681.933
869.0830000000001
358.067
776.95
625.0
658.483
690.6669999999999
655.483
501.067
857.617
1035.267
548.617
565.8
1154.883
786.533
991.217
361.33299999999997
561.083
1019.133
858.75
973.733
1050.15
561.6
534.95
665.533
631.35
1174.533
992.217
470.13300000000004
943.617
833.733
1060.417
1088.933
904.617
825.467
1163.55
450.533
724.35
843.333
997.817
1323.4
1255.75
1199.333
1110.617
916.0
1040.35
1051.467
965.883
594.267
812.617
1152.933
984.617
1236.8
807.35
1313.2
1199.617
1298.933
1104.683
1268.933
1184.55
778.867
1241.617
1100.4
1020.95
950.8
1093.217
1070.733
1184.817
1092.4
861.483
1201.133
951.083
932.6669999999999
820.3499999999999
1282.6
1172.617
1101.133
1176.217
1287.0
1036.15
1031.467
933.4169999999999
1204.867
1239.017
1116.6
872.417
1365.067
1092.15
1147.8
1129.15
1267.533
1143.217
646.8
1069.617
1146.933
1209.017
1237.867
1401.617
1531.067
1349.283
1371.533
1344.15
1461.667
1529.283
1363.733
1439.483
1434.933
1428.817
1601.067
1449.417
1831.933
1312.883
910.4000000000001
1165.283
1385.933
1664.417
1382.133
1476.683
1830.733
1637.15
1540.267
1461.75
1694.533
1749.35
1769.2
1499.283
1863.267
1535.483
1435.467
1345.883
1404.733
1352.35
1666.8
1012.95
1399.6
1508.617
1738.333
1364.617
1680.4
1566.75
1771.667
1584.55
1649.8
1735.417
1716.8
1619.683
1925.0
1501.683
2029.6
1768.75
1806.4
1723.883
1626.267
1823.083
2056.2
1438.35
1538.267
1836.883
2080.933
1800.817
1893.0
1638.883
1722.4
1609.883
1682.733
1798.217
1754.067
2056.683
2308.733
1594.217
2168.533
2135.95
2027.267
1942.35
2009.067
1876.417
1828.733
2136.083
2075.6
1877.817
1677.2
1800.55
1732.2
1691.35
2035.733
1904.283
2053.2
2262.283
2053.133
2189.883
2412.333
2132.95
2455.933
2283.883
2624.0
2365.617
2219.8
2453.617
2453.067
2370.75
2177.933
2333.95
2157.4
2241.417
2113.533
2310.617
2277.933
2094.417
1769.6
2049.683
1989.8
2005.55
1829.0
1760.817
2041.2
1785.55
1739.0
1456.883
2075.467
1654.817
1985.8
1953.283
2142.867
2579.083
2343.467
2613.883
2465.8
2622.417
2765.8
2385.417
2588.133
2550.083
2279.067
2201.15
2498.533
2347.617
2596.467
2172.483
2434.2
2479.817
2435.667
2582.483
2551.2
2574.55
2744.733
2666.017
2734.733
2726.817
2645.467
2359.15
2702.133
2739.283
2583.2
2826.617
2912.067
2768.883
2662.0
2381.417
2888.867
2740.483
3041.667
3292.35
3370.133
3695.683
3698.733
3530.617
3482.467
3412.217
3507.6
3124.483
3678.067
3378.883
3532.933
3436.883
3688.6
3184.817
3347.2
3495.95
3369.067
3427.35
3195.8
2910.35
3505.4
3576.883
3467.2
3604.35
3765.267
3738.617
3636.6
3385.483
3759.4
3703.817
3188.267
3424.15
3389.0
3595.483
3442.133
3691.683
3864.067
3617.95
3510.933
2989.417
3280.667
3387.617
3452.067
3157.883
3564.533
3239.95
3307.6
3118.617
3073.933
3012.083
2906.6
2992.883
3009.4
3123.35
2922.867
3040.217
2832.867
2998.617
3091.6
3175.75
3452.267
3600.15
3699.4
3857.417
3663.6
3747.483
3328.533
3844.817
3627.867
3621.883
4136.067
3807.883
4481.267
4468.417
4373.8
4569.15
5157.933
4623.283
4773.667
4255.35
4440.6
4364.15
4025.667
3787.35
3856.0
3718.75
3519.6
3620.217
4113.6
3710.55
3985.667
3995.4170000000004
4479.667
4441.217
4602.467
4360.017
4203.267
4066.75
3748.8
3631.017
3744.2
3356.883
3230.6
3118.217
3178.533
3125.75
2569.067
2910.483
2919.2
2584.083
2278.933
3009.017
3040.133
3139.15
3417.467
3133.683
3914.667
4105.95
4197.532999999999
4034.15
4118.6
3915.15
3575.267
3718.35
3662.267
3833.283
3816.867
3607.55
4187.2
3843.283
3997.2
3906.417
4076.8
4016.017
3948.6
3403.283
4003.733
3850.483
4028.2
3972.683
3875.2
3893.75
3925.667
3900.55
4576.667
4588.883
4560.067
4790.217
4937.333
5028.55
5013.867
4844.15
5186.4
4920.617
5317.333
4883.55
5346.333
5748.483
5069.133
5301.75
5427.067
5205.017
5198.6
4506.55
4440.933
3909.217
3730.533
2866.483
2782.133
2319.883
2153.133
2154.817
2686.733
2902.417
3213.667
3664.95
3976.6
4136.217
4415.8
4826.15
5092.6
5438.883
5335.467
5322.95
5497.667
4949.55
4854.333
4609.95
4268.2
3555.75
3318.667
3041.083
3019.6
3353.35
3487.333
3983.683
4772.667
4986.283
5180.733
5947.283
6205.733
6271.217
6635.6
6355.15
7040.6
7069.417
7471.0
7151.683
7116.333
7519.083
7269.4
7329.55
7483.6
7327.017
7569.467
7357.417
7997.0
7801.083
7918.333
7670.95
8177.267
7996.083
7834.867
7894.75
8444.0
8218.082999999999
8159.4
7962.217
8127.467
7673.217
7786.867
7941.083
8012.867
8416.017
8176.267
8248.95
8308.667000000001
8034.617
7743.8
7514.817
7760.933
8005.35
8185.533
8071.683
8052.333
8065.15
8027.2
7872.75
7860.067
7803.483
7664.333
7748.417
8196.067
7951.55
8122.6
7821.617
7978.4
8158.817
7973.867
8341.483
8484.667
8456.483
8558.6
8626.483
8734.267
9041.417
9254.667
9080.816
8987.267
8961.017
8379.533
7858.017
8052.933
8000.217
7911.6
7810.483
8093.933
8314.35
8435.667
9019.017
8957.934
9523.95
9443.066
9471.217
9471.733
9886.417
9234.467
9375.95
9816.066
9325.417
9394.134
9576.483
9541.0
9376.816
9951.333
9433.483
9770.8
9702.684
9610.4
9341.95
9619.667
9484.816
9529.866
8972.483
9578.4
9412.616
9364.0
9015.217
9426.267
9752.95
9907.8
9551.616
9870.0
9915.75
9738.8
9752.75
9674.4
8745.75
9213.134
9214.616
9323.2
8837.017
9468.4
9241.55
9337.667
9093.884
9032.467
9370.283
9510.0
9427.417
9516.4
9268.217
9062.667
9048.816
8467.934
8743.283
9422.667
9131.083
9305.066
9627.35
9926.0
9990.684
10187.533
9829.483
9982.533
10102.15
10043.267
9608.684
9502.333
9003.884
9198.2
8462.15
9119.0
9308.55
9001.333
8965.15
9741.0
9697.083
9184.066
9245.483
9990.733
10173.083
9893.134
9708.816
9844.667
9905.684
9663.934
9592.884
9818.533
9642.15
9913.8
10184.55
9881.733
10123.283
10353.934
9528.616
9819.934
9700.483
9285.267
9575.417
8889.8
9177.217
9158.8
10058.616
9982.267
9815.15
9808.934
9375.616
9686.6
9631.283
9982.2
9619.283
9430.2
8938.95
8842.467
8527.683
8180.733
8086.55
7537.0
7444.15
7425.867
7420.217
7875.933
8266.817
9101.6
9686.35
10650.267
10776.684
11749.267
10960.483
10491.267
10908.616
10799.066
10628.283
11359.8
11405.083
11629.667
11456.217
11410.0
10764.483
10398.733
10056.884
10316.267
10199.15
11398.866
10869.017
11449.733
11506.083
11784.2
11830.884
11451.533
12175.95
12312.333
12874.684
12785.333
12890.283
13142.6
13474.35
12502.066
12728.35
12154.134
12439.083
12425.866
12809.95
12317.2
12085.283
11722.467
11519.75
11755.134
11494.15
10668.267
11461.417
11315.066
12052.217
12229.4
12253.75
13111.0
12742.616
12427.2
12694.083
12724.934
12526.816
12502.066
12629.616
13077.533
13485.217
13564.8
13209.017
13377.467
14859.35
13677.6
13744.083
13985.4
13410.417
13943.2
13897.75
14525.6
13991.684
13474.533
13748.884
13989.467
13862.816
13404.533
13307.35
14343.0
14755.217
14366.934
13815.083
14138.6
13929.483
13824.333
12983.616
13893.733
13760.017
13423.6
12798.816
13360.2
13615.483
13583.8
13207.217
14175.267
14175.083
13959.6
14345.75
14510.8
15169.816
14498.134
14301.283
14887.8
14435.15
14717.866
13923.417
14252.333
14943.417
14525.4
14650.616
14713.0
14309.884
14503.2
14891.816
15511.333
15264.217
15214.134
15364.217
15245.333
15636.816
16079.467
15652.217
15606.6
15248.95
15268.934
14741.083
15231.533
14824.283
15194.0
14534.616
14173.533
14381.884
14298.6
14018.283
14581.0
14124.35
14253.0
14335.283
14334.467
14394.15
14207.934
14797.884
15271.267
15580.55
14774.0
14842.75
14943.733
14364.483
15174.667
14794.816
15354.667
15354.083
15673.6
15694.417
15861.267
16072.15
15542.267
15088.283
16680.4
16093.55
16009.934
16217.417
16472.8
15334.816
16016.0
15308.816
16265.4
16008.75
15350.333
15836.616
16287.066
16048.417
16165.467
17033.75
16503.467
15956.283
15741.267
15533.15
15446.2
15975.684
16561.066
16510.083
17141.199
17285.684
17605.801
17161.35
17240.467
17604.883
17337.6
17332.35
17401.801
17456.283
17828.4
17485.949
18154.268
17961.949
18080.533
18490.084
18323.4
18261.816
17835.334
17976.482
18250.867
17848.684
17719.666
17592.816
18245.533
17910.949
18877.801
18187.684
17821.6
18285.551
18404.066
19108.949
19177.066
19271.949
18685.0
18960.816
18458.6
18683.416
18427.6
18735.883
18987.533
20668.617
19149.867
19945.883
20280.4
20434.75
19877.6
21158.084
20653.801
20955.684
21600.732
22299.15
21162.732
21683.217
21163.533
21479.883
23071.4
21603.084
21749.4
20957.617
20948.4
21029.551
21682.0
21488.217
21980.0
22728.018
22158.934
22914.35
23571.199
24198.416
24214.533
24376.018
25137.732
25844.617
25144.6
23889.35
24673.199
24871.018
24177.133
24684.217
25266.0
25271.35
25066.6
25563.617
26150.801
25492.084
26915.467
27534.084
27150.4
26604.816
27691.467
27522.684
27561.334
27315.018
27666.199
27759.684
27564.0
27673.883
27229.867
27497.617
28402.934
29084.75
29496.6
29802.949
31126.6
31403.816
30837.4
31485.217
31491.867
31255.35
31258.467
30357.35
31320.0
30509.75
30423.133
32009.482
32604.066
32840.551
32968.334
33101.684
33865.332
32993.148
33280.934
32707.285000000003
33033.199
33265.75
32693.332000000002
33435.215
34156.801
34507.816
34664.133
34835.551
35221.0
35211.949
34645.266
34993.75
34824.602
34918.883
34313.934
34889.551
35017.133
35192.418
35597.867
35088.148
34959.535
35193.082
35217.668
35234.148
35336.199
35706.285
35390.266
35577.148
35777.133
35569.352
34528.535
34017.352
32353.666
31061.816
30080.4
29784.816
29735.666
30165.217
30148.467
31441.482
33013.0
33534.016
34154.535
34318.352
34555.535
35377.148
36367.133
36002.949
36680.668
36744.883
36403.398
35579.684
35331.465
35578.551
36157.266
36426.816
36894.465
37531.418
38405.465
38922.949
39052.199
39092.949
38373.801
38261.082
37789.602
38092.285
38149.0
38145.883
38132.801
37439.148
36995.266
36830.082
36274.668
36323.352
36678.266
36387.215
37907.535
38089.285
38397.332
39053.484
39302.398
38375.484
38654.535
38215.215
38275.199
38615.016
39001.867
39404.215
40399.266
40225.883
40871.668
40372.484
40345.867
39888.75
39158.066
39383.484
39335.398
39490.418
39242.398
39520.148
40104.133
40404.551
39946.867
40040.215
41069.867
40536.484
40969.465
40234.418
40879.602
40316.883
39421.332
38943.684
38576.133
38453.148
38736.133
38998.617
39417.465
40579.352
40263.934
41143.617
40617.535
40621.75
40435.398
39962.148
39659.133
39208.016
38547.066
38700.082
38743.535
38484.285
38745.465
38694.285
38428.0
38518.352
38395.668
38501.551
39029.266
39478.617
39412.133
39912.883
40634.602
40891.484
40738.734
41125.684
40898.266
40799.418
40054.398
39654.148
39136.398
39476.551
39810.266
39546.215
40384.602
40739.949
41301.398
41586.75
41603.133
41517.484
42380.0
42677.215
43207.398
43303.418
42991.602
42825.352
42568.133
42480.883
41826.266
41639.75
41801.801
41797.551
41392.398
41380.016
40455.266
41056.016
40659.535
41071.816
40977.668
41891.551
42335.398
43004.016
43366.535
43677.816
42746.465
42807.816
42286.398
42300.484
42651.066
42269.484
42298.332
41961.285
42349.934
42713.949
42692.801
42945.949
43000.602
43452.816
43885.934
44758.949
43959.934
43790.551
43123.734
43114.75
42340.535
42366.285
42278.332
42014.949
42627.668
42771.418
40910.535
42153.617
42068.602
41715.082
41945.0
41661.816
41554.867
41825.684
42411.0
42727.215
42739.199
42603.551
42852.602
43529.949
43622.801
43939.285
43643.0
43080.816
41739.734
40194.551
39389.734
37862.949
36208.0
35718.082
36395.133
37424.684
39763.535
40401.816
39810.867
39872.949
40113.668
39489.816
39976.934
39392.816
38940.934
39785.816
41090.934
41969.949
41911.266
42383.352
42561.934
43000.883
43836.668
43389.418
43272.199
43279.883
42451.668
42956.484
43479.934
43427.949
43292.867
44172.684
44627.934
44637.016
44670.668
43911.016
43814.465
43447.285
43706.535
43431.082
42722.934
42467.75
41978.535
43022.148
43790.734
44506.883
44262.066
44960.418
45869.934
46119.949
45564.266
45160.285
45514.133
44885.949
44773.668
44107.617
44785.602
45369.484
44802.867
44566.215
44167.602
43097.684
42465.535
40850.082
39731.332
39325.816
39406.535
39832.285
40358.465
41528.285
41784.465
43061.215
43421.133
43472.148
44127.734
44347.551
44836.199
44981.816
45123.535
45665.617
46462.867
45812.285
45448.734
44645.148
44480.602
44340.75
44179.668
44210.684
44229.934
44956.816
45977.668
46021.617
46038.602
46044.816
45962.133
45672.418
45646.602
45639.418
44500.602
43999.75
43576.934
42907.215
42044.199
41577.016
41924.934
42240.684
42723.199
43174.285
43836.066
43946.285
43714.867
43536.551
43736.199
43411.418
43019.398
43175.285
43584.0
44115.285
44309.801
44373.883
44854.332
45388.883
45372.332
45414.285
45187.398
44974.684
44336.398
43628.148
43231.199
42353.352
41301.734
42647.484
42544.133
42848.352
43033.332
43701.883
43790.133
44154.949
43628.602
43725.082
44096.332
43560.684
43434.199
43259.285
43143.266
42843.215
42151.0
41628.617
41800.934
41876.75
41380.266
40744.352
41081.465
40877.816
40613.332
40630.617
40945.133
41220.551
41400.668
41921.484
42094.734
42551.215
42257.535
42085.352
42533.934
42528.949
41293.535
41976.016
41640.668
41676.148
41880.801
41220.215
41328.734
42181.082
42387.801
42788.949
42630.066
42737.617
42716.133
42434.551
42959.934
42400.816
41836.133
41766.684
42092.266
42550.883
42757.535
41986.352
42184.801
42087.949
41570.934
41978.684
42089.066
41929.75
41716.199
41919.883
41706.266
41865.215
41207.934
40915.285
40892.668
40834.816
41038.266
40643.484
41473.0
41733.551
42290.801
41596.949
41801.332
41852.285
42132.0
41960.949
41737.133
41916.082
41866.734
41673.883
41660.133
41751.883
41371.867
40911.148
41316.398
41418.883
41586.199
41465.082
41719.332
41741.484
41608.867
42020.949
42017.0
42255.285
41423.934
41003.949
41250.465
40721.285
40825.535
40589.016
41110.266
41600.617
41467.867
41335.016
41641.332
41619.148
41841.668
41744.148
41803.0
42112.285
41916.199
41876.285
42044.266
42144.215
42018.266
41845.883
41210.734
41413.75
40557.266
40845.082
40891.602
40779.816
40442.0
40605.148
40520.867
40491.148
40542.133
40952.148
40524.266
41178.082
40948.465
40880.551
40276.934
39944.418
39611.734
39739.285
39310.199
39326.684
38994.199
39638.418
39822.066
39878.484
39726.535
39321.484
40438.066
40627.285
40940.398
40983.684
41587.934
41747.285
41108.465
40894.617
40703.266
40671.352
39885.398
39964.016
40201.199
40193.75
40541.133
40492.883
40968.801
40840.285
41003.266
40763.75
41052.398
40729.75
40416.066
39933.75
40512.398
40664.684
39803.934
40690.352
40334.465
40651.484
40870.133
40290.75
40628.602
40211.816
39413.398
39005.016
39485.668
39228.75
38924.668
39356.949
39400.535
40419.215
40133.867
40780.418
40985.934
40681.484
40592.465
40963.883
41350.465
40764.148
40252.535
40015.215
40052.398
39486.816
39308.934
39240.883
39849.734
39901.684
39841.867
39760.949
40410.066
40456.148
40122.867
39830.082
39851.398
39435.215
38846.602
38291.816
38368.934
38352.816
37941.133
38270.285
38621.535
39197.352
39462.332
39542.418
39857.199
40083.75
40444.934
40403.883
40597.266
40337.684
40141.066
40668.016
40058.066
40553.148
40261.801
39837.148
40357.867
40239.082
40402.398
40067.75
39922.0
39849.75
39838.934
39266.949
39411.266
39125.418
38939.602
39226.352
38882.934
38684.883
38701.602
38543.418
39371.602
39617.148
38819.734
38927.352
39562.266
39437.617
39369.934
39825.816
39385.934
39020.816
38915.465
38132.148
38654.266
37832.883
37988.602
37910.352
37857.535
38421.484
38182.801
38450.215
38435.934
38349.352
38738.801
38657.883
38939.535
38867.617
38361.465
38471.551
38666.734
38848.816
38008.934
38314.75
38525.0
38536.082
37939.133
38370.148
39082.934
38698.883
38378.465
39183.484
39285.133
39163.883
38819.398
38435.082
39048.465
38561.215
38694.602
38649.285
38437.934
38596.816
38492.066
38226.551
38604.266
38337.285
37667.0
37802.684
38122.734
37921.285
37314.0
37317.684
37018.801
36920.484
36725.398
36325.617
36923.398
36965.684
36522.066
37480.352
37412.133
37627.148
37581.398
37286.285
37811.602
37593.883
37257.602
36737.684
37234.066
37420.148
36552.668
35781.949
35111.602
34414.148
33772.734
33165.352
32792.133
32249.75
31713.867
32870.684
33418.535
33542.148
34076.734
34835.418
35949.602
35650.082
36095.332
35933.285
35902.266
36078.082
35639.0
35482.082
35641.066
35615.684
35205.465
35277.418
35455.0
35634.551
35432.332
35133.75
35631.0
35340.617
35371.332
35214.484
35644.266
35540.215
35256.934
35763.016
35574.535
35390.484
34997.398
34749.949
34783.535
34674.418
34682.199
34828.148
34590.668
35025.215
35068.332
34855.285
35112.668
35595.883
35281.199
35014.883
35235.266
35436.016
35306.0
35409.484
35282.934
34879.75
34687.934
34624.883
34893.0
34746.418
33983.934
34385.418
34264.465
34520.148
34377.199
34188.684
34326.602
34454.148
34716.398
34310.883
34487.934
34815.816
34206.867
34490.484
34452.398
34377.082
33855.266
33933.148
33889.332
33889.285
34006.535
33842.285
33795.266
33808.148
33231.934
33544.949
33297.934
33586.215
33088.535
33459.684
34078.0
33747.949
34146.465
34102.352
33986.867
34404.684
34171.398
34271.684
34291.066
34162.484
34380.266
34173.816
34299.0
34068.75
34358.668
34053.949
34493.199
33827.617
33956.934
33734.617
33968.0
34140.082
33620.734
33471.617
33583.398
33640.352
33628.535
33677.016
33768.867
33858.551
33785.934
33712.215
33650.066
33294.016
32880.934
32797.75
33022.6
32538.35
32223.467
32306.883
32793.532999999996
32707.551
32209.268
32272.35
32658.4
32445.482
32122.066
31887.816
32192.533
31967.75
31622.934
31137.416
31504.467
31484.084
31505.199
31805.018
31656.334
31687.482
31101.732
31324.416
30989.666
30811.684
30083.268
29962.084
30006.4
29547.217
29552.268
28876.217
29254.199
28893.949
28389.666
27627.551
27512.4
27592.482
27410.533
26816.684
27132.268
27026.949
27298.334
27382.949
27928.133
28349.684
29109.732
29905.617
29989.533
30126.949
30179.867
30409.883
30310.0
29880.416
29959.066
29705.816
29989.6
29778.883
30079.467
30147.35
30475.934
30406.617
30594.732
30508.482
30928.268
30813.416
30548.4
30826.816
31170.533
30944.084
30634.467
30401.15
30765.934
30626.617
30419.934
30324.217
30472.199
30438.617
30844.867
30089.816
30589.334
30579.018
30665.934
30483.217
30706.199
30470.283
30137.533
30099.217
30230.732
30436.617
29678.867
29634.949
29838.801
29543.416
29520.867
29685.018
29785.133
29547.75
29444.133
29149.482
29137.4
29172.816
29264.732
29165.416
29178.199
29105.416
29092.467
29066.75
28917.533
28908.35
28707.732
28154.551
28547.199
28103.684
28240.934
28172.416
28338.066
28096.551
28245.6
28176.482
28241.732
28554.15
28330.732
28679.75
28523.199
28718.551
28549.0
28010.551
28162.867
27948.75
27756.199
28031.482
27883.066
27857.949
27873.133
27805.617
28223.732
28723.084
28227.467
28811.482
28883.934
28662.482
28817.801
28468.416
28711.934
28852.283
29038.533
29198.084
29297.6
29684.283
29540.268
29904.084
30254.666
30610.816
29996.066
29858.416
30214.133
30711.816
30537.4
31029.15
31204.199
31579.617
31392.867
31522.883
31439.934
31154.217
30402.133
29358.75
28846.4
28543.482
28267.0
27979.217
27712.133
27769.084
27609.334
27495.416
27788.732
27662.617
27657.666
27648.617
27973.467
27752.883
27628.133
27264.283
27276.666
27480.617
27056.133
27361.15
27227.801
27441.283
27430.334
27522.551
27621.0
27861.684
27436.133
27592.949
27968.801
27743.883
27156.334
27506.283
27909.4
27683.883
27314.334
27607.75
27857.467
27248.35
27686.4
26992.217
27358.4
26978.283
26788.934
26911.949
26799.934
26915.217
26621.268
26148.883
26810.732
26904.883
26523.0
26537.482
26716.133
26522.684
26886.801
26315.283
26509.0
26614.416
26725.199
26743.482
26861.334
26570.283
26691.4
26818.217
27106.066
26627.084
26197.066
26279.084
26508.199
26687.482
26410.801
26539.084
26387.6
26605.084
26348.334
26321.883
26400.6
26298.551
25913.533
25669.217
26296.934
26025.551
25608.334
25511.35
25929.732
25579.883
25575.533
25638.018
25926.867
25601.684
24613.467
25402.35
25809.133
25385.617
25349.533
24981.883
25227.732
25324.883
25517.801
25522.816
25447.666
25154.35
25192.867
25200.75
24590.199
24459.482
23883.801
24189.617
23753.934
24199.217
23719.133
23798.816
25063.666
24903.018
24858.533
25505.217
25270.133
25362.084
24883.732
24640.551
24503.066
24508.551
24215.533
24305.35
24414.467
24436.816
24055.133
24329.283
24940.133
24510.15
23993.133
24286.617
24595.4
24657.551
24338.4
24473.482
24599.4
24267.883
23921.133
23541.217
23955.467
23547.482
23446.867
23027.283
23025.0
23052.018
22460.732
21958.35
21878.334
20469.018
19751.666
18934.617
19090.6
19081.15
19173.066
19416.416
20161.6
21032.084
21541.467
21583.949
21806.533
22451.617
22935.732
22850.617
22510.732
22981.551
22886.533
22973.684
22990.666
22584.217
22238.934
22108.75
22587.199
22470.084
22054.666
22719.416
22581.867
22811.084
22886.133
22787.416
22913.467
22894.75
22623.6
22737.75
22854.6
23055.617
22565.801
22574.35
22998.934
23073.15
22991.934
22999.551
23165.533
23152.75
23015.066
22504.883
23005.6
22900.416
22587.867
22426.816
22642.334
22810.35
22602.334
22167.816
22427.867
22734.35
22109.732
22785.15
22883.6
22859.617
23290.268
22990.15
23124.0
23084.617
22890.801
22974.551
22908.533
22870.684
22532.732
22574.35
22619.268
22677.883
22572.6
22672.283
22836.801
22892.482
22601.066
22360.35
22646.133
22536.084
22732.801
22312.949
22823.666
22669.617
22831.533
22817.684
22915.066
22819.084
22386.0
22117.15
22653.467
22522.416
22736.199
22286.283
22244.133
22327.883
22160.934
22533.883
22296.334
22242.617
21740.4
21770.217
21827.268
22118.283
21256.4
21551.684
21748.934
21757.75
21540.666
21390.551
21756.666
21733.217
21486.467
21674.949
21740.732
21932.018
21198.268
21405.283
21938.867
21937.949
21592.533
21462.482
21574.199
21787.551
21400.867
21367.551
21534.4
21437.949
20885.4
21210.35
21162.199
20998.35
20999.199
21094.084
20787.467
21536.482
20894.6
20780.416
20929.666
20939.15
20826.334
20304.551
20815.133
20795.15
20529.533
20260.283
20733.732
20601.416
20516.0
19978.416
20554.268
20510.217
20433.732
20486.684
20124.934
20400.35
20279.467
19820.416
20091.0
19949.084
19919.4
19441.283
19857.133
19746.617
19138.533
18773.482
19578.533
19381.018
19187.467
19069.551
19345.732
19210.35
18861.066
18760.816
19454.934
19105.949
18950.867
18797.883
19276.533
18818.35
18695.533
18576.551
19186.732
18990.416
18694.066
18657.883
18870.867
18556.617
18175.467
17884.416
18327.666
18434.75
18330.666
18619.35
18757.0
18645.217
18027.133
18682.75
18464.4
18364.217
18329.268
18284.217
18176.066
18372.35
17877.4
17794.018
17124.268
16408.017
15650.866
14897.283
14472.134
14310.95
14258.6
14235.217
15170.2
15693.75
15930.934
16341.684
16671.733
16742.816
16842.867
16777.15
16884.732
16354.217
16352.866
15598.083
16689.267
16599.017
16390.867
16299.217
16717.4
16944.15
17088.666
16781.816
17190.0
17426.217
17087.732
17158.283
17527.467
17505.816
17521.867
17643.15
17797.732
17731.084
17496.801
17138.617
18026.133
17765.217
17744.533
17326.217
18016.268
18153.084
17876.334
18082.816
18086.133
17649.883
17803.801
17475.15
17986.666
17911.084
17765.867
17726.617
17789.732
18018.416
17572.467
18129.416
18104.4
18158.75
18084.801
17675.416
18413.199
18384.551
17975.133
18117.617
18819.934
18563.684
18298.467
18833.75
19044.6
18712.15
18439.133
18578.018
18241.533
18374.949
17867.268
18064.883
18361.133
18233.551
18240.666
18673.217
18324.334
18440.883
17815.334
17651.018
18598.732
18401.617
18225.801
18356.75
18223.533
18286.084
18388.666
18079.551
18140.666
18109.35
18052.6
18022.416
18174.199
17833.482
17949.934
17815.15
18205.334
17945.15
18071.268
17989.551
18415.533
18000.75
18032.334
17954.684
18228.133
18470.883
18493.533
18377.684
18284.467
18170.949
18052.0
18327.084
18441.0
18562.949
18556.6
18180.482
18807.934
18637.551
18601.4
18071.75
18651.666
18550.018
18324.066
18215.883
18301.801
18441.551
18600.6
18465.75
18568.334
18321.617
18399.4
18568.883
18290.4
18408.482
18321.199
18128.482
18262.066
18368.482
18102.467
18038.883
18177.533
18440.283
17531.934
18250.816
18286.467
18187.883
17508.533
17888.084
18232.133
18314.617
18106.801
18183.018
18115.6
18265.551
18004.199
17879.617
18291.666
18011.75
18123.199
17772.018
18003.133
18063.15
17714.801
17659.416
17979.4
17569.684
17586.732
17392.018
17714.4
17589.883
17259.6
17587.283
17554.934
17314.617
17451.934
17597.084
17391.199
17374.617
17156.467
17149.482
17487.467
17142.75
17280.334
16947.018
17008.801
17091.018
16950.268
17019.35
16847.666
16770.217
16711.268
16714.75
16922.732
16894.617
16802.066
15897.217
16172.066
16082.15
15847.8
15266.95
15182.2
15203.55
14800.733
14190.483
14762.8
14576.35
13763.066
14146.616
14076.333
13693.283
13854.533
13354.616
13481.733
13270.15
12984.333
13167.417
13388.6
13231.017
13424.667
12146.15
12898.733
13016.017
12552.8
12870.95
13116.533
13214.283
12967.934
13384.75
13629.134
13703.15
13884.8
14315.083
14274.866
14141.283
14228.866
14015.417
13991.8
14166.15
14142.4
13599.816
14051.267
13879.417
13531.733
12933.483
13270.333
13065.15
12715.667
12647.75
12500.467
12575.283
12430.066
12271.616
12678.866
12667.217
12558.267
12498.95
12639.0
12464.684
12382.0
12311.55
12728.066
12545.417
12212.134
12681.884
13015.4
12808.684
12525.6
12675.684
12627.667
12723.616
12648.4
12512.684
12566.934
12302.217
11737.134
12301.15
12194.066
12338.083
12444.934
11986.616
12540.733
12400.083
11671.934
11959.816
12148.0
12001.95
12060.267
12291.95
12424.0
12423.684
12576.533
12513.017
12674.866
12472.684
12444.934
12121.283
12378.467
12478.95
12199.267
12207.55
12461.6
12416.816
12162.8
12652.15
12677.2
12826.217
12407.467
12627.15
12790.134
12752.017
12955.6
12275.283
12740.533
12627.35
12839.134
12423.083
13124.134
12830.684
12986.866
12593.616
13184.134
13118.217
12758.934
12567.017
12806.333
12575.417
12479.533
12706.35
12621.667
12490.083
12151.533
12119.816
12383.2
12553.616
12394.733
12565.684
12521.467
12368.95
12140.8
12366.283
12478.0
12338.616
12638.934
12027.55
12357.667
12620.75
12573.2
12285.35
12306.733
11862.55
11587.333
12032.15
11952.2
12013.017
11246.0
11749.283
12079.066
11926.217
11623.134
11941.217
12222.4
11802.417
11961.267
11793.483
12002.2
11672.75
11421.934
11387.75
11728.934
11691.283
11225.267
11559.417
11495.0
11669.35
11486.066
11559.884
11624.267
11489.55
11321.8
11518.283
11653.8
11550.417
11422.066
11760.35
11477.866
11586.75
11506.733
11317.884
11490.467
11457.417
11288.066
11162.95
11232.0
11281.417
11026.333
10907.083
11399.066
11371.35
11108.733
11140.684
11398.4
11382.35
10946.667
11009.816
11230.333
11044.083
10793.134
11178.017
11181.6
10957.217
11208.4
10947.15
11020.8
10959.75
10687.866
10340.217
11004.333
10684.483
10902.533
10737.417
10807.4
10672.483
10579.267
10413.616
10754.4
10646.083
10528.733
10265.417
10540.0
10592.017
10402.2
10373.217
10654.533
10618.483
10107.467
10265.75
10560.134
10502.35
9808.667
9991.483
10426.4
10376.417
10268.866
9946.616
10503.4
10383.017
10298.4
10033.217
10188.6
10036.816
9912.0
10048.75
10207.8
10022.417
9840.733
9906.616
10355.267
10344.15
10123.6
9851.55
9953.733
10087.95
9905.0
9706.417
10062.934
9952.217
9949.467
9620.483
9810.467
9908.483
9877.733
9709.884
9868.467
9683.35
10131.866
9413.283
9859.333
9755.75
9567.4
9145.884
9832.2
9780.816
9807.333
9457.217
9579.533
9423.75
9547.4
9664.283
9974.533
9131.15
9427.267
9241.55
9493.066
8902.95
8464.866
7824.883
7577.0
6750.35
5910.533
5289.283
4657.4
3878.883
3473.467
2812.083
3110.6
3014.35
2749.2
2943.217
3853.333
4043.217
4064.5330000000004
5053.283
5614.6
5909.017
6239.933
5582.883
6319.667
5926.083
5794.733
5421.15
5185.867
5264.75
4951.533
4733.15
5122.2
5197.15
5173.0
4963.083
5704.0
5499.35
5531.867
6133.15
6207.667
6429.083
6120.267
6645.15
6801.8
6753.283
6805.267
7071.217
7323.933
7371.817
6928.467
7172.483
7714.467
7760.883
7333.133
7824.817
8105.267
8232.017
8130.467
8147.883
8636.333
8597.684
7991.267
8150.0830000000005
8836.2
8907.616
8743.267
8468.017
9000.066
8811.15
8616.0
8633.95
9095.8
8900.884
8040.0
8897.616
9065.066
9114.283
8794.333
8598.217
9093.333
9002.15
8813.934
8741.15
8888.667
9002.35
8579.6
8411.95
9326.4
8910.95
8718.733
8731.283
9078.866
8974.75
8833.667
8792.017
9008.533
8970.483
8784.333
8760.684
9043.0
9037.95
8890.066
8762.95
9110.4
9033.75
8444.667
8676.35
9006.0
8892.616
8550.733
8494.15
8888.467
8738.75
8806.533
8561.017
8836.0
8961.75
8640.733
8183.549999999999
8973.733
8864.684
8832.733
8672.75
9142.934
8886.95
8727.267
8489.95
8971.134
8769.75
8325.934
8182.483
8820.934
8765.684
8730.4
8174.217000000001
8857.667
8721.816
8580.0
8674.884
8849.934
8816.15
8624.134
8543.217
9065.134
8861.884
8034.799999999999
8363.15
8955.8
8743.35
8694.134
8547.884
8963.8
8825.884
8399.6
8214.884
8749.533
8614.35
8580.6
8456.15
8784.333
8733.083
8597.0
8128.816000000001
8847.467
8774.95
8388.333
8097.15
8684.467
8829.616
8498.866
8437.15
8753.467
8386.082999999999
8360.133
8477.617
8471.467
8391.95
8270.4
8085.017
8644.2
8472.217
8109.267
8052.283
8520.6
8669.816
7948.733
8036.083
8520.332999999999
8427.883
8451.867
8241.683
8452.6
8358.082999999999
8267.267
7994.417
8612.933
8393.217
8116.467
8072.35
8439.533
8363.483
8173.2
7668.617
8322.667000000001
8264.017
8144.867
7626.55
8404.733
8197.217
7703.667
8149.15
8195.6
8110.817
7705.133
7815.417
7951.4
8090.95
7844.267
7810.817
8071.867
7846.817
7834.733
7624.55
7925.4
7966.617
7486.4
7451.417
7930.533
7909.617
7591.0
7561.483
7622.2
7804.617
7342.6
7501.017
7579.8
7609.017
7405.467
7202.417
7786.333
7619.35
7252.6
6923.75
7484.333
7649.75
7467.267
7166.483
7500.267
7470.217
6797.933
7206.35
7629.133
7265.417
7121.8
7160.75
7415.8
7415.95
7057.933
6938.15
7304.733
7411.017
7232.867
7152.017
7435.667
7238.15
6961.933
6699.483
7314.6
7120.75
7362.267
6869.817
7342.533
7298.283
6800.933
6849.75
7342.333
7172.617
6975.2
7054.683
7308.0
7239.483
6814.333
6769.75
7382.4
7115.817
6967.6
6993.017
7241.533
7103.883
6679.533
6562.217
6941.667
6895.817
6376.4
6476.75
6981.4
6816.283
6980.133
6641.817
6994.8
6851.883
7070.8
6685.017
6897.067
6813.217
6479.4
6461.35
6910.333
6796.217
6327.267
5807.017
6741.133
6773.55
6344.0
6522.083
6765.933
6549.883
6390.6
6345.683
6717.133
6525.35
6344.267
5989.15
6576.467
6627.883
5904.8
6079.017
6648.733
6409.617
6169.0
5944.75
6540.467
6525.083
6434.667
6033.883
6607.333
6498.083
6476.133
6353.083
6539.067
6420.55
5170.733
5688.35
6439.2
6542.95
6113.6
5859.483
6379.333
6504.283
5848.267
5851.283
6261.2
6249.95
5769.0
5805.483
6292.133
6258.083
5627.333
5605.55
6165.667
6107.417
5820.0
5847.35
6088.8
5987.617
5591.733
5966.617
6069.733
6105.15
5554.467
5811.683
6187.8
5946.483
5496.933
5387.15
5967.867
5966.217
5814.333
5268.017
6063.133
5920.283
5255.067
5376.55
