271.883
69.983
-146.117
158.11700000000002
446.817
133.05
202.15
239.71699999999998
238.21699999999998
258.983
118.15
-172.61700000000002
198.55
213.78300000000002
11.082999999999998
-36.81699999999999
341.75
-9.816999999999993
58.083
368.45
419.55
182.05
460.817
145.85
280.283
189.183
218.35
-127.483
183.483
202.183
316.017
11.049999999999997
272.15
196.317
233.883
23.049999999999997
553.683
469.983
91.75
-62.083
242.817
125.983
-14.650000000000006
177.05
196.55
226.25
139.21699999999998
228.45
217.483
246.517
-46.18300000000001
32.983000000000004
601.35
279.45
-26.183000000000007
-260.35
420.817
439.58299999999997
23.150000000000006
35.983000000000004
379.617
438.183
376.483
232.25
410.217
357.25
144.417
313.317
385.283
393.983
321.95
-141.21699999999998
437.75
274.317
36.217
74.317
375.483
186.917
139.28300000000002
63.18300000000001
292.017
491.383
192.88299999999998
65.85
226.483
337.317
19.417
6.716999999999999
230.017
200.11700000000002
486.35
-5.75
182.083
213.65
339.35
-68.283
190.28300000000002
253.917
193.75
89.25
406.017
363.85
-235.11700000000002
21.783
405.617
301.45
223.417
206.38299999999998
458.883
294.65
-3.450000000000003
267.05
99.15
314.383
236.55
272.91700000000003
392.883
287.183
548.683
-240.55
317.217
361.783
96.817
353.117
378.683
458.383
256.283
92.783
342.283
244.05
-73.65
114.25
327.617
310.65
122.35
7.716999999999999
408.283
430.25
47.68300000000001
-242.35
344.15
313.05
78.55
136.38299999999998
262.75
419.717
339.283
40.650000000000006
290.08299999999997
323.517
-279.25
-149.75
292.35
203.25
158.95
-6.950000000000003
322.08299999999997
267.783
39.95
213.983
400.35
295.517
238.683
-113.683
451.817
400.45
430.283
155.583
488.41700000000003
271.58299999999997
152.61700000000002
337.85
394.75
72.05
360.15
-179.35
130.55
223.45
-0.5169999999999959
356.58299999999997
572.883
420.25
155.55
-80.683
493.41700000000003
152.583
455.483
18.450000000000003
383.95
352.317
306.55
382.85
512.883
344.45
418.617
304.85
323.017
213.45
384.15
-360.217
385.483
350.517
160.083
137.917
140.417
319.25
466.41700000000003
178.05
239.28300000000002
292.317
110.15
-200.083
265.283
377.117
458.817
186.71699999999998
376.483
306.85
36.483000000000004
-317.41700000000003
432.41700000000003
232.38299999999998
-65.917
10.25
250.817
192.65
-1017.317
-95.15
119.75
271.783
246.95
-63.75
553.617
386.983
251.483
67.317
253.483
217.38299999999998
-116.05
428.783
519.35
264.317
-195.45
41.917
302.483
314.25
-115.383
337.45
372.217
250.85
390.683
333.317
319.35
399.383
242.15
174.917
366.75
249.183
395.817
21.316999999999993
395.683
428.383
336.483
-72.617
216.75
311.91700000000003
70.55
-293.617
365.55
337.65
254.083
-127.217
346.15
336.05
202.083
76.05
351.017
351.517
-162.583
199.78300000000002
328.75
59.516999999999996
-152.183
156.517
263.75
217.71699999999998
304.817
164.983
259.75
517.717
83.35
170.71699999999998
369.95
521.25
380.15
167.65
213.35
275.383
91.483
490.517
352.283
209.983
-158.71699999999998
102.05
194.61700000000002
295.05
257.683
-11.417000000000002
537.083
557.65
37.083
289.05
369.683
346.517
226.61700000000002
109.717
344.35
387.91700000000003
81.95
136.45
290.283
326.317
184.017
306.58299999999997
480.483
434.317
400.617
113.783
570.15
180.45
397.217
-127.88300000000001
384.55
197.117
-79.31700000000001
303.317
358.88300000000004
218.45
553.883
416.85
396.017
286.65
659.217
109.65
390.017
309.65
-17.44999999999999
297.38300000000004
657.483
441.05
567.883
-19.55000000000001
466.61699999999996
390.05
413.483
219.05
369.08299999999997
548.717
-23.317000000000007
259.517
628.683
363.25
170.483
211.05
370.55
376.58299999999997
541.55
192.65
677.283
571.783
724.083
481.25
719.283
543.983
256.95
372.583
420.75
641.983
810.683
239.38299999999998
745.683
621.317
570.75
714.85
637.95
546.45
382.883
676.117
521.617
803.517
148.14999999999998
320.25
605.617
578.517
598.617
443.917
914.617
589.9169999999999
745.15
582.117
728.617
686.183
723.017
342.383
1041.35
512.317
590.0830000000001
535.983
867.0830000000001
563.383
732.55
624.5830000000001
628.617
908.183
811.35
706.983
648.417
914.85
677.75
481.117
977.683
763.65
664.217
597.05
589.35
701.583
816.35
690.25
914.683
806.317
586.75
550.917
713.417
828.583
708.683
594.25
933.15
511.45000000000005
763.883
500.783
713.35
615.45
777.617
869.517
753.617
494.51700000000005
799.417
980.183
476.35
892.65
741.55
785.717
806.75
782.117
638.817
993.583
1171.817
689.717
699.083
1301.317
923.75
1143.583
505.61699999999996
701.117
1185.883
1019.517
1142.683
1237.65
758.617
732.85
854.35
825.583
1364.217
1173.183
662.283
1129.917
1029.15
1258.317
1288.55
1094.85
1018.55
1353.117
630.617
913.25
1027.883
1204.65
1513.017
1471.85
1404.35
1348.183
1157.35
1247.583
1276.617
1175.117
802.0830000000001
1030.117
1364.083
1194.917
1440.017
1003.45
1503.083
1416.583
1494.617
1324.917
1470.683
1390.383
988.1500000000001
1453.45
1314.017
1218.25
1155.55
1294.117
1267.483
1384.65
1291.417
1069.45
1393.817
1173.517
1154.683
1023.183
1482.883
1380.717
1333.35
1401.983
1523.55
1260.45
1258.35
1142.117
1394.55
1439.117
1320.55
1058.917
1553.017
1298.45
1330.883
1330.983
1466.217
1356.317
850.75
1291.917
1366.683
1437.917
1455.083
1640.783
1763.083
1583.317
1581.75
1579.65
1702.95
1774.05
1617.683
1694.383
1680.483
1699.117
1860.617
1702.583
2077.617
1567.183
1151.617
1394.917
1615.817
1895.65
1617.15
1722.583
2062.683
1873.65
1797.017
1732.717
1957.883
2027.317
2044.283
1761.25
2114.55
1806.45
1688.817
1588.85
1626.217
1562.183
1869.15
1215.517
1609.55
1742.583
1973.083
1617.983
1938.15
1838.85
2027.683
1844.05
1925.95
1969.85
1960.35
1875.917
2166.15
1752.383
2282.75
2026.45
2050.683
1972.783
1873.817
2075.383
2300.75
1690.45
1781.417
2103.05
2346.483
2053.05
2138.217
1892.45
1962.617
1851.783
1936.817
2085.383
2027.083
2339.917
2600.95
1903.4499999999998
2472.617
2454.05
2328.617
2237.45
2286.217
2168.117
2133.75
2421.317
2349.017
2174.917
1942.75
2079.05
2010.95
1985.917
2309.817
2181.25
2339.017
2556.317
2364.483
2519.05
2720.883
2469.517
2780.55
2643.983
2967.483
2712.517
2546.55
2793.25
2788.883
2700.117
2501.217
2653.85
2477.017
2553.65
2423.217
2622.85
2593.617
2389.983
2049.683
2307.917
2249.283
2275.783
2085.083
2032.783
2296.417
2054.517
1989.617
1686.783
2300.083
1881.783
2208.817
2222.383
2399.683
2878.45
2670.15
2955.717
2818.483
2992.117
3107.55
2742.25
2916.283
2876.917
2577.417
2492.65
2783.55
2645.983
2889.417
2458.183
2730.017
2775.583
2746.017
2914.583
2870.55
2917.85
3088.35
3031.783
3084.15
3090.05
2975.75
2707.85
3046.283
3088.85
2932.417
3184.117
3261.083
3127.65
3009.283
2721.183
3255.283
3110.85
3412.683
3691.383
3770.75
4148.782999999999
4131.617
3967.583
3917.883
3849.983
3952.283
3561.383
4103.75
3787.517
3948.883
3857.717
4104.15
3607.783
3768.55
3927.583
3740.15
3820.65
3586.483
3301.983
3905.35
3991.45
3866.417
4051.317
4231.4169999999995
4206.117
4077.683
3849.783
4186.017
4122.717000000001
3608.15
3840.583
3796.283
4029.85
3880.817
4145.9169999999995
4298.55
4054.317
3938.217
3391.25
3670.683
3764.983
3834.017
3541.717
3963.417
3631.317
3674.417
3469.183
3384.817
3340.183
3268.417
3330.983
3360.817
3477.45
3255.283
3404.85
3144.55
3338.183
3447.017
3560.317
3843.217
4006.383
4125.35
4278.25
4070.883
4153.717000000001
3730.817
4262.5830000000005
4025.217
4035.85
4574.617
4268.717
4945.083
4952.65
4886.083
5088.65
5653.283
5164.25
5287.817
4770.317
4929.617
4827.383
4443.683
4197.45
4247.217000000001
4099.9169999999995
3903.483
4035.383
4533.017
4140.717
4422.75
4469.983
4952.483
4928.717
5081.75
4806.783
4643.283
4517.917
4145.0830000000005
3996.317
4113.15
3710.983
3572.283
3425.117
3474.817
3413.85
2843.017
3190.45
3196.683
2858.117
2526.55
3310.783
3347.55
3461.717
3756.817
3487.583
4284.15
4531.383
4615.283
4446.317
4535.483
4315.65
3940.35
4108.05
4024.083
4217.517
4191.15
4019.917
4593.95
4261.383
4418.55
4313.25
4465.483
4415.05
4333.75
3796.5829999999996
4399.083
4259.05
4409.683
4344.517
4252.617
4267.117
4327.417
4316.383
4998.417
5028.117
5010.217
5256.783
5438.35
5518.783
5492.483
5325.25
5663.217
5411.317
5805.95
5402.983
5842.083
6275.05
5587.35
5838.783
5939.483
5703.85
5695.217
4968.05
4860.883
4299.583
4064.083
3182.117
3045.017
2543.383
2351.483
2356.25
2898.617
3171.383
3502.683
4000.983
4347.35
4544.45
4846.35
5271.05
5562.083
5963.183
5828.083
5812.583
5965.417
5408.05
5286.15
5010.717
4668.283
3909.717
3609.217
3297.983
3280.083
3645.45
3787.883
4331.183
5183.483
5464.45
5658.75
6486.05
6757.55
6835.117
7230.417
6945.383
7627.35
7680.383
8103.483
7802.317
7733.417
8162.183
7902.75
7969.317
8102.083
7959.783
8189.483
8019.583
8664.35
8462.116
8550.95
8347.917
8844.884
8677.65
8534.884
8611.517
9129.283
8931.583
8873.017
8667.983
8798.283
8353.25
8418.884
8618.116
8664.95
9104.25
8859.35
8947.116
8989.816
8698.583
8421.283
8183.782999999999
8405.884
8661.116
8836.417
8732.85
8711.884
8723.85
8672.95
8553.517
8486.483
8468.983
8299.017
8378.65
8839.95
8593.85
8786.417
8472.384
8628.684
8818.583
8590.017
9015.184
9145.283
9129.45
9209.884
9315.316
9392.616
9722.983
9956.35
9776.316
9712.283
9651.783
8999.884
8476.783
8627.616
8583.85
8522.283
8419.917000000001
8708.217
8952.65
9064.616
9699.85
9626.283
10226.717
10183.283
10205.116
10188.684
10609.983
9959.017
10093.917
10514.95
10045.983
10107.616
10275.316
10223.75
10069.583
10658.083
10130.983
10460.884
10413.25
10334.75
10061.05
10299.083
10179.384
10234.816
9625.316
10273.95
10132.517
10083.217
9737.316
10086.017
10453.45
10641.083
10282.316
10547.283
10660.05
10412.083
10428.783
10350.884
9382.384
9811.616
9864.917
9948.15
9465.184
10073.15
9902.983
9982.75
9687.717
9653.417
10000.25
10147.95
10091.184
10145.616
9930.65
9659.55
9667.25
9054.684
9343.384
10036.684
9792.517
9914.217
10268.25
10583.483
10655.717
10858.55
10467.583
10623.283
10745.65
10705.417
10233.583
10064.75
9577.184
9752.616
9036.25
9686.15
9894.517
9541.35
9544.717
10345.684
10319.583
9769.55
9807.983
10602.55
10808.983
10521.95
10313.45
10441.884
10535.783
10252.15
10199.384
10427.95
10243.116
10505.816
10802.85
10497.684
10724.85
11021.55
10145.316
10406.217
10279.85
9852.35
10178.184
9461.217
9719.05
9732.684
10697.783
10595.483
10423.184
10402.35
9957.184
10242.95
10212.517
10529.95
10230.384
9997.417
9443.184
9333.283
9008.85
8645.95
8577.45
7981.683
7854.25
7859.35
7839.717
8331.217
8734.116
9623.816
10206.25
11284.616
11396.384
12420.816
11605.917
11083.616
11513.583
11401.684
11236.717
11957.483
12051.983
12239.884
12098.116
11992.684
11376.85
10945.15
10594.116
10850.083
10748.717
12005.95
11435.384
12069.884
12094.85
12389.217
12430.85
12089.483
12821.25
12968.684
13578.583
13436.483
13594.917
13812.616
14174.65
13179.95
13403.583
12812.15
13097.717
13064.15
13520.316
12962.283
12737.783
12309.483
12139.184
12339.884
12076.85
11215.884
12044.65
11898.417
12662.983
12824.083
12858.783
13735.616
13377.583
13031.35
13337.05
13366.15
13163.783
13121.684
13346.184
13733.55
14166.983
14236.017
13841.384
14028.483
15592.384
14370.55
14443.85
14659.017
14096.717
14626.884
14597.583
15202.884
14645.517
14102.083
14436.65
14657.75
14517.05
14042.95
13943.517
15018.283
15454.116
15087.017
14440.65
14790.017
14537.783
14458.95
13623.717
14514.15
14374.917
14055.75
13386.45
13979.15
14240.85
14237.75
13802.983
14854.283
14852.983
14621.083
15002.316
15121.75
15832.85
15137.483
14917.25
15472.083
15031.717
15357.95
14549.517
14898.55
15585.65
15140.75
15308.717
15342.017
14897.85
15153.95
15555.517
16167.816
15894.384
15854.417
16020.184
15860.55
16307.85
16738.816
16298.116
16267.884
15855.65
15880.217
15390.85
15829.884
15427.583
15795.017
15128.05
14765.684
14968.85
14906.75
14572.05
15164.684
14717.717
14842.55
14949.116
14887.483
14963.384
14817.55
15362.85
15880.483
16208.517
15372.283
15434.184
15510.017
14971.983
15803.083
15399.517
15934.217
15947.25
16313.017
16281.983
16429.017
16719.25
16126.616
15679.517
17307.551
16677.517
16606.551
16850.518
17072.283
15934.45
16609.084
15879.917
16870.684
16601.583
15885.616
16419.717
16933.75
16599.916
16765.75
17665.051
17099.617
16515.982
16326.95
16066.25
15976.417
16542.916
17149.617
17107.518
17745.15
17859.783
18226.018
17770.65
17844.816
18204.85
17958.018
17950.25
17981.684
18061.316
18441.883
18102.051
18807.018
18524.783
18668.018
19095.717
18932.684
18896.65
18430.283
18557.449
18835.816
18460.982
18348.816
18133.051
18822.883
18529.717
19495.883
18781.449
18391.617
18911.783
19014.084
19753.25
19798.416
19920.982
19340.684
19574.051
19074.551
19230.449
19016.684
19346.449
19594.482
21331.518
19705.283
20577.051
20881.949
21062.383
20515.75
21819.25
21279.816
21590.449
22271.416
22988.85
21770.617
22355.051
21823.75
22109.85
23743.217
22264.916
22387.684
21579.449
21540.35
21661.25
22302.75
22159.25
22647.75
23431.783
22783.15
23582.449
24248.416
24925.449
24914.482
25069.85
25831.084
26532.982
25865.551
24569.184
25389.018
25588.449
24818.217
25364.982
25945.883
25973.783
25778.084
26215.184
26845.217
26149.982
27616.617
28283.184
27864.084
27284.117
28438.684
28218.982
28290.018
28013.85
28373.883
28518.584
28283.084
28390.783
27953.617
28201.916
29123.617
29832.518
30216.816
30545.916
31960.283
32183.051
31603.816
32275.518
32293.816
32070.518
32079.883
31094.25
32062.35
31298.518
31197.617
32802.65
33332.082
33626.984
33708.418
33900.316
34637.418
33796.316
34014.285
33502.25
33815.285
34036.25
33513.285
34229.184
34977.016
35325.25
35420.617
35645.449
36020.75
35996.184
35479.215
35801.051
35598.684
35710.316
35084.016
35670.852
35756.148
35943.918
36357.285
35874.582
35743.418
35957.383
36024.949
36063.184
36117.484
36393.648
36132.617
36311.582
36557.617
36352.25
35272.352
34757.25
32997.883
31664.117
30718.883
30405.584
30354.949
30816.449
30758.617
32112.982
33694.082
34224.117
34800.816
34956.449
35215.883
36128.984
37105.949
36696.648
37410.617
37377.25
37014.215
36239.516
35936.016
36210.184
36763.215
37078.984
37597.883
38226.715
39056.684
39601.25
39753.215
39835.316
39018.082
38921.582
38467.215
38778.117
38861.215
38828.582
38797.684
38048.918
37651.285
37461.184
36898.352
36959.316
37300.215
37075.316
38518.215
38777.582
39007.684
39740.785
39905.148
39006.25
39229.684
38791.316
38869.082
39247.184
39569.148
40001.383
41047.148
40863.582
41496.418
40961.918
40992.148
40495.785
39794.215
39948.785
39884.684
40072.316
39821.016
40124.383
40644.215
40967.383
40514.016
40569.582
41694.082
41087.984
41532.016
40812.582
41388.949
40889.051
39944.418
39424.582
39073.148
38988.582
39246.082
39549.316
40014.484
41107.785
40816.285
41691.984
41146.148
41222.918
40957.215
40513.582
40161.484
39771.648
39090.883
39202.516
39258.352
38991.852
39241.949
39178.715
38937.684
39009.316
38872.551
39008.648
39509.016
39940.051
39884.949
40404.117
41111.949
41278.051
41236.215
41622.25
41421.082
41319.25
40564.816
40144.785
39608.684
39954.117
40348.148
40002.984
40904.082
41210.852
41816.016
42038.383
42001.484
41974.918
42839.684
43146.516
43670.418
43817.582
43444.352
43274.852
42986.551
43036.785
42286.418
42075.051
42260.816
42271.051
41893.418
41782.051
40885.883
41483.383
41060.016
41509.918
41412.816
42238.117
42740.215
43373.051
43790.883
44087.516
43082.352
43234.383
42664.75
42711.984
42983.816
42676.25
42696.883
42288.383
42710.617
43052.852
43043.949
43277.25
43285.082
43783.051
44271.215
45057.918
44285.418
44118.516
43451.551
43428.918
42654.352
42658.785
42553.148
42307.984
42981.484
43092.918
41256.551
42483.25
42372.352
41987.852
42236.617
41930.383
41815.082
42106.852
42681.684
42984.449
43002.418
42895.852
43129.418
43827.383
43883.418
44167.316
43916.215
43328.984
41921.148
40398.449
39544.082
38075.648
36427.016
35921.051
36662.883
37668.25
40023.949
40622.516
40059.352
40068.449
40281.949
39747.051
40111.016
39589.852
39070.949
40032.715
41241.082
42183.715
42121.352
42524.648
42763.285
43200.051
44009.285
43528.117
43385.215
43476.117
42661.418
43185.117
43602.082
43672.918
43480.484
44378.785
44788.082
44786.516
44840.484
44128.449
43964.148
43639.516
43883.949
43574.117
42885.684
42600.852
42101.418
43135.316
43969.75
44644.051
44352.684
45121.984
45986.816
46285.648
45730.016
45249.449
45627.551
45071.715
44903.016
44205.918
44863.215
45473.051
44944.551
44600.852
44302.684
43206.852
42500.75
40925.184
39791.016
39386.117
39514.215
39867.852
40429.684
41599.25
41887.148
43210.117
43445.551
43501.051
44227.352
44428.316
44870.75
45070.918
45237.418
45677.852
46576.148
45863.516
45475.949
44694.984
44546.484
44410.316
44241.148
44277.25
44330.352
44974.582
46012.016
46015.984
46111.215
46062.25
45926.148
45688.582
45679.551
45652.852
44565.816
44004.449
43582.617
42892.648
42081.016
41583.648
41952.215
42304.184
42727.816
43156.516
43819.883
43904.852
43645.949
43581.785
43730.148
43399.449
42978.148
43155.316
43567.949
44097.449
44250.016
44298.117
44848.148
45348.184
45283.484
45376.516
45127.016
44989.051
44250.016
43549.316
43199.148
42295.852
41292.75
42594.582
42449.016
42814.25
42974.215
43648.516
43701.016
44076.785
43564.816
43627.184
43965.285
43501.516
43351.016
43132.648
43123.816
42688.918
42048.684
41613.383
41753.484
41812.852
41285.352
40636.25
40961.883
40881.051
40564.551
40556.516
40796.75
41109.383
41298.082
41848.516
41960.016
42425.383
42150.352
42005.785
42435.418
42304.715
41162.816
41895.25
41468.551
41531.715
41716.215
41076.582
41188.285
42061.648
42250.016
42629.383
42504.215
42667.785
42595.883
42263.582
42749.883
42247.516
41698.551
41643.516
41935.418
42413.582
42567.016
41827.117
41992.883
41914.383
41447.082
41775.852
41900.684
41771.184
41558.75
41736.051
41469.551
41622.316
41009.352
40808.316
40677.285
40615.984
40820.816
40418.715
41300.617
41531.984
42031.949
41381.449
41558.082
41627.715
41872.484
41698.449
41503.684
41704.918
41619.816
41403.852
41427.75
41473.184
41067.816
40646.117
41095.551
41182.582
41340.215
41262.918
41477.75
41443.449
41347.816
41734.785
41770.285
42029.516
41139.016
40798.715
40979.082
40405.582
40483.551
40283.852
40852.484
41361.785
41161.016
41021.25
41361.352
41275.785
41569.082
41399.984
41492.617
41853.582
41632.684
41589.648
41773.684
41824.582
41751.816
41584.184
40893.352
41084.648
40222.352
40513.383
40581.484
40483.051
40157.016
40330.984
40242.551
40145.984
40239.285
40628.648
40235.418
40803.582
40626.75
40532.785
40045.684
39660.449
39228.949
39384.582
39025.215
39017.918
38711.617
39335.117
39494.75
39523.117
39391.551
39010.184
40083.148
40340.715
40574.285
40647.648
41225.285
41385.582
40765.148
40541.184
40368.684
40297.918
39528.148
39677.051
39844.352
39835.316
40210.148
40129.516
40617.75
40559.383
40600.148
40419.715
40703.016
40338.051
40050.684
39521.117
40113.75
40204.785
39420.551
40302.184
39964.484
40264.715
40471.684
39932.582
40238.484
39872.582
39020.352
38601.117
39081.883
38852.918
38515.75
38993.051
38982.949
40020.051
39723.949
40369.184
40587.75
40216.984
40167.949
40559.383
40849.082
40390.449
39827.016
39642.648
39620.418
39093.383
38909.617
38907.25
39491.816
39487.918
39447.148
39445.785
40032.617
40081.648
39688.816
39460.785
39462.016
39057.516
38381.617
37877.582
37969.75
37971.449
37546.551
37810.648
38250.684
38803.117
39039.285
39138.051
39488.418
39667.852
40016.352
39946.449
40103.816
39901.715
39760.551
40264.516
39607.484
40092.051
39789.016
39326.316
39915.016
39850.852
39966.816
39608.516
39480.551
39411.785
39355.617
38837.785
38970.75
38689.117
38515.617
38785.984
38486.617
38306.117
38293.684
38155.648
38952.551
39242.051
38371.617
38468.316
39068.551
38974.117
38891.75
39386.582
38820.883
38579.785
38450.215
37667.184
38161.816
37429.449
37541.816
37448.516
37408.883
37981.582
37717.082
38046.383
37898.684
37838.449
38168.816
38097.316
38442.215
38323.785
37897.148
37936.184
38130.75
38276.383
37464.949
37785.383
37979.75
37999.184
37353.215
37849.648
38533.016
38101.316
37839.215
38635.918
38718.551
38580.383
38290.949
37915.648
38434.484
37959.316
38137.148
38162.918
37868.016
38002.383
37882.418
37652.316
38053.082
37774.852
37083.883
37289.117
37593.016
37336.582
36770.484
36732.051
36478.551
36336.582
36144.418
35749.184
36331.883
36389.184
35998.684
36934.715
36812.484
37122.984
37002.484
36712.852
37290.484
37041.918
36726.75
36202.648
36666.816
36891.449
36104.148
35361.184
34652.883
33923.184
33386.418
32716.051
32388.75
31822.184
31366.482
32506.717
33102.352
33129.117
33643.617
34351.648
35453.215
35179.383
35623.148
35460.582
35381.484
35550.648
35148.617
35043.383
35178.484
35129.582
34700.949
34841.25
34996.148
35157.582
34917.484
34663.184
35080.617
34807.25
34860.816
34675.516
35069.016
35030.516
34652.75
35235.582
35101.816
34906.316
34553.352
34259.984
34372.551
34235.25
34141.949
34339.516
34086.418
34490.715
34551.617
34311.25
34489.816
35008.582
34678.949
34427.715
34713.285
34853.582
34713.285
34864.648
34745.352
34326.516
34201.082
34086.449
34283.949
34114.383
33418.684
33801.984
33673.816
33937.516
33766.949
33612.184
33719.016
33887.184
34186.551
33733.582
33879.285
34109.25
33552.684
33841.785
33805.148
33738.984
33202.816
33330.25
33223.816
33295.516
33336.352
33250.715
33194.352
33149.449
32578.617
32882.518
32686.551
32980.25
32481.217
32840.449
33453.484
33072.918
33497.75
33469.184
33325.949
33773.516
33522.551
33597.383
33586.148
33501.918
33687.285
33515.316
33681.617
33370.117
33628.617
33331.25
33843.215
33210.383
33324.215
33041.316
33289.883
33406.516
32956.816
32845.918
32930.018
32950.785
32898.416
33004.582
33061.949
33138.117
33119.215
33045.383
32935.617
32619.916
32165.15
32065.982
32299.15
31797.65
31552.949
31638.25
32071.617
31994.584
31558.217
31566.916
31948.482
31752.584
31448.482
31155.982
31484.283
31264.717
30924.217
30416.584
30804.283
30828.449
30845.084
31061.449
30990.416
30986.316
30432.416
30599.85
30244.617
30185.518
29398.084
29274.584
29289.617
28908.316
28856.684
28193.916
28591.617
28272.916
27682.416
26962.25
26849.816
26959.584
26830.75
26222.051
26484.482
26389.316
26679.816
26719.717
27349.084
27691.449
28480.949
29170.916
29285.217
29450.117
29483.949
29738.916
29536.35
29178.383
29255.75
29053.518
29310.416
29048.982
29378.551
29453.916
29752.35
29659.717
29878.684
29818.051
30242.15
30093.316
29798.684
30109.383
30403.416
30175.982
29916.75
29682.316
30043.018
29924.25
29646.15
29628.65
29684.283
29766.916
30141.283
29343.316
29823.018
29818.117
29882.617
29701.916
29927.35
29727.316
29371.283
29367.383
29502.949
29638.717
28959.084
28910.85
29100.617
28818.25
28753.217
28996.449
29050.816
28794.449
28689.617
28437.982
28381.551
28472.916
28484.018
28440.449
28435.084
28388.584
28379.283
28311.783
28181.283
28204.184
27991.883
27430.25
27838.416
27377.717
27498.816
27467.982
27619.816
27415.916
27523.551
27445.982
27515.018
27865.783
27628.551
27923.85
27813.084
28020.518
27787.283
27363.982
27456.883
27267.717
27111.551
27363.117
27281.949
27239.518
27215.217
27105.584
27539.217
28042.383
27542.018
28087.518
28233.35
27983.25
28087.084
27807.982
28044.15
28172.982
28296.416
28439.184
28540.217
28920.316
28762.416
29179.051
29475.949
29756.584
29262.551
29101.117
29492.482
30001.316
29741.15
30209.65
30405.816
30780.117
30543.551
30681.518
30573.018
30308.717
29623.883
28560.717
28030.816
27761.449
27476.416
27196.316
27007.15
26999.85
26855.482
26778.383
26980.75
26887.383
26903.35
26847.783
27200.084
26940.982
26827.883
26485.051
26540.482
26694.383
26248.617
26571.85
26493.416
26639.717
26673.75
26728.383
26840.949
27005.916
26619.949
26802.982
27175.482
26903.316
26362.949
26741.584
27080.416
26844.717
26528.018
26734.584
27059.217
26460.449
26866.816
26226.316
26573.482
26208.518
26002.816
26153.184
26008.617
26092.584
25830.283
25346.717
26030.018
26105.25
25739.75
25751.25
25949.551
25747.051
26087.816
25515.449
25725.75
25810.982
25878.018
25886.25
26016.75
25778.051
25874.018
26033.717
26271.617
25833.316
25418.217
25478.85
25722.416
25840.982
25559.482
25723.717
25608.617
25765.383
25507.949
25520.982
25568.684
25506.584
25096.883
24891.717
25523.617
25311.783
24809.018
24749.65
25196.416
24869.518
24807.551
24907.982
25128.482
24845.449
23884.217
24686.65
25104.816
24699.584
24643.416
24289.916
24521.416
24652.051
24887.416
24811.051
24692.482
24408.65
24454.217
24480.25
23916.283
23772.717
23191.35
23515.916
23044.684
23451.717
22986.15
23092.65
24352.617
24104.25
24096.816
24679.383
24527.283
24599.051
24140.551
23952.916
23787.617
23820.117
23532.084
23597.65
23697.35
23741.518
23344.416
23553.584
24208.084
23673.449
23216.551
23575.783
23828.018
23911.518
23579.816
23690.383
23821.617
23475.316
23155.684
22842.383
23226.684
22753.383
22746.949
22313.449
22323.15
22392.051
21753.217
21276.25
21149.217
19809.783
19099.551
18321.518
18457.617
18470.916
18579.15
18805.051
19554.883
20395.25
20881.018
20886.316
21112.217
21727.982
22183.35
22106.25
21721.551
22173.184
22079.283
22198.316
22233.018
21803.25
21485.217
21370.518
21833.883
21702.584
21293.35
21962.65
21844.816
22028.518
22124.217
22013.383
22123.684
22105.449
21832.816
21950.65
22067.35
22238.383
21785.816
21808.518
22180.551
22300.65
22143.883
22204.85
22361.018
22371.783
22206.018
21736.117
22162.35
22148.65
21784.949
21585.65
21839.816
22042.051
21805.084
21376.65
21619.949
21950.518
21334.551
21959.584
22125.684
22055.783
22407.283
22190.316
22293.217
22261.383
22018.75
22174.051
22110.75
22038.85
21697.816
21762.584
21815.551
21884.184
21731.883
21841.184
22045.15
22078.383
21802.217
21551.449
21828.883
21722.184
21898.283
21441.449
22001.416
21844.518
22005.018
21987.916
22096.217
22007.584
21552.018
21320.184
21831.35
21720.449
21869.617
21497.65
21432.551
21503.184
21383.617
21769.316
21484.816
21456.383
20915.949
20951.117
21057.35
21310.783
20438.883
20754.051
20959.35
20961.783
20720.084
20559.783
20987.949
20945.184
20697.883
20882.051
20934.684
21151.85
20407.949
20635.117
21102.617
21146.717
20825.75
20632.717
20772.217
20954.316
20606.482
20603.316
20717.35
20661.316
20090.15
20402.25
20427.684
20222.383
20203.15
20312.383
20062.949
20737.916
20122.816
20020.051
20141.018
20192.449
20058.416
19469.982
19982.617
20045.65
19719.949
19514.982
19949.416
19822.65
19716.283
19217.051
19781.551
19735.916
19663.684
19706.117
19355.283
19592.85
19512.416
19038.518
19313.551
19141.518
19159.883
18671.449
19107.684
19021.783
18358.883
18039.25
18819.816
18620.25
18459.617
18342.584
18610.75
18465.25
18108.283
18016.316
18649.35
18412.916
18207.551
18065.316
18566.684
18128.916
17941.883
17840.85
18458.217
18207.717
17965.949
17990.117
18103.551
17836.449
17467.217
17153.85
17618.482
17738.783
17657.283
17907.184
18044.949
17933.518
17330.283
17967.051
17799.949
17642.717
17591.283
17521.25
17442.684
17632.117
17132.617
17137.383
16544.283
15823.65
15171.017
14477.517
14059.616
13941.316
13900.017
13861.85
14715.616
15228.45
15415.816
15849.983
16115.483
16152.116
16271.017
16192.717
16319.884
15798.717
15782.083
15070.983
16088.083
16043.384
15806.684
15761.116
16142.884
16348.583
16499.884
16194.184
16589.15
16816.449
16460.617
16525.117
16888.018
16875.051
16879.75
17032.85
17116.283
17091.449
16850.416
16497.65
17393.084
17116.584
17107.416
16699.316
17380.75
17525.316
17298.018
17480.051
17504.018
17031.518
17226.883
16869.518
17460.018
17369.85
17239.35
17144.117
17183.217
17381.584
16965.084
17516.982
17443.949
17509.783
17494.684
17105.584
17750.949
17748.184
17309.883
17479.85
18137.283
17866.316
17604.35
18091.184
18323.283
17963.25
17731.75
17826.916
17485.416
17688.117
17179.617
17351.65
17643.084
17547.65
17520.482
18020.916
17658.283
17810.383
17131.684
17032.783
17926.084
17728.051
17585.617
17738.518
17548.283
17638.25
17743.416
17414.85
17437.15
17469.916
17407.75
17358.85
17502.15
17164.25
17292.018
17122.518
17501.816
17251.982
17390.416
17347.717
17743.217
17339.051
17359.217
17293.717
17548.35
17770.316
17784.816
17645.117
17569.018
17443.518
17319.883
17553.982
17721.883
17851.25
17827.35
17436.25
18033.084
17916.717
17844.283
17367.518
17920.018
17811.65
17619.75
17524.316
17599.482
17711.584
17860.018
17764.65
17844.75
17555.65
17638.949
17854.916
17542.283
17665.383
17539.617
17395.184
17523.684
17621.982
17375.75
17321.65
17440.15
17692.184
16765.35
17498.584
17528.283
17454.117
16753.684
17180.982
17467.018
17526.518
17408.482
17483.117
17398.816
17524.25
17247.75
17122.783
17525.217
17307.518
17357.482
17004.85
17260.949
17277.982
17023.949
16894.449
17205.084
16816.184
16805.217
16645.25
17009.283
16867.916
16523.416
16853.449
16818.416
16574.45
16728.482
16847.65
16654.35
16638.85
16411.416
16431.584
16742.883
16418.917
16540.217
16213.25
16296.15
16375.45
16247.15
16323.783
16156.417
16078.65
16013.15
15991.85
16219.217
16178.65
16148.816
15258.783
15539.217
15485.45
15332.35
14755.384
14706.083
14793.384
14413.75
13847.783
14393.15
14208.517
13379.417
13813.917
13728.083
13360.583
13499.283
12948.316
13155.15
12982.85
12696.884
12862.65
13045.616
12935.983
13112.017
11886.783
12652.55
12735.316
12257.816
12574.316
12791.283
12876.517
12601.55
12983.717
13201.483
13233.917
13385.816
13785.517
13737.616
13595.85
13659.283
13471.583
13439.55
13641.65
13600.083
13055.384
13516.083
13380.25
13061.55
12499.05
12886.95
12678.384
12362.15
12282.783
12143.35
12219.116
12052.217
11917.384
12279.75
12304.65
12171.884
12174.116
12265.417
12113.983
12033.884
11928.717
12355.417
12192.116
11837.483
12282.65
12636.483
12401.65
12132.95
12286.316
12239.55
12314.85
12240.816
12110.116
12211.283
11987.65
11411.816
11957.917
11812.283
11972.184
12074.816
11608.517
12090.483
11981.983
11249.217
11559.184
11778.35
11650.583
11677.35
11958.65
12041.684
12026.517
12196.217
12128.583
12216.483
12063.85
12025.483
11723.917
11957.616
12076.116
11791.884
11785.65
12046.55
12009.184
11722.35
12214.45
12249.35
12358.184
11889.884
12142.983
12284.55
12201.05
12440.35
11721.45
12254.217
12142.184
12298.35
11896.517
12527.417
12303.517
12446.95
12043.45
12594.417
12534.583
12213.55
12034.316
12227.417
12041.983
11949.483
12144.917
12083.616
11976.583
11624.616
11599.116
11849.684
11998.917
11850.816
12047.583
12001.95
11816.517
11629.083
11833.116
11951.35
11799.983
12065.35
11439.583
11776.283
12081.316
12006.616
11719.517
11743.083
11347.85
11043.217
11512.384
11405.417
11464.316
10670.55
11218.45
11513.417
11366.783
11052.283
11420.717
11628.217
11227.184
11375.55
11225.917
11462.684
11115.05
10873.15
10844.116
11188.35
11142.184
10698.35
10981.05
10970.35
11125.25
10955.616
10999.717
11062.95
10890.917
10721.684
10970.05
11087.483
11022.983
10857.017
11210.917
10930.95
11038.917
10942.283
10741.717
10931.283
10869.45
10716.483
10605.116
10683.017
10776.116
10452.816
10382.05
10835.083
10840.65
10536.083
10572.517
10819.483
10831.583
10419.15
10448.05
10711.95
10497.65
10244.417
10652.783
10633.283
10430.65
10634.884
10417.85
10461.55
10438.25
10133.35
9799.384
10486.083
10125.316
10373.35
10202.316
10264.217
10110.384
10048.15
9881.184
10246.15
10122.717
10011.75
9779.717
10026.217
10069.25
9876.283
9853.717
10118.217
10100.783
9555.95
9768.783
10044.55
9990.116
9304.483
9473.65
9923.95
9864.983
9754.417
9437.184
9986.616
9877.65
9780.483
9551.917
9697.95
9540.917
9413.017
9566.85
9698.283
9525.116
9372.283
9411.05
9828.75
9809.517
9605.684
9327.45
9445.217
9605.184
9368.616
9234.517
9532.95
9457.116
9458.083
9126.116
9310.816
9386.184
9373.684
9196.25
9408.884
9199.783
9614.283
8919.384
9357.417
9282.517
9062.483
8650.85
9359.75
9292.783
9324.35
8995.05
9095.083
8940.05
9045.616
9182.85
9492.417
8693.116
8987.35
8762.85
9030.483
8483.45
8043.617
7475.917
7253.817
6486.517
5722.617
5160.783
4579.883
3879.05
3487.95
2837.917
3158.417
3068.317
2797.75
2991.05
3870.417
4033.25
4022.817
4962.45
5464.483
5754.25
6048.017
5418.117
6148.083
5757.85
5631.617
5283.183
5095.817
5179.783
4887.817
4639.383
5027.083
5093.183
5055.35
4828.517
5570.35
5360.183
5382.617
5984.183
6032.617
6252.917
5935.15
6415.85
6562.617
6531.117
6536.483
6803.05
7049.283
7095.45
6636.817
6896.517
7415.283
7421.917
6976.283
7484.717
7727.417
7866.183
7757.483
7758.783
8236.15
8220.917000000001
7605.35
7690.183
8400.55
8473.983
8298.217
8030.383
8570.082999999999
8388.582999999999
8181.15
8180.782999999999
8657.95
8447.117
7582.817
8463.317
8588.55
8674.183
8356.15
8134.317
8626.483
8540.983
8373.55
8269.384
8406.616
8530.65
8103.0830000000005
7939.65
8881.15
8444.983
8255.883
8274.983
8587.082999999999
8498.917000000001
8381.75
8344.184
8536.217
8507.316
8313.283
8308.316
8582.017
8559.384
8421.483
8315.717
8631.55
8545.517
7968.549999999999
8224.184
8520.75
8426.184
8081.417
8020.917
8430.15
8284.983
8333.683
8110.25
8345.95
8508.183
8203.217
7723.917
8491.417000000001
8388.983
8382.617
8221.117
8688.55
8446.65
8252.082999999999
8014.783
8499.683
8305.85
7883.35
7718.717
8343.883
8286.65
8300.95
7706.65
8400.75
8266.517
8131.35
8211.25
8398.55
8333.582999999999
8170.417
8083.583
8599.883
8410.25
7543.95
7929.85
8480.617
8254.383
8239.817
8090.717
8473.082999999999
8352.183
7940.55
7727.45
8288.55
8154.65
8119.75
7992.117
8325.683
8313.85
8113.817
7683.25
8350.483
8299.183
7932.95
7630.117
8215.017
8358.183
8032.95
7986.583
8285.35
7963.85
7870.417
8043.383
8021.417
7938.117
7802.217
7637.25
8196.817
8070.783
7675.483
7607.45
8044.75
8198.25
7491.35
7581.25
8067.417
7984.917
8030.75
7781.65
7989.083
7914.05
7854.35
7541.45
8167.017
7954.85
7665.35
7644.25
7999.15
7925.183
7740.75
7240.25
7883.217
7834.983
7734.95
7190.717
7960.75
7779.583
7275.283
7717.317
7783.083
7695.65
7291.617
7404.85
7559.283
7686.783
7446.55
7402.983
7676.55
7445.45
7445.75
7213.583
7521.75
7571.117
7084.75
7066.117
7519.083
7477.917
7188.417
7173.45
7209.283
7416.05
6937.083
7078.25
7188.683
7212.65
7047.017
6836.783
7390.75
7247.45
6856.883
6535.517
7111.417
7276.317
7042.617
6767.717
7117.417
7076.517
6410.083
6796.517
7213.483
6874.983
6716.55
6770.583
7016.817
7027.65
6667.417
6510.783
6920.683
7021.85
6861.683
6754.917
7078.217
6895.117
6612.283
6323.05
6948.617
6786.45
6999.55
6512.917
7005.95
6937.45
6430.55
6476.783
6942.083
6786.583
6575.95
6663.25
6914.817
6855.983
6441.483
6389.45
6969.817
6741.717
6576.217
6623.117
6851.883
6722.85
6297.883
6175.717
6575.417
6506.25
6018.083
6149.85
6609.15
6465.05
6617.55
6264.85
6650.617
6517.317
6718.617
6316.25
6550.617
6458.65
6111.15
6097.517
6540.95
6419.583
5948.35
5464.583
6387.683
6441.25
5964.35
6169.117
6414.017
6203.583
6043.55
6001.65
6366.883
6175.717
6005.35
5645.05
6218.95
6291.85
5565.217
5727.05
6290.483
6074.45
5822.883
5581.45
6198.683
6171.383
6092.217
5688.45
6235.417
6178.383
6101.483
5993.183
6178.55
6058.783
4801.817
5300.583
6074.283
6169.05
5760.483
5488.517
6023.55
6159.65
5507.817
5488.183
5935.95
5912.05
5425.083
5471.117
5943.883
5925.983
5282.483
5285.117
5813.217
5785.117
5524.883
5535.25
5753.283
5659.983
5263.017
5637.517
5736.883
5753.25
5226.683
5473.45
5858.017
5661.917
5181.083
5087.05
5670.283
5673.25
5525.817
4979.917
5769.95
5634.117
4944.417
5084.717
