264.25
61.400000000000006
-141.15
141.53300000000002
439.317
123.2
198.85
231.133
229.05
250.333
113.983
-182.8
198.583
199.333
22.049999999999997
-41.0
347.383
-5.799999999999997
61.383
353.067
420.117
172.667
460.25
146.0
277.117
191.867
225.78300000000002
-144.867
190.317
185.53300000000002
313.783
15.533000000000001
281.91700000000003
181.933
224.65
17.200000000000003
555.383
464.2
94.383
-73.933
245.583
117.867
-13.216999999999999
175.667
194.517
227.13299999999998
139.11700000000002
220.8
212.317
233.2
-54.68300000000001
24.667
609.85
279.4
-18.549999999999997
-276.6
425.983
436.133
26.450000000000003
30.599999999999994
370.25
416.867
382.983
227.8
414.983
360.133
143.583
307.4
383.383
380.8
322.783
-149.46699999999998
433.717
271.867
27.650000000000006
64.067
375.183
174.2
137.317
56.2
290.25
486.067
189.65
54.266999999999996
227.38299999999998
334.66700000000003
29.316999999999993
-1.066999999999993
237.78300000000002
191.067
494.517
-4.867000000000004
181.38299999999998
194.46699999999998
337.383
-74.8
192.78300000000002
245.6
184.65
89.133
399.317
347.2
-235.55
26.333
389.58299999999997
295.067
207.65
200.333
460.317
278.33299999999997
-3.4170000000000016
269.733
86.25
317.2
247.983
266.467
401.45
270.067
545.05
-237.667
318.05
358.867
94.583
346.8
380.317
454.6
251.38299999999998
91.8
343.65
232.0
-70.617
102.933
330.05
295.0
120.783
-5.200000000000003
407.983
430.0
48.45
-248.8
341.383
306.267
80.117
129.13299999999998
264.183
404.867
328.317
31.467
285.45
311.4
-278.283
-145.8
300.783
202.667
165.583
-19.266999999999996
317.383
259.867
47.583
203.267
399.983
288.33299999999997
250.983
-126.467
450.05
393.4
426.783
140.0
478.317
259.733
146.517
328.33299999999997
402.383
61.132999999999996
361.25
-179.667
136.65
216.8
4.450000000000003
356.067
579.25
414.467
155.25
-96.467
494.183
142.8
454.783
14.400000000000006
387.383
347.2
307.65
372.66700000000003
519.783
341.467
418.58299999999997
292.66700000000003
314.183
216.933
378.25
-360.133
381.91700000000003
342.267
159.05
126.333
136.317
305.2
459.58299999999997
167.0
226.25
295.067
108.983
-212.6
275.58299999999997
373.867
458.117
172.46699999999998
384.517
291.2
35.25
-326.4
433.91700000000003
217.53300000000002
-73.083
10.733000000000004
250.917
176.2
-1015.883
-108.4
128.517
261.8
232.78300000000002
-73.733
558.783
388.66700000000003
251.117
61.533
255.583
216.733
-125.283
415.933
517.317
256.66700000000003
-197.683
16.133000000000003
306.983
308.6
-116.017
349.2
372.317
252.0
385.05
337.4
327.85
394.4
241.983
172.6
369.65
239.2
399.05
18.132999999999996
401.383
414.867
325.45
-83.0
216.78300000000002
302.8
70.85
-298.8
368.317
328.33299999999997
246.117
-123.933
344.58299999999997
321.2
208.25
69.2
357.25
347.133
-163.017
196.6
324.58299999999997
58.867000000000004
-152.083
142.133
268.05
197.4
302.783
149.733
259.983
504.4
88.783
157.933
366.983
523.6
382.317
156.6
222.183
267.067
79.517
479.8
344.117
185.733
-168.417
93.267
211.317
265.0
249.317
-25.400000000000006
529.583
544.733
11.650000000000006
271.33299999999997
366.117
336.467
214.25
78.6
325.317
369.6
69.45
107.467
281.383
311.933
159.983
281.933
458.05
418.267
392.25
89.933
541.25
167.53300000000002
367.983
-157.46699999999998
355.45
157.933
-103.217
265.4
327.383
184.267
529.983
371.33299999999997
358.25
237.067
618.45
67.067
365.45
263.533
-53.016999999999996
261.467
627.25
396.0
526.783
-68.53299999999999
421.45
334.933
368.38300000000004
172.533
313.717
495.8
-65.55000000000001
204.533
577.85
297.4
115.517
144.333
322.38300000000004
327.267
480.517
145.733
623.05
522.533
678.25
410.067
671.517
473.467
199.383
297.733
346.45
555.4
728.183
152.2
665.85
535.067
492.65
636.6
563.183
454.467
304.25
594.8
437.11699999999996
702.933
69.38299999999998
229.0
509.983
476.867
513.25
335.6
818.583
499.8
659.85
487.2
628.25
589.6
620.317
248.46699999999998
945.383
410.933
522.183
449.333
803.717
475.733
638.983
541.0
535.983
782.8
709.983
581.6669999999999
541.783
792.8
574.517
369.133
882.05
666.4
560.117
495.933
498.517
593.733
707.25
585.867
809.65
702.4
490.317
434.333
593.983
690.6
573.25
463.467
818.5830000000001
388.533
657.5830000000001
383.733
594.717
489.933
663.05
749.867
643.45
380.8
703.517
871.267
369.383
782.533
635.9169999999999
672.0
708.717
664.2
521.117
865.333
1061.117
561.867
575.583
1161.667
791.583
1010.333
388.717
575.067
1043.05
867.133
990.917
1059.2
609.45
556.467
694.517
659.8
1192.45
1024.2
510.58299999999997
967.733
861.45
1086.8
1116.717
939.933
862.717
1185.0
470.98299999999995
753.0
871.45
1029.333
1347.183
1289.333
1231.383
1161.467
973.517
1059.933
1092.383
1007.4
644.583
848.467
1188.25
1016.4
1277.917
837.0
1345.917
1230.067
1332.05
1149.6
1305.983
1219.333
835.517
1279.0
1144.917
1056.333
990.8499999999999
1120.6
1105.583
1236.0
1126.983
905.467
1245.583
998.933
984.383
859.3330000000001
1321.45
1218.133
1161.05
1225.533
1328.05
1061.267
1081.517
971.3330000000001
1249.65
1274.467
1156.317
912.4
1411.583
1136.733
1188.783
1160.133
1313.317
1192.2
687.6500000000001
1127.0
1191.383
1248.067
1280.717
1444.267
1585.05
1380.733
1417.383
1388.0
1505.45
1582.4
1417.183
1498.4
1480.517
1485.267
1666.517
1504.4
1883.317
1367.867
948.183
1225.667
1430.383
1702.867
1435.317
1529.867
1885.783
1673.533
1598.05
1517.533
1743.65
1802.733
1833.05
1541.533
1914.85
1594.2
1491.25
1397.067
1459.717
1391.333
1695.517
1053.467
1455.05
1563.867
1791.583
1421.933
1737.917
1617.533
1835.383
1640.067
1719.917
1782.867
1766.383
1673.467
1992.383
1552.933
2078.65
1824.8
1856.05
1780.867
1685.05
1886.6
2127.383
1487.667
1611.317
1893.2
2153.717
1865.8
1948.983
1698.467
1788.317
1666.667
1744.183
1873.6
1823.117
2126.8
2385.317
1658.8
2244.317
2218.533
2104.25
2005.267
2072.65
1941.6
1894.183
2204.467
2156.583
1947.067
1755.383
1882.667
1806.85
1784.267
2107.117
1976.0
2132.317
2330.533
2130.983
2267.667
2469.917
2217.067
2518.383
2384.867
2714.05
2472.4
2291.05
2534.6
2555.517
2449.933
2281.05
2414.8
2223.05
2309.733
2198.983
2380.4
2353.117
2152.667
1838.983
2121.667
2057.783
2075.667
1895.783
1839.0
2108.517
1858.867
1811.983
1514.667
2141.65
1707.933
2034.45
2032.2
2210.05
2649.333
2429.183
2694.133
2530.717
2705.867
2873.717
2468.667
2658.383
2615.6
2360.85
2278.867
2573.583
2421.333
2666.317
2251.2
2507.85
2562.867
2527.45
2672.733
2636.117
2655.933
2827.317
2747.667
2826.917
2826.533
2739.05
2456.133
2793.517
2835.267
2669.383
2927.467
3009.517
2855.533
2755.717
2462.0
2996.517
2845.4
3141.583
3394.867
3482.983
3818.933
3787.05
3646.667
3594.983
3524.667
3649.583
3243.8
3790.383
3471.333
3663.383
3558.4
3805.517
3307.6
3477.117
3599.667
3470.383
3519.333
3314.85
3001.667
3611.45
3704.8
3556.383
3724.4
3899.117
3867.0
3754.45
3506.2
3871.85
3819.4
3310.983
3530.0
3506.117
3712.933
3581.85
3788.133
3996.65
3716.267
3625.983
3085.8
3379.717
3498.867
3566.917
3251.267
3698.117
3347.067
3406.85
3199.6
3175.383
3101.667
3024.917
3100.867
3108.517
3220.6
3020.783
3133.667
2907.717
3070.333
3197.117
3276.267
3562.717
3713.267
3814.783
3972.667
3782.25
3875.8
3449.117
3955.467
3735.783
3733.933
4266.717000000001
3919.6
4597.45
4608.4
4517.117
4702.4
5287.717
4794.467
4955.85
4413.4
4578.983
4504.4
4133.45
3894.933
3969.983
3830.867
3626.317
3726.133
4216.05
3828.933
4107.45
4127.6
4625.983
4593.867
4729.983
4485.0
4332.65
4206.8
3884.317
3738.667
3852.85
3452.333
3323.117
3194.067
3267.183
3216.133
2642.317
2969.733
2984.583
2656.0
2334.383
3093.333
3112.717
3227.667
3516.517
3223.467
4033.517
4239.3330000000005
4313.782999999999
4168.067
4256.717000000001
4047.267
3691.783
3831.067
3765.317
3954.0
3935.65
3749.333
4314.782999999999
3969.0
4135.782999999999
4024.4
4198.983
4151.0
4058.783
3529.4
4123.25
3985.8
4138.517
4073.933
3963.317
4008.333
3999.05
4003.133
4669.783
4701.133
4696.917
4912.6
5071.983
5160.133
5166.65
4982.533
5328.783
5073.667
5462.983
5049.4
5501.383
5911.8
5230.583
5472.667
5575.85
5367.133
5353.85
4654.067
4555.517
4010.3999999999996
3821.583
2934.0
2837.383
2346.4
2194.783
2195.467
2718.383
2972.4
3291.983
3751.533
4090.65
4261.533
4535.383
4944.933
5236.85
5587.667
5489.05
5480.4
5631.117
5086.6
4987.85
4732.867
4388.983
3653.867
3398.317
3109.4
3085.983
3420.4
3574.317
4060.733
4883.85
5131.2
5325.65
6114.4
6367.983
6443.0
6809.65
6539.4
7234.117
7247.0
7681.45
7340.667
7305.45
7721.8
7501.783
7537.8
7692.317
7524.0
7768.117
7572.733
8206.383
8019.8
8141.05
7894.6
8412.183
8214.133
8090.85
8124.733
8655.983
8423.4
8401.783
8174.533
8350.45
7903.4
7965.65
8141.4
8241.582999999999
8647.533
8401.517
8473.934
8527.917
8242.332999999999
7946.717
7740.333
7945.317
8220.933
8379.183
8286.6
8272.184
8264.2
8243.317
8076.0
8051.717
8035.133
7891.85
7934.8
8389.983
8148.133
8345.383
8012.933
8174.183
8386.533
8183.117
8549.133
8679.717
8659.6
8763.05
8844.8
8950.05
9259.333
9483.85
9286.533
9226.917
9157.866
8536.25
8043.333
8199.582999999999
8151.667
8093.85
7975.533
8267.183
8508.8
8582.917
9205.733
9195.384
9724.6
9654.983
9712.667
9704.45
10110.2
9453.45
9593.333
10060.384
9543.2
9622.25
9798.6
9778.25
9576.6
10188.116
9647.267
9992.316
9935.467
9896.517
9586.467
9863.983
9695.333
9747.116
9172.8
9809.65
9638.6
9597.384
9228.333
9627.983
9957.866
10139.05
9805.467
10043.717
10145.733
9942.65
9938.6
9853.85
8945.066
9414.583
9424.533
9512.316
9049.533
9642.65
9438.066
9543.25
9270.533
9232.05
9535.2
9692.184
9638.533
9710.85
9462.134
9266.45
9226.066
8668.65
8907.667
9591.917
9354.066
9494.85
9813.6
10152.917
10179.866
10417.717
10058.8
10192.25
10311.467
10243.583
9824.866
9668.316
9168.8
9368.583
8620.134
9275.517
9503.467
9160.85
9151.6
9927.85
9891.267
9361.85
9400.667
10184.917
10354.533
10098.116
9890.533
10024.85
10085.333
9830.184
9737.8
9994.517
9823.0
10083.25
10371.066
10058.783
10306.066
10556.45
9691.667
9982.184
9835.533
9472.983
9744.6
9055.45
9337.066
9320.717
10256.667
10169.45
10006.267
9987.717
9559.134
9831.983
9782.733
10150.184
9806.866
9587.717
9070.0
8959.384
8640.267
8299.717
8237.733
7666.583
7537.933
7540.85
7549.0
8003.783
8374.6
9266.65
9799.267
10842.917
10943.866
11929.517
11126.866
10653.384
11074.8
10938.25
10786.533
11484.517
11571.733
11775.85
11636.934
11524.05
10890.533
10525.116
10164.333
10429.184
10299.0
11512.384
10997.866
11599.184
11649.467
11960.917
11988.533
11646.05
12393.4
12494.184
13062.0
12968.983
13106.267
13330.116
13662.533
12692.184
12911.134
12358.583
12629.866
12598.65
12992.8
12501.116
12285.8
11860.517
11675.4
11918.316
11631.2
10790.384
11641.934
11487.45
12247.4
12415.85
12420.333
13297.85
12939.733
12611.85
12891.4
12890.85
12699.333
12653.184
12827.4
13290.316
13654.267
13669.983
13370.333
13502.384
15010.0
13862.917
13903.467
14152.384
13591.267
14097.983
14096.6
14675.783
14152.733
13651.116
13913.2
14144.05
14036.667
13554.384
13419.667
14515.65
14917.467
14547.05
13961.866
14315.917
14100.134
13985.05
13155.866
14075.45
13930.333
13512.184
12978.267
13513.983
13759.733
13735.116
13350.866
14354.65
14355.6
14090.45
14515.333
14643.783
15296.533
14648.184
14462.8
15041.316
14608.333
14922.583
14071.866
14398.85
15093.267
14635.116
14850.2
14875.983
14441.4
14662.05
15060.2
15650.45
15359.066
15344.583
15527.667
15392.05
15802.2
16209.583
15801.467
15775.783
15356.0
15407.384
14893.533
15365.85
14966.333
15310.45
14637.6
14290.983
14520.667
14428.316
14106.667
14732.783
14224.0
14344.316
14451.267
14433.45
14502.467
14356.517
14909.2
15400.184
15702.733
14923.717
14948.134
15040.65
14500.066
15262.917
14897.733
15461.983
15476.467
15793.583
15798.066
15964.783
16172.066
15651.65
15215.8
16759.85
16205.733
16096.717
16344.400000000001
16630.05
15423.066
16140.316
15425.0
16394.316
16108.866
15451.65
15944.6
16413.583
16109.333
16256.917
17129.867
16596.384
16044.134
15867.184
15630.533
15510.517
16063.2
16666.316
16594.733
17223.051
17365.066
17719.65
17253.867
17367.85
17701.801
17487.916
17410.268
17447.85
17553.467
17929.916
17581.467
18245.916
18037.732
18129.717
18573.066
18449.25
18381.467
17959.982
18060.867
18358.85
17945.533
17813.916
17649.867
18301.717
18023.199
18973.051
18289.133
17911.383
18319.867
18496.051
19155.066
19245.717
19331.867
18802.184
19032.6
18553.051
18669.533
18474.85
18798.934
19074.25
20756.199
19196.916
20033.133
20334.117
20507.0
19946.316
21235.133
20700.25
21047.334
21714.916
22399.199
21226.051
21797.0
21249.316
21514.6
23086.25
21676.6
21793.518
20974.732
20935.184
21073.066
21694.717
21548.133
22067.25
22788.533
22217.982
22935.4
23621.518
24255.732
24232.584
24445.467
25193.65
25805.732
25165.783
23931.533
24718.051
24921.934
24183.717
24682.6
25319.518
25342.0
25150.783
25618.199
26197.184
25533.732
26952.117
27589.6
27196.717
26641.0
27693.449
27568.133
27564.316
27283.6
27652.783
27741.934
27587.117
27628.867
27238.85
27516.199
28379.982
29093.334
29495.051
29772.199
31124.783
31401.533
30805.982
31469.133
31466.916
31195.334
31266.584
30326.732
31334.449
30481.934
30422.316
31990.867
32515.717
32834.532999999996
32919.65
33062.398
33810.184
32996.602
33267.918
32738.602
32934.383
33215.266
32748.051
33419.734
34114.918
34455.602
34590.516
34727.199
35172.918
35124.602
34607.516
34906.465
34793.051
34849.133
34169.918
34812.668
34897.25
35047.734
35474.785
34980.0
34869.184
35063.066
35132.516
35183.535
35298.449
35526.734
35277.383
35451.0
35669.984
35412.0
34367.715
33823.266
32173.051
30825.732
29907.051
29609.0
29505.783
29996.268
29940.916
31221.533
32844.916
33346.668
33992.449
34097.066
34398.984
35291.465
36260.516
35908.734
36527.984
36598.0
36258.852
35461.934
35189.25
35452.398
36011.648
36317.332
36717.582
37378.199
38241.184
38759.266
38893.117
38946.398
38184.117
38072.668
37643.383
37894.734
38018.051
37951.801
37945.117
37280.801
36862.648
36625.066
36096.117
36168.734
36467.25
36231.199
37667.852
37893.535
38173.918
38839.398
39117.715
38240.867
38455.648
37994.465
38077.184
38373.266
38739.383
39161.0
40202.852
40053.668
40641.449
40155.199
40154.852
39691.066
38993.316
39174.801
39065.516
39322.465
39048.051
39310.934
39892.648
40193.668
39740.516
39785.801
40877.184
40282.465
40711.449
39936.602
40606.715
40044.199
39112.25
38630.133
38254.648
38228.066
38413.648
38715.066
39172.648
40250.066
39979.184
40848.801
40318.984
40363.734
40117.051
39675.734
39368.918
38938.465
38254.316
38431.535
38473.582
38198.934
38418.715
38398.867
38112.316
38240.332
38086.051
38225.934
38683.516
39115.801
39082.25
39568.465
40309.715
40523.734
40470.648
40755.734
40601.715
40453.398
39729.449
39294.801
38811.449
39133.668
39522.449
39235.266
40106.051
40432.602
41005.715
41235.535
41259.051
41179.465
42035.785
42271.535
42885.715
42989.602
42610.918
42450.668
42177.051
42150.934
41469.316
41287.867
41394.918
41441.867
41075.918
41003.266
40115.785
40685.734
40268.715
40682.535
40577.984
41459.066
41949.918
42617.734
42971.383
43275.602
42297.117
42400.465
41926.449
41889.535
42322.117
41950.199
41928.051
41547.133
41920.25
42283.535
42292.316
42513.0
42537.383
43022.734
43491.715
44278.801
43466.184
43359.199
42678.051
42707.668
41906.316
41935.602
41868.785
41551.734
42180.648
42336.535
40506.25
41696.934
41663.852
41259.266
41438.984
41197.867
41067.516
41294.398
41935.383
42202.266
42272.449
42172.734
42311.715
43035.066
43154.449
43411.398
43095.582
42597.801
41217.516
39674.668
38871.785
37354.934
35791.918
35234.332
35935.25
36962.934
39211.984
39927.934
39276.25
39338.602
39596.117
38985.867
39425.316
38871.734
38404.715
39347.867
40552.582
41439.266
41427.316
41839.734
42023.449
42453.0
43281.918
42756.602
42705.785
42705.332
41940.918
42467.332
42895.984
42968.602
42736.117
43597.668
44014.449
44032.332
44075.648
43325.133
43221.852
42862.535
43150.918
42790.535
42103.648
41850.867
41365.582
42408.734
43221.117
43881.266
43650.383
44288.066
45177.117
45487.602
44969.582
44528.934
44933.582
44298.332
44127.582
43506.066
44236.117
44724.332
44195.383
43920.465
43598.715
42497.398
41852.516
40249.0
39137.25
38717.602
38786.785
39217.734
39738.852
40925.535
41154.984
42442.266
42775.648
42840.266
43469.918
43704.734
44168.984
44354.0
44436.516
44924.398
45748.383
45124.535
44749.984
43934.934
43808.582
43659.535
43566.918
43549.199
43582.051
44256.734
45246.449
45336.332
45338.316
45350.133
45203.648
44930.0
44921.785
44929.801
43762.051
43229.066
42879.117
42191.734
41336.184
40926.266
41257.184
41509.398
41981.785
42443.332
43165.516
43206.0
42971.582
42819.934
42962.117
42617.668
42278.715
42385.465
42865.383
43367.398
43528.383
43560.266
44056.852
44650.465
44570.117
44667.133
44403.449
44258.535
43568.715
42806.133
42483.984
41585.398
40560.582
41863.934
41741.117
42106.266
42282.918
42922.133
43070.516
43356.535
42843.582
42933.867
43274.117
42796.0
42645.516
42471.602
42396.184
42036.199
41384.117
40885.066
41096.25
41126.867
40644.785
39981.668
40289.984
40182.332
39848.715
39869.266
40152.785
40431.199
40631.918
41097.934
41269.918
41712.867
41467.715
41304.734
41766.383
41706.867
40514.715
41209.066
40831.184
40837.398
41082.316
40469.199
40538.918
41384.734
41563.316
41949.668
41803.184
41964.934
41945.715
41606.867
42105.918
41586.266
41031.117
40976.266
41324.25
41724.668
41968.051
41135.535
41313.648
41252.602
40835.516
41112.934
41269.918
41079.867
40912.582
41045.734
40810.25
40962.066
40428.449
40162.734
40088.184
40029.602
40229.117
39755.066
40663.984
40916.199
41402.715
40723.465
40998.715
40993.734
41252.449
41116.0
40855.316
41077.133
41019.117
40786.0
40824.383
40824.0
40510.648
40033.0
40419.918
40543.867
40672.516
40682.602
40850.184
40835.199
40713.918
41104.668
41143.383
41365.801
40523.918
40139.066
40362.117
39812.535
39895.918
39662.266
40207.051
40741.398
40572.715
40451.398
40783.984
40688.801
40976.383
40816.734
40864.316
41202.0
40962.516
40937.332
41127.117
41147.668
41102.25
40897.867
40277.852
40461.465
39627.785
39887.0
39962.383
39852.801
39539.984
39671.602
39610.383
39569.465
39616.449
39979.0
39583.383
40194.535
39980.449
39948.602
39395.984
38996.465
38680.25
38796.066
38408.852
38399.465
38113.117
38709.266
38911.918
38909.199
38773.785
38397.465
39449.785
39686.465
39968.316
39977.535
40626.316
40776.199
40105.852
39914.668
39763.582
39690.934
38899.516
39000.668
39271.051
39245.867
39518.715
39513.0
40020.449
39915.465
39963.184
39773.465
40079.449
39707.332
39493.449
38933.199
39542.918
39631.199
38850.852
39708.602
39340.051
39648.266
39812.051
39335.332
39625.25
39243.934
38444.383
37968.066
38509.117
38314.332
37952.117
38355.066
38394.715
39387.465
39078.984
39762.133
39945.582
39642.934
39540.516
39947.734
40258.383
39700.535
39202.117
38970.934
39021.582
38476.535
38281.516
38214.602
38808.582
38882.668
38814.25
38713.398
39339.918
39398.668
39037.715
38773.934
38824.918
38408.867
37781.582
37266.668
37413.316
37314.668
36947.715
37263.199
37629.184
38166.934
38364.25
38490.133
38823.316
39037.0
39390.715
39292.398
39437.184
39240.465
39070.383
39644.801
39025.785
39425.0
39140.852
38655.266
39212.316
39141.602
39364.785
38940.602
38802.117
38737.668
38720.984
38174.398
38338.648
38039.133
37871.25
38166.668
37870.25
37685.332
37628.785
37457.668
38257.25
38553.602
37720.383
37868.398
38457.316
38328.066
38215.184
38694.066
38253.984
37906.199
37820.715
37051.867
37558.582
36736.066
36944.316
36845.867
36776.051
37329.602
37130.25
37375.602
37280.715
37219.602
37644.25
37547.398
37801.785
37770.332
37287.715
37304.801
37605.516
37749.332
36860.25
37245.801
37373.582
37425.535
36811.984
37261.465
37919.117
37536.199
37277.648
38073.266
38163.184
37995.867
37766.383
37346.668
37909.184
37459.934
37619.117
37565.398
37330.316
37480.867
37366.184
37120.934
37496.984
37232.465
36596.984
36790.465
37019.316
36853.266
36259.25
36243.668
36015.184
35837.535
35616.918
35217.0
35844.984
35813.801
35497.316
36403.133
36287.918
36523.668
36520.648
36159.602
36683.984
36469.867
36113.582
35608.133
36112.117
36266.734
35478.184
34735.266
34010.516
33308.199
32758.916
32104.934
31745.316
31179.133
30777.449
31857.0
32444.717
32445.066
32995.582
33705.199
34839.383
34573.867
34953.918
34833.066
34788.383
34951.465
34531.785
34306.801
34527.449
34475.332
34093.918
34213.332
34309.785
34541.602
34352.051
34027.535
34495.516
34262.734
34306.184
34091.199
34528.383
34448.0
34062.785
34663.066
34446.516
34283.133
33851.383
33586.398
33640.316
33581.934
33568.918
33714.133
33495.383
33884.867
33975.25
33734.801
33975.715
34464.734
34155.984
33864.133
34152.984
34334.602
34182.449
34288.934
34176.918
33791.066
33588.184
33524.0
33734.449
33641.535
32878.25
33235.934
33192.918
33416.066
33274.715
33079.066
33194.25
33311.199
33666.184
33185.668
33392.715
33666.465
33084.785
33362.066
33350.051
33235.0
32702.316
32848.268
32755.65
32839.268
32883.717000000004
32760.867
32708.449
32688.066
32080.051
32411.4
32246.184
32444.066
32027.383
32388.4
32957.449
32622.133
33008.117
32977.602
32869.782999999996
33258.734
33073.449
33084.535
33121.516
33047.535
33245.383
33009.398
33207.65
32910.332
33178.852
32950.0
33366.383
32697.666
32864.584
32580.133
32837.184
32953.066
32518.518
32353.867
32470.184
32512.934
32498.916
32541.732
32563.916
32700.199
32645.65
32611.533
32574.051
32217.0
31741.117
31669.732
31867.316
31411.133
31056.916
31212.666
31656.051
31556.6
31102.184
31142.533
31533.184
31345.732
31023.982
30775.6
31100.518
30853.0
30471.449
30000.4
30346.783
30426.467
30439.916
30663.732
30608.117
30586.6
30047.85
30260.732
29896.051
29749.4
29057.316
28930.467
28977.051
28527.0
28493.65
27868.867
28280.65
27881.934
27362.184
26613.533
26519.916
26651.732
26478.117
25903.732
26155.449
26049.268
26331.65
26401.334
27000.449
27420.732
28116.051
28826.4
28920.783
29098.801
29072.25
29384.199
29173.518
28840.268
28891.184
28678.6
28958.65
28721.066
28984.449
29076.6
29414.449
29313.133
29544.518
29444.934
29861.25
29755.066
29419.184
29734.732
30053.717
29817.133
29571.783
29328.334
29671.783
29561.867
29320.449
29243.467
29336.65
29405.867
29761.383
28970.867
29532.117
29489.133
29540.85
29341.268
29595.184
29382.934
29038.316
29031.467
29144.584
29327.133
28598.717
28536.666
28749.584
28484.133
28455.383
28593.0
28686.316
28435.133
28323.316
28094.268
28052.85
28092.133
28190.25
28112.467
28104.85
28018.533
28074.85
27984.934
27836.717
27811.199
27652.184
27097.801
27500.25
27073.268
27176.383
27147.268
27252.916
27072.666
27193.783
27136.467
27169.316
27472.934
27290.916
27597.934
27491.25
27664.0
27440.85
26925.4
27092.916
26873.533
26741.449
26925.867
26801.584
26763.334
26777.65
26695.867
27147.449
27613.801
27149.65
27685.334
27787.449
27569.0
27718.184
27386.533
27661.051
27780.666
27909.25
28094.666
28120.85
28510.801
28390.717
28784.133
29108.584
29393.666
28862.051
28753.801
29078.449
29554.199
29357.584
29851.934
30018.916
30384.467
30197.584
30311.4
30226.584
29958.867
29236.717
28279.334
27799.65
27417.533
27170.117
26930.6
26674.25
26709.0
26603.449
26441.867
26696.916
26596.801
26605.65
26580.199
26939.783
26700.934
26517.25
26233.268
26224.916
26448.334
26013.982
26262.533
26200.316
26371.199
26335.518
26473.0
26562.184
26772.268
26382.783
26516.066
26881.916
26629.467
26120.85
26425.801
26792.051
26597.467
26239.717
26517.6
26793.051
26215.467
26681.584
25975.4
26311.184
25938.4
25726.783
25883.6
25733.584
25805.334
25566.584
25066.666
25765.383
25817.268
25555.117
25495.268
25672.051
25468.066
25848.383
25273.199
25478.584
25500.4
25674.383
25670.934
25822.449
25531.533
25651.184
25785.268
26085.85
25557.0
25207.383
25243.066
25486.051
25627.6
25323.25
25489.133
25315.982
25535.467
25264.584
25308.533
25369.449
25310.066
24846.316
24684.6
25286.316
25031.334
24561.783
24489.732
24916.383
24561.066
24565.717
24625.4
24903.25
24541.0
23594.783
24348.801
24783.982
24358.934
24324.316
23933.666
24207.25
24268.6
24540.051
24483.4
24423.65
24090.467
24145.584
24153.666
23569.051
23431.867
22931.449
23222.334
22777.383
23177.0
22717.717
22803.934
24099.85
23862.6
23839.584
24425.334
24283.051
24338.666
23845.117
23634.0
23447.25
23479.533
23219.117
23248.133
23409.051
23442.934
23074.982
23314.0
23920.518
23465.934
22973.982
23295.334
23607.383
23651.268
23330.982
23443.6
23545.783
23235.6
22904.584
22560.199
22948.449
22531.6
22445.051
22046.467
22033.383
22082.4
21496.518
21027.867
20898.184
19588.199
18819.783
18062.066
18224.982
18224.934
18307.117
18529.666
19272.584
20109.066
20588.518
20604.6
20871.916
21467.4
21956.449
21815.934
21533.383
21974.867
21877.518
22016.867
22017.051
21634.6
21282.783
21177.533
21660.449
21490.4
21107.518
21792.066
21667.717
21834.268
21992.982
21833.934
21897.383
21891.4
21674.117
21783.066
21913.184
22069.334
21639.25
21647.467
22025.783
22087.6
22006.184
22068.133
22190.717
22175.666
22055.916
21545.934
22024.584
21960.6
21663.25
21409.867
21691.449
21839.0
21628.051
21219.467
21438.117
21796.867
21130.117
21826.133
21957.051
21901.133
22302.316
22013.467
22124.25
22091.066
21860.916
22044.066
21950.982
21873.4
21571.25
21647.867
21655.65
21670.334
21615.65
21660.0
21895.449
21913.801
21594.25
21414.199
21699.85
21609.533
21780.117
21367.6
21858.65
21659.133
21853.518
21849.334
21922.783
21843.268
21370.25
21115.666
21727.916
21538.533
21749.584
21316.533
21270.25
21342.6
21226.916
21580.066
21335.717
21318.4
20773.783
20816.867
20902.65
21163.666
20311.184
20607.4
20803.717
20844.666
20584.117
20413.334
20862.449
20775.732
20585.383
20738.4
20778.383
20987.4
20270.117
20480.801
20958.518
21011.0
20649.25
20528.801
20638.982
20814.801
20452.584
20429.801
20603.85
20498.934
19963.85
20256.0
20284.449
20114.6
20062.916
20188.4
19874.717
20603.268
20010.916
19862.666
19989.25
20033.6
19925.783
19367.801
19877.383
19909.732
19632.982
19331.867
19822.65
19710.199
19622.783
19061.801
19635.051
19598.934
19536.449
19571.467
19234.916
19482.533
19398.65
18923.732
19232.184
19043.732
19058.449
18551.4
18952.982
18890.334
18283.85
17929.732
18701.184
18527.867
18327.383
18193.199
18481.117
18309.467
18002.916
17913.199
18559.65
18274.867
18101.383
17940.934
18464.316
18022.801
17835.717
17747.867
18349.982
18132.4
17868.584
17808.666
18038.25
17713.0
17362.117
17009.0
17555.449
17631.133
17536.518
17806.133
17927.584
17810.801
17213.518
17846.268
17642.117
17524.732
17510.783
17423.533
17373.65
17501.801
17022.051
16989.4
16335.983
15602.866
14914.45
14136.066
13728.85
13557.533
13511.116
13493.934
14385.05
14927.066
15130.717
15571.333
15886.25
15923.066
16052.45
15918.267
16063.983
15522.2
15554.983
14804.267
15853.45
15808.2
15579.917
15522.4
15887.583
16120.134
16262.116
15966.267
16389.583
16598.0
16269.25
16322.065999999999
16723.117
16679.467
16684.25
16804.268
16929.051
16908.0
16667.316
16315.333999999999
17204.65
16916.801
16889.449
16464.666
17142.982
17261.6
17040.783
17214.4
17231.65
16771.199
16940.717
16610.533
17144.316
17048.4
16926.783
16840.066
16934.584
17139.867
16708.85
17287.268
17241.316
17254.133
17269.184
16818.533
17545.184
17486.666
17135.518
17249.467
17951.449
17656.801
17459.051
17920.467
18150.916
17818.0
17581.449
17692.467
17394.916
17560.066
17003.051
17186.867
17506.117
17382.867
17346.85
17799.467
17438.316
17562.268
16964.717
16772.6
17719.85
17496.268
17305.316
17476.4
17361.518
17403.867
17510.783
17187.533
17269.383
17220.934
17187.85
17144.533
17325.25
16954.732
17089.383
16970.666
17332.449
17066.801
17204.65
17107.133
17527.916
17136.066
17202.184
17122.666
17348.584
17591.666
17641.916
17489.6
17399.25
17310.732
17155.783
17403.867
17561.717
17678.467
17623.916
17273.467
17910.25
17757.334
17712.65
17213.732
17751.184
17628.867
17467.85
17312.467
17409.916
17573.199
17736.449
17579.334
17713.051
17422.4
17520.783
17697.6
17401.449
17539.334
17420.316
17253.467
17397.717
17487.4
17236.449
17156.133
17318.65
17571.801
16647.65
17359.066
17427.25
17395.801
16648.184
16994.334
17335.916
17457.934
17298.584
17332.268
17264.916
17396.801
17124.717
16998.533
17378.916
17137.533
17228.982
16911.4
17156.25
17186.867
16870.184
16805.934
17147.316
16704.066
16704.916
16522.199
16884.449
16780.467
16450.316
16744.334
16709.583
16470.6
16625.25
16701.533
16580.117
16523.6
16293.783
16330.134
16624.783
16312.733
16429.517
16086.934
16180.717
16247.267
16102.45
16178.6
16022.184
15955.8
15890.184
15868.934
16104.316
16012.066
15996.25
15072.8
15383.05
15268.533
15074.517
14468.066
14383.45
14423.2
14035.983
13369.533
13958.316
13790.333
12985.316
13385.934
13346.917
12963.333
13141.517
12636.467
12757.25
12602.533
12308.983
12429.667
12652.517
12520.267
12702.45
11461.2
12243.116
12322.0
11855.783
12188.467
12423.983
12521.134
12283.783
12714.733
12929.983
12968.267
13179.717
13569.866
13545.917
13397.467
13497.983
13282.267
13277.116
13483.6
13448.45
12888.934
13368.517
13151.533
12851.783
12239.467
12573.917
12353.0
12038.783
11942.8
11820.783
11912.134
11770.316
11602.4
12013.983
12026.6
11862.517
11832.066
11984.983
11810.533
11705.45
11643.8
12049.184
11881.733
11565.917
11967.4
12363.384
12133.6
11876.45
12024.333
11972.717
12043.066
11969.45
11853.066
11926.583
11644.934
11126.85
11644.333
11524.917
11677.733
11806.983
11353.267
11883.184
11725.8
11022.316
11317.2
11534.25
11366.333
11414.85
11657.533
11799.65
11750.333
11935.85
11845.667
11984.316
11834.267
11757.917
11488.333
11743.384
11815.467
11557.717
11556.934
11819.783
11769.8
11484.116
11972.667
12017.316
12163.733
11726.917
11935.4
12116.65
12080.0
12296.184
11596.866
12101.917
11962.467
12180.384
11761.0
12441.316
12184.533
12330.517
11948.6
12501.783
12436.0
12087.517
11904.6
12125.116
11907.733
11813.45
12076.333
11990.583
11834.0
11495.184
11496.134
11727.384
11917.934
11776.717
11897.866
11891.384
11717.0
11523.384
11745.2
11822.316
11685.667
11967.583
11363.866
11689.384
11974.4
11919.783
11633.066
11677.05
11249.267
10988.517
11429.8
11313.384
11421.134
10607.184
11157.267
11414.316
11293.934
11017.583
11324.4
11575.05
11152.934
11321.583
11167.066
11409.517
11074.934
10809.45
10773.333
11144.65
11085.8
10658.717
10938.267
10949.384
11067.8
10901.316
10942.0
11017.717
10871.533
10686.783
10885.066
11048.45
10962.066
10844.917
11145.8
10890.45
11014.333
10915.85
10715.4
10918.116
10880.533
10724.917
10607.733
10680.717
10742.533
10429.85
10327.333
10795.384
10801.934
10503.783
10559.866
10786.917
10816.866
10388.85
10475.533
10690.85
10446.134
10210.25
10623.333
10622.25
10386.934
10594.783
10386.2
10477.85
10400.533
10116.65
9755.0
10477.583
10123.134
10350.316
10145.866
10271.583
10050.866
10051.25
9864.667
10225.583
10088.134
9996.05
9714.533
10014.85
10027.134
9855.05
9817.934
10095.384
10063.4
9552.517
9756.8
10034.917
9983.2
9294.45
9468.6
9877.316
9867.4
9718.583
9412.667
9966.25
9852.733
9761.717
9504.667
9672.583
9512.333
9368.917
9502.533
9667.65
9495.934
9324.116
9377.4
9803.783
9804.066
9569.116
9316.267
9423.917
9561.066
9398.184
9176.134
9536.25
9441.066
9435.917
9090.667
9299.05
9386.0
9349.45
9175.733
9385.25
9153.934
9595.517
8890.6
9338.717
9231.866
9048.05
8610.8
9330.116
9266.6
9291.717
8982.667
9075.384
8949.4
9039.783
9178.134
9458.517
8693.134
8956.983
8745.733
9010.85
8439.467
8000.85
7360.267
7131.05
6332.867
5525.65
4951.067
4320.717000000001
3582.533
3211.05
2536.667
2842.25
2759.8
2480.117
2673.933
3550.183
3745.6
3734.45
4682.667
5232.517
5511.133
5836.117
5191.467
5942.583
5560.2
5378.317
5052.6
4833.45
4928.467
4608.383
4371.867
4770.05
4840.4
4807.05
4584.133
5325.45
5085.067
5143.383
5758.2
5791.783
6037.733
5729.917
6188.467
6390.583
6361.733
6371.983
6623.333
6900.783
6950.2
6472.383
6748.2
7293.05
7321.0
6893.65
7386.333
7644.117
7762.067
7670.85
7700.2
8176.983
8129.267
7537.317
7664.067
8353.183
8435.267
8286.783
7979.8
8527.65
8322.8
8162.85
8150.2
8628.983
8440.4
7552.317
8411.733
8564.85
8652.0
8313.85
8124.733
8605.582999999999
8548.0
8329.517
8246.733
8395.583
8488.0
8089.049999999999
7921.0
8854.117
8439.467
8245.317
8272.933
8566.517
8458.867
8370.85
8304.8
8528.85
8474.733
8322.316
8264.733
8595.983
8548.066
8425.583
8294.533
8639.85
8538.533
7975.5830000000005
8213.533
8499.783
8431.6
8068.917
8027.533
8403.717
8273.067
8331.117
8086.467
8388.65
8479.067
8194.85
7729.267
8506.65
8391.4
8388.25
8196.067
8685.717
8400.733
8231.25
8008.8
8488.517
8307.0
7862.65
7722.667
8350.983
8309.133
8282.917000000001
7678.267
8411.983
8264.067
8126.117
8199.4
8379.917000000001
8324.332999999999
8159.85
8070.467
8596.582999999999
8401.332999999999
7568.917
7905.267
8483.25
8252.133
8223.183
8088.067
8469.45
8363.467
7917.783
7731.667
8307.65
8131.133
8113.717
7997.667
8328.383
8277.467
8142.183
7647.6
8356.783
8285.933
7933.717
7615.4
8202.917000000001
8338.2
8033.717
7962.867
8308.383
7965.733
7916.583
8013.467
8003.45
7942.8
7802.983
7607.067
8203.85
8005.533
7672.917
7605.8
8080.85
8194.332999999999
7491.05
7571.933
8065.117
7960.067
8024.383
7769.2
7980.317
7891.467
7863.25
7525.6
8164.05
7924.533
7637.583
7618.4
7972.45
7912.933
7707.383
7241.067
7881.45
7821.133
7693.05
7159.6
7942.25
7775.467
7285.25
7681.267
7779.383
7675.133
7252.383
7378.067
7531.25
7645.733
7409.45
7353.533
7634.317
7414.133
7420.717
7179.867
7520.183
7545.667
7069.45
7010.8
7492.583
7458.2
7180.783
7124.0
7196.583
7379.267
6922.517
7095.133
7159.917
7198.467
7004.517
6780.667
7369.783
7224.867
6838.65
6517.133
7079.983
7229.933
7084.917
6757.2
7107.05
7077.267
6382.117
6814.733
7220.25
6870.0
6713.717
6765.133
7006.783
7037.267
6632.383
6513.467
6922.45
7028.267
6846.317
6718.333
7050.983
6819.667
6572.117
6282.867
6912.183
6736.4
6970.983
6490.067
6977.917
6916.533
6413.25
6443.867
6926.383
6771.933
6569.583
6649.133
6934.383
6824.4
6431.983
6378.533
6972.25
6709.4
6572.85
6620.467
6851.517
6716.533
6287.517
6162.333
6548.583
6490.933
6013.183
6124.4
6605.183
6438.533
6603.183
6269.0
6619.517
6470.467
6689.183
6294.333
6532.25
6439.867
6096.717
6073.6
6542.85
6410.333
5933.25
5426.733
6365.383
6388.4
5965.517
6150.333
6395.183
6168.333
6037.25
5988.0
6385.183
6161.067
5954.45
5636.333
6213.45
6272.6
5536.717
5711.467
6292.317
6070.467
5820.983
5599.667
6191.317
6166.133
6097.45
5648.133
6246.183
6160.2
6106.117
5979.2
6180.583
6029.733
4834.917
5311.267
6081.85
6154.6
5776.983
5499.667
6027.117
6133.733
5510.117
5516.467
5957.85
5896.867
5425.583
5470.0
5956.85
5907.067
5290.783
5299.667
5825.917
5778.6
5519.183
5507.933
5773.25
5667.733
5262.85
5649.733
5742.917
5747.133
5231.783
5468.133
5856.25
5619.0
5177.05
5056.733
5656.25
5647.6
5502.183
4929.4
5750.317
5606.2
4936.317
5060.133
