270.08299999999997
63.900000000000006
-146.983
154.96699999999998
437.817
125.967
205.35
234.5
228.95
249.567
123.017
-171.9
201.083
204.767
12.683
-41.766999999999996
346.08299999999997
-3.433000000000007
50.283
357.5
420.55
181.7
462.883
138.3
272.883
192.367
223.75
-139.5
189.083
208.5
323.08299999999997
21.367000000000004
278.35
197.833
233.417
14.632999999999996
555.217
474.033
87.617
-67.833
234.95
124.5
-19.783
180.233
194.417
231.567
137.28300000000002
229.36700000000002
219.75
242.167
-48.917
33.967
605.283
271.7
-18.450000000000003
-256.567
432.617
436.1
18.217
40.5
375.55
427.5
373.883
225.03300000000002
407.617
365.3
146.883
316.9
378.35
384.433
325.683
-139.63299999999998
433.283
279.367
34.483000000000004
69.9
371.483
190.96699999999998
136.817
68.767
291.817
492.7
189.21699999999998
54.233000000000004
222.35
344.7
15.75
4.5
228.55
208.1
486.41700000000003
-3.8329999999999984
172.083
210.36700000000002
334.95
-74.3
183.21699999999998
247.1
184.883
92.767
415.55
356.233
-231.183
25.099999999999994
396.41700000000003
300.16700000000003
211.417
200.233
453.483
284.033
-1.3829999999999956
268.967
93.483
316.633
236.28300000000002
273.7
401.95
287.433
537.883
-230.03300000000002
315.41700000000003
369.9
91.55
352.233
378.683
450.9
253.61700000000002
101.233
335.817
239.63299999999998
-69.25
104.633
330.683
305.033
120.817
4.233000000000004
405.95
439.16700000000003
57.349999999999994
-243.63299999999998
345.017
303.83299999999997
81.217
141.433
269.683
412.9
330.283
37.233000000000004
285.95
322.633
-283.05
-144.96699999999998
293.75
197.36700000000002
152.75
-13.5
322.017
260.83299999999997
50.150000000000006
208.7
393.95
281.367
235.55
-114.5
444.15
407.3
415.483
153.63299999999998
475.55
272.7
153.55
341.767
397.817
67.3
364.283
-167.7
115.683
222.567
-2.516999999999996
359.033
584.95
414.367
152.617
-92.233
496.283
147.7
444.35
21.900000000000006
378.283
353.567
312.883
379.16700000000003
522.483
341.967
417.15
308.5
328.75
225.233
369.483
-360.433
383.283
352.1
166.683
135.1
128.21699999999998
317.83299999999997
466.35
168.63299999999998
236.15
295.1
107.95
-208.36700000000002
274.483
383.767
457.08299999999997
185.9
384.617
299.7
45.55
-322.367
429.817
237.5
-67.317
14.033000000000001
256.283
190.833
-1012.783
-103.633
122.417
266.633
236.817
-71.167
554.283
389.16700000000003
255.21699999999998
55.900000000000006
250.88299999999998
223.7
-118.383
423.967
516.617
267.83299999999997
-190.38299999999998
24.5
298.483
320.767
-124.717
342.033
382.617
257.5
379.617
338.567
321.283
402.3
244.083
169.833
367.95
244.3
402.617
24.900000000000006
390.283
427.767
330.617
-81.7
208.75
309.967
66.217
-289.633
358.35
339.9
249.75
-117.967
345.617
336.1
209.683
73.3
346.683
345.033
-158.983
193.96699999999998
322.883
60.967
-141.71699999999998
150.36700000000002
249.21699999999998
209.167
308.41700000000003
167.767
253.683
511.5
87.617
165.233
372.15
530.167
376.95
156.63299999999998
212.15
276.033
86.15
488.633
343.15
199.167
-162.11700000000002
105.767
197.21699999999998
279.9
253.683
-18.233000000000004
527.417
542.033
14.216999999999999
282.033
362.35
330.567
224.28300000000002
95.233
329.217
375.967
59.75
117.633
286.617
316.16700000000003
166.817
280.967
458.15
420.033
381.883
92.033
542.017
160.167
377.283
-148.9
353.617
163.03300000000002
-110.45
274.367
311.15
190.767
519.883
364.9
352.55
235.96699999999998
609.75
64.1
354.283
272.1
-59.382999999999996
252.433
611.883
388.233
514.883
-71.3
417.75
343.3
353.817
161.5
314.15
498.1
-81.85
187.233
572.817
298.233
95.21700000000001
125.833
314.95
323.767
482.55
134.9
611.683
520.367
652.617
409.033
657.95
462.767
177.417
287.3
325.683
541.3
712.55
131.767
646.55
518.567
466.35
607.1
538.483
442.5
286.41700000000003
577.633
414.88300000000004
679.767
42.417
204.5
482.817
463.567
481.41700000000003
315.367
796.55
478.7
630.35
467.767
604.95
569.7
601.75
220.767
927.15
399.5
488.483
428.967
769.017
438.567
612.017
506.167
500.017
761.367
667.0830000000001
553.5
499.15
758.1
536.55
337.767
838.883
640.367
525.617
472.833
458.283
568.8330000000001
672.55
557.233
767.95
656.1669999999999
440.817
387.5
547.617
654.3
529.55
419.633
763.483
351.767
608.0830000000001
345.633
556.683
456.433
619.0830000000001
703.633
593.683
338.167
647.35
840.567
326.883
748.633
594.75
636.7
653.35
619.567
472.75
825.567
1001.683
516.633
532.083
1111.5
736.75
950.833
325.35
515.5
986.083
811.567
924.55
1005.633
530.55
498.83299999999997
613.483
582.633
1120.217
943.233
430.08299999999997
892.167
786.283
1003.233
1041.95
869.167
779.683
1125.967
413.48299999999995
681.567
802.75
975.1
1267.683
1211.9
1136.15
1082.3
874.483
972.567
995.55
913.967
552.35
763.3
1111.15
936.3
1195.817
759.167
1246.617
1154.233
1247.283
1059.633
1217.95
1146.5
734.417
1198.7
1060.15
967.7
889.617
1039.233
1024.483
1131.567
1039.883
809.3
1149.55
915.9
878.35
772.3
1221.417
1112.7
1054.083
1120.033
1232.017
986.0329999999999
984.283
879.767
1150.083
1185.967
1069.283
831.567
1321.35
1058.967
1107.217
1077.567
1213.283
1109.1
599.617
1029.233
1095.55
1162.433
1169.483
1353.233
1477.75
1292.633
1299.083
1288.967
1411.883
1464.433
1305.017
1379.167
1356.95
1365.967
1538.817
1381.3
1779.15
1254.833
855.817
1114.167
1326.083
1596.567
1305.75
1403.5
1770.483
1557.833
1473.75
1406.5
1626.083
1677.1
1698.35
1426.433
1793.95
1458.5
1365.95
1282.367
1356.017
1287.567
1597.55
947.0329999999999
1350.95
1454.967
1679.083
1301.567
1625.417
1497.633
1701.617
1507.633
1596.15
1662.967
1653.683
1549.9
1856.617
1423.1
1949.017
1705.033
1742.95
1664.833
1566.35
1750.5
1991.883
1365.633
1470.617
1774.5
2006.617
1739.033
1829.75
1557.7
1651.083
1535.1
1622.017
1746.033
1688.017
1976.433
2224.417
1518.633
2088.617
2058.767
1955.483
1862.833
1943.483
1798.5
1747.95
2046.3
1995.15
1804.567
1606.35
1721.833
1668.217
1644.767
1965.617
1845.833
1978.283
2188.967
1988.95
2118.833
2315.55
2054.767
2366.217
2203.367
2536.75
2287.767
2112.95
2360.433
2349.35
2281.567
2089.95
2251.367
2066.017
2150.9
2034.883
2229.833
2212.283
2024.767
1704.15
1980.233
1930.683
1939.967
1769.683
1706.7
1953.883
1715.433
1673.75
1401.433
2029.95
1599.767
1918.35
1901.967
2071.95
2505.767
2269.15
2529.3
2363.15
2537.367
2680.017
2292.433
2492.817
2456.567
2193.95
2124.433
2415.683
2280.167
2520.683
2097.167
2354.483
2384.3
2359.217
2500.567
2470.483
2490.3
2630.417
2576.233
2640.817
2647.433
2558.283
2274.167
2608.883
2663.7
2485.417
2731.367
2817.55
2684.1
2567.35
2295.967
2795.083
2660.433
2939.417
3206.1
3256.017
3596.1
3580.817
3421.433
3359.017
3294.233
3404.75
3008.9
3564.283
3268.433
3407.083
3340.9
3581.283
3100.3
3247.417
3389.5
3274.283
3315.433
3099.283
2807.567
3398.417
3483.033
3333.75
3487.233
3649.083
3626.7
3506.75
3272.7
3633.683
3593.567
3102.35
3335.833
3282.683
3515.233
3362.75
3570.7
3759.417
3508.3
3401.617
2889.167
3191.017
3297.833
3340.483
3058.833
3468.55
3154.433
3206.883
3024.3
2989.817
2926.567
2843.017
2913.233
2924.417
3030.567
2826.083
2968.9
2737.35
2904.233
3004.75
3074.1
3367.617
3499.367
3602.683
3738.767
3561.017
3653.367
3236.617
3750.5
3507.417
3525.1
4035.35
3664.9
4359.282999999999
4367.233
4250.283
4425.367
4993.017
4503.033
4632.683
4139.5
4347.283
4265.5
3902.817
3672.633
3746.55
3629.767
3404.683
3525.9
3993.35
3603.433
3874.483
3874.233
4354.083
4304.033
4460.15
4226.7
4086.15
3965.9
3661.883
3528.1
3647.683
3272.9
3160.95
3031.167
3108.217
3063.967
2490.883
2845.3
2851.75
2517.367
2201.883
2962.5
2976.617
3066.767
3334.483
3020.9
3819.217
4000.9
4089.083
3926.567
4014.817
3819.767
3489.55
3643.567
3565.883
3734.767
3730.083
3526.033
4088.083
3757.7
3921.417
3804.5
3989.817
3928.3
3857.683
3318.033
3906.817
3748.167
3922.95
3883.633
3767.683
3801.433
3809.15
3791.967
4446.883
4476.967
4429.483
4675.3
4828.483
4895.567
4899.017
4719.567
5063.417
4799.633
5196.283
4765.033
5208.617
5600.633
4917.55
5179.767
5295.15
5063.233
5081.55
4388.033
4348.483
3835.633
3642.417
2785.633
2711.083
2246.433
2095.35
2097.833
2620.017
2845.633
3144.75
3593.033
3880.083
4068.0330000000004
4311.083
4703.9
4986.683
5331.5
5206.883
5189.967
5359.217
4812.967
4731.883
4499.033
4185.617
3482.567
3246.617
2977.7
2956.417
3297.967
3401.75
3898.967
4668.817
4871.433
5051.55
5831.967
6066.75
6132.767
6475.283
6197.567
6878.617
6907.7
7334.35
6994.5
6956.483
7373.5
7093.817
7178.167
7331.75
7126.633
7400.15
7193.433
7838.15
7632.833
7742.217
7500.967
8000.017
7818.567
7671.95
7730.567
8291.95
8032.633
7977.483
7807.433
7961.017
7501.167
7592.417
7766.5
7850.217
8257.567
8002.083
8063.833
8133.817
7846.567
7576.417
7365.833
7583.817
7821.9
8023.15
7877.9
7872.35
7885.367
7861.417
7718.7
7688.017
7657.367
7502.883
7574.1
8008.083
7805.767
7953.017
7680.9
7818.883
8021.367
7813.217
8177.5
8303.483
8291.3
8382.55
8489.3
8544.816
8863.9
9051.217
8890.9
8826.55
8797.566
8191.283
7707.433
7890.817
7817.433
7793.083
7674.7
7919.683
8163.633
8269.283
8847.967
8790.483
9304.9
9254.483
9318.566
9278.483
9661.3
9055.55
9183.566
9644.95
9142.233
9219.884
9405.833
9341.283
9177.767
9770.417
9263.967
9582.55
9525.967
9426.017
9165.833
9436.15
9326.366
9342.217
8811.366
9409.616
9253.9
9217.417
8848.167
9257.816
9573.634
9740.35
9376.1
9668.55
9727.9
9542.55
9575.1
9496.083
8590.5
9055.417
9057.634
9158.55
8680.1
9256.95
9073.233
9174.15
8895.566
8867.083
9199.167
9318.95
9271.833
9331.75
9091.7
8888.15
8905.434
8315.35
8546.967
9260.15
8985.967
9125.884
9417.5
9744.417
9784.767
10042.816
9662.233
9782.95
9908.3
9839.217
9450.3
9331.55
8820.7
9023.017
8300.434
8978.083
9160.967
8819.95
8802.233
9548.75
9530.566
9025.55
9067.5
9779.083
10003.566
9731.35
9548.366
9666.483
9727.1
9495.217
9433.7
9672.283
9521.033
9731.616
10040.9
9709.75
9928.967
10212.15
9377.634
9666.75
9509.9
9139.35
9429.366
8735.55
9002.366
8985.417
9862.1
9826.35
9640.366
9620.283
9221.233
9540.217
9470.3
9823.884
9503.233
9293.884
8779.9
8670.684
8392.5
8044.083
7980.633
7417.417
7338.3
7325.617
7308.833
7756.883
8142.967
8978.884
9489.233
10482.95
10603.1
11544.017
10788.7
10317.35
10743.833
10621.083
10466.033
11158.483
11230.1
11452.217
11280.833
11223.217
10607.7
10216.884
9901.9
10156.217
10039.967
11222.816
10699.833
11273.95
11296.967
11600.616
11636.233
11284.95
11993.5
12109.95
12694.967
12568.75
12709.167
12924.15
13276.366
12317.35
12546.767
12000.55
12222.033
12230.816
12619.5
12140.217
11934.233
11519.15
11374.366
11615.35
11315.634
10502.417
11290.767
11146.684
11869.634
12035.884
12064.3
12928.283
12557.167
12255.684
12512.434
12528.15
12349.5
12294.417
12482.033
12928.283
13290.767
13356.884
13001.167
13157.017
14652.9
13491.55
13527.1
13814.95
13185.1
13746.95
13706.434
14321.417
13828.434
13268.417
13569.434
13771.884
13690.033
13224.483
13080.7
14134.55
14568.634
14197.616
13606.033
13954.217
13737.5
13596.417
12783.033
13717.017
13579.1
13252.017
12618.434
13157.816
13436.634
13422.15
13031.366
13996.083
14014.167
13732.816
14148.9
14242.616
14938.566
14295.083
14099.833
14663.884
14225.1
14512.483
13710.1
14054.417
14774.5
14293.483
14476.3
14497.684
14118.434
14320.75
14693.9
15319.35
15048.634
15055.616
15142.233
15059.217
15425.233
15875.017
15469.3
15410.684
15013.1
15056.75
14555.233
15016.684
14641.366
15014.15
14336.366
13995.816
14209.634
14109.616
13833.233
14428.616
13950.7
14050.816
14167.434
14118.417
14229.233
14051.417
14587.833
15096.083
15423.233
14604.816
14662.033
14762.083
14204.033
14984.417
14627.3
15143.75
15167.033
15460.616
15503.167
15656.283
15885.9
15377.816
14935.634
16488.55
15894.9
15815.55
16038.1
16264.684
15170.566
15772.217
15087.1
16045.417
15835.9
15146.75
15640.9
16119.017
15841.434
15970.884
16812.301
16298.283
15733.233
15574.816
15331.967
15240.217
15761.434
16372.283
16318.167
16921.75
17038.967
17419.482
16972.367
17006.018
17386.1
17161.35
17103.566
17168.283
17245.834
17626.482
17292.232
17954.816
17713.1
17858.15
18245.967
18112.551
18028.9
17581.084
17782.5
18064.75
17631.633
17486.018
17366.5
18019.684
17725.768
18653.883
17945.166
17651.482
18099.9
18212.35
18913.1
18969.949
19052.9
18513.949
18736.834
18297.949
18435.232
18191.15
18518.301
18774.35
20449.834
18913.35
19747.301
20061.15
20231.367
19657.283
20941.834
20396.15
20725.633
21393.15
22041.367
20944.551
21520.367
20961.35
21216.9
22795.217
21350.9
21496.482
20719.5
20695.15
20809.834
21417.15
21306.166
21763.416
22483.633
21937.883
22667.434
23320.217
23945.699
23944.018
24090.033
24869.217
25552.033
24908.482
23632.633
24414.416
24579.033
23891.482
24395.367
24995.883
25013.768
24802.617
25280.033
25867.35
25193.033
26610.15
27222.367
26855.883
26300.1
27367.883
27240.768
27280.617
26985.367
27346.018
27467.367
27258.283
27349.232
26921.617
27223.566
28093.816
28757.434
29164.816
29466.834
30833.084
31054.967
30474.217
31148.768
31174.684
30906.967
30979.949
30027.566
30989.416
30169.367
30075.15
31677.834
32195.949
32515.768
32608.75
32736.033
33494.684
32683.834
32911.35
32365.033
32674.217
32917.832
32370.018
33110.766
33868.148
34161.102
34312.75
34498.898
34879.617
34891.699
34345.551
34684.168
34500.883
34584.168
33988.684
34537.5
34717.285
34825.301
35275.949
34755.699
34690.883
34813.301
34896.285
34936.5
35079.418
35367.301
35035.148
35230.965
35488.684
35289.301
34185.484
33658.633
32040.35
30745.566
29852.084
29492.1
29447.283
29940.434
29858.883
31160.768
32693.551
33217.699
33849.484
33970.898
34210.285
35083.301
36083.551
35708.832
36374.082
36396.102
36008.285
35269.566
35006.484
35214.832
35772.418
36123.301
36560.148
37157.434
38039.215
38566.5
38670.148
38770.633
38055.816
37930.965
37445.75
37737.301
37841.352
37791.168
37817.215
37148.832
36710.617
36531.367
35983.883
36031.5
36393.082
36134.633
37542.816
37780.766
38052.215
38714.699
38944.082
38067.234
38300.949
37868.699
37943.352
38290.367
38660.75
39080.434
40060.352
39884.566
40476.215
40006.898
40034.285
39548.766
38865.816
39064.566
38974.75
39187.434
38936.285
39209.434
39796.418
40077.566
39600.816
39716.898
40734.75
40194.566
40585.484
39882.434
40527.484
40006.965
39106.684
38598.035
38292.484
38167.766
38397.883
38697.898
39093.148
40290.434
39965.285
40840.234
40274.684
40330.301
40129.883
39676.434
39340.617
38895.965
38300.285
38416.965
38454.484
38212.699
38412.883
38373.168
38103.684
38242.965
38080.75
38207.168
38689.418
39136.832
39070.949
39552.035
40269.082
40484.898
40427.684
40780.5
40545.148
40497.633
39745.484
39297.965
38772.016
39109.434
39486.617
39205.168
40045.484
40408.965
40944.016
41211.965
41164.215
41129.633
42045.484
42367.965
42902.082
43014.633
42650.148
42469.301
42188.215
42182.566
41516.082
41333.633
41432.215
41452.5
41064.484
41022.832
40147.75
40746.367
40327.617
40790.035
40656.949
41558.766
42041.684
42685.234
43028.551
43354.168
42369.016
42493.633
41911.418
41959.633
42342.75
41984.102
41966.016
41622.234
41968.352
42378.766
42429.082
42585.5
42689.215
43147.234
43556.285
44380.832
43636.551
43470.898
42790.883
42836.5
42030.215
41998.367
41951.684
41659.766
42302.082
42490.633
40625.352
41857.898
41779.949
41387.832
41663.285
41347.102
41252.285
41527.102
42068.418
42387.766
42452.285
42381.898
42506.684
43230.102
43276.551
43644.566
43366.418
42810.766
41433.082
39894.965
39074.816
37577.566
35961.418
35432.832
36121.484
37158.633
39446.949
40194.301
39526.418
39605.766
39745.418
39234.434
39668.816
39128.102
38634.484
39530.633
40791.551
41699.367
41599.016
42026.566
42257.082
42745.766
43597.484
43051.301
42919.684
43068.301
42188.016
42663.301
43149.082
43214.566
43022.148
43912.168
44325.75
44293.965
44305.215
43631.766
43518.082
43194.367
43431.082
43118.168
42406.551
42234.434
41694.215
42692.367
43533.484
44186.566
43968.949
44589.035
45490.148
45862.633
45284.949
44859.898
45228.215
44621.832
44471.148
43801.234
44465.816
45040.5
44516.352
44279.234
43920.418
42804.633
42108.816
40572.766
39429.215
39025.5
39122.883
39464.168
40023.215
41283.832
41479.215
42803.102
43067.215
43168.434
43832.617
43986.102
44512.684
44686.168
44833.016
45289.301
46165.016
45497.367
45153.418
44297.367
44166.484
44020.699
43928.418
43958.301
43955.684
44680.301
45649.016
45716.5
45697.016
45786.633
45635.949
45329.301
45283.352
45371.035
44199.617
43642.434
43225.551
42618.434
41765.082
41293.5
41652.75
41948.965
42452.949
42810.168
43525.418
43631.898
43395.418
43233.102
43382.551
43108.5
42740.352
42857.234
43314.285
43799.102
44005.684
44058.434
44580.551
45087.566
45056.816
45187.301
44868.082
44725.832
44040.684
43269.566
42986.352
42105.234
41067.148
42359.434
42242.285
42576.168
42798.285
43427.367
43540.75
43872.633
43311.215
43406.566
43776.949
43281.234
43157.883
42976.035
42890.082
42558.102
41917.551
41395.367
41523.551
41635.566
41142.75
40461.301
40783.883
40642.301
40366.75
40360.766
40605.617
40904.699
41112.484
41613.434
41826.816
42271.566
41967.883
41783.766
42250.418
42136.566
40963.215
41722.566
41348.551
41350.965
41572.484
40912.367
41017.949
41919.832
42099.148
42514.367
42367.949
42493.035
42463.551
42145.566
42628.684
42170.898
41543.082
41488.766
41828.551
42269.434
42492.617
41731.633
41894.148
41782.5
41313.016
41657.434
41821.285
41676.633
41467.617
41629.898
41360.484
41564.832
40953.617
40691.5
40659.352
40605.633
40811.949
40348.434
41240.684
41492.5
41980.484
41350.832
41492.215
41569.035
41804.816
41685.301
41434.418
41638.434
41561.617
41392.566
41405.148
41457.5
41068.883
40643.898
40999.148
41175.434
41331.816
41262.434
41383.215
41449.898
41340.484
41772.566
41772.883
42052.965
41184.551
40747.965
40959.285
40451.5
40495.285
40301.633
40830.684
41399.566
41185.949
41031.035
41389.617
41301.102
41640.949
41406.367
41521.215
41882.633
41658.418
41588.5
41842.484
41873.234
41753.883
41578.367
40917.684
41107.766
40321.215
40575.965
40627.883
40551.699
40191.75
40304.301
40295.016
40244.766
40236.883
40655.234
40329.148
40877.168
40626.949
40612.965
40105.949
39657.832
39287.551
39486.965
39060.215
39116.301
38787.215
39427.434
39596.551
39664.234
39494.418
39069.301
40188.484
40379.832
40651.418
40767.633
41285.215
41506.301
40821.816
40633.832
40455.617
40411.434
39602.352
39779.965
39974.352
39928.566
40284.215
40231.766
40679.617
40598.5
40729.617
40519.234
40774.617
40442.234
40188.75
39677.965
40270.684
40348.566
39509.684
40398.633
40014.215
40343.566
40565.148
40098.633
40336.352
39983.832
39189.75
38699.102
39201.551
38959.168
38639.816
39102.102
39101.816
40127.301
39852.285
40502.898
40711.75
40389.102
40263.816
40663.766
41052.75
40512.035
39959.418
39757.766
39709.684
39183.699
39002.215
38932.965
39543.418
39561.5
39525.285
39508.168
40081.617
40136.434
39765.75
39521.234
39560.082
39131.699
38503.148
38005.5
38051.551
38056.898
37625.75
37956.301
38379.016
38927.234
39153.418
39246.102
39573.883
39787.832
40169.016
40091.301
40204.816
40024.5
39829.016
40370.035
39760.883
40202.102
39903.816
39497.301
40057.215
39940.633
40142.285
39748.301
39611.883
39562.832
39558.816
38962.766
39103.75
38870.832
38624.285
38920.5
38604.148
38435.832
38380.883
38292.699
39125.949
39367.566
38541.617
38624.102
39254.883
39110.832
39072.684
39562.5
39054.883
38751.699
38642.949
37861.898
38348.082
37546.035
37732.418
37661.832
37554.75
38105.965
37869.816
38203.699
38117.949
38046.035
38414.949
38372.367
38674.148
38602.367
38132.617
38201.102
38374.75
38558.898
37741.285
38074.965
38250.617
38298.168
37672.148
38145.234
38819.148
38406.566
38141.148
38948.766
39058.883
38885.633
38600.484
38182.367
38757.684
38273.434
38486.551
38446.832
38182.016
38344.367
38244.75
38019.766
38364.949
38110.5
37419.75
37595.367
37914.352
37659.633
37055.148
37081.898
36840.148
36691.965
36494.352
36073.102
36627.617
36702.102
36304.883
37235.035
37165.816
37436.898
37335.215
37072.234
37550.285
37353.035
37025.352
36516.234
36980.551
37165.832
36303.551
35542.633
34835.75
34095.566
33523.148
32908.434
32501.15
31954.5
31473.283
32595.166
33166.883
33228.234
33786.082
34489.766
35673.684
35416.035
35839.082
35663.566
35589.016
35820.766
35380.082
35193.965
35341.148
35276.898
34907.949
34955.301
35137.148
35347.367
35164.352
34917.832
35272.352
35095.699
35111.949
34980.566
35383.816
35284.301
34936.551
35517.035
35318.684
35064.566
34723.75
34438.234
34468.215
34406.566
34409.484
34570.766
34357.082
34759.5
34839.016
34669.367
34867.148
35359.434
34998.816
34755.301
35039.016
35230.035
34992.551
35157.102
35048.684
34614.832
34506.551
34410.766
34578.75
34454.766
33734.285
34140.699
34064.418
34350.035
34109.215
33974.367
34083.75
34222.168
34532.285
34089.633
34284.016
34550.434
33939.352
34233.5
34215.949
34170.965
33600.816
33714.965
33699.883
33718.832
33769.949
33678.898
33629.484
33572.168
32992.148
33344.965
33090.816
33370.035
32899.684
33255.566
33813.352
33521.234
33931.215
33912.633
33788.551
34229.633
33953.883
34065.434
34079.617
33979.699
34144.215
33977.367
34117.75
33855.234
34124.352
33846.832
34323.352
33668.102
33758.551
33536.965
33788.816
33947.766
33441.617
33275.898
33397.016
33431.035
33448.418
33415.898
33518.418
33634.898
33576.617
33533.898
33470.016
33137.832
32656.35
32608.166
32806.883
32323.434
31989.684
32176.434
32557.15
32548.633
32078.018
32103.033
32502.15
32253.5
31977.816
31711.434
31972.551
31765.232
31405.084
30933.633
31305.949
31377.967
31292.018
31601.699
31504.551
31513.5
30911.084
31134.5
30818.283
30684.633
29930.217
29788.9
29876.883
29398.699
29406.416
28722.699
29051.283
28753.834
28224.018
27470.232
27353.617
27460.166
27277.482
26710.699
26962.816
26887.9
27211.15
27214.9
27841.35
28221.434
28973.684
29702.301
29872.217
30000.967
30041.416
30255.768
30113.15
29728.566
29873.482
29582.166
29850.684
29601.166
29940.684
30016.033
30304.283
30278.566
30444.482
30343.367
30843.018
30685.434
30395.217
30731.967
31011.283
30752.699
30476.15
30279.033
30575.684
30464.9
30271.883
30210.5
30275.283
30310.9
30728.75
29956.9
30471.416
30438.834
30527.75
30334.9
30518.416
30376.033
30005.75
29956.967
30091.217
30313.166
29577.217
29469.033
29701.084
29434.967
29350.084
29522.699
29658.018
29393.232
29298.416
29039.967
29001.816
29010.301
29069.75
29078.633
29006.283
28954.633
28980.883
28907.166
28791.018
28754.566
28571.35
27976.5
28411.883
27985.5
28096.217
28079.367
28214.15
27965.699
28164.018
28074.033
28062.283
28445.434
28236.684
28527.033
28387.617
28622.166
28354.217
27844.232
27937.283
27772.5
27606.35
27836.566
27669.883
27687.5
27693.883
27622.9
28047.949
28519.834
28111.816
28647.9
28748.482
28502.434
28643.816
28300.166
28599.15
28729.166
28867.35
29039.633
29128.15
29505.1
29441.416
29758.9
30087.949
30388.367
29864.217
29772.699
30082.482
30601.434
30396.084
30889.1
31049.617
31422.5
31199.35
31354.566
31298.217
31007.566
30301.816
29283.166
28745.283
28355.166
28143.217
27888.566
27639.75
27644.768
27501.482
27402.033
27621.75
27555.166
27587.482
27509.434
27863.816
27668.566
27526.15
27153.566
27145.617
27375.967
26998.217
27239.5
27126.816
27359.367
27316.283
27385.1
27575.551
27763.232
27352.684
27491.232
27836.949
27635.5
27065.482
27407.633
27817.416
27621.367
27207.75
27482.301
27732.883
27209.633
27586.018
26890.967
27233.018
26955.166
26697.883
26840.232
26723.75
26787.768
26524.283
26058.1
26720.283
26802.301
26432.416
26456.033
26641.816
26443.633
26821.15
26217.834
26432.283
26489.5
26652.949
26588.301
26758.217
26463.1
26638.35
26725.566
27017.617
26555.967
26154.551
26196.633
26462.883
26572.367
26277.883
26450.768
26307.416
26529.232
26252.35
26261.834
26286.283
26225.834
25844.15
25602.1
26207.816
25958.834
25507.551
25427.434
25845.949
25520.232
25478.75
25563.9
25809.15
25499.699
24498.883
25251.834
25694.35
25263.166
25241.35
24884.967
25111.551
25199.033
25444.217
25382.633
25338.416
25004.5
25076.617
25075.566
24517.15
24336.699
23788.018
24097.1
23669.684
24078.834
23644.35
23782.834
25035.283
24835.166
24810.551
25457.5
25217.617
25223.967
24787.816
24567.633
24399.75
24408.768
24151.75
24200.301
24279.084
24356.367
23964.684
24238.232
24866.75
24437.967
23884.283
24251.166
24486.684
24597.5
24267.35
24396.566
24542.949
24173.768
23855.416
23481.367
23889.084
23472.768
23359.018
22965.834
22941.816
22998.967
22363.15
21865.5
21790.018
20406.1
19678.816
18888.301
19008.816
19017.434
19107.816
19346.301
20153.949
20961.367
21466.416
21557.834
21736.684
22376.768
22860.018
22766.5
22436.15
22886.566
22811.949
22927.1
22929.75
22533.566
22207.217
22113.232
22542.949
22419.5
21974.617
22681.834
22551.482
22779.1
22854.018
22746.967
22868.416
22844.699
22614.15
22699.834
22790.551
22986.033
22537.018
22532.699
22931.084
23024.768
22928.75
22949.566
23142.816
23092.967
22997.084
22479.768
22947.883
22891.434
22564.482
22362.301
22645.35
22756.5
22589.883
22102.699
22372.217
22709.033
22110.283
22745.9
22870.416
22796.166
23233.217
22977.699
23092.018
23022.699
22808.949
22957.633
22898.551
22866.232
22475.217
22576.834
22594.018
22647.301
22520.35
22610.9
22837.084
22870.967
22579.617
22287.9
22596.617
22490.768
22700.75
22268.434
22792.084
22605.699
22821.551
22780.699
22888.217
22801.301
22381.75
22066.9
22642.018
22495.566
22710.35
22271.9
22177.816
22258.367
22138.883
22510.166
22272.816
22226.232
21686.684
21743.1
21809.684
22096.699
21232.75
21496.301
21746.084
21740.566
21487.416
21343.566
21762.217
21705.633
21466.949
21679.166
21745.084
21897.699
21197.617
21370.9
21847.217
21922.033
21602.416
21425.232
21543.018
21750.166
21373.949
21339.967
21500.75
21422.5
20845.15
21137.033
21154.15
21000.566
20976.35
21109.301
20773.35
21534.301
20898.617
20782.166
20906.816
20925.232
20851.617
20244.434
20760.283
20807.166
20475.482
20239.5
20711.084
20604.033
20475.617
19976.1
20522.883
20479.232
20435.15
20477.9
20132.551
20373.434
20234.816
19788.367
20067.217
19856.633
19898.35
19404.699
19846.816
19747.434
19167.084
18790.566
19535.482
19367.166
19168.816
19024.033
19300.617
19168.301
18815.35
18762.232
19412.883
19124.434
18915.018
18808.566
19239.217
18843.166
18662.816
18592.166
19189.018
18982.699
18685.018
18671.434
18875.15
18552.633
18117.482
17869.166
18325.482
18405.699
18333.617
18590.834
18726.949
18634.367
18020.617
18672.9
18432.084
18359.434
18309.482
18235.566
18140.883
18320.033
17822.35
17766.5
17100.75
16246.767
15507.55
14772.967
14266.417
14117.366
14067.55
14062.967
15031.283
15544.1
15791.083
16259.833
16573.15
16630.033
16756.75
16638.9
16776.684
16235.434
16229.483
15490.967
16531.816
16476.1
16250.75
16186.5
16606.75
16806.5
17006.816
16705.967
17124.15
17369.301
16991.551
17073.367
17434.684
17472.566
17448.551
17594.232
17695.283
17681.768
17449.084
17100.1
17969.217
17710.5
17658.217
17234.768
17920.35
18058.033
17827.816
17996.166
17992.816
17524.301
17693.551
17379.301
17929.883
17823.768
17695.883
17584.967
17693.416
17961.967
17508.816
18047.967
18014.416
18074.232
18077.617
17634.367
18299.816
18303.9
17893.482
18084.232
18785.15
18537.301
18288.617
18774.232
19046.883
18693.033
18450.416
18560.834
18180.416
18360.367
17891.551
18010.1
18307.684
18199.166
18151.883
18614.1
18249.416
18371.633
17780.551
17619.967
18508.75
18322.301
18180.482
18339.633
18156.551
18255.1
18338.084
18001.232
18113.084
18062.1
18005.617
17933.367
18117.617
17785.301
17901.35
17752.566
18134.617
17893.033
18029.551
17949.768
18348.617
17971.967
18002.551
17892.166
18168.018
18433.699
18444.018
18334.768
18266.883
18150.566
18007.482
18253.033
18389.75
18512.367
18508.551
18123.633
18787.35
18633.699
18543.883
18048.033
18590.551
18497.768
18303.617
18181.768
18277.217
18411.232
18558.283
18439.768
18538.949
18254.033
18355.617
18548.301
18310.018
18397.633
18268.816
18110.301
18215.551
18342.434
18080.084
18041.166
18146.75
18401.033
17532.949
18232.9
18282.551
18195.9
17501.15
17873.9
18167.75
18268.834
18123.018
18170.033
18122.551
18267.834
17987.684
17864.566
18266.684
18059.768
18101.217
17759.367
18008.617
18049.768
17692.684
17661.367
17961.35
17561.566
17556.684
17385.967
17746.482
17600.434
17271.551
17557.768
17549.816
17310.967
17435.551
17586.699
17415.551
17369.633
17123.816
17145.9
17471.15
17136.967
17263.551
16913.834
16993.551
17046.166
16898.084
16987.232
16830.75
16750.367
16710.018
16646.9
16914.482
16875.033
16796.684
15839.167
16106.483
16000.033
15785.017
15154.1
15076.483
15059.033
14673.417
14037.833
14571.417
14444.233
13587.35
14012.033
13948.75
13568.566
13708.217
13197.1
13337.217
13178.366
12848.35
12991.967
13236.017
13133.1
13284.417
12019.566
12764.417
12871.566
12407.017
12731.634
12982.75
13095.634
12872.283
13281.833
13564.35
13631.3
13809.616
14232.366
14225.15
14092.5
14186.083
13986.967
13941.616
14107.366
14090.884
13540.566
13979.684
13815.3
13477.15
12838.167
13185.816
12954.767
12632.884
12548.767
12369.95
12471.033
12322.483
12164.366
12589.35
12578.233
12433.283
12424.366
12530.816
12387.434
12300.95
12205.233
12646.684
12453.1
12097.55
12558.5
12917.684
12726.566
12451.616
12609.833
12534.816
12616.9
12548.75
12443.3
12484.483
12215.1
11620.684
12197.566
12096.75
12248.9
12363.95
11975.233
12464.15
12344.167
11596.15
11869.833
12097.017
11923.7
11946.884
12230.167
12347.616
12358.767
12535.283
12439.1
12576.483
12393.9
12347.95
12052.3
12267.217
12386.366
12120.217
12137.366
12371.217
12344.833
12071.616
12561.5
12630.483
12789.634
12359.95
12575.767
12743.15
12730.033
12918.684
12208.7
12714.15
12615.434
12795.684
12420.967
13069.417
12834.033
12988.55
12594.167
13134.816
13066.3
12743.083
12547.833
12758.684
12558.634
12424.483
12641.434
12598.95
12465.434
12118.083
12110.767
12343.15
12533.1
12353.55
12534.366
12503.816
12310.833
12128.083
12338.767
12458.884
12323.967
12608.75
11999.566
12337.616
12597.967
12580.083
12265.566
12294.283
11853.434
11608.616
12043.967
11949.35
12001.566
11176.884
11752.233
12036.083
11909.366
11621.684
11976.033
12192.35
11761.3
11933.417
11783.033
12014.55
11672.033
11432.616
11396.1
11740.217
11665.233
11244.55
11550.767
11506.55
11658.3
11492.15
11559.833
11621.217
11491.833
11259.217
11551.566
11667.684
11569.5
11428.884
11767.566
11500.616
11607.233
11522.483
11326.434
11514.75
11447.1
11299.684
11184.967
11223.95
11306.767
11007.75
10911.566
11392.75
11391.7
11106.417
11145.833
11391.816
11411.3
10940.15
11025.233
11241.75
11042.7
10815.017
11210.566
11175.616
10960.167
11187.75
11005.033
11051.15
10978.5
10705.483
10347.967
11034.816
10670.566
10923.816
10740.833
10835.017
10645.366
10599.616
10426.9
10757.483
10653.767
10537.884
10298.033
10524.55
10586.434
10402.083
10375.033
10647.75
10632.033
10094.217
10257.167
10554.95
10529.833
9816.616
10026.1
10427.083
10405.1
10303.884
9946.434
10490.083
10390.434
10305.616
10059.5
10219.283
10050.9
9901.816
10066.566
10224.083
10052.167
9853.15
9917.767
10347.283
10348.233
10126.483
9837.167
9943.417
10104.033
9925.217
9727.1
10053.283
9950.967
9950.217
9612.9
9817.55
9922.5
9863.75
9697.767
9881.884
9691.7
10115.75
9400.5
9845.283
9752.5
9549.75
9153.167
9846.15
9781.5
9816.55
9482.967
9581.15
9450.167
9554.816
9670.967
9966.217
9169.434
9476.95
9263.833
9504.884
8906.5
8432.884
7778.033
7500.55
6647.433
5771.15
5147.633
4496.817
3712.7
3305.817
2646.7
2928.017
2833.033
2553.017
2764.767
3652.683
3869.833
3888.0829999999996
4908.367
5477.883
5765.233
6104.683
5442.233
6209.483
5807.3
5637.083
5276.1
5046.35
5087.567
4824.883
4570.567
4961.083
5036.567
4999.95
4811.1
5548.15
5344.567
5383.817
6004.567
6055.417
6314.833
6008.217
6510.433
6690.883
6682.967
6689.75
6968.033
7244.75
7316.833
6861.017
7122.967
7663.35
7695.433
7269.617
7785.1
8044.683
8203.767
8091.75
8140.9
8618.683
8586.1
7994.017
8117.634
8787.616
8909.1
8705.217
8452.233
8985.283
8807.434
8596.15
8619.5
9096.816
8887.767
8007.282999999999
8914.366
9027.816
9144.967
8812.017
8583.9
9085.35
9015.833
8815.15
8748.033
8882.616
8984.1
8587.684
8428.5
9341.95
8921.3
8713.417
8732.634
9062.483
8985.3
8846.217
8815.1
9025.884
8968.233
8792.15
8781.366
9059.684
9040.566
8907.083
8780.566
9119.95
9033.767
8462.15
8717.366
9000.616
8911.767
8572.884
8496.566
8885.616
8736.833
8815.483
8542.767
8829.217
8936.967
8658.816
8209.1
8999.95
8869.233
8863.217
8683.167
9155.95
8889.3
8725.816
8494.366
8967.15
8788.1
8320.35
8184.299999999999
8821.35
8774.634
8760.684
8169.299999999999
8852.083
8719.634
8595.884
8651.634
8876.15
8825.967
8620.15
8584.233
9086.884
8874.3
8034.4169999999995
8382.767
8960.75
8736.167
8733.217
8575.833
8956.616
8832.767
8395.283
8219.366
8749.884
8619.833
8581.283
8461.967
8790.017
8769.7
8595.15
8130.433999999999
8831.217
8778.634
8422.483
8092.767
8694.816
8821.634
8501.884
8427.366
8766.55
8406.832999999999
8352.75
8497.967
8464.617
8409.1
8280.55
8079.366
8661.617
8495.5
8125.017
8070.032999999999
8520.483
8644.7
7974.95
8052.767
8519.883
8444.233
8476.017
8242.832999999999
8443.35
8348.7
8288.35
7987.167
8626.95
8372.7
8080.283
8088.567
8422.817
8341.832999999999
8160.083
7678.167
8333.417000000001
8249.5
8134.417
7611.233
8403.617
8201.967
7707.083
8119.167
8209.75
8109.167
7685.483
7776.3
7934.017
8065.633
7813.417
7786.033
8064.283
7849.433
7829.083
7615.3
7912.483
7933.7
7485.017
7443.5
7910.883
7916.433
7601.15
7541.3
7592.55
7790.9
7321.35
7510.9
7569.35
7624.7
7427.75
7208.3
7780.283
7631.367
7254.417
6894.167
7488.883
7656.367
7463.083
7166.767
7495.617
7496.3
6795.417
7209.633
7632.95
7255.967
7106.083
7166.9
7401.55
7441.367
7037.417
6914.233
7320.417
7417.433
7240.817
7116.433
7445.817
7226.9
6941.283
6686.833
7284.217
7119.9
7346.817
6852.833
7371.75
7301.767
6812.217
6847.033
7326.883
7155.233
6966.883
7043.433
7296.683
7243.633
6833.55
6765.767
7341.617
7093.367
6956.55
6988.833
7230.417
7096.033
6661.017
6544.633
6926.883
6869.9
6361.483
6490.833
6962.817
6800.767
6963.617
6632.767
6970.083
6841.033
7049.217
6672.7
6901.55
6816.7
6487.483
6447.9
6897.75
6784.7
6311.15
5777.033
6722.95
6769.367
6317.75
6504.033
6753.483
6539.633
6374.35
6366.7
6715.883
6504.967
6342.483
5979.567
6552.617
6616.7
5898.817
6065.033
6637.483
6423.5
6166.75
5938.967
6543.95
6512.033
6415.617
6010.9
6585.35
6524.9
6467.15
6335.833
6513.017
6391.9
5171.483
5667.233
6433.817
6517.833
6128.15
5854.833
6369.017
6498.633
5845.217
5869.3
6267.483
6272.967
5770.75
5797.633
6292.083
6243.5
5605.483
5629.633
6172.15
6118.367
5837.417
5831.633
6050.417
5980.567
5572.75
5981.567
6046.083
6064.433
5553.017
5791.833
6161.417
5936.767
5466.483
5378.5
5958.483
5980.833
5820.483
5256.7
6010.083
5895.167
5216.417
5365.967
