273.267
70.25
-139.53300000000002
152.583
448.533
137.517
208.267
239.117
239.333
262.383
120.333
-166.75
203.53300000000002
219.11700000000002
22.400000000000006
-31.083
356.66700000000003
5.783000000000001
58.867
367.317
422.8
186.45
467.867
153.317
282.4
200.25
226.8
-126.017
197.733
206.983
324.66700000000003
28.183000000000007
273.2
198.25
232.6
27.849999999999994
562.533
472.983
85.0
-64.35
243.2
123.783
-20.266999999999996
184.25
198.333
232.317
140.0
231.38299999999998
217.0
243.78300000000002
-38.867000000000004
39.983000000000004
614.0
288.58299999999997
-22.200000000000003
-260.883
433.533
445.383
31.733000000000004
42.25
380.067
441.183
384.33299999999997
230.583
413.733
376.517
155.8
318.983
385.933
394.983
319.867
-137.083
438.0
288.05
33.333
82.317
379.2
187.917
142.13299999999998
70.583
296.133
495.983
202.0
69.25
227.8
345.85
26.799999999999997
18.382999999999996
246.2
210.317
499.267
2.3829999999999956
190.53300000000002
217.78300000000002
341.533
-68.083
191.067
257.183
191.0
93.783
409.0
362.383
-230.2
33.650000000000006
399.533
302.58299999999997
221.733
205.78300000000002
467.467
288.05
-3.1329999999999956
268.317
96.267
325.58299999999997
242.267
285.25
398.2
286.183
550.933
-226.15
319.867
371.45
105.867
362.783
384.33299999999997
455.91700000000003
255.933
101.45
344.4
248.11700000000002
-69.333
117.45
326.6
301.317
125.733
7.049999999999997
418.533
446.783
53.93300000000001
-245.35
341.0
316.317
77.467
141.583
268.533
420.58299999999997
339.467
40.583
291.933
326.25
-282.33299999999997
-132.683
299.533
212.78300000000002
168.53300000000002
-1.1500000000000057
325.6
261.58299999999997
50.467
214.983
402.933
298.85
243.667
-108.883
460.4
416.183
423.067
159.11700000000002
488.067
277.45
156.6
343.58299999999997
404.4
73.383
365.733
-165.21699999999998
137.86700000000002
228.38299999999998
8.066999999999993
367.25
578.733
423.517
156.53300000000002
-84.217
494.8
156.65
456.4
22.583
392.933
361.317
313.66700000000003
386.317
506.0
344.65
423.4
312.983
336.933
232.25
384.067
-356.35
376.933
352.58299999999997
169.333
142.25
132.267
322.983
471.2
182.05
244.067
305.85
117.4
-196.88299999999998
269.133
391.91700000000003
465.4
187.983
385.66700000000003
306.983
45.0
-313.15
439.66700000000003
235.183
-72.2
12.582999999999998
262.933
183.65
-1006.6
-95.283
125.267
265.317
250.2
-68.95
563.6
400.25
256.2
65.45
260.867
236.45
-117.4
436.783
512.667
271.117
-186.2
28.382999999999996
310.933
315.317
-106.667
346.45
381.933
260.717
396.733
343.45
324.0
407.717
237.733
184.11700000000002
369.467
250.517
411.133
40.31699999999999
399.8
429.183
335.6
-67.95
220.53300000000002
319.383
82.0
-285.95
369.467
345.717
253.8
-123.617
349.933
333.45
214.4
85.917
353.267
350.25
-161.6
205.983
335.0
62.783
-143.6
165.583
261.467
213.71699999999998
315.533
177.65
256.33299999999997
522.517
90.067
169.45
374.0
543.717
390.4
163.05
224.733
286.383
93.8
496.517
352.133
213.25
-147.13299999999998
109.383
221.53300000000002
297.183
259.533
-12.75
537.067
559.183
29.0
291.783
373.6
358.45
227.53300000000002
107.85
344.33299999999997
391.383
76.067
133.583
294.267
332.383
188.267
298.317
480.867
442.317
402.267
111.25
567.4
195.917
403.533
-128.417
377.533
205.783
-80.80000000000001
299.45
350.6
217.917
547.6
404.183
402.933
276.317
652.267
104.583
398.6
296.45
-26.19999999999999
292.983
650.2
429.91700000000003
558.4
-22.282999999999987
464.267
389.183
416.267
209.783
363.86699999999996
549.65
-31.532999999999987
252.583
632.733
357.58299999999997
163.133
202.117
374.86699999999996
378.05
536.8
210.983
666.0
562.517
718.533
468.91700000000003
715.067
533.05
254.6
364.317
415.733
628.983
805.2
227.71699999999998
734.533
611.25
561.467
704.5830000000001
626.4
533.717
377.8
678.983
517.933
798.9169999999999
147.86700000000002
314.05
591.933
579.65
591.933
435.783
907.6
587.5830000000001
727.267
566.383
718.867
680.5830000000001
721.3330000000001
341.583
1033.733
499.517
591.467
531.25
865.867
555.717
715.2
625.383
633.2
903.5830000000001
807.2
712.65
650.533
910.5830000000001
674.267
484.983
974.133
773.9169999999999
658.533
597.65
606.267
701.717
813.867
699.717
924.667
807.517
600.733
543.917
707.067
818.85
714.667
600.45
933.733
525.85
771.533
506.717
712.667
612.05
777.2
877.783
769.867
508.98299999999995
819.533
982.917
488.933
912.25
749.133
801.117
810.067
799.45
646.8
1012.65
1190.867
713.45
725.267
1312.783
948.533
1164.183
535.933
720.917
1208.533
1049.517
1183.0
1267.183
787.267
755.65
891.867
860.317
1394.733
1226.717
681.733
1170.783
1052.467
1280.25
1313.933
1140.45
1047.267
1387.65
655.267
937.383
1069.2
1239.183
1545.667
1502.783
1441.6
1395.783
1199.267
1299.317
1327.2
1222.517
860.733
1070.85
1409.067
1237.117
1490.0
1052.783
1557.267
1453.917
1548.533
1376.05
1518.2
1443.517
1037.733
1502.717
1355.867
1269.517
1198.267
1350.583
1330.933
1440.317
1344.067
1128.517
1449.533
1229.917
1209.867
1090.383
1560.0
1455.05
1393.4
1483.383
1575.2
1314.183
1299.733
1198.717
1450.6
1493.117
1370.333
1121.45
1605.667
1348.65
1394.6
1368.517
1520.4
1422.583
905.867
1361.25
1427.333
1515.183
1530.333
1709.917
1844.067
1651.317
1654.933
1649.783
1772.333
1844.517
1691.0
1776.583
1769.2
1776.85
1954.4
1794.717
2167.4
1651.117
1231.467
1492.317
1678.867
1982.383
1699.467
1807.717
2143.067
1959.317
1877.467
1821.717
2047.533
2103.45
2120.867
1849.983
2218.6
1894.05
1780.2
1669.45
1708.467
1630.383
1940.533
1307.583
1686.467
1827.983
2053.333
1720.517
2032.4
1929.983
2125.2
1930.517
2009.4
2078.85
2046.333
1981.45
2278.0
1839.85
2389.733
2143.983
2166.2
2082.25
1973.733
2171.983
2393.2
1795.717
1892.867
2209.517
2446.2
2176.383
2236.933
1999.25
2073.0
1950.383
2042.8
2171.983
2137.133
2451.783
2717.4
2017.25
2607.867
2583.783
2452.067
2359.25
2417.133
2296.45
2228.067
2530.45
2457.067
2276.45
2061.467
2189.183
2111.467
2094.383
2415.733
2315.917
2470.4
2681.45
2502.0
2636.65
2844.2
2629.317
2928.733
2775.517
3100.867
2861.85
2702.267
2934.45
2931.333
2841.25
2637.133
2803.717
2617.533
2693.45
2564.4
2750.517
2703.733
2496.983
2154.267
2419.45
2361.533
2380.117
2190.4
2148.117
2404.933
2153.45
2079.933
1791.583
2396.933
1975.25
2314.2
2324.517
2530.867
3015.183
2799.6
3109.917
2954.267
3148.45
3288.6
2879.117
3064.533
3018.117
2713.0
2634.317
2917.4
2769.717
3031.6
2601.583
2861.533
2908.45
2892.733
3061.917
3010.8
3071.05
3240.067
3201.85
3227.133
3229.85
3136.4
2871.783
3200.067
3245.45
3088.933
3342.783
3429.267
3287.25
3166.8
2884.117
3404.4
3281.65
3608.4
3873.183
3970.533
4338.5830000000005
4309.867
4187.782999999999
4108.067
4045.583
4146.933
3749.183
4314.733
3992.517
4157.6
4079.317
4300.467000000001
3808.183
3959.467
4080.517
3935.467
3990.383
3777.267
3491.183
4080.867
4200.85
4065.467
4263.717
4438.467
4415.717
4293.667
4042.05
4385.067
4332.25
3791.067
4020.65
3981.2
4218.717000000001
4101.6
4332.383
4508.333
4260.117
4125.6
3591.05
3859.6
3965.583
3992.933
3747.65
4145.532999999999
3853.117
3852.533
3635.25
3540.0
3496.317
3414.8
3491.25
3522.133
3631.183
3425.0
3554.783
3310.267
3490.65
3625.533
3738.517
4040.4
4213.85
4324.2
4502.25
4273.6
4357.782999999999
3907.667
4441.983
4236.733
4264.783
4772.0
4479.85
5183.867
5217.717
5135.2
5373.25
5938.4
5435.25
5555.933
5017.317
5189.733
5074.583
4658.067
4410.117
4463.733
4318.25
4106.267
4248.25
4711.333
4364.783
4649.667
4705.45
5195.733
5171.117
5320.733
5055.45
4886.0
4754.517
4361.267
4209.782999999999
4280.867
3878.183
3724.467
3586.517
3633.6
3572.25
2981.667
3307.383
3311.667
2985.65
2648.267
3433.65
3470.667
3614.717
3918.667
3666.183
4499.0
4737.05
4822.8
4674.65
4761.267
4540.05
4151.6
4309.583
4219.2
4414.45
4384.733
4216.05
4772.4
4453.85
4619.6
4523.65
4681.267
4632.45
4522.6
4001.6499999999996
4598.6
4469.25
4592.333
4528.317
4433.267
4464.85
4514.333
4513.117
5210.333
5257.183
5246.133
5527.85
5690.2
5769.517
5726.8
5567.183
5911.2
5682.783
6078.867
5679.517
6119.267
6569.117
5868.933
6114.783
6199.2
5964.25
5943.733
5206.917
5073.067
4520.117
4256.6
3336.117
3160.867
2658.85
2451.733
2467.45
2998.6
3275.383
3640.8
4148.782999999999
4532.4
4769.917
5072.2
5527.917
5806.6
6226.317
6089.8
6098.317
6237.733
5674.183
5554.2
5244.65
4855.4
4080.317
3746.8
3430.05
3423.933
3781.783
3963.333
4511.983
5395.333
5718.317
5923.933
6798.183
7040.133
7171.583
7577.6
7310.383
8017.867
8047.317
8457.933
8166.183
8118.133
8552.65
8296.933
8368.25
8501.0
8361.717
8589.2
8403.05
9042.267
8862.316
8980.134
8750.25
9257.267
9107.184
8952.6
9062.316
9537.934
9356.583
9273.333
9065.116
9218.467
8744.917
8793.134
8987.717
9066.733
9510.583
9265.2
9334.384
9399.733
9100.583
8795.667
8596.85
8809.134
9058.116
9248.134
9130.05
9137.2
9151.384
9055.6
8944.05
8857.533
8826.65
8667.0
8773.45
9184.333
8964.783
9164.267
8847.316
8989.267
9208.05
8984.134
9367.316
9542.4
9531.583
9632.0
9738.917
9859.066
10154.384
10392.467
10210.116
10156.267
10079.85
9405.066
8862.184
9014.134
8961.717
8876.134
8776.45
9090.4
9321.583
9462.733
10135.05
10068.866
10669.184
10601.333
10644.917
10629.267
11041.517
10388.934
10549.184
10961.134
10479.25
10560.533
10765.184
10704.533
10514.85
11106.533
10613.717
10917.2
10888.85
10792.866
10527.25
10791.866
10612.25
10674.467
10071.583
10727.0
10569.05
10540.2
10132.05
10496.667
10890.583
11092.8
10730.05
10987.533
11096.983
10875.866
10868.517
10814.6
9797.85
10252.134
10288.517
10352.134
9880.583
10473.333
10332.717
10401.467
10104.45
10062.667
10382.85
10576.533
10489.25
10596.934
10324.05
10058.333
10066.384
9459.066
9711.116
10454.467
10238.783
10359.4
10723.384
11053.267
11114.05
11326.134
10938.45
11068.267
11222.65
11136.8
10676.384
10502.4
10008.583
10177.467
9430.917
10087.6
10299.517
9947.4
9981.983
10796.866
10751.85
10217.134
10269.917
11064.2
11259.116
10953.467
10772.517
10917.267
10965.717
10668.066
10638.717
10842.866
10646.983
10929.667
11240.65
10934.467
11149.983
11449.333
10546.583
10816.333
10682.583
10288.8
10560.05
9832.6
10129.917
10146.467
11125.45
10996.866
10845.316
10837.934
10382.45
10634.667
10615.917
10955.667
10615.05
10394.267
9834.917
9652.066
9380.184
8975.934
8918.717
8260.067
8141.717
8179.933
8136.25
8678.0
9068.717
9951.0
10610.184
11690.733
11873.85
12885.733
12094.983
11525.8
11953.717
11826.4
11658.983
12405.134
12533.917
12741.467
12594.983
12439.467
11815.184
11351.4
11050.45
11241.733
11176.517
12436.533
11913.983
12508.2
12583.85
12893.6
12936.983
12571.066
13308.517
13504.333
14111.583
13987.866
14142.517
14370.467
14756.384
13709.066
13918.983
13282.667
13623.184
13595.8
14012.717
13456.267
13208.983
12788.267
12554.184
12822.0
12564.184
11623.2
12508.717
12378.267
13200.316
13359.533
13377.983
14314.4
13912.717
13557.2
13858.184
13847.467
13676.783
13610.467
13859.583
14256.6
14697.184
14735.667
14417.116
14508.2
16150.316
14901.934
14938.05
15189.733
14589.116
15169.0
15140.983
15730.333
15177.184
14657.733
14933.116
15177.134
15051.184
14560.4
14464.917
15541.733
16039.85
15654.4
15031.45
15373.333
15154.45
15005.134
14139.116
15082.6
14906.316
14611.6
13892.384
14479.866
14757.517
14753.267
14278.116
15324.066
15383.517
15166.8
15527.783
15700.533
16436.45
15668.866
15497.85
16091.134
15685.517
15971.6
15104.517
15406.8
16153.384
15689.733
15856.05
15912.4
15437.25
15676.333
16097.184
16740.134
16471.051
16413.733
16625.383
16419.267
16893.783
17335.666
16896.051
16835.934
16433.384
16433.2
15934.85
16396.866
16035.65
16328.6
15701.583
15284.2
15510.983
15393.134
15114.65
15702.8
15225.583
15362.533
15495.25
15412.333
15493.25
15311.866
15923.85
16411.8
16821.717
15898.267
15965.917
16047.866
15489.25
16288.667
15960.05
16460.533
16479.184
16824.133
16859.316
17028.732
17261.717
16695.8
16245.717
17879.0
17280.982
17189.334
17437.25
17683.801
16476.116
17191.334
16468.383
17444.133
17145.584
16434.866
16951.982
17446.467
17187.316
17320.801
18273.449
17685.334
17071.449
16835.867
16634.449
16510.0
17085.316
17764.4
17677.316
18331.4
18475.25
18868.133
18406.916
18424.467
18785.25
18599.732
18541.916
18553.467
18650.65
19057.268
18701.316
19374.334
19170.982
19294.867
19763.916
19617.732
19523.051
19065.467
19196.316
19512.133
19095.449
18917.801
18703.117
19426.666
19107.25
20122.467
19348.518
19027.0
19493.584
19619.732
20305.717
20442.666
20524.117
19921.666
20205.584
19667.0
19834.518
19602.467
20021.982
20192.268
22041.518
20346.467
21218.518
21579.801
21719.85
21210.133
22487.117
21940.334
22266.982
22997.533
23685.916
22481.934
23057.184
22529.533
22785.449
24461.334
22913.316
23084.732
22270.584
22190.666
22316.518
22950.867
22796.316
23337.334
24080.383
23537.867
24316.85
24982.934
25683.584
25682.0
25840.717
26622.467
27309.383
26630.533
25284.184
26154.199
26332.584
25563.801
26148.25
26732.934
26768.65
26589.467
27108.316
27682.801
27019.449
28493.467
29159.051
28758.0
28181.65
29290.934
29073.783
29133.467
28868.916
29214.467
29334.25
29092.934
29212.518
28802.133
29076.25
30000.467
30732.117
31131.533
31409.117
32829.732
33100.516
32510.467
33214.982
33167.532999999996
33000.117
32988.0
32001.051
32994.4
32176.449
32107.467
33762.852
34335.668
34598.184
34700.465
34874.117
35690.668
34772.918
35047.535
34481.715
34729.801
35030.516
34463.668
35209.516
35968.734
36335.117
36493.668
36600.25
37018.133
37041.715
36402.801
36755.117
36570.535
36651.648
35997.535
36595.184
36706.465
36912.918
37320.535
36813.25
36667.734
36890.117
36966.465
36986.785
37049.934
37379.051
37135.0
37267.051
37550.266
37260.117
36127.668
35540.715
33849.398
32441.25
31488.467
31136.85
31030.533
31554.916
31460.268
32907.383
34520.465
35068.648
35716.199
35851.582
36076.801
37056.117
38060.465
37687.715
38386.668
38388.852
38027.332
37220.449
36953.801
37218.316
37765.0
38133.051
38600.133
39190.582
40166.199
40609.516
40767.867
40865.316
40044.801
39958.582
39382.266
39742.449
39782.465
39750.25
39792.199
39071.715
38641.066
38386.852
37778.0
37836.984
38198.867
37982.516
39449.266
39684.184
40051.867
40683.984
40941.535
40067.918
40207.398
39811.449
39876.465
40192.785
40588.0
41049.383
42083.066
41884.051
42446.934
41984.785
41988.934
41543.582
40737.332
41020.852
40890.398
41084.516
40874.199
41110.051
41657.867
42015.184
41527.398
41604.449
42720.266
42158.051
42514.398
41765.918
42367.465
41791.984
40929.535
40411.715
40018.066
39927.184
40172.668
40484.117
40871.266
42074.516
41798.801
42600.184
42092.934
42074.316
41909.0
41442.984
41107.0
40674.516
39933.133
40186.715
40092.066
39901.051
40091.934
40070.582
39853.266
39926.316
39833.934
39887.051
40397.668
40886.051
40797.734
41368.648
42107.133
42353.516
42258.0
42600.984
42389.734
42289.184
41531.867
41091.582
40549.934
40864.383
41259.535
40950.852
41822.066
42144.984
42737.199
43021.449
43009.668
42968.25
43802.398
44142.449
44697.398
44802.316
44430.133
44277.918
43964.0
43939.051
43247.398
43041.715
43144.801
43126.715
42806.734
42739.715
41767.465
42397.852
41997.398
42380.051
42291.0
43208.316
43738.266
44366.785
44738.734
45050.785
44104.398
44176.383
43604.734
43634.852
44023.199
43614.648
43600.266
43222.918
43655.668
44002.785
44025.133
44230.918
44297.066
44758.117
45269.066
46045.918
45254.734
45079.184
44371.668
44394.316
43587.734
43615.715
43513.668
43227.918
43819.934
43969.051
42199.066
43370.383
43279.602
42928.648
43071.668
42852.449
42664.266
42979.051
43542.535
43869.25
43905.0
43826.316
44014.668
44665.715
44755.867
45059.117
44759.934
44263.184
42847.398
41172.918
40384.266
38850.785
37134.535
36623.051
37337.668
38340.051
40742.066
41457.715
40819.602
40896.383
41057.602
40519.648
40904.066
40361.051
39834.602
40836.648
42056.801
43040.25
42994.199
43366.184
43608.398
44095.25
44881.934
44420.715
44277.0
44315.715
43507.133
44006.316
44477.199
44559.785
44323.535
45205.918
45655.0
45624.449
45664.332
44935.449
44777.934
44418.984
44720.867
44399.117
43633.266
43389.984
42964.199
43963.117
44743.0
45496.184
45236.0
45895.918
46798.398
47185.051
46549.332
46171.383
46474.734
45926.316
45737.266
45089.051
45745.867
46340.051
45833.066
45535.852
45122.266
44022.918
43329.867
41724.918
40521.398
40126.449
40231.465
40618.582
41218.668
42429.449
42628.066
44002.184
44289.199
44353.852
45076.266
45207.852
45711.066
45868.25
46006.668
46518.785
47396.668
46728.984
46287.332
45422.25
45302.934
45196.582
45059.734
45042.449
45073.465
45809.449
46851.934
46870.449
46898.398
46902.648
46731.934
46523.852
46491.266
46495.25
45324.465
44733.715
44305.867
43663.117
42837.332
42334.516
42649.266
42971.852
43430.266
43927.648
44587.398
44650.516
44436.465
44272.117
44422.199
44077.984
43684.266
43864.117
44262.0
44856.184
44987.801
45037.516
45564.602
46074.184
46044.133
46101.449
45878.066
45677.051
45057.332
44263.25
43872.535
42980.184
41937.133
43258.984
43152.133
43509.449
43685.199
44316.516
44412.398
44792.184
44244.199
44321.852
44689.332
44196.918
44079.801
43865.316
43776.266
43378.852
42710.332
42253.051
42409.801
42422.648
41937.734
41265.582
41646.465
41453.984
41182.398
41178.582
41428.602
41748.383
41971.332
42462.051
42587.535
43130.785
42814.266
42631.383
43110.133
43024.516
41829.0
42536.383
42109.734
42172.984
42383.0
41728.582
41863.668
42742.852
42872.0
43301.984
43159.066
43314.051
43220.867
42908.25
43396.332
42879.852
42322.867
42309.051
42591.266
43031.582
43194.332
42484.051
42626.066
42480.984
42066.332
42395.852
42547.867
42372.316
42157.602
42395.715
42074.332
42302.25
41670.398
41376.648
41267.266
41286.25
41473.465
41031.316
41914.602
42160.785
42655.199
42004.785
42138.133
42280.117
42501.0
42359.516
42114.332
42281.383
42230.066
41979.449
42015.668
42024.051
41725.398
41211.383
41687.332
41751.984
41880.0
41848.516
42002.398
42029.648
41917.734
42313.184
42369.332
42615.785
41707.266
41338.582
41549.668
41002.25
41085.734
40817.918
41417.602
41927.316
41724.734
41595.648
41873.066
41839.316
42140.668
41943.984
42041.934
42388.785
42163.734
42153.715
42344.867
42336.184
42227.867
42106.117
41393.266
41654.516
40801.133
41042.25
41105.465
41009.316
40640.398
40849.051
40762.199
40687.516
40742.0
41074.051
40752.266
41353.25
41090.734
41078.25
40536.199
40106.184
39727.734
39908.516
39469.668
39562.051
39159.801
39783.852
40003.066
40063.117
39879.801
39485.785
40562.398
40820.051
41061.199
41138.516
41715.934
41887.383
41222.465
40977.852
40837.332
40851.117
40003.066
40116.918
40318.668
40296.648
40718.867
40620.25
41099.668
41011.715
41104.066
40908.785
41178.0
40834.918
40588.535
40038.785
40628.934
40741.316
39910.934
40789.984
40459.465
40722.984
40923.867
40412.852
40711.734
40325.449
39490.066
39021.516
39530.0
39302.648
38984.602
39462.25
39460.199
40443.648
40154.266
40798.25
41071.801
40708.852
40642.066
40947.184
41311.133
40842.051
40285.266
40076.648
40050.332
39577.984
39356.133
39343.117
39904.066
39966.051
39845.535
39814.316
40407.199
40558.715
40110.066
39894.715
39888.133
39487.449
38796.535
38311.051
38397.801
38317.516
38002.867
38272.051
38618.465
39178.648
39439.199
39588.316
39864.133
40105.918
40454.867
40407.852
40513.199
40316.984
40138.066
40670.051
40026.867
40517.582
40187.934
39780.918
40320.602
40235.516
40392.934
40003.449
39830.734
39826.117
39759.332
39196.918
39393.066
39078.25
38884.133
39164.051
38855.934
38661.984
38627.668
38494.582
39316.867
39555.449
38715.0
38874.918
39467.199
39319.516
39173.465
39681.715
39237.867
38893.117
38784.535
38038.117
38487.602
37698.984
37909.066
37757.582
37719.133
38277.785
38038.668
38340.852
38314.0
38216.918
38527.398
38407.516
38772.734
38710.852
38256.668
38311.051
38462.934
38583.516
37801.734
38172.852
38322.734
38353.383
37770.934
38152.449
38818.465
38431.117
38192.668
38954.25
39010.066
38919.918
38611.133
38236.516
38762.801
38278.449
38465.602
38470.785
38191.266
38335.918
38228.801
38004.449
38316.266
38063.383
37415.199
37604.117
37891.266
37633.316
37067.199
37066.648
36773.199
36679.184
36496.801
36028.184
36626.332
36616.785
36236.066
37250.516
37109.734
37391.051
37331.465
37040.184
37562.602
37333.648
36996.266
36532.852
36986.133
37155.785
36407.133
35570.582
34912.332
34224.316
33653.266
33008.918
32604.801
32078.316
31581.6
32709.85
33353.199
33378.383
33956.602
34627.648
35762.668
35462.715
35939.133
35723.516
35643.801
35892.449
35449.734
35199.582
35445.535
35353.316
35021.535
35134.918
35266.934
35421.582
35262.332
34946.383
35365.398
35114.715
35138.066
34939.715
35330.398
35265.852
34968.668
35528.715
35346.465
35164.184
34795.133
34552.184
34574.0
34434.582
34435.801
34545.785
34343.734
34689.715
34760.734
34569.25
34764.867
35265.316
34926.734
34688.648
34929.133
35064.184
34979.535
35049.184
34984.398
34536.316
34389.602
34338.316
34492.0
34366.918
33657.535
34023.785
33881.465
34178.184
33942.199
33781.785
33943.934
34077.918
34354.465
33863.715
34157.266
34399.516
33778.934
34056.648
34018.801
33935.051
33395.0
33481.582
33492.535
33504.715
33529.199
33455.984
33363.398
33349.984
32787.268
33070.184
32875.732
33181.449
32686.533
33012.449
33608.133
33260.25
33637.066
33613.516
33528.867
33926.516
33697.266
33769.984
33749.398
33604.918
33890.066
33687.184
33832.668
33580.984
33807.602
33538.715
33955.734
33327.516
33456.602
33195.316
33422.934
33586.25
33141.465
32968.117
33092.6
33104.785
33084.066
33088.984
33205.867
33251.516
33281.602
33153.051
33115.934
32731.117
32356.199
32249.65
32464.199
31915.916
31678.666
31768.65
32185.0
32189.982
31698.533
31731.85
32076.533
31874.518
31583.867
31312.85
31620.334
31465.449
31024.867
30540.584
30931.666
30998.717
30958.732
31178.184
31108.066
31152.051
30598.867
30740.982
30351.066
30272.916
29595.334
29399.25
29439.4
29038.051
28991.199
28336.383
28721.533
28412.25
27824.732
27073.184
27014.467
27094.051
26900.934
26311.184
26571.0
26526.783
26779.732
26855.65
27471.066
27802.316
28582.268
29274.584
29428.732
29587.584
29604.533
29853.783
29681.666
29286.717
29390.066
29168.316
29418.133
29142.65
29498.334
29530.85
29858.867
29785.584
29988.6
29880.85
30337.4
30197.051
29913.801
30236.85
30497.133
30274.25
30044.6
29788.518
30114.199
30011.783
29740.732
29744.584
29798.199
29841.65
30223.867
29437.316
29953.867
29965.916
29994.467
29803.383
30061.4
29852.584
29458.467
29487.316
29589.334
29772.584
29061.934
28970.584
29177.867
28939.65
28853.666
29037.584
29141.867
28838.783
28732.666
28520.25
28477.268
28482.916
28561.533
28504.85
28487.268
28425.982
28465.934
28345.316
28259.533
28259.449
28036.732
27454.051
27904.934
27483.117
27539.334
27525.982
27675.666
27447.117
27569.533
27515.916
27549.533
27873.783
27705.934
28000.184
27848.732
28112.051
27811.066
27348.449
27533.533
27353.783
27180.867
27411.117
27270.268
27251.783
27251.801
27180.65
27546.666
28055.85
27623.6
28107.85
28216.533
28010.518
28137.533
27808.783
28049.0
28167.117
28331.066
28492.65
28552.801
28957.383
28819.4
29204.717
29512.0
29764.584
29332.0
29194.117
29497.066
29991.449
29808.934
30268.117
30382.6
30832.518
30560.4
30725.383
30656.934
30365.383
29625.268
28627.383
28097.801
27782.982
27476.732
27237.584
26989.066
27014.717
26928.467
26787.783
26998.199
26927.316
26953.533
26892.982
27237.133
26977.117
26842.199
26531.051
26537.732
26716.449
26320.268
26613.982
26440.199
26656.316
26622.934
26736.383
26856.467
27076.449
26680.867
26780.916
27132.867
26921.316
26435.066
26734.449
27069.268
26900.916
26511.934
26775.783
27053.199
26512.051
26917.4
26167.316
26559.6
26232.518
25995.334
26122.117
25968.199
26060.383
25809.334
25354.449
25997.6
26131.584
25719.199
25736.85
25910.467
25727.316
26099.867
25534.85
25722.934
25778.65
25873.133
25910.449
26030.666
25825.584
25900.533
26020.982
26249.334
25807.449
25417.467
25471.518
25743.666
25886.717
25567.801
25700.717
25557.867
25781.982
25532.199
25523.383
25547.867
25483.184
25063.066
24900.717
25494.867
25263.85
24830.199
24740.184
25144.732
24829.383
24796.467
24880.184
25133.4
24858.184
23855.199
24654.383
25102.0
24670.117
24617.732
24260.85
24543.066
24623.184
24856.066
24788.85
24693.934
24400.982
24473.334
24435.383
23870.0
23731.85
23213.199
23519.518
23012.0
23437.85
22965.6
23052.783
24288.4
24097.982
24098.133
24667.85
24497.199
24574.184
24113.4
23919.383
23770.199
23795.051
23529.467
23573.316
23690.467
23682.783
23256.467
23537.584
24130.0
23698.85
23167.666
23530.65
23800.801
23857.117
23515.133
23676.25
23787.467
23431.518
23115.4
22785.518
23167.666
22779.449
22647.467
22258.783
22260.0
22324.916
21707.133
21210.449
21114.666
19783.584
18993.0
18262.717
18391.666
18387.316
18444.732
18696.518
19464.934
20284.783
20781.467
20775.449
21062.6
21684.783
22168.0
22016.584
21677.268
22164.584
22027.732
22151.982
22196.666
21767.65
21457.0
21308.449
21754.199
21642.117
21231.934
21890.25
21805.666
21977.449
22073.533
21968.316
22075.199
22028.783
21785.133
21878.85
22004.867
22218.717
21754.133
21780.184
22141.732
22238.383
22105.533
22161.383
22310.268
22306.25
22162.467
21662.316
22155.4
22065.916
21728.732
21531.982
21809.6
21971.85
21755.268
21322.518
21557.199
21914.85
21289.867
21927.25
22059.867
21980.316
22385.199
22135.717
22232.666
22186.449
21958.467
22113.65
22101.0
22008.85
21628.334
21766.85
21748.066
21775.584
21688.801
21755.117
21941.199
21997.117
21689.467
21497.85
21781.199
21660.316
21805.268
21398.449
21952.133
21764.783
21931.867
21945.584
22035.133
21955.449
21498.133
21227.316
21761.0
21641.982
21827.199
21424.717
21377.066
21442.783
21258.6
21663.717
21419.066
21402.25
20846.732
20881.117
20943.533
21234.916
20359.066
20678.383
20862.334
20884.051
20641.268
20517.518
20904.199
20848.383
20603.666
20779.383
20828.334
21043.051
20303.934
20537.316
21004.732
21045.783
20702.467
20573.65
20694.0
20873.783
20496.732
20509.783
20621.467
20569.117
20022.066
20257.916
20325.666
20135.449
20105.533
20223.184
19924.0
20660.25
20070.066
19954.982
20057.533
20090.518
19957.334
19423.584
19947.133
19968.051
19624.533
19397.449
19866.732
19764.316
19628.199
19118.184
19673.268
19677.25
19605.467
19609.518
19284.732
19553.316
19403.533
18963.383
19244.199
19065.783
19058.467
18588.65
18997.0
18926.25
18346.199
17958.383
18712.268
18533.916
18358.4
18212.117
18501.732
18363.717
18013.867
17938.916
18574.133
18286.117
18123.268
17999.584
18453.801
18041.65
17853.6
17792.117
18382.6
18147.783
17898.801
17871.316
18059.801
17755.65
17384.666
17045.051
17535.934
17629.051
17535.0
17835.051
17944.268
17839.584
17229.666
17869.717
17684.934
17562.117
17531.666
17458.184
17371.801
17515.184
17052.867
17033.383
16436.667
15732.25
15077.333
14359.583
13949.533
13835.25
13803.333
13757.717
14633.2
15128.85
15305.8
15740.05
16008.267
16095.517
16142.066
16066.983
16205.6
15686.384
15677.267
14957.25
16004.134
15905.583
15716.134
15634.917
16028.733
16232.783
16357.6
16079.45
16511.4
16701.85
16332.8
16412.184
16781.4
16766.051
16787.0
16892.117
17014.199
16970.316
16747.066
16387.184
17258.268
17058.85
17009.0
16592.584
17286.801
17431.916
17144.334
17345.184
17439.133
16966.65
17153.199
16794.916
17338.934
17254.783
17130.268
17049.25
17070.801
17281.383
16866.666
17395.383
17354.867
17397.518
17383.0
16978.783
17657.0
17637.982
17200.133
17365.982
18024.133
17746.783
17481.334
17978.316
18218.801
17835.25
17640.066
17734.25
17395.133
17534.184
17069.666
17232.717
17519.334
17442.717
17435.467
17908.85
17526.533
17710.518
17071.0
16898.65
17821.533
17633.184
17457.6
17597.117
17447.934
17517.584
17622.066
17316.717
17352.199
17325.184
17274.934
17249.383
17417.199
17095.184
17157.867
17015.383
17420.0
17145.449
17243.732
17205.184
17640.199
17206.25
17277.732
17175.316
17426.533
17659.518
17664.334
17553.449
17483.334
17332.584
17200.467
17442.717
17603.6
17680.584
17685.533
17320.117
17942.467
17771.584
17728.666
17236.584
17789.934
17697.916
17483.334
17348.717
17473.199
17585.982
17715.6
17601.65
17715.334
17435.584
17520.467
17740.383
17437.268
17571.051
17403.666
17246.383
17376.199
17499.85
17268.133
17167.584
17305.801
17571.117
16622.867
17370.916
17401.732
17337.783
16645.334
17056.25
17341.268
17422.449
17256.666
17321.916
17284.732
17405.717
17111.268
16978.518
17381.066
17143.316
17251.732
16882.584
17139.4
17168.717
16876.801
16777.518
17054.934
16674.316
16683.6
16488.383
16858.6
16731.25
16416.133
16698.917
16682.333
16463.65
16603.268
16739.117
16538.533
16509.316
16276.2
16324.316
16612.733
16326.384
16416.6
16069.583
16181.866
16228.85
16098.333
16209.25
16026.4
15936.583
15914.667
15879.517
16106.4
16053.116
16020.4
15142.184
15433.4
15385.316
15198.467
14664.917
14602.333
14689.717
14317.2
13737.783
14258.134
14142.65
13307.8
13716.65
13621.8
13291.116
13440.934
12904.85
13038.733
12901.184
12641.667
12763.316
13000.267
12867.05
13033.866
11834.783
12584.6
12645.05
12180.667
12489.517
12728.934
12818.717
12514.934
12911.917
13132.066
13130.384
13308.866
13654.45
13623.8
13495.116
13569.667
13362.384
13341.8
13522.517
13535.0
12988.45
13432.2
13295.983
12982.267
12392.65
12773.733
12577.65
12271.667
12187.05
12063.533
12151.85
11967.2
11827.384
12218.467
12236.316
12052.6
12121.25
12201.934
12036.316
11938.134
11866.983
12295.8
12090.384
11765.533
12224.983
12566.6
12350.316
12065.866
12186.45
12154.0
12218.917
12150.667
12046.65
12131.0
11872.917
11315.533
11897.717
11737.866
11858.384
11983.4
11493.583
12009.0
11886.25
11172.934
11482.184
11695.333
11551.65
11612.134
11861.717
11943.733
11948.25
12116.467
12044.85
12153.533
12004.184
11956.467
11672.583
11907.467
11976.65
11670.333
11717.517
11961.267
11914.25
11622.533
12128.783
12122.533
12281.983
11799.066
12024.517
12150.134
12140.116
12335.267
11645.65
12124.333
12016.583
12226.533
11805.783
12444.4
12219.65
12334.667
11932.184
12505.533
12423.05
12104.866
11922.25
12136.333
11908.116
11824.733
12059.783
12024.866
11840.45
11520.733
11503.583
11740.066
11915.25
11756.4
11966.917
11891.533
11741.583
11501.2
11724.783
11827.134
11667.65
11963.533
11364.116
11691.533
11947.783
11909.8
11634.316
11626.333
11239.783
10951.733
11411.316
11264.066
11356.717
10558.667
11116.116
11398.0
11250.983
10956.0
11322.316
11539.866
11116.184
11278.733
11118.517
11368.866
11017.65
10771.2
10715.25
11063.733
11041.316
10584.8
10866.583
10848.333
11013.116
10843.0
10895.116
10956.6
10821.583
10650.4
10860.717
11006.667
10914.85
10777.467
11098.783
10834.6
10907.65
10845.4
10657.717
10854.066
10825.05
10644.2
10513.184
10581.467
10662.717
10371.0
10252.25
10731.4
10739.05
10461.4
10496.184
10736.0
10724.783
10326.134
10373.983
10589.4
10399.25
10154.0
10543.917
10528.866
10285.316
10563.4
10308.116
10371.2
10332.717
10061.8
9714.85
10382.0
10043.116
10260.066
10082.517
10202.066
10004.05
9967.6
9815.184
10145.267
10029.25
9922.533
9675.384
9942.733
9976.583
9767.2
9744.316
10024.4
10019.85
9493.6
9676.116
9949.866
9936.917
9226.6
9385.05
9835.934
9776.384
9662.733
9324.983
9890.934
9791.717
9717.8
9448.05
9586.733
9455.717
9305.066
9488.85
9612.866
9428.25
9255.733
9305.717
9766.934
9741.05
9513.866
9227.717
9345.4
9501.45
9302.2
9144.25
9452.2
9374.316
9344.066
9023.25
9207.2
9314.316
9258.934
9100.917
9315.667
9097.45
9517.533
8801.783
9259.8
9158.65
8979.866
8533.65
9282.733
9208.25
9219.733
8918.45
9017.134
8870.316
8964.6
9099.583
9370.667
8608.25
8878.066
8706.717
8943.8
8410.184
7984.533
7384.783
7177.867
6437.517
5658.933
5113.517
4521.933
3800.717
3443.4
2787.45
3108.933
3011.517
2723.533
2931.65
3794.467
4000.383
3935.733
4879.783
5392.133
5665.983
6000.8
5322.383
6075.467
5701.583
5560.133
5229.117
5033.6
5103.983
4812.467
4571.65
4965.0
5031.25
4974.0
4777.983
5479.933
5284.05
5306.0
5887.45
5955.4
6178.183
5818.867
6326.783
6487.933
6462.85
6481.667
6729.183
7000.6
7008.25
6532.0
6810.05
7316.533
7332.983
6906.133
7404.85
7658.667
7791.717
7677.067
7697.917
8154.733
8130.317
7523.333
7649.917
8326.667000000001
8415.117
8213.6
7939.25
8477.467
8282.183
8087.0
8107.183
8547.667000000001
8349.983
7515.0
8372.517
8487.467
8587.582999999999
8265.667000000001
8059.65
8562.667000000001
8474.983
8269.667000000001
8188.05
8341.0
8453.517
8026.0
7879.383
8783.133
8369.117
8177.2
8205.517
8513.0
8387.65
8270.667000000001
8243.717
8462.733
8432.317
8244.133
8208.85
8504.067
8501.582999999999
8353.0
8207.383
8564.667000000001
8462.917
7902.0
8112.383
8452.2
8368.917000000001
7996.467
7953.917
8347.067
8222.983
8241.733
8032.317
8284.8
8391.45
8116.533
7632.583
8399.4
8331.183
8322.133
8128.717
8614.467
8367.65
8159.267
7954.717
8414.067
8215.65
7784.8
7664.583
8291.8
8207.65
8230.067
7621.583
8327.2
8167.517
8018.2
8115.45
8330.332999999999
8256.983
8082.467
8000.183
8528.8
8315.317
7492.2
7818.783
8402.733
8176.85
8164.067
8035.05
8408.8
8286.25
7852.867
7654.783
8229.933
8086.317
8052.333
7890.85
8235.867
8221.117
8068.4
7594.983
8263.667000000001
8204.05
7833.667
7574.183
8141.533
8286.317
7936.133
7878.65
8243.733
7882.85
7812.6
7945.917
7952.2
7882.65
7725.733
7557.05
8126.467
7970.65
7596.333
7536.783
7998.6
8153.65
7450.8
7517.517
7987.8
7903.917
7927.867
7703.583
7930.2
7823.583
7784.933
7476.25
8104.467
7878.117
7578.0
7554.783
7904.267
7846.783
7655.067
7175.517
7846.533
7763.983
7625.4
7115.583
7881.4
7721.983
7199.8
7645.383
7720.2
7629.983
7206.933
7331.183
7496.267
7597.85
7384.867
7343.717
7618.667
7390.65
7359.133
7162.383
7463.6
7512.517
7019.867
6983.717
7450.333
7426.65
7136.733
7100.383
7163.333
7352.583
6901.0
7047.517
7104.8
7165.317
6970.133
6763.317
7339.933
7165.383
6805.667
6472.583
7046.0
7212.783
6990.533
6712.383
7044.0
7028.85
6340.0
6727.25
7156.067
6807.383
6655.667
6719.917
6953.8
6994.717
6608.4
6461.983
6866.333
6972.717
6774.733
6707.383
6996.6
6837.65
6546.267
6281.85
6901.533
6731.917
6944.667
6441.65
6937.467
6866.783
6354.8
6404.583
6883.0
6706.25
6529.333
6592.783
6857.867
6824.383
6400.4
6339.65
6933.4
6677.517
6544.867
6558.717
6792.067
6661.65
6234.4
6133.517
6515.533
6470.583
5962.6
6076.65
6555.8
6416.583
6577.2
6245.65
6583.733
6433.45
6652.667
6271.25
6493.8
6404.917
6049.0
6068.45
6512.933
6372.117
5915.533
5394.383
6354.733
6373.983
5917.933
6117.117
6348.333
6177.717
5983.267
5964.917
6320.533
6133.583
5958.2
5601.583
6190.533
6231.917
5510.067
5680.783
6241.8
6033.45
5768.0
5552.717
6172.0
6108.383
6015.4
5625.983
6192.0
6122.317
6046.4
5919.85
6137.933
6000.117
4767.733
5298.85
6038.667
6107.25
5743.0
5460.183
6000.0
6120.917
5476.467
5464.783
5899.8
5868.783
5377.533
5417.583
5925.0
5890.25
5255.067
5239.05
5789.8
5730.583
5475.133
5468.183
5715.6
5637.85
5211.133
5611.183
5708.333
5723.25
5210.867
5433.983
5813.6
5594.65
5131.733
5056.117
5636.8
5661.183
5488.667
4943.583
5720.8
5597.383
4926.2
5061.783
