254.483
57.8
-149.65
142.867
434.683
115.06700000000001
189.15
219.267
222.483
235.667
112.283
-188.133
191.883
192.667
10.75
-52.933
336.683
-17.933000000000007
42.417
341.6
420.08299999999997
160.867
444.95
130.667
266.817
187.333
206.95
-142.6
191.61700000000002
178.0
308.15
8.667000000000002
268.95
169.067
227.15
13.733000000000004
547.417
446.267
75.75
-87.6
229.683
112.8
-23.917
165.267
188.817
218.4
135.017
203.333
203.35
223.53300000000002
-58.25
10.133000000000003
597.817
258.467
-38.983
-285.6
406.683
412.2
15.549999999999997
18.333
362.283
408.267
370.817
207.8
404.08299999999997
352.4
141.083
299.2
376.75
376.66700000000003
314.217
-164.6
430.883
252.53300000000002
25.950000000000003
59.933
366.08299999999997
167.13299999999998
125.75
57.8
279.15
479.4
188.817
55.533
215.95
324.067
11.216999999999999
-3.933000000000007
230.21699999999998
183.53300000000002
477.35
-16.266999999999996
163.017
186.267
324.817
-80.867
173.417
236.667
176.083
81.4
390.55
342.067
-241.45
9.200000000000003
386.483
280.0
199.817
188.933
447.617
262.6
-16.917
259.4
82.75
308.733
238.35
262.2
392.283
262.6
534.817
-252.8
311.883
351.733
88.35
343.4
371.283
425.6
245.28300000000002
76.333
331.483
220.267
-79.25
84.93299999999999
319.75
286.933
112.217
-3.5330000000000013
400.617
421.533
42.483000000000004
-264.8
338.15
292.0
69.75
121.933
252.75
391.467
327.017
26.933000000000007
276.217
308.133
-290.25
-161.933
289.017
182.6
151.617
-27.533
312.35
242.46699999999998
34.883
194.133
387.683
276.067
235.883
-133.267
436.55
385.933
412.883
125.533
467.75
252.733
144.017
315.267
395.283
56.266999999999996
350.35
-185.46699999999998
124.083
213.8
-5.117000000000004
343.467
571.017
397.533
142.15
-97.533
478.41700000000003
132.333
442.35
0.7999999999999972
375.483
338.4
299.35
364.0
500.95
329.067
415.283
286.467
313.41700000000003
200.8
366.75
-363.467
373.95
325.6
155.617
124.667
127.15
293.733
459.41700000000003
161.067
233.55
279.933
106.883
-215.13299999999998
257.483
365.33299999999997
440.75
166.267
375.15
282.533
36.483000000000004
-331.467
418.55
220.0
-79.983
-9.133000000000003
243.617
168.6
-1032.25
-112.533
102.083
245.267
226.483
-89.467
545.817
376.267
242.28300000000002
42.467
250.683
207.0
-129.317
403.867
509.817
248.4
-203.45
18.0
290.817
302.733
-137.383
327.8
369.217
245.867
371.617
320.867
314.55
387.533
232.15
153.53300000000002
356.617
231.0
386.08299999999997
8.0
383.55
410.6
315.08299999999997
-91.933
214.15
297.467
56.217
-306.66700000000003
357.75
322.0
243.75
-139.53300000000002
334.017
315.933
201.15
66.0
342.15
328.8
-169.917
186.067
307.283
42.8
-162.517
142.333
244.817
193.53300000000002
304.35
149.53300000000002
248.75
506.6
76.55
145.46699999999998
357.683
513.0
367.683
141.067
202.417
253.933
71.55
474.267
338.283
185.333
-178.183
80.4
184.817
260.267
236.35
-30.066999999999993
517.817
528.933
0.5499999999999972
255.6
347.15
313.467
195.35
73.13300000000001
305.95
350.067
46.35
94.06700000000001
271.483
289.6
148.083
262.933
435.283
396.8
365.35
64.13300000000001
512.617
132.6
338.283
-193.0
323.75
130.267
-122.983
238.8
288.08299999999997
148.13299999999998
489.817
329.8
323.41700000000003
199.13299999999998
575.217
18.200000000000003
318.95
214.8
-98.783
202.0
567.883
349.133
477.15
-125.733
361.817
286.2
303.75
107.6
252.483
425.133
-143.65
128.86700000000002
511.15
218.2
30.683000000000007
72.267
252.28300000000002
252.13299999999998
416.217
76.867
553.95
440.267
595.95
327.867
583.617
384.133
102.217
189.13299999999998
240.483
431.467
604.95
24.933000000000007
548.683
412.133
381.75
504.2
445.95
338.933
189.95
466.8
318.817
571.8
-67.11699999999999
96.19999999999999
375.817
340.933
363.41700000000003
192.467
685.817
359.4
514.55
329.2
491.017
444.8
469.283
89.667
800.75
263.66700000000003
368.55
305.66700000000003
664.083
326.533
484.683
361.533
364.283
589.533
502.15
371.267
331.75
593.0
367.15
191.4
689.283
483.067
375.483
307.6
305.817
382.8
502.683
378.067
598.15
477.067
264.75
190.6
343.55
434.467
324.55
213.66699999999997
573.75
139.66699999999997
417.55
158.0
372.35
250.467
434.75
504.533
404.55
132.467
452.75
634.067
143.35000000000002
559.0
404.61699999999996
449.533
470.283
422.6
260.483
609.6
780.283
278.133
294.017
875.4
508.55
702.867
88.81700000000001
255.86700000000002
713.4169999999999
528.733
630.617
693.2
217.35000000000002
168.267
289.35
253.267
803.683
621.067
106.017
573.533
455.35
688.933
729.217
534.6669999999999
464.35
809.733
85.14999999999998
359.267
473.217
620.0
921.4169999999999
852.2
765.483
678.933
480.41700000000003
577.067
610.683
507.26700000000005
168.683
377.33299999999997
742.95
563.0
826.883
380.733
879.95
759.067
875.017
681.733
846.083
757.6
342.75
793.867
671.55
569.333
517.217
642.467
641.95
760.467
666.817
424.467
761.617
510.467
481.48299999999995
336.73299999999995
806.35
686.8
637.417
680.267
796.617
566.2
566.95
462.79999999999995
767.15
785.533
706.75
454.33299999999997
954.017
673.533
724.617
684.333
836.083
691.333
193.88300000000004
594.467
659.683
715.467
727.417
906.067
1033.15
818.867
847.883
813.933
936.95
987.467
822.283
874.2
855.35
830.933
1005.017
849.067
1247.95
746.733
348.48299999999995
616.533
839.75
1105.933
814.283
880.4
1254.75
1035.333
943.95
858.867
1079.483
1115.267
1153.017
855.533
1233.083
907.4
832.817
776.4
878.817
828.6
1165.75
512.933
893.55
970.733
1181.75
767.467
1058.95
928.6
1136.75
954.2
1057.55
1122.2
1101.417
1002.733
1302.883
853.267
1369.883
1115.2
1185.417
1102.8
1001.35
1219.2
1448.95
823.467
931.75
1195.933
1429.017
1160.467
1279.283
1014.333
1088.35
978.333
1064.683
1153.2
1095.617
1349.467
1573.15
835.867
1397.883
1352.667
1265.95
1193.733
1290.217
1145.6
1114.617
1408.667
1344.35
1160.533
984.1500000000001
1093.067
1071.55
1033.067
1369.883
1221.067
1310.217
1490.333
1271.417
1378.6
1579.15
1281.2
1615.683
1429.0
1769.083
1502.6
1346.417
1600.133
1594.617
1524.133
1349.817
1509.267
1349.083
1420.267
1304.217
1505.4
1527.15
1355.6
1092.417
1370.8
1337.817
1324.8
1147.417
1080.8
1351.75
1138.667
1118.217
845.8
1519.35
1085.533
1380.35
1307.6
1432.683
1806.533
1510.483
1703.4
1526.483
1657.0
1818.95
1460.067
1700.217
1680.733
1466.883
1418.533
1717.217
1542.4
1798.217
1377.067
1641.817
1664.933
1617.617
1721.867
1661.35
1650.0
1792.683
1707.2
1806.483
1800.667
1715.417
1464.6
1776.75
1799.133
1622.95
1828.6
1941.617
1804.933
1724.75
1427.733
1941.15
1762.467
2022.283
2222.0
2226.483
2514.667
2487.217
2336.4
2286.483
2199.8
2347.55
1951.7330000000002
2512.217
2194.867
2362.617
2266.667
2546.15
2047.867
2222.617
2386.467
2302.017
2334.067
2128.283
1807.133
2369.683
2413.8
2298.483
2371.4
2522.617
2446.6
2341.683
2149.267
2540.883
2518.533
2049.817
2313.667
2287.883
2452.867
2261.55
2426.8
2613.817
2405.267
2335.683
1848.8670000000002
2195.15
2308.933
2406.083
2063.2
2462.683
2141.133
2279.95
2117.533
2132.483
2056.067
1969.35
2052.467
2036.483
2129.867
1960.617
2083.667
1903.35
2027.867
2095.283
2076.733
2342.15
2466.2
2508.417
2672.6
2516.083
2610.067
2231.017
2690.667
2448.483
2402.133
2892.483
2484.267
3145.75
3092.733
2921.283
3059.333
3616.017
3097.867
3291.083
2791.467
3029.483
2987.0
2746.683
2557.067
2660.283
2554.467
2359.75
2440.333
2889.55
2462.467
2692.617
2627.667
3076.55
2990.067
3223.15
2977.467
2924.95
2778.733
2590.75
2502.8
2694.683
2339.8
2288.683
2189.067
2307.083
2263.133
1724.817
2088.467
2113.083
1783.867
1478.35
2212.667
2144.283
2206.4
2431.217
2033.667
2787.55
2876.467
2950.75
2783.933
2892.95
2721.2
2436.283
2590.733
2559.15
2692.8
2663.35
2452.667
2991.683
2678.133
2788.683
2715.0
2903.417
2830.467
2788.283
2242.933
2830.55
2647.933
2851.817
2821.667
2687.483
2756.667
2709.683
2652.4
3265.75
3246.2
3144.283
3300.133
3466.217
3546.2
3569.683
3382.6
3701.15
3408.133
3784.55
3305.867
3746.217
4072.0
3434.75
3660.867
3839.883
3633.467
3707.483
3092.133
3138.017
2678.267
2634.817
1910.8000000000002
1950.217
1586.067
1499.883
1473.733
1944.483
2114.0
2325.017
2644.4
2833.75
2862.6
3076.217
3384.4
3634.883
3825.867
3743.217
3726.267
3960.683
3472.067
3414.817
3293.4
3069.017
2506.0
2409.483
2189.333
2194.017
2457.6
2511.483
2862.867
3443.083
3520.4
3628.283
4228.8
4446.55
4395.933
4705.617
4378.8
5052.417
5022.133
5461.017
5047.0
5007.483
5394.2
5165.15
5213.133
5371.417
5162.067
5381.35
5232.933
5836.75
5579.0
5723.483
5432.8
5917.483
5715.067
5577.083
5559.2
6090.483
5866.2
5854.15
5668.867
5833.683
5427.2
5538.617
5695.0
5788.617
6108.4
5903.217
5944.8
5993.217
5786.867
5515.483
5316.667
5589.95
5773.867
5964.483
5843.8
5747.35
5759.667
5810.15
5605.933
5719.35
5656.467
5522.883
5530.067
6008.617
5789.467
5878.017
5636.467
5795.817
5916.8
5789.817
6146.0
6155.217
6147.6
6177.417
6285.667
6313.217
6595.467
6753.683
6603.533
6536.283
6533.8
6076.617
5627.4
5893.083
5842.467
5839.883
5727.6
5905.817
6084.667
6110.617
6566.0
6519.417
6977.333
6904.083
6928.267
6933.283
7248.867
6678.283
6776.2
7243.483
6768.467
6864.417
7007.933
7033.75
6882.133
7403.417
6814.6
7173.083
7099.8
7056.15
6780.667
7088.883
6967.133
7043.617
6537.067
7076.283
6957.2
6804.55
6503.8
6942.017
7170.667
7315.617
6980.467
7236.55
7276.533
7172.35
7178.667
7128.617
6346.0
6824.017
6810.667
6955.35
6506.0
7026.95
6772.8
6979.95
6736.333
6685.817
6948.267
7073.883
6990.6
7043.75
6835.2
6735.55
6682.267
6182.483
6412.8
7091.617
6724.067
6884.283
7041.933
7390.15
7390.467
7630.35
7275.933
7459.083
7517.467
7489.15
7157.867
7151.35
6657.467
6896.017
6243.467
6879.017
6975.267
6670.617
6602.6
7287.683
7248.8
6815.617
6855.8
7475.283
7622.333
7438.083
7242.667
7355.083
7399.6
7284.15
7175.6
7374.75
7261.267
7473.15
7699.267
7393.883
7591.933
7823.083
7050.267
7361.283
7238.667
6893.15
7226.0
6614.75
6875.6
6776.35
7530.667
7555.617
7380.133
7333.883
6975.8
7326.483
7216.867
7622.417
7249.8
7098.75
6655.333
6656.483
6452.2
6193.683
6071.6
5705.55
5671.333
5667.683
5645.667
5971.417
6264.6
6957.617
7320.667
8003.083
8089.667
8867.483
8172.6
7882.15
8162.4
8147.617
8049.733
8617.283
8588.0
8821.816
8655.533
8683.283
8079.866
7869.817
7588.467
7869.35
7679.8
8733.95
8227.867
8763.217
8733.4
8997.95
9003.467
8702.017
9344.866
9355.884
9813.866
9746.417
9812.333
9965.75
10271.134
9482.283
9692.333
9291.75
9383.333
9411.95
9704.8
9391.017
9207.066
8858.816
8788.066
9022.017
8792.533
8073.683
8772.934
8648.616
9157.267
9375.616
9354.866
10093.95
9755.667
9577.417
9727.2
9760.95
9592.4
9496.95
9498.2
10006.217
10311.6
10354.95
10011.134
10148.55
11355.8
10476.95
10417.6
10661.95
10170.6
10617.283
10548.8
11139.95
10716.6
10269.083
10583.533
10758.816
10627.066
10237.884
10089.733
11035.55
11352.267
11010.816
10616.267
10901.217
10692.4
10567.35
9877.4
10732.417
10627.267
10316.884
9801.134
10289.95
10489.0
10456.283
10127.2
10925.75
10931.8
10669.083
11003.866
11143.75
11665.4
11212.283
11007.467
11571.15
11139.066
11332.684
10723.4
11071.884
11587.333
11109.283
11338.6
11346.884
11081.0
11213.217
11508.4
12012.616
11719.0
11730.283
11815.866
11829.417
12082.934
12453.217
12115.533
12137.684
11736.0
11808.35
11412.333
11837.55
11460.134
11834.55
11232.467
11010.017
11191.066
11091.55
10813.2
11443.417
10948.066
11037.15
11060.0
11140.15
11132.333
10957.95
11475.467
11957.483
12140.6
11513.35
11435.533
11647.417
11143.267
11766.417
11406.0
11964.017
11960.267
12193.417
12171.4
12389.417
12517.467
12142.283
11659.667
12974.15
12553.4
12469.017
12581.733
12876.483
11966.134
12441.75
11873.667
12735.55
12536.733
12023.55
12346.267
12772.35
12487.0
12640.884
13266.866
12895.483
12409.467
12356.55
12140.6
12102.95
12440.467
12856.95
12953.733
13436.283
13486.733
13788.217
13457.467
13526.684
13789.333
13563.55
13469.0
13632.55
13674.2
13901.35
13626.934
14259.417
14075.533
14181.083
14496.066
14403.283
14352.134
13919.95
14121.066
14342.35
13981.934
13847.684
13746.8
14299.483
14062.2
14848.15
14242.333
14001.15
14361.4
14464.684
14981.134
15052.283
15099.0
14599.55
14876.066
14534.75
14678.267
14453.217
14624.066
15002.816
16290.866
15144.55
15739.934
15979.083
16095.066
15537.684
16701.0
16231.95
16529.934
17007.75
17564.934
16602.283
17087.066
16640.416
16888.334
18163.15
17019.334
17067.684
16440.801
16481.217
16557.934
17108.949
16942.334
17324.883
17915.533
17377.217
18080.334
18628.75
19076.666
19120.482
19211.066
19852.883
20409.867
19905.816
18829.334
19534.949
19617.867
19148.617
19429.801
20042.217
19977.133
19844.617
20252.801
20723.949
20158.467
21370.551
21787.133
21492.018
21030.334
21958.949
21783.533
21781.35
21579.6
21894.283
21889.934
21780.217
21861.732
21426.084
21712.334
22480.949
22991.4
23388.816
23451.467
24667.551
24823.0
24361.684
24989.268
25010.018
24692.934
24808.018
23967.4
24848.75
24155.732
24019.15
25379.066
25882.883
26137.066
26228.883
26307.133
26991.883
26282.0
26450.416
25974.666
26261.75
26466.6
25944.75
26566.934
27261.816
27441.4
27605.482
27696.0
28148.883
28050.934
27697.018
27888.133
27812.416
27857.334
27295.084
27814.801
27890.75
27991.4
28385.75
27876.0
27952.551
28090.867
28146.482
28161.334
28270.35
28582.133
28219.949
28366.801
28629.018
28496.867
27568.949
27212.934
25829.018
24805.133
24031.283
23769.533
23759.949
24110.133
24003.283
25142.133
26452.416
26807.066
27395.35
27392.867
27655.018
28379.268
29263.084
28859.732
29556.617
29552.467
29287.883
28554.133
28459.551
28643.666
29103.283
29306.133
29680.416
30226.732
30893.684
31324.199
31424.883
31531.801
30797.684
30759.4
30429.35
30640.867
30680.75
30611.732
30709.35
30117.199
29805.883
29658.0
29205.883
29286.934
29603.283
29348.199
30593.018
30670.4
30946.416
31439.199
31685.75
31005.533
31234.084
30858.0
30972.283
31174.334
31537.084
31856.066
32714.949
32495.334
33081.949
32636.6
32714.949
32271.732
31682.75
31872.732
31822.75
31980.6
31759.949
31980.467
32480.482
32771.801
32256.018
32381.6
33332.416
32847.467000000004
33177.418
32462.535000000003
33105.949
32632.666
31895.551
31456.0
31079.684
31040.334
31319.018
31532.732
31882.551
32849.0
32516.816
33270.934
32837.482
32864.133
32708.617
32294.6
32093.551
31703.801
31114.283
31264.0
31368.416
31139.467
31328.684
31258.467
31038.75
31171.0
31107.15
31094.0
31564.684
31976.533
31877.283
32212.533
32918.949
33040.066
32895.75
33221.066
32978.617
32891.199
32249.416
31850.732
31415.283
31671.467
32102.883
31879.6
32702.949
32919.532999999996
33515.816
33712.602
33702.418
33630.801
34322.418
34556.867
35069.551
35089.535
34868.883
34703.801
34484.617
34491.133
33891.816
33764.199
33824.684
33813.801
33529.484
33472.734
32726.816
33303.0
32887.617
33332.066
33217.684
34005.934
34472.418
35010.0
35281.215
35554.398
34768.816
34882.535
34455.016
34463.133
34785.418
34511.867
34563.551
34198.199
34535.418
34824.602
34885.883
35071.668
35004.883
35542.0
35876.082
36612.535
35891.082
35769.535
35223.418
35249.734
34582.285
34644.668
34516.285
34307.465
34871.215
34939.066
33143.082
34424.801
34424.883
34065.668
34290.082
33964.867
33907.617
34081.801
34654.082
34975.133
34983.816
34858.934
35003.816
35601.0
35715.684
35966.066
35694.684
35268.398
34163.082
32808.0
32137.084
30937.268
29576.35
29086.6
29732.283
30579.467
32515.416
33070.0
32527.018
32637.0
32890.75
32266.732
32715.883
32236.334
31849.084
32593.268
33643.883
34398.398
34342.949
34730.934
34932.883
35279.332
36016.684
35551.801
35491.016
35550.332
34800.352
35285.066
35671.082
35752.668
35517.816
36296.801
36674.617
36631.332
36687.617
36040.398
35961.215
35674.867
35989.148
35635.934
35059.617
34826.199
34455.082
35239.465
35983.684
36590.199
36338.816
36895.0
37710.551
38020.133
37446.352
37137.465
37484.418
36974.398
36821.551
36234.0
36939.148
37331.801
36861.551
36634.535
36452.285
35493.602
34929.082
33569.867
32600.949
32210.334
32377.949
32664.867
33119.617
34097.398
34271.484
35430.934
35672.418
35721.199
36314.352
36415.535
36872.285
37034.266
37124.215
37520.668
38309.082
37698.398
37414.215
36666.934
36584.816
36496.934
36350.016
36356.133
36396.816
37000.0
37950.883
37906.734
37939.551
37954.133
37802.551
37594.0
37595.285
37670.934
36617.883
36161.398
35795.418
35316.801
34574.949
34113.668
34501.816
34700.332
35148.484
35481.668
36157.75
36163.066
35904.551
35818.332
36036.285
35693.602
35451.617
35500.668
35939.148
36389.066
36502.484
36485.133
36952.418
37485.801
37345.484
37490.465
37268.418
37084.801
36532.75
35843.602
35742.551
34913.934
33959.75
35164.133
35030.285
35342.602
35483.484
36052.934
36125.082
36492.398
35995.816
36040.199
36444.816
35973.0
35933.418
35695.801
35653.551
35356.602
34748.684
34363.0
34513.75
34624.332
34083.75
33489.934
33822.551
33645.398
33439.816
33419.465
33695.949
33914.332
34026.617
34494.602
34597.551
35038.066
34801.484
34606.801
35132.215
35042.934
34012.816
34680.801
34376.352
34359.734
34527.418
33968.199
34098.816
34830.734
34952.285
35291.465
35207.617
35318.867
35349.816
34992.465
35466.617
35030.066
34607.75
34478.066
34782.352
35131.668
35321.148
34623.332
34862.484
34684.266
34261.215
34513.668
34676.352
34569.535
34379.551
34601.734
34422.816
34584.602
34016.418
33888.465
33821.551
33750.332
33958.148
33519.066
34413.285
34493.734
35038.352
34292.465
34561.484
34619.332
34876.617
34696.867
34512.484
34692.535
34703.75
34413.934
34500.75
34595.066
34195.484
33757.602
34210.684
34290.734
34492.75
34348.398
34550.816
34534.602
34443.684
34727.332
34891.551
35076.0
34374.949
33955.734
34232.883
33733.801
33793.551
33596.066
34095.617
34525.133
34331.75
34184.668
34496.883
34427.934
34720.617
34500.867
34702.484
34951.0
34749.816
34720.398
34899.215
34907.602
34874.551
34747.398
34101.883
34348.398
33535.016
33794.668
33913.352
33863.266
33613.816
33654.535
33649.816
33534.867
33589.75
33948.734
33595.215
34119.867
33933.418
33905.867
33467.215
33062.867
32789.018
32965.867
32612.816
32618.732
32276.684
32843.066
33027.816
33033.133
32934.018
32494.602
33516.949
33696.133
33983.816
34003.535
34535.684
34682.332
34095.883
33880.0
33801.551
33774.734
32960.816
33154.066
33400.016
33363.066
33600.352
33573.801
34026.352
33912.465
33970.352
33794.934
34031.215
33758.465
33548.551
32946.934
33666.75
33759.266
32960.551
33727.398
33405.082
33702.266
33832.684
33418.0
33738.285
33346.602
32642.75
32187.732
32699.018
32481.199
32165.617
32576.732
32621.482
33471.0
33231.148
33808.133
34019.816
33659.332
33566.285
33900.133
34259.949
33708.398
33272.215
32998.266
33025.482
32505.4
32357.883
32245.334
32808.482
32861.934
32811.75
32727.4
33344.282999999996
33297.266
33050.617
32787.133
32823.684
32482.666
31953.949
31542.268
31692.018
31658.0
31293.018
31594.467
31942.949
32386.6
32548.75
32556.801
32857.217000000004
33012.066
33355.285
33236.332
33437.285
33262.734
33071.148
33524.934
33061.617
33409.801
33122.949
32745.066
33260.082
33202.332
33358.551
32926.535
32861.35
32778.801
32794.35
32266.6
32505.551
32226.732
32144.482
32340.732
32093.018
31883.268
31880.551
31684.666
32468.15
32750.666
32005.949
32033.801
32658.949
32504.732
32450.482
32867.467000000004
32496.949
32190.133
32140.15
31455.867
31938.283
31240.6
31407.551
31346.6
31294.15
31754.133
31577.416
31860.934
31854.018
31725.801
32096.617
32042.867
32336.018
32273.867
31832.084
31838.867
32144.883
32203.334
31496.217
31828.199
32030.75
32033.533
31407.018
31860.334
32471.883
32152.533
31876.617
32614.934
32728.75
32606.199
32338.551
32009.934
32547.883
32113.467
32272.617
32302.867
32059.684
32203.066
32112.617
31875.199
32236.35
31997.934
31355.416
31521.4
31841.617
31678.133
31158.283
31130.334
30923.684
30780.867
30613.482
30224.533
30771.883
30784.533
30450.084
31295.867
31158.084
31365.934
31259.883
30930.533
31432.084
31163.867
30790.551
30269.0
30666.949
30707.4
29919.35
29144.133
28540.684
27860.666
27379.35
26805.867
26515.482
25984.334
25572.217
26459.0
26956.217
27018.334
27559.416
28198.066
29209.883
29018.199
29447.684
29340.6
29382.551
29584.801
29088.684
28835.6
29002.551
28956.533
28528.15
28488.867
28729.416
28921.334
28867.283
28719.934
29169.15
28982.334
29191.883
28991.334
29419.482
29282.066
28839.551
29288.867
29004.551
28676.6
28299.617
27906.934
28081.283
28073.732
28187.482
28422.666
28291.018
28704.732
28824.416
28622.934
28921.35
29346.6
29013.084
28760.801
29024.551
29156.334
29101.084
29106.6
29073.816
28652.268
28515.75
28527.867
28829.482
28711.801
28036.75
28437.334
28421.816
28691.334
28491.416
28323.666
28452.35
28550.867
28884.35
28415.066
28701.816
28921.666
28408.551
28717.934
28712.018
28691.666
28189.949
28301.066
28249.551
28302.801
28350.883
28319.533
28261.35
28238.467
27741.883
28023.066
27793.283
28128.732
27662.416
27966.133
28555.551
28163.666
28533.15
28542.199
28457.018
28806.666
28611.75
28649.666
28676.217
28586.533
28830.949
28571.467
28825.283
28507.133
28771.684
28506.334
29013.482
28399.867
28503.551
28201.0
28499.816
28672.934
28255.084
28095.199
28181.15
28197.467
28215.949
28213.6
28372.35
28396.934
28372.883
28332.199
28268.15
27956.666
27636.551
27481.533
27751.551
27300.4
27006.217
27121.934
27550.684
27511.0
27052.018
27094.732
27447.75
27279.199
26951.75
26737.867
27097.883
26927.199
26604.949
26114.732
26470.816
26553.732
26528.617
26776.066
26703.15
26690.133
26145.018
26363.066
26075.75
25989.199
25321.283
25228.867
25290.816
24932.133
24945.416
24238.199
24646.482
24350.4
23891.217
23189.666
23096.416
23259.0
23185.949
22628.533
22884.018
22791.133
23039.084
23071.732
23662.084
23952.334
24554.949
25190.6
25337.617
25461.268
25472.551
25715.268
25602.15
25194.934
25289.217
25091.0
25362.15
25111.934
25400.15
25461.801
25763.75
25696.867
25881.15
25754.0
26210.949
26078.066
25799.551
26112.467
26406.816
26132.801
25933.75
25649.533
26038.949
25947.0
25690.217
25652.801
25779.217
25810.467
26127.35
25415.4
25918.551
25918.533
25933.551
25745.268
26006.75
25796.666
25497.283
25433.268
25591.684
25824.533
25171.617
25046.867
25291.084
25027.334
24970.617
25140.199
25268.949
24992.6
24901.883
24639.133
24660.084
24682.0
24770.816
24714.334
24743.482
24626.533
24692.949
24566.4
24523.35
24465.6
24308.283
23759.4
24223.018
23773.467
23899.883
23832.133
24019.35
23776.268
23902.949
23785.268
23870.416
24150.934
23958.883
24262.268
24110.018
24308.6
24082.617
23531.268
23643.551
23367.801
23220.416
23347.334
23259.084
23209.0
23261.35
23201.732
23668.217
24129.666
23710.816
24177.0
24319.217
24016.0
24187.684
23884.467
24170.75
24250.666
24448.217
24561.732
24645.482
25002.0
24870.949
25213.732
25566.084
25780.666
25284.883
25135.467
25475.617
25899.732
25748.283
26135.934
26349.684
26762.133
26528.617
26637.801
26612.283
26396.0
25799.75
24954.867
24485.883
24155.133
23940.816
23689.066
23564.416
23528.4
23448.883
23342.199
23564.482
23415.801
23521.283
23419.334
23779.883
23580.334
23487.949
23160.066
23230.084
23396.867
22999.949
23251.4
23195.75
23364.867
23343.75
23421.732
23554.416
23743.0
23329.217
23485.801
23850.75
23649.133
23183.15
23442.133
23836.949
23624.066
23282.75
23541.268
23817.283
23294.801
23714.551
23009.801
23390.617
23090.467
22916.75
23044.268
22853.816
22989.732
22761.283
22242.066
22956.949
23034.732
22730.283
22677.867
22918.084
22686.867
23022.883
22505.066
22716.883
22761.6
22836.816
22854.666
23023.15
22745.066
22811.15
22942.801
23240.35
22848.867
22458.816
22474.066
22740.217
22817.6
22546.617
22656.934
22571.551
22782.533
22531.018
22527.066
22592.084
22466.467
22128.35
21910.801
22511.084
22199.0
21736.949
21675.867
22065.018
21664.801
21599.816
21715.334
21888.949
21601.066
20545.883
21251.133
21648.551
21246.801
21184.35
20745.199
21030.15
21068.066
21368.75
21334.133
21286.084
21028.334
21105.15
21083.801
20679.482
20537.199
20114.018
20423.732
20063.684
20478.666
20084.217
20188.199
21426.35
21230.666
21214.883
21742.199
21534.283
21541.066
20999.75
20699.0
20497.084
20513.133
20255.15
20321.666
20444.482
20589.199
20311.684
20649.801
21299.883
20863.066
20385.018
20741.934
21006.75
21061.4
20710.551
20859.0
21029.283
20643.533
20357.416
19988.666
20402.617
19961.066
19868.283
19440.467
19518.816
19589.867
19018.816
18588.467
18604.35
17379.666
16774.816
16062.8
16258.884
16255.066
16362.217
16532.8
17210.816
17951.934
18361.084
18347.6
18564.684
19157.199
19669.482
19545.732
19234.482
19719.533
19610.551
19709.066
19712.15
19375.533
19083.084
18946.467
19394.949
19299.801
18890.617
19578.334
19449.018
19660.066
19758.949
19603.6
19749.482
19720.867
19506.816
19604.4
19677.416
19826.6
19471.684
19492.133
19838.883
19924.6
19856.617
19900.334
20039.482
20059.199
19923.018
19427.133
19888.15
19882.066
19534.35
19320.666
19607.816
19733.467
19546.416
19102.533
19380.949
19665.467
19068.15
19700.467
19858.551
19779.533
20187.018
19936.268
19999.482
19975.066
19803.283
19897.334
19864.684
19800.467
19493.217
19563.4
19670.15
19668.467
19566.75
19653.0
19889.35
19870.4
19581.816
19317.199
19666.482
19511.934
19770.217
19327.0
19867.617
19664.199
19863.816
19806.6
19918.217
19858.0
19375.084
19140.867
19722.75
19543.867
19759.816
19349.133
19309.416
19373.467
19315.15
19598.0
19385.617
19352.467
18830.684
18869.199
18975.883
19290.268
18417.75
18690.6
18933.217
18902.0
18707.482
18565.867
18967.617
18942.0
18679.949
18795.801
18912.15
19074.801
18387.283
18616.732
19080.084
19129.199
18773.35
18614.801
18798.949
18976.467
18618.416
18612.732
18785.482
18689.801
18149.35
18471.732
18480.949
18297.533
18290.75
18412.867
18098.75
18816.334
18207.084
18097.934
18232.617
18265.533
18190.283
17599.867
18110.816
18196.533
17905.883
17602.268
18137.617
17986.6
17860.084
17367.4
17925.018
17874.533
17830.018
17851.732
17552.15
17841.066
17656.883
17252.268
17537.482
17381.867
17387.617
16940.133
17343.018
17262.801
16671.617
16284.467
17103.018
16941.4
16711.35
16578.467
16863.883
16713.467
16434.551
16315.467
16982.816
16689.066
16503.083
16382.268
16860.55
16431.2
16252.35
16155.2
16801.417
16552.4
16309.417
16308.934
16471.283
16181.667
15852.083
15507.6
16018.417
16097.2
16010.95
16271.333
16391.217
16282.533
15720.083
16311.2
16114.816
15998.934
15979.283
15891.2
15884.95
15983.267
15483.816
15370.733
14689.35
13900.533
13093.35
12251.533
11789.816
11589.134
11511.684
11536.934
12497.816
13062.066
13334.217
13794.134
14169.283
14189.934
14302.35
14200.667
14285.816
13732.134
13747.017
13014.267
14093.95
13999.866
13795.35
13743.667
14131.684
14383.066
14519.816
14238.733
14650.217
14877.6
14527.217
14618.733
15006.884
14982.467
15000.884
15106.733
15187.35
15165.4
14917.816
14491.467
15366.75
15026.533
14896.884
14426.733
15116.35
15170.8
14923.15
15057.533
15060.55
14578.4
14683.816
14365.4
14933.083
14800.134
14677.283
14673.066
14790.483
15052.4
14664.017
15217.866
15147.75
15219.0
15199.017
14804.6
15481.017
15522.0
15152.55
15390.2
16138.283
15955.866
15740.417
16268.733
16515.017
16202.134
15972.017
16086.733
15737.35
15868.0
15399.75
15517.267
15784.417
15578.6
15521.95
15891.4
15470.55
15532.733
14896.55
14696.0
15642.483
15482.134
15375.75
15537.0
15383.483
15395.934
15556.15
15216.2
15291.017
15261.4
15195.75
15153.667
15390.483
15074.533
15168.417
15052.733
15465.616
15174.667
15299.483
15195.0
15599.217
15162.134
15261.616
15203.333
15514.017
15771.066
15866.884
15753.2
15731.95
15610.0
15468.417
15665.467
15823.483
15890.866
15876.95
15556.2
16173.017
16001.6
15953.283
15451.866
15970.15
15863.467
15631.217
15566.4
15704.217
15882.934
15993.15
15899.733
16005.217
15754.8
15867.884
16071.866
15813.083
15920.134
15813.816
15601.066
15753.884
15845.866
15606.55
15584.533
15740.816
15962.134
15090.95
15829.934
15889.75
15820.733
15125.217
15516.934
15814.616
15889.066
15752.217
15808.0
15757.816
15890.866
15600.816
15480.533
15870.816
15648.2
15742.283
15434.267
15684.35
15706.0
15418.083
15344.066
15680.35
15315.934
15307.816
15134.467
15465.083
15318.667
14996.417
15284.866
15273.417
15087.0
15184.684
15311.467
15101.75
15149.533
14860.35
14880.934
15201.95
14892.2
14975.95
14606.533
14700.684
14722.134
14595.483
14655.467
14467.35
14396.8
14338.75
14305.866
14534.15
14465.134
14377.684
13367.0
13568.816
13345.333
13025.15
12246.333
12018.35
11927.333
11468.75
10784.866
11334.616
11165.333
10449.483
10919.333
10899.95
10530.667
10717.616
10296.134
10446.816
10248.533
9913.417
10034.267
10259.083
10164.733
10309.75
8996.333
9791.483
9839.8
9432.684
9765.2
10085.616
10222.2
10119.75
10651.667
11044.083
11192.667
11469.017
11914.267
11984.75
11863.2
12001.017
11768.333
11758.017
11932.267
11926.884
11375.8
11799.35
11516.066
11076.55
10368.533
10671.55
10418.8
10075.417
9927.2
9803.017
9886.6
9771.55
9637.4
10043.483
10030.2
9901.283
9821.134
9949.483
9805.667
9734.283
9605.467
10038.217
9846.866
9579.884
9993.6
10341.083
10162.467
9953.417
10124.866
10119.283
10175.866
10142.616
9970.467
9981.616
9644.866
9109.217
9626.934
9550.217
9744.866
9942.884
9592.066
10192.35
10063.667
9349.017
9589.2
9709.55
9515.467
9562.35
9798.333
9948.15
9906.2
10111.417
10045.267
10200.55
10054.0
9991.15
9659.134
9889.884
10011.066
9764.75
9790.4
10014.083
9928.866
9723.15
10298.866
10410.684
10611.667
10258.083
10502.4
10774.283
10771.733
10980.15
10237.467
10750.083
10625.134
10860.75
10471.667
11199.483
10988.333
11146.75
10782.733
11359.083
11281.934
10913.816
10726.134
10926.684
10695.467
10628.217
10872.467
10788.816
10663.134
10359.083
10290.667
10573.35
10700.8
10554.616
10714.134
10682.884
10517.6
10336.616
10571.866
10691.217
10607.2
10899.35
10343.333
10677.616
10920.2
10922.017
10625.333
10658.55
10265.866
9996.217
10421.467
10360.083
10416.2
9670.75
10163.333
10464.684
10322.733
10075.616
10436.0
10695.35
10297.4
10443.083
10311.0
10573.816
10251.2
10020.55
9980.8
10316.616
10268.134
9840.283
10114.467
10135.483
10281.866
10127.684
10156.667
10238.083
10101.333
9927.483
10137.467
10284.816
10207.866
10083.283
10410.4
10162.15
10256.8
10146.017
9967.533
10173.616
10139.134
9973.283
9859.467
9962.75
10020.667
9744.017
9613.733
10121.017
10086.333
9810.083
9843.6
10137.35
10072.667
9690.95
9715.333
9969.217
9763.733
9582.217
9949.4
9913.017
9704.066
9942.684
9729.6
9776.75
9722.866
9457.417
9100.866
9822.15
9452.733
9687.15
9507.866
9621.417
9435.533
9393.083
9207.533
9592.75
9449.134
9354.283
9098.866
9382.083
9403.8
9230.083
9205.4
9460.616
9427.6
8916.017
9097.2
9407.083
9365.6
8678.017
8865.8
9261.283
9207.267
9118.483
8801.934
9337.35
9266.333
9159.55
8902.134
9058.083
8896.6
8785.483
8951.467
9080.283
8877.866
8738.217
8780.267
9221.684
9202.866
8991.35
8715.134
8837.283
8942.866
8783.75
8599.934
8932.483
8839.667
8832.95
8490.134
8704.483
8807.467
8763.217
8595.6
8805.55
8604.333
9030.283
8323.934
8763.35
8680.066
8467.816
8049.066000000001
8760.684
8705.467
8737.483
8409.533
8515.15
8329.667
8473.417
8597.134
8894.75
8099.667
8366.15
8187.8
8413.617
7806.267
7353.617
6674.533
6393.683
5527.267
4713.483
4062.933
3440.017
2683.467
2331.083
1639.333
1961.55
1848.133
1568.217
1727.4
2587.817
2793.8
2780.35
3777.333
4320.017
4607.8
4932.417
4287.933
5024.95
4640.267
4447.083
4065.4
3840.417
3891.4
3606.35
3377.4
3777.617
3860.133
3825.683
3616.467
4365.217000000001
4148.6
4207.017
4806.533
4877.75
5120.333
4815.95
5315.733
5523.083
5508.133
5541.683
5807.667
6128.75
6186.8
5751.283
6025.0
6594.617
6630.0
6203.35
6717.933
6992.217
7150.4
7075.083
7086.333
7548.883
7528.2
6934.883
7055.067
7763.417
7848.933
7701.283
7419.333
7962.483
7780.4
7570.283
7582.133
8068.617
7877.467
7029.617
7905.267
8039.483
8114.8
7798.55
7591.0
8086.55
7986.6
7832.017
7714.733
7889.95
8005.0
7608.75
7441.733
8338.683
7953.0
7744.883
7754.133
8099.817
8006.933
7832.883
7832.667
8031.75
7991.4
7806.217
7775.533
8095.35
8079.2
7924.35
7814.8
8140.883
8017.6
7500.55
7697.067
8056.617
7947.067
7606.017
7515.0
7929.017
7808.333
7858.617
7599.867
7875.083
8005.6
7704.483
7243.8
8016.95
7904.667
7902.083
7706.533
8206.217
7928.867
7752.617
7535.067
8045.95
7817.733
7380.883
7237.2
7873.55
7812.6
7813.35
7245.2
7947.817
7783.333
7664.883
7718.8
7940.35
7853.867
7696.683
7606.4
8121.483
7932.4
7075.283
7437.4
8025.95
7780.4
7812.55
7599.333
8016.283
7885.067
7468.683
7271.467
7838.083
7675.267
7651.817
7547.4
7872.417
7824.8
7677.883
7219.6
7875.883
7815.6
7478.55
7167.733
7728.483
7874.933
7570.083
7507.4
7842.683
7480.267
7449.283
7583.933
7563.15
7502.467
7345.683
7175.133
7758.017
7564.467
7197.75
7159.733
7586.75
7722.4
7039.883
7117.4
7603.217
7496.4
7564.483
7302.6
7523.683
7415.067
7359.817
7049.8
7667.483
7440.867
7137.35
7081.8
7463.75
7382.4
7217.283
6713.867
7350.283
7282.533
7167.283
6654.467
7428.083
7228.333
6746.817
7129.667
7223.15
7108.933
6674.483
6767.533
6929.817
7025.6
6777.35
6750.533
7026.817
6802.4
6810.217
6612.467
6935.15
6961.2
6492.75
6457.267
6938.017
6919.8
6650.75
6593.133
6653.883
6810.667
6391.817
6562.267
6629.217
6646.667
6494.283
6261.467
6816.15
6692.267
6330.217
6009.133
6557.95
6781.867
6590.283
6319.133
6694.217
6656.067
5995.283
6382.0
6801.95
6446.6
6280.15
6323.533
6564.15
6592.467
6210.417
6050.133
6443.883
6524.0
6323.35
6190.333
6471.883
6265.6
5979.417
5656.8
6321.817
6164.8
6396.283
5913.4
6447.417
6398.333
5901.817
5992.733
6472.083
6290.133
6117.15
6189.733
6434.483
6365.333
5954.617
5923.067
6503.95
6239.4
6100.15
6151.333
6418.35
6240.0
5821.083
5688.667
6092.017
6003.533
5504.283
5635.8
6091.617
5917.6
6085.283
5748.2
6116.617
5938.467
6157.417
5777.8
6038.283
5958.067
5593.35
5575.933
6042.617
5919.133
5462.35
4906.733
5865.683
5926.0
5459.817
5652.667
5918.75
5706.6
5568.217
5529.267
5892.55
5690.933
5528.483
5183.0
5756.617
5810.4
5117.817
5281.2
5849.95
5648.867
5431.683
5198.8
5828.017
5775.8
5698.95
5281.667
5871.417
5775.267
5728.417
5604.2
5815.55
5656.467
4436.617
4931.8
5714.017
5779.8
5393.817
5146.0
5667.883
5796.8
5134.217
5134.0
5544.283
5521.0
5034.283
5070.2
5563.217
5507.4
4884.35
4863.467
5415.217
5366.2
5085.817
5101.733
5329.95
5232.467
4827.95
5201.467
5318.817
5327.667
4806.883
5008.933
5349.017
5124.4
4668.95
4583.467
5149.083
5156.867
4994.083
4409.267
5208.35
5057.467
4404.017
4499.867
