267.533
71.15
-144.067
148.883
441.467
128.683
210.333
244.28300000000002
232.133
262.95
127.133
-162.05
202.667
211.75
14.799999999999997
-35.18300000000001
349.867
-3.7830000000000013
51.867
362.883
420.733
184.683
467.4
151.95
278.6
199.88299999999998
221.2
-120.917
200.333
195.55
327.267
22.683000000000007
284.0
197.88299999999998
231.53300000000002
25.950000000000003
556.0
475.617
95.333
-58.717
248.46699999999998
126.883
-10.400000000000006
184.88299999999998
192.8
241.75
140.733
231.083
219.2
239.35
-37.667
35.483000000000004
605.067
283.08299999999997
-21.867000000000004
-259.783
431.33299999999997
446.15
34.733000000000004
39.150000000000006
380.33299999999997
435.95
389.133
226.35
414.4
366.883
150.46699999999998
315.35
392.4
393.08299999999997
316.2
-141.917
442.933
287.55
40.8
81.217
376.267
183.75
137.933
77.483
290.467
493.08299999999997
195.0
63.283
235.53300000000002
353.283
19.533
7.617000000000004
239.86700000000002
202.417
499.6
4.950000000000003
184.933
226.55
341.4
-62.117000000000004
196.13299999999998
258.883
190.86700000000002
97.817
406.6
356.55
-231.4
38.483000000000004
398.867
309.217
218.46699999999998
209.15
461.33299999999997
281.617
-2.066999999999993
275.95
99.867
326.817
240.2
274.883
409.66700000000003
290.283
548.867
-223.517
321.33299999999997
366.817
105.133
369.08299999999997
379.8
455.817
245.46699999999998
103.15
343.6
242.55
-67.2
122.617
330.533
306.75
127.067
3.4170000000000016
413.66700000000003
438.95
55.132999999999996
-242.85
347.0
319.217
78.333
140.95
267.0
417.017
325.66700000000003
40.68300000000001
291.267
332.75
-290.66700000000003
-131.517
304.4
215.75
160.0
-6.316999999999993
331.8
268.617
46.867000000000004
215.817
402.467
301.483
238.333
-111.383
452.933
412.41700000000003
429.4
156.017
481.133
265.35
159.933
346.41700000000003
407.933
81.683
363.33299999999997
-162.517
138.6
228.417
3.3329999999999984
371.617
591.533
421.08299999999997
161.333
-89.517
497.067
156.683
464.933
25.617000000000004
389.4
366.817
313.6
376.617
518.533
344.817
431.867
308.35
335.4
234.21699999999998
375.533
-354.85
391.0
354.95
169.0
142.15
132.53300000000002
325.55
469.267
178.15
243.333
301.41700000000003
113.867
-203.45
270.66700000000003
394.08299999999997
460.8
183.55
380.533
298.75
45.667
-313.783
438.0
239.88299999999998
-68.6
19.816999999999993
264.0
193.483
-1016.8
-95.917
119.867
273.817
239.933
-63.783
564.0
396.883
259.4
63.617000000000004
258.733
226.21699999999998
-115.333
428.817
515.0
268.75
-188.46699999999998
39.95
306.33299999999997
321.55
-121.8
349.35
374.133
267.817
394.4
339.15
325.66700000000003
420.283
247.0
183.083
371.933
256.35
410.733
26.016999999999996
395.067
429.15
328.533
-66.183
222.13299999999998
315.55
73.933
-284.58299999999997
369.067
337.883
251.667
-123.05
360.933
336.017
207.4
85.083
358.2
356.283
-157.933
199.88299999999998
330.933
68.883
-153.2
162.683
268.33299999999997
207.417
309.067
165.483
260.33299999999997
523.217
85.8
164.483
377.933
527.417
382.0
166.417
214.0
277.95
88.0
494.41700000000003
351.2
202.28300000000002
-156.53300000000002
104.217
200.13299999999998
282.75
263.467
-9.25
535.667
558.55
29.667
286.017
370.33299999999997
348.41700000000003
226.53300000000002
108.617
331.66700000000003
385.95
75.467
121.417
297.533
322.217
182.267
300.35
468.6
434.617
398.467
101.817
547.867
173.083
381.267
-139.25
364.8
175.817
-95.0
286.683
331.33299999999997
201.817
528.333
395.35
372.66700000000003
257.217
630.933
84.55000000000001
368.4
292.88300000000004
-43.06700000000001
271.817
625.067
410.08299999999997
537.733
-48.650000000000006
438.66700000000003
363.75
373.267
191.017
330.66700000000003
513.883
-59.86699999999999
223.95
594.6
320.217
120.333
161.55
341.2
347.08299999999997
501.733
165.617
635.667
539.083
680.867
434.55
678.733
500.55
211.733
308.55
365.13300000000004
580.483
750.733
167.017
688.333
562.617
508.267
654.15
579.933
471.41700000000003
325.067
612.283
454.533
727.35
85.86700000000002
250.88299999999998
533.133
513.15
528.2
373.683
850.533
521.15
668.4
504.75
650.6
623.35
652.067
284.617
974.467
433.017
535.4
475.283
817.267
488.95
661.8
551.75
552.6
826.0830000000001
722.4
619.55
560.2
808.617
585.133
405.15
896.467
693.217
579.8
522.55
517.4
611.617
723.467
605.483
833.733
724.0830000000001
511.067
459.083
613.4
717.283
602.133
499.88300000000004
842.267
411.683
670.533
412.217
618.4
517.0830000000001
684.6
783.483
655.533
399.683
712.933
904.017
382.667
814.0830000000001
652.733
701.483
715.533
691.55
535.267
889.883
1068.6
592.017
604.467
1189.283
830.733
1040.883
410.0
597.083
1069.467
898.95
1030.067
1109.35
640.667
594.083
728.667
697.817
1236.2
1051.483
535.533
1001.55
903.0
1114.15
1142.333
977.083
880.733
1236.617
505.933
782.083
894.867
1082.483
1390.0
1320.283
1256.733
1190.617
992.5999999999999
1102.55
1123.2
1026.683
670.5329999999999
880.817
1234.4
1044.417
1303.267
871.55
1378.8
1262.083
1361.933
1183.817
1335.867
1257.483
845.5999999999999
1314.017
1175.333
1093.017
1008.0
1154.283
1147.0
1264.683
1161.867
932.55
1254.733
1032.817
1008.8
887.1500000000001
1349.267
1247.817
1184.667
1244.283
1368.133
1114.417
1108.533
1013.3499999999999
1278.067
1297.883
1186.4
947.0830000000001
1427.2
1174.283
1213.667
1187.883
1345.6
1225.017
715.5329999999999
1145.75
1226.733
1303.55
1309.867
1497.217
1621.467
1430.883
1435.333
1421.483
1557.533
1611.217
1465.8
1540.95
1524.8
1527.35
1696.867
1544.617
1919.667
1408.35
992.933
1261.617
1465.2
1759.75
1467.8
1558.883
1914.067
1725.617
1641.933
1567.35
1787.733
1845.417
1870.267
1590.15
1965.4
1639.217
1538.6
1453.417
1495.733
1423.95
1743.133
1094.817
1474.733
1597.95
1816.6
1460.883
1784.867
1668.683
1870.0
1695.017
1764.4
1830.283
1805.6
1727.883
2035.0
1590.283
2123.133
1863.217
1903.467
1829.017
1731.733
1905.95
2151.6
1531.417
1632.667
1959.15
2182.467
1914.417
1981.133
1754.75
1809.4
1701.883
1791.933
1911.55
1866.533
2172.483
2429.8
1711.217
2287.467
2278.417
2139.733
2059.617
2127.4
1990.683
1937.0
2248.95
2183.467
1987.55
1781.867
1901.817
1852.0
1818.883
2148.267
2032.017
2181.933
2396.017
2195.2
2312.083
2541.133
2271.75
2598.067
2442.017
2764.0
2508.35
2354.0
2600.083
2603.667
2498.15
2308.933
2454.417
2294.867
2361.017
2257.333
2437.55
2413.533
2219.417
1893.067
2159.75
2104.533
2103.55
1953.0
1883.083
2143.333
1894.15
1841.867
1552.55
2186.667
1741.883
2057.533
2074.15
2246.867
2714.75
2475.067
2756.017
2613.533
2773.883
2920.467
2541.483
2723.933
2675.75
2415.467
2347.883
2636.0
2462.817
2723.867
2305.483
2549.067
2608.683
2583.333
2735.417
2691.333
2726.883
2888.267
2815.817
2890.867
2876.417
2779.2
2505.683
2856.067
2893.15
2723.933
2974.15
3070.867
2938.883
2809.267
2532.617
3055.533
2914.683
3209.867
3482.883
3539.733
3902.617
3882.933
3732.15
3669.667
3611.35
3708.8
3304.55
3865.133
3559.95
3715.0
3649.283
3867.267
3382.95
3526.6
3704.217
3555.067
3591.283
3372.933
3083.483
3690.667
3780.883
3648.733
3806.95
3982.8
3961.683
3832.867
3609.483
3951.8
3891.883
3386.733
3605.883
3577.333
3788.35
3663.267
3882.483
4087.333
3823.683
3721.2
3183.817
3463.6
3568.617
3626.733
3339.283
3756.933
3448.083
3470.4
3302.017
3228.067
3166.483
3085.933
3151.017
3190.4
3301.283
3084.667
3226.75
2987.067
3156.817
3262.333
3361.55
3659.2
3790.683
3900.933
4069.15
3865.867
3952.083
3517.6
4056.15
3810.0
3825.35
4370.2
4028.483
4714.933
4723.483
4635.6
4820.683
5417.667
4889.95
5038.6
4509.617
4673.533
4598.883
4219.8
3997.483
4052.0
3916.75
3699.267
3832.75
4301.067
3935.017
4202.0
4233.417
4724.2
4679.617
4832.067
4586.35
4440.8
4302.95
3950.067
3825.417
3917.0
3532.95
3408.2
3278.75
3343.267
3273.617
2707.133
3050.883
3058.667
2722.483
2404.267
3169.083
3188.4
3312.417
3600.533
3317.35
4115.6
4321.75
4404.8
4246.217
4351.6
4123.683
3769.6
3922.017
3842.8
4041.817
4005.8
3837.083
4404.6669999999995
4066.35
4218.867
4106.817
4280.6
4225.817
4161.6669999999995
3618.55
4205.6669999999995
4079.95
4216.933
4170.483
4067.533
4081.75
4129.4
4110.55
4787.333
4828.883
4796.267
5037.417
5204.733
5279.483
5284.667
5087.15
5420.333
5193.35
5587.867
5169.683
5615.933
6019.417
5343.4
5579.15
5684.933
5466.55
5454.6
4762.417
4676.933
4131.55
3912.067
3033.55
2900.533
2428.283
2265.467
2264.35
2787.333
3040.55
3368.467
3845.883
4175.933
4372.283
4629.0
5066.95
5337.467
5725.683
5622.0
5590.15
5763.333
5216.417
5097.4
4832.683
4483.533
3755.017
3492.933
3194.883
3170.467
3518.217
3661.6
4174.0830000000005
5002.4
5243.283
5458.933
6263.017
6522.0
6592.083
6975.4
6674.55
7388.8
7382.083
7836.667
7522.017
7484.867
7900.017
7651.8
7717.883
7840.8
7679.55
7945.0
7735.283
8375.067
8203.883
8311.0
8070.283
8586.933
8395.217
8257.733
8324.35
8848.733
8608.217
8543.934
8338.483
8531.733
8071.017
8118.467
8321.35
8420.133
8826.017
8576.267
8664.483
8714.4
8419.95
8133.467
7917.883
8126.733
8411.417
8574.6
8463.483
8451.4
8497.083
8420.332999999999
8298.55
8227.067
8199.55
8040.4
8118.483
8541.933
8317.483
8523.6
8224.55
8360.0
8567.15
8332.267
8735.884
8874.0
8866.283
8975.533
9061.884
9151.8
9467.083
9708.667
9511.55
9449.533
9393.217
8749.4
8272.884
8404.0
8361.95
8295.0
8216.817
8471.8
8704.816
8841.467
9457.017
9376.134
9945.55
9904.467
9928.684
9912.267
10323.95
9671.0
9811.083
10264.4
9788.884
9848.333
10061.95
9982.333
9817.283
10397.533
9880.35
10241.134
10159.35
10070.0
9825.083
10075.934
9969.35
9986.6
9401.95
10024.066
9863.95
9866.333
9477.684
9843.866
10194.15
10384.934
10032.55
10314.2
10370.95
10202.467
10195.75
10122.934
9172.083
9613.934
9631.95
9722.333
9263.15
9868.267
9682.417
9766.267
9485.217
9452.533
9785.55
9931.4
9861.75
9953.667
9703.55
9454.8
9462.15
8876.8
9125.75
9840.4
9586.417
9735.733
10055.15
10384.667
10451.017
10633.866
10287.816
10427.066
10568.35
10475.333
10071.283
9900.0
9393.884
9590.066
8870.684
9533.134
9697.15
9404.134
9378.616
10179.6
10134.616
9590.134
9649.15
10434.667
10609.75
10361.4
10151.283
10275.2
10346.55
10089.2
9986.55
10263.934
10075.417
10326.733
10633.616
10313.8
10562.884
10825.467
9947.417
10240.066
10090.15
9702.467
9977.616
9305.533
9549.884
9566.0
10500.55
10424.8
10259.083
10227.866
9823.417
10088.6
10044.15
10401.134
10044.55
9832.934
9320.417
9165.934
8875.35
8527.333
8457.15
7867.467
7750.35
7767.467
7734.55
8185.2
8591.217
9501.134
10064.083
11103.934
11259.75
12248.4
11458.55
10959.733
11362.816
11230.733
11095.15
11813.066
11880.217
12114.866
11953.616
11861.134
11233.816
10827.0
10479.483
10721.533
10631.616
11842.866
11314.217
11935.4
12000.884
12296.8
12326.95
11978.333
12703.616
12818.4
13416.616
13296.467
13446.35
13685.4
14044.017
13021.4
13275.483
12678.934
12980.95
12943.934
13343.417
12844.733
12621.017
12181.667
11994.083
12243.8
11953.417
11089.267
11960.217
11792.667
12575.616
12724.6
12776.884
13658.333
13283.083
12936.6
13237.55
13256.0
13046.95
13042.934
13222.95
13616.0
14032.483
14074.8
13752.884
13893.066
15432.884
14255.267
14312.884
14541.866
13997.483
14514.4
14500.75
15076.6
14540.283
13984.533
14321.083
14565.866
14437.616
13938.333
13827.283
14927.066
15363.35
15013.8
14374.95
14724.134
14498.75
14368.467
13527.283
14447.533
14343.017
13969.0
13308.35
13892.467
14160.217
14166.267
13744.884
14749.8
14787.017
14552.2
14916.75
15085.467
15784.217
15079.6
14870.083
15440.2
15025.75
15304.267
14494.15
14840.8
15548.083
15100.467
15228.884
15288.134
14862.217
15103.267
15484.55
16125.667
15856.616
15823.533
15981.083
15838.6
16244.55
16699.866
16265.283
16209.4
15802.417
15866.733
15334.884
15789.4
15420.684
15772.267
15135.75
14729.2
14939.217
14880.267
14556.283
15148.2
14701.95
14765.333
14909.283
14872.4
14955.283
14801.333
15354.283
15826.6
16192.816
15336.934
15424.884
15494.333
14951.283
15762.2
15389.417
15947.134
15946.417
16303.467
16299.083
16437.934
16704.017
16174.333
15692.35
17281.066
16694.083
16595.467
16855.617
17143.0
15926.816
16632.133
15876.283
16890.133
16590.95
15919.267
16450.083
16929.467
16667.684
16763.333
17660.75
17127.4
16529.018
16324.866
16147.35
16035.667
16590.084
17195.934
17119.482
17779.199
17876.35
18300.199
17813.416
17869.0
18241.883
18032.467
17999.084
18031.533
18148.482
18513.066
18175.35
18848.199
18613.816
18729.867
19186.482
19025.4
18976.949
18477.6
18650.617
18939.467
18534.15
18376.0
18206.283
18896.934
18595.816
19587.867
18855.75
18496.133
18982.75
19102.4
19794.35
19903.268
19981.75
19426.732
19649.15
19150.732
19323.217
19071.268
19483.75
19683.732
21443.949
19846.666
20669.482
21001.867
21189.551
20619.199
21926.15
21398.334
21730.35
22440.066
23117.551
21929.666
22490.883
21931.934
22254.217
23847.801
22369.617
22497.268
21690.816
21664.533
21799.551
22418.4
22298.551
22808.133
23471.018
22945.6
23737.283
24379.133
25078.482
25079.133
25271.551
26011.867
26717.283
26048.0
24699.551
25547.268
25754.482
25029.801
25549.617
26192.268
26217.084
26009.666
26480.416
27109.533
26397.416
27865.934
28512.75
28166.133
27569.283
28688.867
28516.617
28525.867
28233.084
28584.268
28766.35
28546.666
28599.217
28192.934
28494.416
29347.133
30095.482
30531.467
30799.617
32236.0
32435.883
31873.4
32541.75
32607.666
32335.35
32350.732
31444.684
32367.334
31538.416
31469.066
33137.418
33637.066
33944.352
34084.934
34212.551
34999.668
34156.816
34350.535
33835.617
34127.934
34383.551
33856.066
34626.75
35328.0
35680.75
35876.668
35979.016
36420.066
36420.352
35835.668
36130.684
36002.602
36098.352
35409.133
36007.617
36143.535
36355.082
36751.465
36223.883
36117.602
36277.148
36381.199
36434.949
36532.465
36875.816
36518.535
36786.684
37001.066
36740.082
35649.801
35048.484
33446.934
32053.816
31120.268
30734.617
30668.467
31190.283
31099.334
32442.15
34062.668
34653.883
35216.535
35387.551
35624.332
36556.215
37598.602
37148.418
37859.801
37928.75
37525.398
36792.75
36483.934
36727.883
37314.535
37617.352
38109.801
38737.484
39600.0
40158.816
40264.199
40369.617
39590.266
39457.816
38957.734
39305.617
39366.398
39325.082
39310.465
38635.617
38188.867
38006.082
37449.465
37478.484
37831.535
37619.352
39014.398
39272.285
39670.535
40246.016
40514.332
39628.75
39865.066
39405.016
39502.801
39821.617
40187.801
40676.352
41671.934
41532.352
42109.734
41617.551
41601.535
41153.484
40445.668
40591.949
40537.867
40706.215
40481.465
40752.816
41323.066
41694.352
41194.465
41256.617
42317.266
41785.617
42252.801
41448.75
42058.133
41489.352
40592.734
40087.551
39681.734
39649.016
39842.734
40177.082
40615.801
41794.148
41478.934
42350.418
41815.066
41874.551
41626.734
41164.418
40779.133
40398.016
39709.867
39915.082
39914.199
39671.75
39867.535
39857.082
39602.734
39639.684
39544.066
39656.352
40194.199
40563.285
40637.332
41096.949
41832.398
42078.082
41990.465
42328.816
42096.066
42006.551
41306.266
40822.551
40312.465
40600.684
41045.801
40765.082
41599.934
41941.082
42551.133
42854.551
42816.465
42772.215
43579.668
43929.215
44456.734
44621.75
44234.602
44093.285
43832.535
43786.617
43063.535
42811.418
42990.668
43023.551
42686.934
42592.148
41682.602
42249.551
41841.801
42251.148
42155.0
43057.016
43586.398
44238.551
44654.133
44905.352
43927.465
44054.883
43436.734
43528.617
43876.199
43552.484
43544.465
43145.484
43577.934
43924.215
43948.133
44119.684
44246.867
44669.215
45174.801
45997.484
45189.0
45062.352
44340.0
44385.285
43552.199
43537.082
43442.266
43189.352
43833.668
43957.883
42159.066
43355.285
43265.332
42965.617
43135.934
42851.949
42704.801
42975.016
43570.934
43885.949
43928.734
43837.016
43992.801
44766.883
44805.602
45136.551
44834.867
44238.016
42863.133
41295.285
40445.801
38878.285
37199.734
36731.352
37434.801
38462.816
40850.734
41533.352
40883.465
40990.148
41223.734
40615.551
41007.535
40504.949
39969.066
40933.75
42213.332
43153.418
43121.934
43504.684
43718.332
44239.75
45052.398
44519.949
44415.934
44544.285
43659.199
44199.215
44627.734
44651.75
44472.266
45404.215
45790.133
45828.215
45888.0
45130.215
45008.066
44634.215
44906.133
44522.418
43848.0
43611.148
43098.801
44164.016
44971.801
45743.418
45464.199
46128.75
47047.801
47350.082
46785.465
46348.285
46757.801
46047.484
45985.934
45321.883
46009.133
46550.484
46048.867
45727.418
45375.398
44255.148
43583.934
41990.215
40806.066
40395.883
40442.867
40845.285
41462.465
42658.285
42890.535
44276.883
44549.602
44678.352
45301.0
45535.352
46022.332
46155.082
46290.133
46803.816
47709.734
47036.684
46649.133
45764.883
45675.801
45504.949
45415.266
45390.285
45414.398
46103.551
47204.133
47202.016
47237.199
47248.551
47133.734
46872.016
46787.734
46807.352
45700.398
45088.75
44667.934
44007.883
43141.535
42675.816
43002.934
43340.082
43803.535
44260.551
44927.465
45059.148
44801.332
44710.285
44867.867
44494.75
44140.535
44289.883
44681.602
45261.215
45419.867
45444.816
45941.867
46608.816
46466.465
46575.617
46335.266
46160.484
45464.734
44712.352
44332.133
43443.949
42409.668
43675.551
43545.199
43963.617
44122.133
44793.617
44881.133
45272.617
44707.668
44844.082
45186.535
44639.949
44559.066
44285.016
44234.934
43886.551
43229.066
42783.352
42866.066
42903.082
42451.398
41761.418
42106.602
41932.949
41670.867
41655.684
41921.867
42266.082
42467.602
42932.352
43141.602
43590.215
43341.465
43205.418
43658.066
43532.75
42322.398
43059.617
42680.801
42673.418
42898.465
42261.285
42394.535
43310.883
43433.0
43891.551
43713.668
43843.285
43792.535
43474.949
43954.668
43473.418
42877.398
42788.816
43172.602
43644.617
43829.066
43095.016
43205.398
43115.75
42681.734
42976.75
43092.266
42999.617
42741.199
42992.484
42676.332
42843.816
42241.199
41995.352
41883.066
41833.148
42095.602
41604.082
42533.668
42774.215
43318.066
42620.352
42858.801
42885.148
43157.066
42992.418
42723.332
42914.352
42915.199
42642.082
42600.266
42750.082
42412.133
41864.949
42338.398
42440.016
42574.066
42462.215
42677.332
42718.285
42615.199
42986.215
43001.535
43304.883
42443.867
41962.684
42266.266
41709.016
41761.602
41502.418
42095.801
42640.684
42459.734
42257.551
42653.801
42552.285
42875.199
42729.215
42780.867
43149.352
42899.398
42876.949
43051.398
43156.352
43050.398
42874.883
42156.734
42348.484
41551.867
41820.883
41868.934
41712.285
41403.398
41585.148
41502.801
41449.148
41446.332
41856.148
41514.867
42130.684
41917.465
41802.215
41271.801
40891.816
40516.199
40663.949
40189.465
40288.148
39965.668
40592.551
40716.535
40787.617
40635.535
40281.418
41377.535
41563.082
41881.734
41934.484
42565.066
42716.75
42021.535
41831.551
41636.535
41604.684
40810.266
40925.883
41158.465
41126.816
41482.934
41420.016
41874.734
41842.684
41984.535
41724.016
42009.398
41654.949
41354.668
40874.352
41422.133
41551.883
40753.0
41625.816
41241.801
41575.617
41794.0
41242.883
41560.734
41181.75
40362.0
39843.285
40359.668
40137.75
39841.867
40305.082
40267.398
41327.816
41017.0
41683.617
41923.734
41588.215
41501.535
41894.148
42218.0
41701.883
41121.535
40900.352
40897.398
40375.484
40181.199
40143.418
40738.801
40775.684
40712.602
40680.75
41340.867
41344.684
40979.0
40774.617
40720.266
40361.082
39666.066
39151.684
39201.066
39195.684
38767.867
39110.617
39437.266
40094.484
40288.734
40468.883
40789.465
41034.016
41397.867
41297.551
41448.066
41236.617
41038.0
41608.082
40986.066
41415.883
41120.199
40680.684
41240.535
41128.684
41312.668
40945.617
40754.801
40704.949
40759.801
40077.883
40297.266
40004.617
39834.133
40092.75
39789.332
39596.883
39586.465
39408.816
40235.867
40468.684
39684.602
39814.551
40460.332
40289.285
40215.801
40705.418
40203.199
39860.148
39788.266
39009.816
39448.266
38655.082
38877.199
38712.949
38690.066
39236.484
39013.066
39338.949
39283.133
39217.949
39549.867
39471.148
39777.199
39719.617
39251.133
39268.285
39497.199
39652.484
38795.734
39174.75
39292.535
39409.215
38758.535
39232.215
39897.266
39495.617
39227.602
40013.75
40127.535
40026.016
39660.602
39240.883
39845.734
39365.016
39597.133
39518.551
39260.535
39424.816
39305.066
39110.484
39444.668
39147.883
38452.934
38689.352
38925.734
38740.285
38137.133
38121.285
37809.867
37712.617
37507.133
37076.949
37686.133
37699.551
37325.535
38308.082
38219.266
38472.016
38398.398
38067.949
38612.801
38390.285
38056.398
37561.684
37991.133
38198.016
37354.398
36548.75
35843.602
35103.75
34569.602
33898.75
33503.602
32884.883
32461.801
33600.949
34155.734
34277.352
34794.266
35524.75
36717.465
36438.016
36863.066
36713.949
36631.0
36843.684
36417.668
36210.352
36420.0
36399.617
35928.398
36088.617
36192.867
36358.684
36221.867
35920.215
36368.668
36127.684
36161.867
35966.949
36394.801
36303.016
35942.199
36505.215
36317.734
36139.684
35743.332
35457.285
35473.934
35417.75
35420.602
35561.551
35349.934
35740.352
35781.668
35566.418
35825.867
36280.484
35999.133
35697.352
35997.0
36162.082
35998.602
36149.215
36053.602
35593.75
35428.934
35386.016
35601.734
35440.215
34704.199
35121.285
34971.934
35248.418
35072.602
34922.883
35009.266
35133.883
35485.867
34999.816
35190.266
35492.082
34858.465
35170.684
35126.801
35059.016
34509.602
34633.75
34560.602
34641.684
34652.535
34562.285
34473.602
34474.215
33832.199
34217.352
33951.668
34290.082
33758.066
34128.75
34752.066
34334.148
34822.734
34772.551
34641.332
35095.352
34882.934
34910.016
34936.465
34843.949
35027.066
34838.352
34982.535
34754.016
34988.199
34729.617
35169.465
34536.551
34622.199
34357.551
34616.133
34798.082
34359.0
34157.551
34301.133
34307.949
34246.734
34305.148
34405.602
34533.082
34454.934
34376.484
34305.199
33939.285
33550.801
33409.016
33617.867
33114.082
32810.934
32979.285
33389.465
33333.617
32828.934
32916.551
33286.465
33054.949
32785.734
32504.949
32774.801
32555.75
32193.732
31678.617
32079.4
32155.283
32089.801
32428.15
32305.0
32357.15
31707.4
31916.283
31552.666
31420.283
30681.133
30517.551
30605.666
30132.949
30124.133
29463.35
29815.867
29483.283
28920.467
28191.883
28068.066
28125.283
27976.801
27365.217
27612.268
27569.482
27828.934
27900.084
28511.0
28904.816
29682.066
30487.283
30592.066
30758.551
30802.334
30998.75
30813.0
30473.35
30561.0
30294.084
30596.732
30291.416
30667.133
30744.018
31070.066
30979.217
31206.467
31122.75
31559.268
31386.617
31101.732
31406.816
31755.6
31509.75
31208.666
31033.949
31314.666
31219.551
30919.732
30945.15
31014.666
31046.949
31406.666
30632.949
31177.934
31181.816
31226.467
31046.15
31273.066
31023.551
30761.199
30676.416
30805.6
30978.018
30227.533
30163.283
30413.066
30118.816
30066.934
30256.283
30351.666
30096.416
29992.533
29734.217
29687.732
29676.816
29787.732
29765.283
29675.0
29591.217
29660.533
29612.416
29417.467
29453.283
29245.066
28685.084
29085.133
28626.617
28713.334
28752.084
28854.934
28594.551
28734.4
28690.883
28754.533
29105.15
28886.268
29209.75
29048.334
29253.018
29033.934
28521.75
28656.732
28494.217
28280.467
28565.816
28391.268
28386.617
28369.666
28353.617
28700.467
29191.416
28763.6
29299.617
29441.934
29176.084
29377.199
29053.018
29242.334
29377.949
29557.334
29737.15
29802.934
30229.482
30047.268
30482.949
30802.4
31130.816
30570.4
30471.217
30768.467
31305.551
31109.533
31609.883
31769.199
32149.684
31933.934
32090.084
31969.0
31728.217
30966.867
29947.35
29371.4
29056.949
28759.4
28482.75
28194.801
28228.949
28144.666
28014.551
28255.199
28147.551
28172.066
28096.416
28490.666
28251.35
28061.268
27759.283
27737.0
27933.949
27501.801
27839.018
27675.066
27973.018
27907.4
28013.15
28084.467
28328.283
27973.0
28110.75
28440.801
28198.416
27644.133
27998.15
28401.268
28170.75
27805.133
28045.15
28325.133
27765.816
28124.666
27456.684
27822.066
27439.482
27253.334
27382.75
27258.0
27353.283
27091.934
26618.883
27246.732
27368.35
26976.199
27017.283
27149.533
26988.35
27309.801
26752.482
26986.801
27021.551
27170.133
27165.949
27303.268
27043.15
27124.666
27297.883
27542.4
27121.416
26662.4
26705.217
26966.334
27089.949
26837.199
26970.084
26847.467
27013.551
26778.934
26789.217
26810.4
26748.949
26341.133
26079.949
26715.867
26525.949
26053.6
25933.35
26367.268
26002.084
25967.066
26095.35
26374.0
26063.816
25077.732
25790.15
26289.199
25829.217
25791.133
25428.35
25678.0
25785.816
26024.533
25971.949
25850.268
25583.883
25627.4
25634.084
25038.066
24859.416
24307.867
24613.684
24144.6
24529.684
24125.867
24214.482
25568.467
25333.551
25272.334
25889.482
25758.133
25768.949
25318.0
25087.217
24910.199
24918.617
24666.666
24720.018
24833.732
24874.551
24475.467
24731.018
25387.867
24889.416
24413.6
24714.482
24976.334
25037.816
24723.666
24860.883
24999.467
24643.482
24308.467
23963.684
24378.467
23915.551
23826.4
23406.883
23412.334
23462.084
22807.4
22335.75
22247.4
20842.283
20027.533
19256.084
19348.801
19369.217
19482.268
19679.482
20530.533
21396.217
21898.0
21976.949
22171.732
22809.018
23281.268
23186.15
22872.0
23352.684
23236.0
23312.15
23345.066
22958.416
22620.133
22495.551
22966.934
22830.217
22427.934
23117.551
22966.467
23179.283
23270.934
23159.35
23257.732
23218.217
22983.334
23103.35
23209.934
23387.617
22982.867
22952.883
23360.066
23452.883
23327.801
23413.482
23544.0
23509.482
23380.934
22881.684
23331.867
23283.482
22969.066
22751.883
23022.801
23145.416
22954.867
22541.684
22755.199
23135.551
22493.732
23118.551
23293.066
23216.416
23654.0
23331.084
23484.133
23440.551
23208.801
23390.416
23295.4
23220.75
22859.334
22954.883
22985.199
23039.883
22912.066
23015.684
23231.467
23262.416
22967.732
22696.416
22992.467
22904.283
23110.066
22670.684
23159.4
22949.283
23167.666
23166.084
23261.133
23204.283
22718.4
22466.482
23014.801
22873.482
23030.6
22644.816
22562.467
22624.217
22537.268
22902.883
22642.467
22620.217
22056.268
22101.482
22191.268
22487.283
21592.133
21871.883
22082.867
22088.35
21838.934
21712.018
22155.934
22088.217
21850.133
21980.084
22031.467
22264.75
21560.6
21736.617
22199.268
22294.15
21911.533
21772.482
21877.934
22120.949
21718.666
21692.949
21861.6
21779.018
21197.4
21497.551
21500.732
21344.15
21279.533
21412.482
21111.6
21858.684
21257.268
21139.883
21213.334
21296.416
21171.867
20609.084
21088.467
21137.617
20833.6
20560.283
21039.199
20904.217
20800.268
20291.283
20845.334
20792.416
20789.867
20759.35
20443.4
20693.018
20542.066
20104.816
20383.666
20220.084
20220.133
19718.15
20138.066
20096.15
19450.801
19100.482
19873.4
19680.816
19465.467
19340.883
19642.268
19519.883
19108.199
19022.883
19719.6
19413.75
19263.867
19089.816
19552.732
19137.617
18972.0
18864.551
19463.934
19218.482
19001.4
18954.816
19156.133
18810.217
18419.801
18145.283
18617.334
18698.816
18609.133
18920.217
19018.732
18890.551
18280.4
18945.084
18729.533
18640.883
18615.666
18547.084
18445.533
18597.35
18086.6
18061.816
17383.0
16623.35
15904.0
15163.816
14711.866
14533.684
14508.066
14474.017
15408.134
15934.95
16154.733
16622.684
16933.732
16978.551
17063.334
17003.949
17123.801
16587.018
16576.732
15862.949
16894.533
16862.217
16639.467
16561.084
16976.0
17196.949
17353.334
17063.283
17470.0
17684.75
17309.533
17420.684
17783.6
17776.75
17796.934
17900.551
18029.801
18000.883
17757.867
17440.416
18291.666
18069.551
17985.732
17580.35
18258.666
18400.084
18135.801
18331.084
18389.867
17890.617
18044.133
17742.283
18286.066
18170.283
18063.4
17973.75
18010.467
18252.482
17826.801
18382.816
18366.467
18421.283
18389.268
17966.883
18666.867
18638.816
18208.801
18397.35
19095.801
18831.684
18603.199
19081.35
19329.467
18975.283
18708.934
18818.018
18469.199
18646.816
18146.934
18311.816
18620.801
18498.416
18474.732
18980.482
18569.0
18714.416
18068.199
17947.283
18861.867
18653.217
18516.334
18667.416
18479.467
18535.35
18638.533
18318.15
18392.268
18352.617
18306.867
18264.949
18455.066
18104.283
18217.199
18073.816
18438.133
18187.482
18309.666
18256.617
18636.533
18275.482
18327.199
18207.15
18470.666
18727.684
18766.0
18649.883
18521.934
18425.684
18301.666
18546.75
18680.801
18805.883
18795.533
18414.75
19094.133
18909.217
18856.533
18335.416
18918.934
18810.75
18572.533
18487.816
18586.4
18699.018
18801.934
18724.75
18815.268
18537.482
18637.732
18840.617
18504.199
18655.949
18528.801
18413.084
18489.199
18645.283
18362.0
18321.35
18476.6
18679.35
17764.0
18488.35
18508.934
18454.949
17767.0
18114.084
18452.867
18551.75
18406.666
18482.617
18383.066
18563.217
18260.334
18108.283
18538.934
18251.15
18311.666
17991.684
18242.334
18305.018
17965.801
17875.75
18205.066
17779.75
17819.0
17617.217
17986.533
17862.283
17499.4
17807.883
17764.867
17532.416
17713.867
17803.883
17606.4
17611.283
17392.732
17398.617
17710.467
17362.35
17511.867
17174.75
17229.934
17298.617
17164.0
17237.617
17048.801
17015.084
16973.867
16890.617
17113.6
17074.35
17056.334
16126.684
16379.267
16259.684
16072.267
15443.55
15395.267
15417.884
15064.733
14434.684
14938.0
14807.083
13969.6
14359.483
14278.333
13922.15
14029.667
13508.684
13673.8
13521.684
13196.0
13319.684
13544.533
13461.483
13620.333
12380.417
13123.467
13230.35
12779.733
13091.017
13348.667
13394.283
13145.6
13588.55
13836.6
13887.217
14114.267
14478.684
14478.4
14332.55
14413.4
14177.616
14188.533
14344.75
14343.467
13828.017
14212.134
14064.083
13721.934
13098.55
13447.333
13226.816
12934.6
12848.017
12670.866
12752.616
12577.866
12474.283
12860.8
12856.15
12711.066
12712.417
12828.267
12636.816
12551.8
12466.684
12912.134
12727.017
12375.066
12833.15
13199.866
13015.217
12722.8
12843.616
12836.8
12894.15
12810.8
12699.35
12771.2
12501.483
11944.267
12485.35
12351.533
12520.417
12645.0
12179.083
12696.934
12572.483
11828.533
12147.35
12316.6
12191.417
12222.6
12472.283
12611.934
12602.816
12773.533
12689.816
12800.467
12659.816
12613.866
12296.083
12529.066
12652.55
12356.934
12421.884
12610.066
12609.55
12329.866
12806.483
12867.0
12986.35
12554.467
12799.75
12953.0
12918.75
13107.134
12451.75
12922.667
12795.283
12999.333
12605.684
13282.467
13013.483
13177.533
12779.55
13312.066
13266.017
12930.533
12722.816
12970.4
12726.083
12648.4
12892.017
12786.066
12658.95
12326.733
12298.15
12516.066
12708.217
12544.533
12689.95
12702.533
12512.15
12308.533
12543.616
12623.2
12485.15
12776.4
12166.616
12505.333
12753.15
12718.2
12418.15
12452.2
12037.417
11767.6
12167.684
12088.4
12167.15
11341.8
11890.95
12183.733
12049.483
11783.4
12109.95
12343.733
11933.083
12085.0
11931.616
12168.333
11818.816
11527.866
11544.55
11874.6
11816.816
11380.333
11676.55
11626.267
11797.017
11613.733
11687.283
11777.6
11609.55
11406.934
11657.217
11777.0
11681.483
11574.134
11909.283
11609.667
11737.483
11615.8
11451.55
11640.066
11608.217
11409.866
11309.75
11351.934
11438.684
11140.0
11045.35
11532.134
11514.95
11200.733
11265.816
11488.8
11505.55
11081.066
11141.816
11357.066
11161.95
10936.533
11336.483
11298.8
11075.483
11316.267
11089.55
11155.267
11070.616
10817.6
10440.55
11156.0
10820.75
11047.533
10855.55
10930.0
10730.417
10707.467
10545.35
10869.533
10755.217
10644.267
10400.55
10653.2
10699.217
10503.533
10499.217
10748.733
10747.083
10215.667
10368.616
10655.2
10642.417
9943.866
10127.15
10544.667
10485.083
10381.733
10042.816
10595.267
10488.816
10420.934
10158.35
10315.8
10143.017
10027.533
10166.95
10351.533
10146.95
9961.333
10024.417
10455.533
10440.017
10245.8
9941.417
10036.066
10180.684
10026.6
9836.684
10158.866
10073.75
10046.467
9741.217
9910.6
10013.283
9974.8
9816.35
9996.733
9781.816
10205.066
9515.95
9962.066
9860.417
9668.467
9249.017
9958.467
9901.217
9908.6
9611.35
9703.066
9541.283
9633.8
9794.616
10072.134
9263.684
9550.6
9349.55
9583.533
9013.75
8570.866
7908.683
7663.933
6816.283
5965.333
5374.017
4721.533
3940.817
3551.6
2869.083
3177.667
3079.817
2793.2
2998.283
3892.733
4109.217000000001
4109.667
5119.683
5690.067
5984.817
6297.8
5663.35
6416.8
6009.617
5847.867
5487.483
5289.467
5330.217
5052.0
4801.55
5192.6
5270.683
5244.867
5045.95
5773.467
5566.883
5587.067
6234.35
6288.867
6510.35
6216.733
6721.083
6903.267
6864.55
6880.733
7151.217
7437.6
7467.417
6992.933
7279.417
7809.667
7830.817
7398.8
7920.083
8188.667
8328.95
8224.533
8247.55
8715.533
8696.15
8100.532999999999
8230.15
8937.0
9017.417
8817.8
8569.417
9077.066
8898.15
8695.6
8686.417
9179.533
8978.417
8131.4
8994.483
9122.467
9206.75
8895.533
8668.75
9167.866
9093.483
8920.934
8838.35
8983.134
9083.816
8663.667
8504.217
9413.2
9024.55
8799.6
8820.884
9147.6
9050.35
8920.8
8883.283
9101.267
9049.75
8869.333
8845.95
9143.533
9111.884
8979.667
8868.816
9195.467
9115.75
8576.4
8791.75
9118.533
9013.017
8646.333
8573.283
8960.134
8825.75
8895.0
8658.283
8923.6
9026.417
8739.267
8271.616
9075.0
8924.083
8935.267
8759.816
9243.267
8960.15
8816.533
8579.217
9039.267
8855.684
8410.6
8290.684
8885.8
8849.417
8841.934
8256.616
8942.934
8799.95
8671.533
8745.816
8923.4
8907.616
8699.934
8642.75
9164.066
8943.616
8099.799999999999
8441.35
9054.134
8807.95
8824.267
8609.483
9034.533
8938.35
8459.134
8287.083
8834.467
8700.35
8673.333
8559.684
8848.4
8845.684
8698.467
8209.417
8907.667
8822.75
8502.934
8158.282999999999
8771.4
8919.217
8582.934
8503.017
8830.733
8476.616
8424.866
8573.15
8578.2
8487.417
8347.134
8174.4169999999995
8728.8
8582.55
8214.134
8116.75
8590.333
8739.55
8049.532999999999
8123.75
8580.133
8519.217
8561.667000000001
8327.95
8503.733
8430.283
8345.4
8052.683
8681.332999999999
8459.817
8165.8
8159.283
8516.667000000001
8437.15
8242.533
7774.017
8394.933
8319.483
8231.6
7696.417
8469.2
8275.817
7785.933
8224.017
8276.4
8184.083
7762.733
7881.283
8036.733
8143.417
7900.333
7866.017
8157.667
7929.083
7915.867
7708.75
8019.133
8049.617
7572.2
7512.817
7999.867
7973.217
7674.933
7615.417
7680.067
7879.95
7404.2
7569.283
7646.067
7688.083
7486.467
7301.55
7852.133
7714.483
7309.533
7010.217
7544.2
7749.217
7530.533
7241.283
7593.867
7546.95
6871.933
7280.15
7692.933
7318.217
7157.0
7225.55
7449.733
7515.817
7122.133
6978.55
7384.133
7520.683
7301.733
7213.817
7528.2
7303.95
7023.333
6765.083
7389.133
7215.883
7429.4
6927.617
7410.867
7384.017
6881.0
6928.55
7414.667
7201.617
7029.733
7108.95
7380.733
7294.75
6900.533
6833.283
7450.067
7181.95
7037.533
7077.95
7311.6
7182.083
6723.2
6619.617
6979.0
6955.35
6437.267
6558.15
7041.333
6870.15
7056.467
6695.017
7045.133
6915.35
7144.733
6750.35
6958.6
6867.617
6534.867
6515.617
6951.467
6851.617
6380.4
5836.017
6811.2
6847.417
6390.333
6582.75
6820.2
6604.15
6457.667
6433.083
6793.733
6584.683
6414.467
6067.083
6617.4
6696.083
5964.867
6113.75
6690.133
6462.283
6215.933
6020.883
6600.8
6580.817
6490.933
6072.283
6659.267
6597.35
6531.0
6387.283
6604.467
6460.017
5211.0
5733.95
6487.4
6572.217
6177.067
5921.283
6451.533
6558.75
5920.867
5917.283
6329.333
6301.483
5823.0
5850.617
6362.867
6306.417
5658.867
5687.15
6193.6
6167.15
5893.133
5900.083
6141.2
6043.15
5650.133
6019.95
6149.733
6150.283
5607.467
5855.283
6216.933
5994.35
5562.2
5445.35
6048.333
6052.283
5876.2
5324.883
6106.2
5981.283
5298.067
5429.35
