267.233
68.817
-136.1
149.15
449.967
133.21699999999998
211.7
230.683
239.36700000000002
257.817
113.767
-168.917
205.36700000000002
217.817
24.566999999999993
-39.717
352.367
-10.783000000000001
57.233
368.817
418.3
186.15
470.3
150.55
284.233
201.417
220.633
-132.183
194.233
198.083
327.7
17.75
279.767
190.817
243.03300000000002
23.75
556.567
469.283
95.233
-59.717
249.03300000000002
129.75
-9.233000000000004
175.017
206.96699999999998
229.88299999999998
147.167
230.21699999999998
210.567
239.483
-32.766999999999996
38.283
616.7
269.683
-13.632999999999996
-262.517
438.033
435.483
28.566999999999993
30.217
381.767
430.35
392.233
234.417
411.7
363.017
158.3
317.683
395.7
389.483
331.967
-145.983
442.9
281.883
37.967
71.217
378.83299999999997
183.483
147.36700000000002
74.417
299.1
490.15
205.833
58.68300000000001
236.7
343.683
30.700000000000003
5.082999999999998
251.567
199.083
501.9
4.617000000000004
188.7
217.483
335.633
-67.183
202.03300000000002
257.017
192.1
86.217
403.5
354.017
-231.03300000000002
33.55
405.5
310.883
224.7
200.083
460.567
290.217
-5.966999999999999
269.75
95.5
316.41700000000003
253.36700000000002
274.08299999999997
408.633
281.41700000000003
543.7
-233.65
330.033
367.883
106.233
364.617
383.7
451.41700000000003
258.633
97.617
348.433
246.483
-60.967
106.883
334.3
304.75
133.7
-4.716999999999999
417.433
432.817
57.5
-244.05
355.83299999999997
323.817
83.1
138.55
275.16700000000003
414.817
329.1
50.349999999999994
294.5
325.41700000000003
-280.83299999999997
-146.65
309.567
199.28300000000002
160.233
-15.049999999999997
335.5
258.283
56.766999999999996
213.28300000000002
403.967
288.95
254.167
-118.183
456.567
407.55
432.9
157.017
491.9
274.883
158.36700000000002
335.08299999999997
408.233
75.283
372.767
-167.11700000000002
128.433
227.55
7.167000000000002
357.95
599.9
419.817
161.567
-89.717
509.367
151.817
455.7
20.083
388.233
358.883
315.967
380.217
525.967
339.617
436.5
297.55
332.5
230.35
383.16700000000003
-358.91700000000003
392.033
341.683
170.7
137.95
147.36700000000002
316.617
474.3
181.817
245.233
298.683
124.767
-196.11700000000002
260.767
385.35
467.433
187.817
396.633
301.35
43.56699999999999
-320.517
442.233
231.95
-63.967
18.75
267.367
188.017
-1011.9
-97.117
128.567
270.75
248.3
-70.85
566.5
400.217
257.967
56.283
257.1
226.55
-108.833
425.217
526.833
272.15
-189.833
37.95
304.3
312.41700000000003
-115.367
347.55
371.7
246.55
391.83299999999997
338.683
328.233
404.017
242.03300000000002
185.28300000000002
368.633
251.417
416.567
24.016999999999996
403.967
429.683
336.83299999999997
-77.983
224.9
313.08299999999997
77.567
-280.58299999999997
371.567
342.15
255.567
-128.917
354.16700000000003
319.08299999999997
206.3
76.483
375.433
346.95
-154.1
199.75
324.033
67.35
-146.7
153.483
259.433
214.55
314.967
159.55
266.767
517.483
96.7
158.883
374.83299999999997
529.75
382.767
159.817
225.433
272.483
99.367
495.883
359.567
202.61700000000002
-152.03300000000002
111.417
212.5
288.683
272.9
-15.849999999999994
540.167
555.75
39.43300000000001
288.41700000000003
375.367
345.217
241.833
97.35
347.1
390.283
86.833
134.95
299.9
335.35
183.36700000000002
309.41700000000003
485.83299999999997
437.35
410.567
119.217
574.033
183.75
405.033
-126.71700000000001
388.83299999999997
187.483
-70.69999999999999
299.15
355.3
223.083
556.633
409.08299999999997
405.7
281.817
656.833
105.68299999999999
397.16700000000003
314.483
-15.36699999999999
296.15
646.633
434.08299999999997
570.3
-22.849999999999994
475.233
393.95
410.9
224.75
373.233
550.417
-10.567000000000007
261.15
635.3
353.08299999999997
173.767
198.283
377.433
391.41700000000003
547.5
205.35
678.3
570.417
715.9
466.88300000000004
731.033
540.55
271.9
371.883
428.767
640.15
815.967
244.683
752.433
620.483
571.9
714.283
645.567
537.617
392.033
679.15
523.633
798.483
158.10000000000002
315.95
616.633
590.617
605.1
441.95
932.967
600.883
756.1
586.683
725.7
691.15
732.767
360.883
1044.967
504.683
618.1
531.283
895.5
571.35
745.433
640.217
662.567
918.35
834.233
714.283
672.033
917.883
689.633
498.217
999.033
789.817
675.567
614.0830000000001
614.167
712.283
837.233
700.217
940.167
834.617
619.9
562.15
728.7
841.15
739.767
615.35
971.033
541.35
799.1
522.217
736.833
623.883
814.367
901.75
780.9
526.617
838.367
1021.817
500.36699999999996
923.15
782.367
807.017
846.633
816.95
674.7
1036.95
1210.567
730.083
756.033
1341.617
982.767
1185.683
558.9
753.417
1244.567
1066.417
1218.3
1297.017
827.433
799.2170000000001
923.8330000000001
885.817
1431.9
1259.883
724.9000000000001
1200.55
1097.767
1317.017
1342.767
1162.55
1086.367
1416.55
697.5
981.017
1096.367
1264.55
1610.033
1547.017
1497.433
1448.15
1244.033
1356.617
1380.433
1270.55
904.8330000000001
1122.883
1458.3
1272.55
1533.5
1094.55
1604.433
1495.817
1611.9
1421.683
1566.567
1493.017
1091.433
1550.483
1412.633
1316.683
1261.967
1393.55
1374.033
1497.75
1392.1
1168.35
1498.1
1264.55
1266.967
1152.55
1603.1
1509.283
1442.433
1520.35
1627.433
1379.95
1348.1
1247.017
1504.567
1534.217
1423.433
1155.683
1648.567
1382.95
1444.633
1429.55
1584.1
1470.883
960.3
1403.883
1483.7
1569.15
1585.567
1764.683
1896.9
1699.35
1720.833
1692.683
1842.167
1908.417
1750.633
1839.617
1837.033
1847.617
2017.7
1858.017
2235.233
1720.617
1300.3
1538.35
1740.3
2035.35
1757.367
1856.15
2218.233
2015.483
1951.1
1881.35
2114.367
2164.15
2191.433
1927.483
2287.567
1958.55
1842.9
1732.017
1773.567
1691.883
2000.567
1348.883
1757.567
1885.817
2105.033
1784.617
2106.567
1990.217
2195.233
1988.483
2073.233
2141.35
2133.767
2034.35
2342.7
1910.617
2466.567
2214.417
2224.9
2142.417
2053.767
2254.95
2487.967
1840.283
1964.633
2280.417
2526.633
2243.483
2308.1
2079.083
2145.9
2021.683
2117.167
2233.95
2230.9
2534.15
2807.833
2110.483
2678.367
2678.75
2545.367
2446.15
2489.3
2357.683
2328.7
2610.017
2554.033
2356.217
2130.633
2270.55
2194.233
2170.55
2490.033
2371.283
2555.7
2760.15
2595.233
2734.883
2967.5
2693.883
3004.833
2864.417
3186.1
2952.283
2813.833
3021.883
3027.033
2924.35
2738.5
2879.617
2699.7
2787.617
2657.033
2813.283
2788.567
2563.617
2241.367
2497.817
2444.433
2462.55
2277.9
2221.483
2481.767
2231.75
2160.967
1856.083
2463.833
2026.75
2384.033
2396.55
2609.1
3098.883
2901.5
3198.15
3067.7
3252.083
3388.967
2987.15
3159.767
3098.483
2817.433
2726.35
3013.567
2866.683
3123.633
2674.417
2930.5
3024.883
2988.5
3147.883
3136.633
3191.75
3368.567
3305.95
3351.5
3347.217
3250.233
2964.017
3284.7
3344.95
3205.567
3455.817
3549.367
3399.483
3291.633
2990.883
3517.433
3407.017
3714.9
4007.35
4109.633
4495.683
4468.567
4308.55
4271.1
4180.483
4300.367
3885.483
4448.633
4126.75
4292.032999999999
4218.883
4445.3
3924.017
4084.567
4219.883
4072.233
4107.017
3890.767
3623.95
4229.032999999999
4328.75
4207.1669999999995
4405.283
4575.5
4562.817
4462.633
4198.95
4541.767
4464.15
3921.767
4153.35
4103.1
4341.55
4225.3
4471.417
4672.233
4392.15
4278.167
3719.35
4002.033
4097.217000000001
4135.1
3867.75
4291.1669999999995
3945.017
3976.833
3739.95
3669.167
3613.15
3539.567
3607.883
3626.033
3747.95
3537.233
3673.617
3409.1
3600.55
3752.633
3863.35
4163.7
4331.4169999999995
4454.9
4632.283
4411.5
4496.617
4040.433
4578.617
4376.967
4391.35
4926.1
4627.55
5325.433
5346.75
5301.1
5515.883
6114.3
5602.15
5741.7
5183.283
5342.9
5237.617
4815.967
4543.817
4633.9
4456.817
4240.633
4368.417
4875.433
4490.35
4798.633
4862.483
5366.7
5352.617
5470.1
5194.95
5030.3
4876.883
4506.967
4335.217
4398.433
3987.617
3842.9
3682.35
3745.7
3662.483
3085.233
3426.883
3421.567
3068.55
2761.967
3519.417
3598.367
3735.083
4060.967
3790.483
4647.233
4893.95
4977.5
4821.55
4912.433
4653.683
4283.833
4441.283
4342.433
4551.15
4508.3
4346.95
4913.033
4591.283
4773.233
4657.083
4825.1
4754.217
4684.9
4147.217
4744.433
4600.683
4748.233
4690.95
4589.033
4596.55
4673.833
4659.283
5364.967
5416.55
5438.833
5701.75
5864.233
5956.75
5914.433
5743.35
6074.1
5847.95
6280.967
5888.217
6330.9
6753.95
6076.7
6303.083
6384.9
6149.483
6113.9
5366.283
5241.167
4672.55
4395.3
3450.55
3277.367
2729.283
2552.1
2549.017
3101.433
3394.883
3752.767
4306.75
4668.833
4917.55
5238.033
5675.95
5990.9
6419.683
6293.1
6279.217
6422.833
5836.417
5727.9
5396.417
4994.433
4214.283
3871.967
3556.55
3523.1
3877.75
4081.167
4641.617
5568.567
5877.683
6109.567
7018.683
7282.233
7390.883
7817.3
7537.35
8255.832999999999
8304.75
8683.567
8411.283
8378.634
8798.483
8565.9
8602.217
8769.366
8607.55
8861.434
8657.15
9310.767
9143.75
9243.167
9026.884
9537.767
9385.283
9203.233
9293.684
9822.1
9615.417
9538.233
9324.083
9478.3
9010.483
9059.434
9247.35
9341.7
9771.684
9536.3
9635.35
9686.033
9338.35
9073.767
8853.95
9040.967
9349.017
9503.3
9413.616
9425.1
9414.95
9339.5
9221.816
9112.434
9094.816
8915.366
9014.017
9467.7
9221.75
9425.9
9101.816
9250.767
9460.083
9233.833
9644.55
9835.767
9819.017
9945.233
10029.017
10133.233
10473.217
10715.366
10526.95
10460.634
10393.816
9695.3
9128.15
9282.1
9198.283
9146.167
9035.083
9365.9
9617.684
9781.167
10444.95
10370.967
10977.55
10921.566
10972.217
10943.1
11383.95
10715.167
10868.15
11287.033
10825.884
10856.3
11106.55
11005.9
10814.483
11435.1
10923.15
11246.967
11209.816
11107.9
10837.217
11104.366
10945.816
10973.1
10354.283
11044.967
10845.35
10871.233
10444.35
10817.233
11218.083
11407.9
11025.816
11326.967
11400.75
11160.5
11199.417
11120.566
10063.283
10538.634
10560.017
10649.7
10164.417
10814.767
10604.55
10681.167
10376.616
10351.3
10728.283
10867.434
10794.95
10883.566
10612.15
10361.7
10351.95
9740.033
10005.017
10746.833
10499.75
10651.566
11037.884
11364.634
11434.95
11621.5
11276.283
11394.366
11536.95
11464.167
10969.616
10798.967
10259.616
10469.7
9694.15
10386.3
10590.483
10253.967
10265.083
11093.566
11042.283
10526.634
10580.483
11392.233
11598.417
11258.167
11091.283
11164.5
11278.483
10994.3
10890.217
11176.5
10943.283
11244.566
11521.217
11232.967
11462.417
11765.833
10860.417
11136.967
10974.55
10580.967
10834.217
10132.634
10428.35
10474.967
11447.816
11337.167
11143.616
11138.967
10668.616
10969.7
10923.816
11234.634
10900.55
10666.033
10143.083
9961.5
9615.55
9233.967
9156.684
8512.1
8379.15
8401.832999999999
8351.017
8899.767
9312.55
10255.3
10896.417
12057.033
12194.483
13225.566
12401.95
11854.1
12328.483
12177.167
11968.283
12765.167
12858.616
13098.033
12896.75
12829.1
12167.083
11712.366
11342.15
11566.767
11512.017
12778.167
12248.017
12879.7
12944.217
13269.233
13312.483
12939.3
13692.217
13864.833
14511.083
14356.634
14495.55
14800.7
15138.816
14070.233
14270.684
13640.3
13990.816
13957.233
14386.017
13798.366
13557.55
13125.967
12938.15
13179.767
12872.35
11952.9
12840.217
12729.566
13567.684
13700.3
13756.75
14701.566
14255.75
13915.1
14209.017
14256.5
14006.217
14005.634
14208.684
14677.967
15074.684
15128.833
14777.684
14938.1
16586.55
15271.1
15354.616
15597.833
15002.816
15597.566
15571.95
16169.566
15583.95
15032.5
15355.55
15596.033
15446.417
14981.7
14860.283
16004.566
16436.417
16109.167
15400.483
15774.767
15564.417
15419.9
14557.35
15482.634
15307.684
14915.366
14263.017
14886.233
15160.616
15138.167
14696.083
15778.1
15786.283
15564.767
15942.684
16139.9
16899.416
16144.634
15933.217
16526.434
16075.15
16431.5
15503.017
15835.233
16593.483
16178.967
16303.684
16299.3
15889.884
16086.9
16529.483
17227.367
16922.084
16872.699
17072.217
16888.033
17339.217
17802.5
17363.883
17283.699
16860.551
16875.301
16351.417
16844.367
16421.55
16783.1
16111.95
15648.5
15891.75
15779.7
15506.884
16101.566
15647.15
15760.9
15895.55
15815.7
15916.083
15770.3
16322.15
16806.7
17217.35
16324.9
16410.283
16482.634
15876.616
16767.633
16370.083999999999
16919.434
16895.949
17287.566
17284.816
17453.232
17682.482
17151.768
16636.416
18374.834
17736.551
17652.5
17888.283
18146.9
16897.883
17662.834
16863.617
17909.834
17580.35
16854.232
17442.551
17922.367
17660.75
17741.834
18777.217
18121.633
17490.684
17332.1
17079.416
16975.9
17553.551
18238.033
18109.883
18809.967
18954.15
19331.633
18835.35
18913.566
19278.217
19035.5
19032.217
19021.9
19122.617
19559.633
19219.883
19908.699
19675.684
19799.699
20281.816
20096.566
20052.283
19552.834
19734.084
19997.834
19557.617
19446.1
19249.816
19945.301
19622.35
20666.166
19879.949
19480.033
19964.15
20138.834
20858.283
20970.768
21067.482
20478.566
20714.617
20204.033
20342.018
20082.967
20519.416
20751.1
22589.617
20813.1
21735.482
22121.166
22282.416
21750.768
23090.283
22514.1
22852.416
23622.1
24303.551
23076.834
23644.084
23090.5
23375.15
25064.434
23504.684
23659.566
22759.283
22747.834
22913.684
23566.633
23453.617
23946.768
24706.018
24143.834
24919.084
25614.434
26275.816
26299.1
26484.551
27298.1
28006.883
27335.301
25970.883
26833.699
27011.949
26182.367
26809.883
27455.566
27485.617
27251.033
27782.35
28426.699
27661.551
29203.5
29854.217
29446.301
28877.883
30019.434
29842.217
29898.166
29602.949
29953.1
30118.75
29870.633
29922.416
29493.5
29822.75
30684.033
31484.283
31883.1
32231.217
33675.301
33918.75
33319.965
34001.684
34027.434
33744.215
33811.234
32817.75
33797.367
32972.75
32941.367
34588.75
35165.168
35484.617
35543.301
35752.75
36549.5
35620.816
35923.699
35329.215
35637.832
35918.75
35357.766
36034.684
36879.234
37232.016
37359.898
37525.352
37942.367
37876.617
37317.367
37649.949
37490.832
37548.285
36868.301
37474.551
37617.5
37798.418
38208.898
37755.285
37549.5
37729.617
37830.566
37895.418
38001.633
38329.285
38038.566
38199.352
38462.367
38135.285
37022.766
36454.418
34687.102
33290.484
32293.566
31961.15
31890.633
32357.617
32275.834
33735.484
35391.301
35947.082
36549.168
36732.352
37061.367
37939.215
39012.035
38640.215
39316.898
39352.617
38988.965
38160.617
37896.832
38162.082
38718.301
39041.551
39537.035
40186.75
41081.898
41655.285
41773.234
41849.883
41076.566
40894.082
40354.633
40663.816
40783.766
40794.684
40699.102
39983.352
39567.301
39312.285
38723.766
38800.551
39103.035
38909.148
40405.699
40636.617
41041.766
41654.148
41863.102
40971.684
41153.102
40788.082
40846.633
41167.285
41544.102
41950.016
43016.965
42949.016
43539.102
43001.617
42996.035
42562.551
41769.035
41939.016
41932.898
42058.148
41786.965
42137.484
42715.234
42974.816
42515.301
42594.484
43728.035
43110.816
43573.168
42773.617
43410.434
42828.484
41863.633
41285.082
40947.168
40899.684
41132.699
41425.551
41868.301
43064.883
42806.832
43676.215
43073.035
43107.617
42846.168
42401.75
42058.832
41609.949
40914.102
41097.816
41148.699
40787.016
41019.832
41029.484
40730.035
40848.082
40731.633
40847.551
41383.434
41816.285
41800.566
42305.949
43062.898
43301.684
43206.832
43578.617
43409.965
43258.949
42476.5
42031.148
41517.434
41824.352
42220.832
41952.949
42848.102
43145.75
43755.898
44018.883
44025.832
43916.016
44875.832
45134.883
45737.434
45812.352
45453.832
45245.617
44953.035
44943.016
44266.234
44024.418
44133.766
44193.215
43777.035
43682.418
42746.5
43337.148
42946.234
43384.75
43322.633
44220.883
44682.766
45317.082
45766.699
46071.082
45102.633
45177.352
44617.766
44618.883
45002.633
44663.949
44581.832
44207.684
44645.633
45006.949
44991.102
45218.148
45250.965
45791.816
46278.301
47125.352
46301.102
46105.148
45356.234
45400.816
44593.5
44582.352
44468.367
44190.016
44855.633
45015.816
43172.434
44311.148
44233.898
43864.949
44032.699
43811.816
43703.301
43935.352
44547.367
44874.816
44880.5
44804.352
44967.633
45734.215
45807.566
46070.082
45814.168
45223.148
43841.301
42193.484
41274.832
39764.148
37994.367
37505.082
38207.5
39248.484
41665.234
42382.082
41742.5
41810.949
42046.168
41450.148
41830.965
41299.617
40797.832
41681.816
43040.633
43971.883
43947.965
44382.148
44581.566
45044.082
45877.766
45377.883
45297.234
45304.949
44472.234
44978.148
45442.102
45509.285
45344.301
46138.352
46636.965
46638.551
46703.965
45931.551
45775.699
45418.617
45708.898
45385.016
44614.832
44392.148
43930.168
44933.883
45746.633
46507.816
46237.898
46937.016
47875.633
48212.285
47615.168
47180.617
47564.699
46921.75
46751.5
46093.684
46843.832
47400.352
46825.168
46527.285
46177.367
45035.949
44354.699
42666.484
41489.898
41088.148
41128.633
41572.551
42083.035
43390.418
43585.5
44964.484
45293.766
45321.082
46017.367
46218.684
46709.898
46890.684
47063.367
47533.352
48445.035
47735.816
47362.5
46493.883
46372.699
46165.75
46048.434
46079.816
46097.566
46799.484
47803.699
47909.418
47943.434
47912.883
47829.234
47545.949
47494.301
47482.016
46343.699
45757.883
45312.566
44633.215
43788.434
43237.684
43639.035
43930.352
44416.234
44882.215
45558.035
45673.082
45449.367
45273.617
45449.168
45084.082
44701.5
44857.617
45258.699
45825.016
45977.434
45996.418
46530.102
47078.148
47044.699
47152.484
46860.035
46714.551
46035.832
45198.883
44821.766
43911.617
42880.035
44189.684
44095.102
44411.082
44600.766
45309.352
45392.898
45787.617
45223.566
45311.285
45661.633
45167.551
45026.766
44829.285
44758.898
44416.883
43673.633
43190.484
43323.102
43380.418
42905.832
42272.816
42515.633
42351.617
42081.633
42094.816
42321.301
42641.082
42889.766
43403.617
43543.168
44036.418
43761.301
43592.148
44029.898
43936.016
42716.234
43493.684
43055.965
43074.016
43323.566
42646.617
42791.566
43689.949
43874.566
44243.352
44102.766
44267.484
44200.102
43888.617
44388.102
43851.816
43305.234
43195.551
43600.434
43988.016
44170.566
43370.285
43613.633
43438.949
43033.633
43349.352
43453.035
43333.148
43098.035
43273.016
42996.633
43200.418
42602.434
42328.215
42227.699
42106.949
42406.035
41951.148
42840.5
43066.75
43617.367
42931.75
43102.898
43120.285
43434.832
43281.082
43098.832
43174.816
43188.898
42919.883
42919.898
42989.617
42607.699
42169.75
42577.633
42668.816
42816.234
42729.016
42909.367
42928.148
42830.234
43270.684
43312.434
43518.285
42706.766
42193.551
42416.434
41915.883
41995.434
41735.148
42272.035
42829.016
42623.699
42484.352
42773.965
42709.148
43113.301
42915.215
42939.965
43294.816
43109.035
43084.949
43214.367
43295.215
43187.633
43021.617
42299.301
42534.148
41680.234
41936.148
42018.633
41896.418
41546.898
41676.418
41672.234
41537.082
41614.766
41957.484
41638.5
42187.551
42008.699
41927.215
41363.367
41002.418
40611.367
40738.418
40410.234
40369.949
40053.234
40653.352
40893.367
40910.215
40747.965
40354.816
41447.566
41649.75
41980.234
42049.949
42621.566
42772.352
42135.766
41889.75
41790.633
41687.148
40891.5
41020.75
41215.633
41265.883
41564.633
41505.352
41926.168
41851.285
42079.766
41818.418
42077.898
41729.215
41427.367
40875.215
41540.102
41576.148
40780.566
41669.215
41312.633
41669.148
41859.832
41312.082
41612.965
41144.617
40346.434
39923.75
40384.633
40115.551
39806.965
40262.816
40303.301
41332.883
41057.965
41711.75
41897.367
41635.949
41533.434
41928.617
42255.832
41723.816
41186.633
40961.551
40974.434
40416.949
40229.766
40174.285
40737.699
40807.617
40761.168
40743.684
41369.5
41379.617
40983.699
40710.418
40701.766
40285.418
39650.633
39167.285
39189.766
39186.082
38733.168
39121.816
39464.367
40006.75
40294.5
40407.617
40739.434
41001.285
41352.766
41267.75
41346.566
41181.75
41015.633
41523.418
40930.898
41421.484
41050.367
40584.949
41151.168
41054.016
41246.102
40889.418
40715.898
40607.148
40609.832
40075.082
40175.965
39904.016
39725.5
39988.082
39702.699
39475.285
39446.035
39290.082
40111.168
40432.75
39579.168
39664.684
40290.965
40203.484
40085.766
40547.816
40082.566
39746.285
39644.234
38873.551
39323.301
38520.016
38692.035
38568.148
38554.566
39089.551
38866.5
39162.551
39089.367
38996.215
39375.566
39330.816
39619.234
39521.684
39013.566
39120.016
39316.699
39453.883
38635.633
38927.484
39138.766
39120.684
38540.035
39012.617
39682.633
39256.551
38956.367
39834.215
39890.633
39782.551
39471.5
39003.484
39561.898
39109.016
39319.633
39259.215
38976.898
39146.285
39038.434
38816.75
39186.234
38915.352
38228.898
38423.484
38661.035
38464.484
37814.699
37878.617
37583.766
37423.684
37288.367
36807.75
37435.367
37409.75
37067.434
37977.285
37937.434
38169.816
38159.5
37798.082
38370.832
38147.418
37807.035
37299.418
37788.699
37985.551
37134.367
36363.016
35675.766
34934.484
34422.832
33732.148
33368.434
32771.282999999996
32298.367
33458.949
34021.5
34109.883
34652.832
35374.484
36546.699
36263.816
36690.766
36476.949
36454.168
36633.148
36177.832
36033.883
36233.965
36194.75
35761.102
35891.949
36030.832
36184.684
35985.301
35698.484
36114.102
35861.016
35853.434
35703.617
36078.367
36037.285
35687.234
36277.418
36088.633
35922.285
35502.699
35294.75
35337.566
35240.215
35168.035
35281.684
35096.832
35470.215
35516.566
35284.75
35546.301
36012.352
35687.168
35378.016
35713.168
35804.418
35705.434
35798.285
35735.566
35320.684
35120.633
35034.883
35261.301
35104.484
34373.367
34751.215
34650.699
34850.418
34726.5
34525.484
34651.367
34753.148
35054.168
34629.617
34807.301
35098.551
34497.367
34775.484
34738.832
34671.883
34130.965
34227.75
34143.766
34203.75
34250.234
34135.016
34072.965
34046.082
33399.965
33755.949
33599.234
33816.285
33405.234
33708.883
34225.5
33958.418
34381.367
34352.285
34218.832
34642.617
34374.301
34423.617
34463.566
34328.816
34573.102
34420.684
34563.434
34227.352
34536.102
34248.551
34679.168
34101.016
34193.234
33907.082
34146.434
34301.148
33829.566
33711.285
33801.965
33793.285
33781.102
33869.551
33945.035
34009.082
33958.434
33867.883
33830.832
33444.551
33043.898
32937.883
33106.768
32607.883
32321.967
32445.416
32886.9
32826.482
32359.232
32412.482
32745.232
32539.684
32245.834
31962.15
32275.9
32063.816
31696.633
31174.15
31582.9
31649.684
31589.699
31877.084
31776.232
31743.15
31254.166
31397.684
31025.1
30928.217
30219.967
30033.684
30126.301
29664.217
29617.166
28981.551
29350.166
29014.217
28399.768
27677.482
27517.699
27633.75
27468.699
26898.084
27163.768
27080.816
27358.232
27394.949
27996.434
28415.217
29235.967
29922.283
30090.166
30172.482
30269.367
30494.283
30279.367
29926.15
29997.967
29760.416
30033.9
29793.15
30131.768
30137.684
30473.699
30445.617
30687.301
30561.018
30945.834
30826.684
30519.232
30823.482
31175.5
30875.883
30625.566
30377.084
30732.434
30606.75
30424.033
30383.551
30461.232
30442.75
30813.1
30031.482
30591.633
30570.684
30627.033
30400.684
30642.633
30509.684
30139.9
30078.482
30207.9
30403.551
29680.033
29577.416
29813.301
29534.018
29430.768
29670.949
29735.232
29487.35
29353.1
29138.551
29091.232
29086.15
29163.301
29163.35
29132.033
29061.816
29076.367
28955.816
28854.5
28872.018
28645.9
28094.217
28496.232
28022.018
28158.166
28124.482
28283.633
28014.35
28176.232
28108.084
28152.434
28491.084
28292.967
28566.416
28441.232
28653.551
28430.232
27911.816
28109.768
27899.084
27735.699
28003.084
27864.301
27829.217
27820.166
27725.482
28181.1
28645.883
28177.232
28713.617
28862.633
28574.018
28714.434
28432.949
28617.566
28783.617
28931.232
29067.684
29165.434
29542.883
29415.633
29786.416
30114.033
30385.551
29902.166
29800.949
30108.1
30609.75
30443.166
30894.283
31079.633
31456.482
31257.1
31376.482
31250.166
30969.217
30255.566
29258.551
28713.1
28386.617
28085.301
27832.35
27565.166
27598.617
27436.367
27348.15
27610.633
27468.949
27478.232
27427.75
27838.232
27574.816
27459.633
27069.416
27103.5
27232.883
26836.633
27149.949
27028.166
27251.883
27227.566
27300.35
27394.834
27591.949
27226.166
27344.617
27737.768
27516.75
26953.033
27293.551
27637.699
27439.949
27076.5
27339.416
27625.1
27016.482
27453.1
26769.15
27131.566
26771.416
26576.967
26646.15
26574.9
26654.617
26372.434
25876.35
26578.768
26676.816
26334.301
26298.283
26440.301
26260.949
26618.434
26081.684
26212.967
26331.617
26457.166
26415.283
26577.434
26312.15
26441.367
26600.416
26792.5
26375.617
25963.566
25982.283
26262.834
26369.217
26088.1
26210.018
26125.699
26267.551
26035.834
26046.35
26077.434
26036.949
25627.633
25394.15
25993.1
25799.75
25327.699
25262.75
25702.633
25315.617
25312.166
25419.75
25685.301
25384.816
24358.033
25199.084
25601.1
25187.75
25129.967
24779.883
25073.834
25151.416
25328.301
25321.084
25260.1
24906.551
24954.566
24954.283
24381.232
24267.482
23688.367
23981.551
23542.232
23874.35
23403.367
23555.551
24809.434
24561.217
24548.434
25156.75
25015.967
25051.15
24630.5
24459.883
24286.033
24308.482
24025.301
24104.018
24155.1
24183.617
23800.367
24025.416
24653.9
24185.283
23649.633
24001.084
24283.566
24345.551
24010.033
24201.482
24249.9
23916.551
23624.033
23212.816
23713.566
23271.883
23174.566
22738.816
22743.301
22743.949
22155.834
21720.482
21542.768
20206.084
19443.301
18643.617
18789.566
18780.816
18901.033
19115.883
19896.166
20720.617
21242.768
21270.482
21492.033
22131.018
22608.434
22488.15
22167.633
22621.949
22552.967
22635.416
22638.033
22223.684
21929.834
21788.018
22261.033
22113.883
21684.1
22392.15
22243.232
22446.949
22553.967
22364.217
22526.768
22480.949
22236.633
22362.283
22435.9
22639.018
22191.967
22219.684
22594.9
22697.15
22584.834
22630.949
22783.699
22770.35
22622.232
22147.949
22537.301
22547.15
22187.301
21977.816
22265.5
22376.816
22199.301
21779.551
22011.633
22356.816
21714.9
22364.15
22502.301
22425.217
22841.699
22546.15
22641.967
22638.684
22429.566
22555.75
22491.5
22436.15
22095.566
22169.949
22216.367
22278.551
22134.033
22243.35
22427.834
22504.551
22143.166
21932.551
22217.367
22093.75
22310.033
21859.75
22374.5
22199.883
22402.232
22391.283
22473.566
22423.551
21968.434
21658.617
22221.301
22048.684
22246.566
21827.15
21770.633
21873.816
21735.633
22135.684
21857.232
21783.684
21256.9
21331.018
21429.434
21690.684
20838.1
21104.949
21312.768
21305.949
21096.232
20930.416
21337.9
21301.816
21065.232
21224.084
21279.166
21458.35
20730.834
20960.684
21428.1
21509.684
21118.166
20968.949
21132.033
21353.617
20903.301
20934.617
21075.5
20953.482
20440.967
20705.217
20754.768
20566.816
20504.301
20641.883
20354.834
21090.35
20438.1
20321.684
20471.834
20494.75
20363.033
19806.75
20340.166
20369.816
20053.834
19788.283
20290.967
20185.816
20052.166
19526.15
20073.367
20061.283
19952.699
20011.018
19660.768
19911.018
19812.1
19285.482
19629.699
19489.35
19485.367
18963.75
19416.367
19312.949
18707.967
18335.949
19108.967
18928.75
18705.566
18659.883
18878.566
18704.551
18395.1
18327.482
18974.301
18691.217
18502.768
18380.416
18831.834
18416.551
18201.967
18119.883
18745.5
18537.75
18270.9
18240.084
18426.768
18094.816
17725.834
17385.816
17897.5
17969.75
17868.699
18136.084
18299.699
18174.217
17585.1
18226.75
18024.367
17919.949
17867.967
17817.551
17707.768
17881.551
17421.967
17365.283
16763.9
16080.684
15374.833
14659.75
14280.9
14128.55
14112.634
14031.75
14955.9
15463.816
15604.9
16032.95
16342.634
16358.816
16480.9
16371.083
16528.1
15978.816
16021.033
15271.95
16354.167
16250.884
16037.634
15948.417
16382.566
16592.616
16722.166
16400.15
16833.434
17056.416
16691.232
16749.15
17131.434
17133.15
17128.434
17228.018
17335.566
17325.283
17112.633
16745.35
17650.367
17369.018
17346.633
16954.883
17636.633
17753.816
17522.232
17723.75
17765.434
17325.684
17485.566
17153.883
17724.566
17618.084
17473.033
17422.617
17440.834
17658.283
17223.967
17750.75
17747.967
17776.482
17727.434
17330.684
17995.166
17975.15
17599.232
17708.084
18412.699
18113.883
17881.033
18334.617
18588.699
18218.816
17983.033
18080.617
17764.9
17898.018
17424.1
17577.75
17898.566
17784.482
17806.1
18245.883
17893.166
18077.949
17452.232
17250.482
18168.434
17973.551
17819.367
17961.949
17815.434
17864.883
17976.166
17650.283
17739.699
17708.75
17648.033
17584.949
17773.967
17441.416
17534.9
17391.949
17779.301
17474.217
17649.5
17555.816
17990.633
17565.883
17631.967
17530.617
17787.633
18027.217
18053.834
17873.217
17810.166
17689.283
17585.699
17809.018
17946.166
18068.018
18037.9
17655.684
18297.367
18118.482
18104.434
17582.084
18154.166
18032.75
17866.367
17759.684
17843.232
17949.617
18081.033
17995.883
18078.367
17772.816
17917.033
18062.084
17798.033
17887.084
17781.633
17617.883
17755.5
17839.482
17623.301
17505.75
17658.566
17893.084
16989.1
17717.551
17731.367
17684.15
16951.967
17351.883
17662.1
17771.883
17633.033
17657.018
17597.033
17749.75
17441.232
17337.482
17729.633
17470.084
17567.033
17239.617
17480.1
17529.15
17196.232
17122.084
17442.633
17005.75
17025.232
16793.482
17194.434
17079.75
16752.9
17063.217
17029.434
16774.084
16911.967
17060.551
16904.5
16867.482
16625.633
16655.75
16948.633
16629.15
16771.232
16380.55
16482.634
16559.083
16448.3
16524.55
16350.366
16294.816
16241.434
16193.75
16449.566
16385.95
16333.7
15459.283
15735.5
15712.483
15531.167
14977.884
14909.366
15005.816
14639.5
14065.283
14603.434
14428.483
13632.634
13999.283
13937.167
13569.95
13761.767
13147.017
13337.967
13167.217
12918.7
13041.684
13285.767
13132.483
13300.967
12107.417
12877.366
12935.75
12480.434
12801.816
13019.967
13106.283
12816.833
13172.417
13400.3
13399.55
13565.033
13970.017
13917.9
13766.684
13856.5
13645.217
13591.9
13807.684
13783.5
13221.217
13688.167
13559.884
13244.233
12656.684
13068.1
12825.55
12538.767
12472.35
12327.233
12414.483
12242.167
12090.017
12484.3
12476.217
12346.167
12328.217
12476.566
12286.283
12207.9
12132.283
12538.7
12367.417
12003.833
12449.75
12829.434
12649.35
12308.033
12463.217
12404.366
12468.95
12421.5
12293.217
12387.366
12138.217
11595.167
12116.884
11978.9
12129.55
12244.233
11736.017
12270.634
12125.15
11416.434
11710.95
11955.5
11792.217
11836.833
12083.217
12191.7
12171.483
12337.033
12262.55
12397.434
12215.684
12184.566
11904.35
12142.434
12238.95
11931.033
11937.75
12198.833
12180.35
11883.7
12357.283
12367.833
12502.684
12116.033
12288.816
12423.566
12368.217
12559.033
11886.884
12399.1
12241.95
12438.233
12058.884
12691.833
12448.15
12572.967
12169.283
12711.767
12678.417
12328.5
12148.35
12384.7
12175.95
12037.634
12286.55
12226.833
12090.616
11762.167
11725.35
11972.167
12128.217
12004.634
12184.35
12131.033
11968.017
11767.233
11969.417
12083.967
11953.616
12221.7
11586.884
11949.767
12190.816
12134.233
11848.684
11898.566
11459.684
11180.967
11634.616
11527.7
11570.75
10781.566
11317.684
11641.7
11498.816
11220.7
11518.483
11786.566
11362.283
11497.167
11345.483
11596.566
11235.816
10987.767
10954.15
11289.833
11238.217
10828.3
11104.95
11083.1
11231.616
11056.3
11128.884
11182.7
11046.616
10841.366
11092.017
11230.634
11122.417
10966.634
11339.684
11050.7
11139.483
11062.1
10862.616
11036.366
11014.35
10852.1
10723.616
10782.3
10865.15
10576.1
10478.283
10958.5
10957.083
10662.434
10706.616
10945.566
10920.884
10512.167
10576.95
10790.033
10583.816
10360.634
10773.15
10734.833
10500.816
10742.9
10523.083
10594.5
10515.55
10253.366
9898.283
10581.366
10258.95
10503.366
10293.017
10399.566
10198.083
10162.3
10012.017
10343.3
10205.684
10111.233
9837.15
10146.767
10164.684
9977.833
9943.15
10216.033
10217.616
9660.3
9877.684
10151.833
10125.15
9444.434
9582.483
10010.634
9972.55
9891.634
9545.483
10060.634
9976.684
9894.967
9653.217
9820.767
9617.417
9492.167
9649.283
9806.9
9615.417
9456.033
9484.55
9929.967
9928.684
9710.033
9431.017
9535.233
9681.35
9493.5
9318.616
9643.434
9527.15
9542.566
9205.483
9396.366
9498.884
9435.634
9282.083
9483.1
9281.816
9714.9
8995.017
9452.233
9368.15
9166.566
8738.75
9436.033
9372.684
9434.233
9084.75
9204.233
9026.816
9155.3
9259.684
9554.1
8763.684
9088.7
8853.75
9141.1
8566.75
8124.5
7528.817
7326.833
6555.883
5772.033
5200.083
4623.167
3895.95
3512.5
2843.083
3164.233
3074.483
2795.1
2998.817
3881.967
4056.483
4029.433
4989.883
5486.633
5803.75
6100.833
5435.95
6198.7
5809.083
5667.833
5327.883
5124.5
5215.35
4905.567
4660.35
5076.767
5110.217
5100.1
4869.75
5613.767
5394.017
5431.3
6009.817
6067.767
6311.95
5986.1
6472.817
6633.1
6594.95
6613.033
6860.017
7132.367
7134.683
6697.967
6920.283
7459.233
7477.683
7030.967
7554.95
7792.833
7933.683
7835.633
7828.883
8314.3
8278.35
7704.3
7819.483
8495.832999999999
8548.417000000001
8372.233
8109.817
8630.967
8440.417000000001
8246.366
8237.35
8743.1
8532.616
7658.233
8517.217
8664.3
8745.616
8425.366
8221.684
8707.7
8608.483
8446.634
8347.15
8491.434
8603.95
8198.033
8036.75
8916.9
8522.083
8353.233
8364.75
8700.566
8573.884
8438.566
8401.15
8629.5
8587.95
8413.434
8386.083
8667.1
8637.75
8530.033
8407.684
8716.5
8640.083
8073.9
8311.95
8618.767
8505.884
8192.967
8113.4169999999995
8502.033
8372.017
8390.167000000001
8154.283
8438.1
8563.082999999999
8263.167
7813.884
8580.433
8468.017
8497.433
8274.083
8763.967
8509.083
8324.7
8095.816000000001
8589.9
8380.683
7947.433
7797.017
8445.1
8369.75
8372.5
7771.75
8477.967
8335.883
8242.1
8270.35
8465.7
8416.75
8243.3
8172.950000000001
8707.233
8484.283
7644.167
8002.017
8564.367
8319.35
8328.167000000001
8170.95
8548.967
8469.683
8019.633
7826.417
8383.7
8214.617
8202.1
8069.417
8390.832999999999
8354.483
8249.167000000001
7755.483
8445.832999999999
8366.35
8013.167
7704.817
8283.633
8432.683
8141.1
8044.283
8401.967
8027.683
7980.633
8085.217
8122.1
8030.817
7913.833
7698.483
8274.167000000001
8119.417
7767.233
7679.483
8156.367
8289.75
7597.7
7669.95
8139.167
8038.883
8084.9
7859.35
8067.233
7984.683
7921.5
7622.483
8236.832999999999
8012.617
7744.167
7707.817
8094.633
8003.15
7812.567
7333.283
7942.367
7900.617
7803.7
7277.817
8070.5
7835.883
7365.967
7784.683
7874.833
7793.417
7369.433
7469.417
7663.5
7749.283
7513.767
7471.817
7772.5
7533.35
7495.433
7278.15
7610.7
7630.017
7168.767
7095.617
7607.7
7552.483
7274.767
7226.35
7294.5
7471.017
7009.367
7191.217
7240.7
7286.417
7117.967
6887.483
7452.3
7303.75
6967.967
6601.75
7167.967
7342.95
7151.233
6859.55
7204.033
7158.617
6479.3
6878.883
7293.7
6926.817
6788.567
6848.75
7080.233
7121.483
6721.5
6601.083
7005.9
7109.283
6942.3
6839.55
7156.367
6939.017
6681.5
6393.417
7011.567
6835.15
7100.7
6568.75
7055.9
7000.75
6501.233
6556.683
7015.767
6841.883
6651.633
6720.817
7005.9
6946.017
6518.833
6467.283
7050.7
6794.75
6651.767
6690.217
6932.767
6798.683
6366.1
6260.217
6654.3
6598.083
6098.5
6209.483
6703.567
6528.483
6694.633
6354.417
6699.033
6543.683
6790.833
6387.15
6607.967
6516.883
6191.767
6175.083
6620.3
6499.017
6056.033
5505.883
6461.833
6486.417
6040.567
6224.417
6474.5
6269.083
6110.7
6086.95
6452.233
6244.95
6050.967
5708.683
6290.433
6366.483
5640.033
5795.817
6368.367
6150.017
5873.967
5674.35
6264.367
6233.483
6156.367
5737.55
6307.433
6241.017
6170.5
6051.95
6247.367
6108.883
4901.967
5388.217
6144.167
6233.083
5858.9
5579.75
6118.1
6218.35
5581.1
5589.817
6021.767
5985.55
5512.033
5536.15
6020.9
5991.483
5365.167
5346.75
5896.1
5851.15
5574.367
5591.217
5813.9
5740.017
5354.1
5716.817
5829.367
5816.017
5292.633
5544.417
5919.567
5689.617
5262.033
5141.483
5742.767
5761.683
5604.367
5054.95
5829.167
5685.017
5030.033
5132.95
