271.683
74.133
-141.25
146.46699999999998
439.683
132.4
207.483
242.46699999999998
229.817
255.667
123.483
-169.86700000000002
204.083
209.0
18.017000000000003
-41.333
351.283
-4.933000000000007
56.617
362.6
424.217
184.13299999999998
471.617
151.267
273.683
206.4
219.617
-125.6
197.35
198.13299999999998
323.817
18.799999999999997
278.75
203.13299999999998
236.483
20.0
553.15
469.33299999999997
90.417
-68.133
246.61700000000002
120.867
-17.516999999999996
179.067
193.15
227.067
129.28300000000002
235.267
224.55
243.0
-37.117000000000004
32.266999999999996
613.617
274.467
-20.516999999999996
-263.067
430.217
438.733
23.882999999999996
38.667
378.017
437.867
379.75
237.2
413.217
368.66700000000003
150.75
315.933
396.883
389.467
316.817
-134.86700000000002
438.017
283.867
28.083
75.8
373.617
192.333
141.21699999999998
65.4
289.41700000000003
502.33299999999997
201.61700000000002
58.93300000000001
233.017
343.067
36.016999999999996
3.3329999999999984
236.483
198.0
497.883
1.066999999999993
170.95
210.733
341.883
-68.8
197.28300000000002
265.33299999999997
185.75
85.933
411.95
357.467
-232.78300000000002
36.93300000000001
388.95
293.867
222.21699999999998
210.86700000000002
465.15
285.467
-3.1170000000000044
273.8
94.017
321.2
240.683
266.933
406.817
283.933
549.683
-226.933
331.08299999999997
369.2
107.15
358.533
380.95
452.66700000000003
257.55
93.467
341.55
241.53300000000002
-70.983
108.867
328.35
305.8
121.817
-2.0
413.08299999999997
437.4
53.417
-246.667
348.883
309.467
88.283
143.333
270.483
420.66700000000003
330.683
40.733000000000004
297.283
319.733
-284.58299999999997
-142.733
293.683
202.6
161.15
-10.466999999999999
328.483
266.66700000000003
49.417
215.8
394.95
289.8
244.483
-112.267
452.683
412.33299999999997
427.683
157.13299999999998
492.817
276.467
155.15
339.067
406.41700000000003
83.533
366.483
-170.267
127.883
229.333
0.8169999999999931
364.2
577.55
417.0
162.35
-83.733
500.55
155.733
459.283
23.867000000000004
384.883
357.733
306.283
384.733
518.817
343.733
425.883
297.133
331.483
220.067
380.617
-359.867
380.017
354.6
165.15
136.667
135.88299999999998
327.8
469.683
171.933
248.61700000000002
307.067
113.217
-188.46699999999998
279.217
388.4
459.017
180.13299999999998
380.483
297.067
48.150000000000006
-315.0
430.15
240.267
-57.783
9.599999999999994
258.817
182.667
-1004.05
-88.2
118.683
269.467
236.483
-67.2
558.017
405.533
255.28300000000002
67.0
257.75
222.6
-114.983
429.2
515.55
276.867
-184.317
31.0
301.617
316.533
-118.65
350.2
376.35
250.4
390.15
339.8
329.883
403.4
235.55
188.667
360.283
255.8
405.883
28.599999999999994
402.55
425.133
330.75
-72.533
226.683
312.733
83.283
-290.2
362.883
340.133
256.75
-116.133
351.617
338.867
218.55
74.0
357.017
350.733
-162.317
203.067
330.08299999999997
65.2
-152.11700000000002
155.733
266.35
212.46699999999998
312.95
167.53300000000002
262.217
526.2
93.817
177.933
374.55
531.733
392.683
169.8
221.95
273.067
92.15
499.267
358.883
211.53300000000002
-159.85
106.8
205.483
293.533
258.217
-2.266999999999996
544.217
557.2
28.283
284.467
377.15
352.933
231.35
105.267
335.883
393.467
85.55
134.267
304.08299999999997
335.0
188.15
301.8
481.41700000000003
450.267
402.017
117.133
570.017
198.6
400.817
-127.53299999999999
383.55
189.8
-69.983
308.933
354.15
224.667
557.617
410.267
401.88300000000004
289.0
653.35
105.53299999999999
399.35
322.0
-7.717000000000013
300.13300000000004
659.95
429.467
566.483
-16.733000000000004
473.35
392.733
422.683
230.267
374.283
562.467
-18.983000000000004
266.6
648.883
367.33299999999997
177.017
203.733
380.683
385.467
549.217
211.4
675.017
576.333
722.55
473.467
728.817
541.667
264.55
375.267
424.75
653.867
819.883
240.60000000000002
759.283
628.2
567.217
720.133
640.75
541.3330000000001
389.35
688.2
530.75
800.133
146.483
320.867
605.15
580.4
609.483
445.333
920.017
607.4
752.35
576.3330000000001
723.817
692.733
725.283
354.533
1050.617
510.067
601.483
539.6
877.95
564.267
733.483
641.067
637.483
908.067
814.817
711.267
663.75
918.467
675.683
484.467
981.483
784.8
669.0830000000001
606.4
602.483
709.0
814.017
697.6
920.617
816.4
596.817
557.733
711.883
823.467
713.683
600.533
942.817
513.6
776.017
515.933
713.95
616.733
787.217
880.2
758.483
497.20000000000005
804.683
1004.933
482.15
904.6
747.817
787.067
816.483
797.0
639.683
1002.4
1178.017
702.8
725.083
1308.8
941.683
1155.933
525.35
725.867
1192.55
1023.733
1160.617
1244.2
779.283
742.8
858.283
832.867
1378.283
1200.533
680.2170000000001
1154.133
1034.75
1263.0
1288.35
1104.667
1022.483
1369.667
639.283
924.0
1048.883
1223.0
1537.083
1483.333
1416.017
1364.467
1164.017
1283.733
1287.35
1194.2
815.0830000000001
1043.6
1384.217
1200.867
1461.483
1034.133
1517.083
1428.0
1525.75
1332.6
1496.55
1411.667
1010.883
1469.2
1328.083
1244.733
1168.55
1306.267
1281.883
1405.467
1315.417
1089.933
1413.017
1194.933
1157.95
1043.133
1514.883
1406.333
1349.017
1420.4
1526.75
1274.6
1251.55
1157.2
1415.817
1439.133
1323.417
1082.0
1558.483
1304.133
1347.083
1331.533
1484.417
1364.467
876.617
1309.733
1380.55
1468.667
1470.883
1650.867
1783.15
1573.267
1598.95
1582.267
1721.35
1779.0
1616.083
1703.333
1700.083
1712.667
1885.083
1724.133
2094.95
1578.067
1157.017
1416.6
1621.017
1913.667
1629.217
1725.0
2090.217
1892.533
1808.017
1747.933
1976.95
2040.4
2060.15
1766.533
2135.417
1831.867
1713.483
1605.267
1648.617
1586.2
1882.217
1246.533
1627.283
1749.2
1988.017
1636.4
1946.55
1846.933
2042.683
1864.0
1925.15
2001.133
1987.55
1890.733
2194.283
1774.933
2293.017
2052.667
2082.283
1994.467
1900.817
2092.0
2324.55
1693.4
1805.683
2124.6
2361.55
2075.733
2167.017
1922.2
1992.417
1882.667
1951.35
2108.267
2058.083
2358.267
2634.883
1920.667
2501.15
2483.8
2356.617
2267.267
2302.55
2191.067
2140.417
2445.0
2375.483
2194.733
1974.817
2104.133
2027.35
2005.4
2318.35
2212.8
2358.617
2585.2
2410.617
2533.733
2747.617
2494.333
2812.017
2644.667
2994.217
2737.067
2574.817
2824.467
2822.217
2706.467
2522.55
2678.6
2491.217
2584.933
2456.95
2639.6
2607.617
2397.267
2076.683
2333.8
2272.817
2302.533
2098.483
2057.8
2326.75
2068.867
1994.95
1703.733
2322.75
1883.4
2223.75
2237.8
2423.75
2896.0
2692.883
2994.667
2832.35
3012.133
3145.95
2758.6
2933.683
2895.333
2613.417
2532.733
2816.75
2668.867
2921.017
2487.8
2751.15
2802.067
2766.217
2937.467
2908.883
2954.933
3138.217
3068.067
3102.283
3106.333
3013.683
2727.933
3065.417
3131.333
2972.35
3215.6
3312.55
3158.733
3051.883
2746.533
3275.95
3143.6
3451.017
3720.4
3811.017
4179.532999999999
4172.817
4006.6
3947.15
3871.067
3991.95
3583.867
4143.35
3834.867
3990.617
3911.6
4131.35
3643.733
3785.95
3943.667
3794.283
3839.533
3621.95
3328.8
3945.017
4049.067
3910.217
4102.133
4267.35
4246.6
4124.95
3888.933
4227.483
4176.133
3646.083
3871.933
3843.35
4057.333
3935.483
4166.2
4345.817
4085.067
3970.017
3427.6
3695.55
3800.067
3853.617
3583.333
4000.35
3661.333
3714.883
3503.467
3438.15
3383.733
3295.217
3372.267
3384.883
3504.2
3293.683
3427.6
3187.95
3359.467
3486.15
3594.0
3887.15
4033.933
4151.883
4318.133
4113.75
4194.267
3742.35
4274.467000000001
4060.683
4083.867
4608.017
4291.667
5005.417
5012.333
4919.883
5153.0
5730.083
5200.6
5339.817
4816.867
4979.683
4901.733
4468.817
4240.133
4294.15
4144.733
3953.417
4070.067
4560.95
4176.733
4461.217
4509.133
5014.083
4990.067
5109.883
4864.933
4699.617
4553.733
4199.35
4045.6
4135.683
3728.667
3590.15
3470.867
3517.017
3451.533
2891.483
3216.6
3211.617
2880.133
2560.617
3322.467
3369.15
3494.667
3800.217
3524.4
4339.0830000000005
4586.467
4635.75
4475.8
4569.617
4357.533
3987.15
4125.6
4068.083
4253.3330000000005
4235.0830000000005
4042.133
4623.683
4295.667
4458.483
4336.067
4510.55
4475.667
4369.15
3831.2
4430.55
4299.333
4448.35
4394.0
4288.617
4309.3330000000005
4358.417
4344.667
5038.217
5072.667
5059.083
5314.333
5472.683
5564.133
5522.75
5355.267
5691.083
5433.933
5875.017
5462.333
5916.35
6333.867
5633.75
5875.6
5966.217
5729.467
5720.483
5006.6
4909.55
4344.867
4100.483
3204.933
3053.283
2554.333
2376.15
2399.333
2930.417
3193.333
3537.417
4037.667
4379.817
4602.667
4911.55
5312.4
5611.683
6017.133
5875.617
5865.933
6017.35
5461.6
5351.017
5061.933
4683.017
3931.733
3634.817
3331.067
3299.417
3675.933
3834.55
4373.867
5232.417
5490.333
5708.817
6543.667
6805.883
6896.267
7288.683
7012.2
7727.883
7748.333
8159.883
7846.933
7805.95
8249.533
7999.55
8056.2
8200.617
8017.933
8272.617
8099.333
8723.417000000001
8533.267
8645.817
8412.733
8951.55
8768.267
8610.884
8696.6
9215.15
8998.0
8920.95
8732.934
8881.217
8406.267
8481.95
8654.533
8748.616
9197.467
8928.083
9029.2
9080.684
8781.2
8474.15
8255.066
8466.75
8772.533
8895.283
8815.4
8806.083
8788.4
8734.816
8623.333
8524.35
8530.533
8378.684
8430.733
8901.083
8639.733
8869.55
8528.267
8694.15
8893.134
8679.083
9076.667
9227.816
9189.333
9282.083
9379.134
9502.884
9813.134
10072.15
9853.667
9788.35
9723.066
9081.083
8560.467
8718.15
8657.733
8601.683
8479.332999999999
8792.417
9018.2
9176.616
9800.0
9726.017
10295.333
10244.75
10292.467
10269.616
10674.866
10051.017
10172.0
10616.017
10129.333
10187.217
10360.533
10316.15
10107.667
10739.884
10233.8
10558.15
10487.066
10405.217
10151.066
10408.55
10282.6
10304.55
9701.6
10378.017
10207.866
10197.616
9767.667
10182.95
10535.866
10707.083
10366.934
10631.95
10734.533
10522.816
10527.533
10433.616
9446.733
9908.15
9939.134
9994.35
9566.066
10158.417
9982.333
10065.217
9762.0
9734.816
10087.2
10233.75
10158.733
10235.884
9962.2
9743.417
9716.6
9144.017
9397.533
10094.15
9870.934
10007.884
10367.733
10685.684
10742.066
10939.684
10568.667
10727.884
10825.467
10764.95
10334.066
10172.15
9670.066
9844.283
9094.0
9749.283
9956.2
9628.816
9650.533
10420.684
10395.134
9834.083
9928.333
10718.217
10889.934
10608.417
10419.0
10521.017
10604.267
10328.35
10280.0
10513.15
10325.134
10625.017
10912.467
10579.017
10837.866
11106.616
10225.4
10522.15
10372.866
9973.816
10247.333
9541.217
9785.6
9797.816
10764.0
10676.75
10478.934
10488.684
10051.934
10321.417
10301.6
10649.35
10322.267
10070.283
9537.6
9417.95
9081.267
8740.616
8633.6
8018.15
7908.2
7931.15
7906.8
8375.217
8794.8
9698.35
10319.6
11365.884
11507.333
12509.616
11716.733
11201.35
11623.134
11461.75
11323.4
12081.283
12143.667
12374.75
12208.934
12092.95
11490.2
11020.083
10724.8
10929.15
10864.6
12073.884
11562.267
12169.616
12192.6
12525.684
12532.333
12183.75
12929.6
13076.95
13684.733
13566.217
13715.934
13942.217
14307.4
13306.55
13501.667
12911.816
13192.467
13175.55
13618.134
13071.017
12856.2
12405.217
12210.0
12458.35
12186.066
11287.217
12163.134
11993.417
12789.934
12941.15
12993.8
13875.083
13485.934
13171.017
13426.667
13472.283
13255.267
13237.15
13449.333
13855.616
14274.066
14325.55
13993.333
14127.483
15689.6
14509.616
14544.934
14766.616
14202.333
14771.884
14722.533
15339.35
14776.733
14234.884
14531.667
14774.55
14648.267
14141.217
14047.333
15111.816
15596.934
15179.217
14556.0
14897.083
14671.134
14545.217
13724.2
14654.55
14500.467
14165.884
13491.934
14077.483
14336.8
14338.017
13904.533
14960.95
14975.667
14742.083
15124.8
15252.283
15960.333
15226.816
15045.6
15629.017
15183.934
15470.884
14641.934
14980.75
15704.134
15246.684
15403.2
15443.684
15039.934
15267.884
15657.4
16327.417
16056.467
15991.75
16192.733
16027.684
16440.467
16905.084
16435.8
16382.55
15973.333
16000.017
15510.533
15953.283
15570.667
15939.816
15235.4
14898.884
15106.6
15007.55
14695.2
15288.15
14816.533
14957.684
15063.134
15016.15
15123.2
14946.283
15493.866
15982.616
16353.8
15509.083
15555.467
15622.95
15058.866
15903.083
15527.866
16083.816
16069.934
16398.684
16425.6
16557.083
16817.334
16274.417
15831.134
17457.283
16848.268
16725.018
16958.732
17202.15
16019.0
16752.15
16002.533
16989.35
16696.2
16005.684
16540.2
17037.15
16749.467
16891.15
17777.4
17256.283
16636.334
16462.75
16223.267
16131.816
16649.801
17302.018
17238.666
17883.416
18006.199
18368.816
17894.6
17975.617
18352.867
18131.283
18111.0
18112.217
18212.467
18611.283
18232.133
18924.949
18683.934
18805.617
19244.066
19103.617
19011.268
18563.75
18709.0
18957.416
18565.867
18451.217
18286.6
18952.816
18645.268
19621.684
18931.0
18568.482
19040.334
19194.617
19895.467
19967.084
20046.4
19471.75
19720.268
19234.883
19364.199
19144.084
19524.0
19764.15
21461.732
19851.35
20734.801
21045.084
21207.732
20710.551
22010.4
21467.617
21737.732
22451.883
23171.133
21981.949
22554.867
21990.15
22272.467
23900.883
22411.801
22581.416
21687.0
21736.816
21814.4
22447.15
22315.0
22826.416
23582.6
23030.551
23771.4
24434.551
25080.199
25071.217
25314.4
26028.949
26726.666
26091.482
24756.268
25593.949
25789.867
24967.35
25534.133
26167.551
26147.133
25943.35
26463.4
27031.482
26334.934
27813.684
28468.334
28072.283
27518.268
28626.684
28472.801
28488.283
28213.199
28577.949
28699.934
28525.551
28618.334
28177.15
28453.732
29298.949
30093.934
30462.084
30822.066
32178.551
32420.0
31813.018
32503.268
32486.416
32282.133
32291.75
31320.732
32338.816
31514.467
31448.883
33056.066
33586.617
33903.465
33964.082
34132.0
34852.082
34020.066
34299.484
33723.066
34021.883
34305.602
33720.75
34463.734
35228.148
35537.934
35665.484
35900.668
36293.75
36276.867
35717.551
36042.934
35880.148
35977.133
35366.684
35958.199
36042.883
36231.801
36690.352
36183.602
35997.285
36198.266
36254.285
36301.734
36369.418
36710.398
36423.352
36557.602
36838.148
36611.133
35526.816
34938.398
33282.883
31948.467
30990.15
30601.801
30535.816
31051.6
30984.949
32379.533
33958.285
34447.734
35043.148
35236.934
35494.215
36419.332
37386.215
36968.465
37617.75
37628.668
37303.016
36499.668
36170.285
36461.398
37042.484
37303.133
37799.816
38450.465
39378.484
39877.066
40006.883
40096.602
39332.883
39214.133
38720.816
39021.199
39152.148
39068.0
39068.148
38343.867
37980.684
37717.801
37157.484
37213.465
37579.75
37355.266
38789.215
39005.668
39317.285
39992.734
40193.352
39282.602
39556.418
39113.199
39119.352
39501.066
39827.082
40261.867
41272.352
41136.668
41760.148
41223.668
41219.016
40749.934
40022.016
40244.934
40140.148
40324.0
40114.75
40359.867
40953.418
41274.0
40748.418
40916.133
41972.016
41397.602
41823.883
41090.332
41717.75
41150.602
40232.484
39754.535
39352.684
39296.734
39484.75
39830.668
40275.551
41430.266
41101.883
41972.398
41444.352
41482.398
41230.484
40791.199
40443.617
40059.602
39359.816
39531.465
39503.551
39244.867
39478.617
39518.332
39155.082
39310.199
39188.418
39296.133
39732.418
40199.398
40161.75
40670.332
41411.75
41621.066
41569.285
41953.602
41713.285
41604.398
40806.215
40433.465
39854.352
40178.867
40588.016
40356.133
41181.148
41457.602
42042.352
42284.602
42298.016
42268.066
43130.949
43476.199
44007.352
44112.133
43762.551
43573.266
43345.816
43259.0
42578.016
42373.734
42528.484
42523.867
42149.285
42095.465
41161.215
41736.535
41301.617
41799.734
41672.352
42577.332
43041.352
43689.535
44065.684
44422.266
43395.949
43483.734
42913.684
43015.734
43258.75
42937.734
42925.684
42569.934
42935.551
43358.066
43374.082
43579.801
43597.617
44102.0
44518.684
45344.535
44585.883
44391.266
43708.816
43724.668
42933.352
42955.133
42867.949
42554.801
43221.148
43329.066
41489.484
42725.602
42666.418
42293.199
42483.684
42232.199
42107.148
42404.867
42948.215
43322.133
43319.617
43185.867
43404.949
44068.668
44223.484
44446.535
44187.016
43677.465
42236.617
40656.133
39843.816
38321.867
36675.418
36159.734
36883.684
37905.734
40245.148
40885.867
40296.551
40352.133
40534.816
40021.266
40372.883
39885.535
39361.949
40335.535
41549.418
42495.465
42434.082
42817.801
42989.75
43469.266
44305.418
43823.133
43703.352
43761.602
42965.883
43495.332
43915.148
43956.535
43770.352
44652.332
45046.418
45078.465
45145.684
44394.934
44239.352
43908.465
44145.617
43877.398
43128.215
42937.133
42409.684
43424.133
44202.949
44966.535
44659.352
45360.332
46271.285
46588.801
46016.016
45570.066
45905.418
45314.0
45184.016
44478.602
45210.215
45775.0
45203.215
44916.0
44571.082
43440.133
42809.418
41221.332
39983.617
39650.465
39678.215
40123.199
40695.148
41897.602
42165.215
43484.266
43775.016
43802.734
44508.949
44692.934
45154.617
45351.465
45465.684
45949.801
46825.551
46225.332
45778.816
44962.734
44829.816
44672.602
44517.484
44557.266
44627.082
45340.668
46289.215
46329.734
46342.617
46363.199
46249.883
45981.934
45904.285
45973.734
44839.617
44258.668
43827.684
43174.066
42324.684
41855.668
42253.75
42505.266
42969.816
43433.934
44141.148
44192.398
43976.215
43861.066
43967.352
43647.602
43253.684
43451.668
43852.551
44431.801
44565.883
44630.535
45118.082
45706.734
45623.883
45728.199
45402.949
45204.332
44597.082
43798.668
43466.285
42575.602
41563.484
42855.465
42713.285
43070.734
43270.75
43914.398
43986.082
44390.0
43849.285
43876.602
44282.949
43725.066
43599.418
43403.398
43346.352
43015.266
42318.148
41832.668
41952.883
42056.465
41555.016
40895.266
41237.418
41092.066
40793.75
40804.934
41055.617
41343.602
41623.082
42046.934
42249.684
42696.801
42385.352
42230.668
42653.082
42582.465
41395.883
42140.066
41746.215
41762.133
41968.418
41321.734
41471.352
42314.801
42489.484
42907.465
42789.016
42875.867
42829.816
42529.801
43060.418
42540.465
41963.484
41896.934
42250.016
42649.668
42856.215
42028.398
42276.418
42193.133
41730.883
42025.266
42153.215
42055.465
41814.75
42021.668
41731.949
41929.934
41296.148
41051.332
40897.352
40854.734
41110.215
40692.801
41505.352
41776.133
42308.352
41629.199
41820.215
41821.398
42137.148
41956.668
41732.148
41935.332
41873.082
41652.465
41669.816
41740.934
41318.816
40934.332
41334.75
41473.602
41550.352
41575.535
41678.418
41729.465
41598.75
41942.734
42020.883
42255.398
41444.082
40985.465
41231.684
40670.266
40753.418
40509.535
41064.484
41580.199
41446.684
41273.398
41627.949
41547.934
41847.148
41697.465
41732.816
42087.332
41877.215
41855.199
42041.684
42076.199
41977.883
41784.266
41141.75
41335.465
40492.418
40792.734
40818.816
40752.066
40398.617
40551.801
40462.352
40446.934
40435.016
40813.934
40433.617
41087.867
40874.082
40815.734
40238.418
39889.199
39453.352
39608.668
39276.418
39276.199
38936.352
39557.066
39774.617
39769.934
39645.215
39303.867
40327.883
40506.465
40788.352
40930.199
41471.016
41617.465
40969.883
40769.398
40573.082
40590.199
39775.551
39890.266
40087.082
40075.934
40482.215
40393.535
40869.684
40759.668
40874.418
40645.668
40884.617
40591.535
40341.082
39818.133
40385.484
40465.133
39665.551
40544.934
40129.816
40477.734
40677.148
40227.0
40451.75
40084.398
39282.949
38856.0
39292.418
39124.801
38782.816
39237.867
39250.352
40215.801
39974.418
40636.465
40823.285
40501.133
40457.352
40790.0
41155.352
40613.535
40120.949
39865.465
39858.215
39317.867
39181.816
39073.801
39650.816
39726.398
39698.016
39688.801
40300.617
40311.801
39933.484
39641.668
39670.883
39260.535
38611.484
38133.066
38141.883
38124.535
37777.352
38097.066
38466.949
38991.535
39265.684
39371.535
39675.684
39948.133
40256.883
40215.602
40331.551
40152.734
39915.484
40485.199
39869.617
40385.934
40016.816
39568.133
40150.148
39998.867
40229.285
39856.801
39684.883
39608.602
39620.148
39039.0
39170.551
38945.535
38720.617
39038.332
38709.883
38462.801
38463.082
38350.199
39129.418
39407.266
38589.215
38743.398
39303.816
39225.535
39109.484
39609.535
39080.949
38743.398
38662.352
37896.398
38373.016
37586.934
37759.082
37649.398
37628.816
38164.465
37938.883
38245.934
38164.684
38082.465
38375.215
38294.535
38614.551
38589.0
38154.016
38150.199
38333.082
38541.801
37707.883
38006.668
38220.949
38188.398
37597.551
38055.266
38728.883
38310.801
38072.883
38887.734
38974.684
38884.465
38516.75
38100.734
38684.75
38197.066
38382.551
38336.734
38142.617
38241.266
38093.816
37890.801
38268.883
38003.398
37305.949
37487.934
37788.617
37530.734
36960.484
36961.066
36681.082
36572.0
36380.215
35981.867
36529.352
36550.199
36213.883
37143.934
37048.418
37274.668
37232.148
36949.398
37432.148
37230.066
36900.551
36426.867
36917.352
37115.602
36321.617
35503.465
34838.418
34166.668
33618.418
32982.668
32597.816
31981.6
31534.482
32694.732
33286.082
33366.066
33856.484
34553.0
35706.082
35423.602
35851.684
35670.066
35579.082
35791.199
35356.949
35215.734
35398.883
35307.801
34903.016
35047.535
35174.484
35407.133
35125.816
34875.199
35303.016
34992.0
35083.551
34857.867
35283.949
35198.801
34918.949
35471.934
35259.418
35118.602
34770.215
34488.668
34559.418
34455.734
34396.082
34538.602
34316.816
34668.867
34727.684
34552.332
34737.082
35193.133
34880.684
34639.668
34907.215
35092.734
34944.016
35079.398
34960.684
34519.668
34417.148
34298.801
34461.016
34398.602
33640.082
34014.0
33902.75
34119.668
33943.352
33786.734
33893.949
34055.465
34348.816
33847.465
34098.285
34343.0
33773.949
34045.465
34041.016
33955.668
33406.883
33555.934
33450.617
33460.934
33556.418
33442.465
33389.082
33332.602
32766.551
33043.4
32889.551
33142.133
32632.35
33057.133
33592.484
33265.332
33651.949
33612.934
33532.016
33966.867
33720.082
33786.734
33758.484
33636.801
33899.484
33699.668
33823.285
33576.0
33827.949
33558.734
33997.082
33343.465
33491.484
33254.266
33482.352
33623.867
33192.082
33002.668
33093.217000000004
33103.398
33074.484
33152.0
33254.016
33343.734
33249.617
33229.133
33131.484
32796.666
32372.883
32290.334
32530.217
32014.732
31673.949
31805.934
32261.217
32178.268
31705.482
31720.732
32120.35
31915.0
31619.883
31344.467
31671.084
31462.4
31078.15
30622.467
30985.084
31050.6
30973.416
31280.6
31125.084
31165.4
30594.949
30794.334
30437.883
30339.133
29591.949
29432.4
29474.35
29073.666
29052.416
28387.533
28740.283
28445.066
27865.617
27105.066
27028.15
27139.666
26958.35
26335.334
26621.883
26570.666
26800.15
26898.6
27504.018
27855.533
28669.217
29310.801
29450.482
29600.801
29655.949
29896.066
29731.217
29351.801
29460.35
29171.0
29473.816
29252.732
29590.416
29639.732
29918.416
29836.199
30030.684
29962.4
30401.816
30282.867
29984.482
30295.732
30618.15
30349.6
30077.482
29863.934
30181.816
30079.4
29792.684
29771.199
29871.617
29906.732
30265.217
29498.4
30051.283
29996.334
30043.35
29910.066
30138.551
29977.6
29538.482
29527.666
29676.816
29826.334
29132.35
29044.801
29235.883
28997.533
28939.35
29111.467
29238.816
28943.801
28854.684
28544.0
28558.15
28607.268
28688.283
28594.199
28592.949
28569.732
28551.883
28434.133
28407.35
28327.6
28171.084
27604.0
27994.816
27499.0
27674.482
27620.467
27754.35
27523.934
27678.084
27634.467
27676.617
27980.533
27790.617
28104.732
27970.684
28178.4
27992.15
27477.666
27659.15
27431.0
27272.75
27500.334
27431.816
27360.334
27385.816
27266.133
27699.617
28203.268
27693.816
28219.066
28351.15
28119.533
28228.15
27916.867
28202.084
28301.4
28466.551
28600.732
28677.15
29070.4
28938.283
29348.467
29675.416
29951.934
29402.482
29309.467
29601.883
30112.066
29891.15
30403.4
30556.816
30995.133
30722.018
30891.066
30720.684
30471.334
29782.883
28784.732
28238.75
27910.801
27638.617
27367.732
27158.551
27165.6
27050.883
26917.268
27176.283
27036.133
27053.684
26969.6
27377.617
27141.934
26991.816
26635.732
26626.551
26884.066
26412.15
26733.133
26593.75
26802.066
26792.75
26886.801
26959.883
27160.6
26804.551
26965.4
27283.35
27088.199
26550.217
26862.467
27213.949
27022.066
26671.617
26920.867
27203.816
26640.801
27040.684
26336.0
26710.75
26380.199
26157.75
26299.732
26141.35
26274.066
25944.816
25504.801
26164.617
26234.268
25900.883
25906.801
26076.816
25886.732
26189.084
25644.6
25891.684
25904.268
26065.482
26082.467
26140.816
25908.199
26025.217
26202.732
26434.883
25986.867
25567.684
25605.666
25874.949
26017.6
25704.416
25819.867
25695.018
25908.732
25658.084
25683.0
25732.75
25694.6
25234.617
25019.066
25694.018
25407.467
24954.283
24892.066
25312.018
24950.066
24921.018
25079.0
25252.15
24963.268
24024.018
24824.533
25218.283
24849.133
24829.283
24424.533
24667.816
24759.934
25011.15
24970.199
24855.883
24581.0
24614.551
24602.133
24048.883
23907.934
23361.551
23636.334
23169.482
23576.801
23102.883
23208.199
24470.217
24279.268
24212.15
24863.934
24634.883
24714.467
24290.217
24052.4
23933.35
23972.199
23669.416
23763.867
23863.084
23868.533
23457.283
23695.533
24328.883
23853.133
23359.617
23685.133
23935.084
23973.732
23707.551
23836.934
23974.883
23629.6
23281.883
22936.4
23361.283
22916.4
22835.217
22452.867
22414.283
22522.0
21848.018
21405.732
21291.084
19930.467
19207.75
18418.199
18574.617
18580.0
18615.283
18889.467
19628.551
20503.467
20973.018
21029.533
21221.75
21872.133
22307.416
22196.467
21869.949
22330.199
22226.684
22321.666
22308.084
21977.4
21636.949
21512.666
21925.551
21808.467
21402.949
22110.334
21943.949
22178.934
22245.816
22145.801
22242.551
22213.533
21989.15
22080.268
22208.15
22369.732
21910.684
21925.666
22316.35
22399.066
22288.684
22317.0
22494.217
22478.199
22329.684
21868.533
22306.75
22242.199
21917.283
21727.268
21966.617
22137.801
21914.283
21485.133
21727.551
22074.268
21457.551
22087.801
22218.018
22133.0
22592.617
22313.334
22388.551
22356.533
22185.15
22295.4
22213.283
22142.066
21834.482
21931.467
21954.416
22012.666
21866.018
21960.801
22209.816
22211.867
21906.416
21676.467
21942.35
21862.934
22035.283
21582.666
22108.684
21979.867
22141.883
22119.801
22179.283
22163.268
21689.617
21424.066
21972.283
21819.133
21989.883
21609.066
21529.551
21640.666
21556.617
21877.066
21601.551
21567.867
21021.816
21028.4
21179.217
21413.199
20561.084
20880.732
21074.617
21095.334
20827.084
20663.334
21103.551
21053.867
20787.018
20968.533
21038.283
21229.867
20508.084
20734.732
21189.35
21265.934
20866.551
20758.533
20877.084
21112.801
20673.482
20721.268
20828.35
20757.467
20194.551
20500.732
20497.551
20313.467
20322.684
20424.4
20116.75
20829.4
20205.949
20118.867
20230.617
20268.6
20159.75
19588.334
20096.283
20159.334
19878.617
19592.066
20066.018
19939.066
19820.684
19319.4
19909.551
19852.268
19794.283
19816.801
19450.283
19740.801
19588.217
19136.334
19425.617
19256.334
19223.482
18773.467
19190.684
19138.732
18498.551
18177.801
18903.416
18741.268
18539.949
18427.334
18681.283
18545.732
18224.217
18134.199
18820.482
18469.133
18300.551
18143.6
18673.15
18203.6
18039.217
17958.467
18533.084
18342.066
18077.15
18043.801
18232.816
17940.867
17551.15
17231.4
17719.75
17812.666
17729.684
18024.732
18136.551
18004.6
17425.15
18058.533
17858.482
17756.801
17715.617
17630.066
17562.217
17690.467
17249.283
17232.4
16622.95
15903.134
15231.217
14526.866
14124.483
13999.733
13989.417
13924.467
14833.35
15291.533
15477.15
15889.733
16182.283
16247.733
16352.95
16239.533
16405.75
15867.6
15881.017
15156.6
16180.75
16131.467
15896.616
15811.533
16215.35
16417.4
16590.283
16251.666000000001
16685.949
16918.867
16541.15
16637.732
16993.816
17011.801
16973.482
17097.066
17219.283
17185.199
16933.551
16615.666
17481.416
17252.801
17198.75
16816.334
17497.816
17590.533
17325.883
17585.6
17582.018
17164.934
17313.35
16981.867
17548.283
17466.467
17316.482
17249.666
17285.684
17467.334
17026.75
17626.467
17556.416
17634.4
17574.617
17209.4
17877.617
17843.732
17395.883
17599.066
18247.283
17957.268
17675.816
18219.867
18398.084
18041.6
17811.75
17931.133
17628.084
17756.934
17256.551
17447.6
17747.084
17637.4
17657.617
18139.467
17742.15
17883.732
17274.018
17083.467
18023.217
17817.133
17687.15
17824.4
17659.018
17742.666
17821.416
17528.867
17571.416
17554.467
17484.416
17423.467
17626.883
17266.334
17390.018
17241.066
17630.15
17379.066
17484.551
17426.533
17845.75
17429.666
17476.018
17392.268
17625.018
17891.467
17890.217
17742.867
17660.416
17542.199
17445.883
17667.4
17829.416
17918.199
17892.75
17528.467
18134.816
17998.666
17950.084
17484.934
18018.416
17915.199
17693.416
17580.066
17643.283
17824.934
17971.816
17840.467
17942.684
17625.066
17735.35
17940.066
17643.018
17768.133
17625.283
17477.666
17597.084
17699.801
17442.217
17407.0
17540.283
17811.4
16877.018
17602.4
17611.551
17570.066
16882.684
17262.732
17551.217
17650.732
17479.617
17546.934
17496.416
17642.533
17328.283
17230.268
17606.283
17362.066
17445.15
17100.066
17356.482
17372.0
17056.949
16966.467
17341.883
16896.0
16909.217
16707.934
17107.617
16963.867
16617.816
16916.199
16886.949
16672.334
16813.084
16942.934
16762.283
16730.199
16504.217
16533.801
16819.883
16512.867
16634.75
16296.134
16362.15
16476.866
16304.35
16414.066
16233.684
16163.733
16114.017
16067.8
16299.35
16304.333
16240.017
15343.134
15637.083
15563.667
15410.816
14825.467
14787.55
14885.667
14501.483
13895.134
14478.283
14317.733
13471.017
13885.0
13812.884
13470.066
13576.684
13047.533
13204.684
13036.267
12764.483
12917.934
13120.417
13031.934
13185.75
11946.066
12725.616
12833.467
12361.483
12659.667
12874.417
12940.8
12654.55
13056.866
13271.083
13302.733
13463.816
13838.066
13826.483
13651.467
13749.95
13547.533
13511.417
13676.0
13680.95
13112.733
13592.816
13450.934
13145.55
12557.066
12905.816
12722.066
12400.816
12340.866
12234.55
12291.066
12120.616
11963.733
12371.684
12361.0
12228.083
12234.8
12370.017
12176.733
12103.217
12002.934
12409.684
12236.4
11925.417
12338.0
12700.616
12507.333
12200.884
12359.4
12293.15
12372.467
12309.217
12215.934
12279.15
12038.333
11495.816
12032.267
11856.95
12058.333
12123.616
11673.667
12171.884
12014.0
11343.417
11632.0
11851.884
11702.533
11781.684
12009.333
12109.217
12078.533
12272.417
12199.066
12286.083
12147.934
12086.816
11820.134
12040.75
12146.2
11862.217
11859.733
12130.684
12089.533
11785.816
12252.6
12318.083
12431.667
12005.75
12224.866
12342.816
12307.2
12491.816
11801.0
12330.616
12205.134
12377.55
11986.866
12616.684
12332.6
12481.616
12095.733
12659.884
12587.4
12274.483
12100.4
12317.75
12087.733
11971.816
12225.934
12165.816
12013.4
11680.217
11662.934
11911.083
12101.533
11914.283
12090.8
12040.283
11912.134
11663.816
11905.2
11990.15
11872.267
12133.75
11526.134
11839.283
12109.733
12077.616
11773.6
11802.95
11380.4
11083.684
11568.2
11466.483
11522.134
10740.684
11305.2
11547.75
11448.533
11136.35
11482.467
11700.283
11303.733
11443.75
11314.733
11534.15
11198.733
10929.75
10922.066
11246.083
11170.6
10754.75
11024.733
11016.35
11173.4
10991.95
11038.8
11135.684
11000.733
10763.417
11013.267
11160.217
11058.066
10920.083
11247.934
10971.816
11070.467
11024.616
10806.2
10993.283
10980.066
10791.017
10680.134
10744.95
10819.866
10506.15
10396.333
10877.75
10871.667
10590.684
10637.066
10867.017
10864.267
10454.75
10522.6
10740.55
10527.8
10307.616
10719.533
10686.55
10457.733
10702.017
10480.6
10542.283
10478.667
10216.684
9856.533
10534.283
10217.333
10420.884
10221.267
10361.616
10145.533
10115.083
9954.667
10301.684
10199.8
10085.816
9840.533
10101.616
10106.134
9931.55
9911.866
10165.283
10155.467
9613.483
9828.134
10094.684
10037.134
9370.283
9525.134
9943.283
9902.934
9826.417
9481.533
10031.884
9921.2
9835.15
9605.733
9769.35
9576.667
9435.283
9611.267
9766.217
9575.866
9380.884
9443.667
9892.884
9870.4
9663.483
9412.467
9478.483
9642.066
9453.816
9259.467
9583.283
9498.467
9473.283
9167.934
9367.616
9459.533
9402.884
9252.4
9434.017
9232.0
9652.816
8955.0
9414.15
9321.2
9102.417
8692.333
9390.816
9333.533
9375.483
9034.066
9144.95
8993.533
9128.816
9260.866
9520.35
8749.934
9037.417
8822.866
9084.083
8519.533
8100.083
7506.6
7316.817
6533.933
5734.817
5180.933
4599.683
3886.2
3492.35
2854.733
3166.083
3077.4
2804.35
2999.267
3883.817
4052.6
4023.683
4992.533
5503.283
5778.533
6083.883
5427.8
6168.35
5786.733
5646.683
5314.867
5110.083
5178.0
4897.617
4668.067
5056.883
5114.667
5097.55
4860.933
5599.683
5376.733
5410.75
6022.067
6063.817
6304.8
5948.95
6442.467
6595.95
6558.333
6564.283
6809.533
7092.95
7126.067
6652.75
6910.733
7430.75
7473.333
7028.283
7515.067
7757.683
7923.2
7818.283
7823.733
8279.217
8263.533
7637.817
7767.667
8438.883
8549.8
8336.817
8075.8
8603.483
8396.6
8245.75
8221.866
8705.283
8494.6
7635.817
8485.733
8633.55
8743.067
8384.75
8162.267
8663.283
8568.467
8394.75
8299.866
8470.083
8562.733
8145.35
7972.866
8906.684
8521.934
8318.017
8323.2
8621.417000000001
8549.467
8408.083
8354.733
8581.483
8534.934
8371.217
8306.6
8638.95
8618.934
8454.55
8379.267
8694.55
8611.134
8030.483
8258.467
8554.417
8458.866
8121.282999999999
8038.0
8463.95
8317.2
8377.617
8140.467
8394.75
8505.4
8225.35
7755.067
8540.683
8438.4
8433.283
8275.467
8728.817
8489.533
8302.017
8079.0
8564.017
8355.067
7893.15
7757.867
8401.883
8331.867
8340.95
7760.667
8456.483
8307.467
8151.617
8249.4
8434.817
8399.133
8220.883
8154.4
8642.15
8448.0
7605.817
7962.8
8533.683
8299.267
8282.483
8146.333
8531.017
8429.733
7966.283
7761.933
8335.417000000001
8198.267
8160.75
8043.6
8353.883
8309.8
8179.95
7718.467
8400.082999999999
8332.6
7969.417
7660.133
8239.017
8429.8
8090.75
8003.2
8350.55
7975.333
7949.283
8065.267
8041.217
7985.133
7867.083
7688.067
8251.817
8065.2
7716.55
7649.4
8108.017
8242.867
7555.817
7645.4
8116.483
8015.667
8059.55
7833.8
8035.75
7946.267
7889.883
7565.467
8213.883
7995.133
7706.417
7666.933
8044.55
7951.933
7788.683
7293.2
7931.083
7853.0
7738.083
7257.533
7994.617
7801.0
7329.283
7750.0
7837.817
7738.333
7309.817
7426.333
7596.283
7728.733
7467.283
7426.933
7728.683
7486.0
7450.683
7251.333
7557.95
7598.867
7116.683
7095.667
7573.883
7519.533
7227.75
7191.4
7250.95
7447.933
6982.817
7159.067
7212.35
7239.267
7072.15
6850.0
7433.283
7294.133
6915.817
6580.667
7129.15
7302.067
7098.083
6817.533
7156.15
7104.867
6421.017
6826.0
7259.417
6890.067
6736.683
6790.4
7021.683
7101.867
6660.883
6555.867
6950.75
7057.867
6884.483
6788.733
7100.95
6882.6
6625.55
6377.8
6980.083
6812.733
7040.217
6528.8
7022.017
6962.067
6472.15
6493.933
6994.683
6814.6
6588.683
6672.4
6947.483
6887.4
6478.083
6409.6
7018.683
6781.4
6618.683
6657.133
6903.617
6740.333
6334.75
6198.6
6614.483
6556.2
6031.483
6154.733
6661.817
6483.067
6651.35
6302.333
6683.217
6520.2
6729.017
6351.467
6591.35
6475.133
6127.483
6138.133
6574.617
6443.8
5987.217
5489.4
6416.15
6464.2
6017.217
6195.0
6446.083
6217.667
6069.217
6037.0
6386.217
6199.267
6001.617
5687.2
6275.083
6311.0
5585.95
5763.067
6329.883
6112.933
5845.017
5614.8
6227.483
6210.267
6085.883
5703.4
6288.017
6195.6
6133.883
6008.4
6229.083
6061.133
4836.283
5333.733
6116.417
6185.667
5788.083
5522.2
6045.15
6173.8
5534.817
5517.267
5952.95
5938.0
5471.083
5511.8
5994.483
5954.8
5298.817
5318.667
5845.683
5794.867
5537.617
5553.4
5782.75
5717.667
5284.55
5684.0
5755.95
5787.133
5257.75
5508.8
5878.617
5664.933
5216.617
5131.133
5711.483
5718.267
5574.817
5000.8
5785.217
5662.933
4986.617
5123.067
