264.567
69.717
-136.96699999999998
151.71699999999998
433.767
139.05
203.633
241.983
234.1
257.65
111.63300000000001
-167.75
202.03300000000002
222.583
18.9
-27.483000000000004
339.16700000000003
-3.483000000000004
59.5
364.117
409.9
184.38299999999998
456.767
147.917
283.767
198.983
220.233
-114.483
199.433
200.517
320.033
25.450000000000003
279.633
199.983
242.36700000000002
26.382999999999996
561.233
469.65
83.5
-53.483000000000004
242.767
118.317
-22.766999999999996
181.517
190.1
243.65
145.767
233.183
212.3
250.05
-44.5
29.117000000000004
606.633
283.383
-14.832999999999998
-256.35
428.433
448.58299999999997
23.766999999999996
39.382999999999996
383.767
430.25
377.9
234.38299999999998
414.633
376.517
154.7
327.45
387.633
400.717
319.967
-130.88299999999998
438.767
286.117
30.632999999999996
81.583
378.1
185.917
128.433
72.05
294.5
504.91700000000003
196.5
68.317
231.9
352.65
28.632999999999996
9.849999999999994
239.36700000000002
203.917
491.233
2.7169999999999987
178.833
225.38299999999998
331.767
-60.349999999999994
193.7
252.85
190.767
94.983
403.3
361.45
-230.36700000000002
21.849999999999994
398.16700000000003
311.58299999999997
215.167
210.45
457.367
294.05
-4.233000000000004
275.91700000000003
95.833
325.85
246.233
283.05
401.1
286.517
549.5
-226.88299999999998
319.9
370.58299999999997
99.033
368.65
380.567
452.717
254.567
99.183
342.3
242.517
-60.833
113.583
336.83299999999997
307.91700000000003
126.9
14.783000000000001
409.567
440.183
51.766999999999996
-230.21699999999998
350.233
314.65
72.033
141.183
269.367
422.25
337.567
52.382999999999996
295.233
325.45
-285.16700000000003
-129.95
297.033
215.38299999999998
160.1
0.25
324.767
274.517
44.43300000000001
219.25
398.7
300.983
255.36700000000002
-103.083
450.033
413.783
430.233
160.45
482.3
284.317
155.5
348.383
402.3
76.917
364.567
-158.15
125.433
224.65
-0.09999999999999432
359.517
580.1
430.58299999999997
161.167
-79.617
494.633
153.983
449.16700000000003
28.783
394.633
370.383
312.433
382.383
515.767
355.05
423.367
308.383
335.9
228.05
382.3
-350.883
386.1
356.05
163.233
147.25
138.567
318.783
459.5
179.317
243.63299999999998
302.117
111.033
-196.61700000000002
270.433
390.91700000000003
454.033
185.183
379.7
319.783
41.367000000000004
-310.017
433.433
240.583
-71.833
16.783
256.033
192.583
-1013.233
-96.95
118.633
266.517
240.1
-62.68300000000001
559.3
406.783
252.767
79.05
248.233
231.11700000000002
-111.3
434.05
522.033
270.85
-190.833
38.45
309.16700000000003
321.91700000000003
-109.633
356.65
372.1
255.85
386.83299999999997
344.45
334.5
412.85
233.9
181.05
358.16700000000003
261.58299999999997
401.1
31.583
394.3
433.383
329.7
-74.017
218.63299999999998
311.383
73.633
-281.41700000000003
362.9
344.05
250.63299999999998
-123.417
338.16700000000003
333.117
201.1
83.65
360.567
353.05
-162.96699999999998
211.65
328.3
70.05
-139.7
163.317
254.767
207.983
312.433
160.05
259.433
524.583
83.833
178.983
374.233
532.583
382.033
161.25
223.233
281.183
91.633
498.91700000000003
348.16700000000003
213.85
-158.233
102.583
199.167
290.317
257.367
-16.016999999999996
536.9
556.517
17.900000000000006
288.383
360.433
345.783
224.767
111.183
327.1
389.983
70.967
127.45
290.433
323.25
168.36700000000002
297.517
461.633
427.383
395.1
108.783
553.967
175.78300000000002
375.3
-136.88299999999998
356.633
165.917
-100.233
277.383
325.633
189.25
527.1
391.783
374.367
259.05
620.433
80.85
362.633
275.983
-43.5
271.117
620.767
409.65
528.967
-48.55000000000001
427.633
350.717
376.033
184.717
329.9
516.917
-72.167
218.25
588.167
316.65
125.167
157.25
331.5
346.717
503.767
166.783
634.033
529.517
667.967
428.45
676.967
478.65
202.3
315.91700000000003
356.16700000000003
571.317
734.033
164.317
675.3
557.85
494.63300000000004
644.383
558.833
482.583
306.83299999999997
609.25
439.5
726.983
70.69999999999999
243.05
513.033
500.517
513.7
373.583
835.9
521.5830000000001
667.233
515.5830000000001
637.5
611.85
627.767
272.65
949.1
435.317
516.9
459.983
792.433
491.783
649.967
562.183
545.367
803.317
714.1669999999999
618.45
545.233
811.317
573.1
392.783
874.7
693.65
571.7
525.183
504.567
613.183
716.567
603.25
813.967
705.983
499.767
443.583
591.5
706.25
601.633
491.45000000000005
818.233
401.45000000000005
665.967
399.717
606.433
512.983
677.433
768.25
654.233
399.04999999999995
704.1
889.45
369.967
798.117
646.3
693.65
711.7
692.05
527.9
889.717
1056.433
581.717
589.967
1186.25
816.167
1023.05
400.16700000000003
583.983
1059.5
890.383
1010.633
1080.517
616.033
595.25
698.5
685.917
1220.5
1046.183
506.9
983.583
879.433
1102.717
1125.967
962.45
872.1
1214.65
488.83299999999997
775.85
887.233
1049.317
1366.633
1314.783
1231.767
1182.25
986.0999999999999
1089.117
1107.433
1025.05
653.7
865.983
1219.167
1042.717
1303.5
857.65
1346.9
1265.183
1360.9
1180.117
1312.3
1257.183
846.0329999999999
1306.117
1154.1
1079.65
1004.633
1139.85
1127.167
1256.983
1151.433
931.7829999999999
1250.7
1025.983
998.567
876.05
1333.833
1232.65
1173.833
1241.983
1350.633
1101.65
1084.967
989.8499999999999
1246.9
1300.317
1170.7
938.25
1411.167
1154.117
1195.3
1178.25
1325.633
1221.05
706.3
1129.65
1211.767
1286.783
1302.567
1474.917
1600.167
1419.117
1428.5
1414.05
1541.433
1596.183
1449.1
1517.117
1508.233
1518.183
1675.633
1523.65
1900.167
1392.917
976.767
1249.183
1445.567
1741.25
1446.367
1552.65
1897.367
1708.45
1614.7
1551.25
1768.433
1831.783
1843.233
1561.317
1935.567
1623.983
1533.367
1430.65
1486.767
1425.317
1732.167
1084.183
1468.167
1591.717
1809.633
1459.717
1753.567
1652.917
1856.233
1652.45
1743.633
1825.117
1803.167
1713.583
2004.9
1575.983
2097.633
1864.183
1885.3
1805.517
1686.167
1904.383
2150.167
1533.517
1618.767
1934.05
2176.833
1894.917
1967.233
1730.583
1792.167
1694.317
1782.3
1908.183
1851.967
2151.183
2407.767
1710.117
2280.633
2260.717
2122.567
2064.117
2104.433
1982.383
1939.1
2229.05
2173.767
1974.85
1763.167
1895.05
1831.967
1802.85
2118.167
2010.783
2151.1
2361.65
2162.5
2297.583
2524.1
2258.317
2571.1
2408.65
2734.9
2490.85
2334.5
2581.117
2569.967
2481.917
2278.1
2454.983
2267.367
2363.05
2226.833
2420.183
2387.833
2202.517
1871.3
2151.183
2087.033
2105.117
1927.367
1875.85
2121.633
1879.183
1824.1
1540.383
2168.3
1732.85
2055.767
2064.183
2248.5
2698.783
2471.367
2754.117
2573.833
2749.783
2891.3
2508.317
2703.833
2662.05
2396.833
2313.583
2616.367
2457.317
2711.767
2292.717
2540.633
2581.45
2553.833
2717.783
2677.5
2705.717
2864.367
2815.183
2867.367
2875.383
2763.7
2505.517
2828.233
2874.85
2712.5
2976.117
3049.5
2912.65
2790.233
2521.45
3035.433
2888.85
3187.7
3455.65
3523.9
3883.517
3856.1
3709.317
3659.233
3581.183
3683.767
3281.45
3850.233
3549.05
3695.433
3620.45
3860.167
3357.783
3517.7
3659.983
3514.233
3581.85
3344.633
3069.05
3663.967
3751.917
3607.367
3785.317
3937.9
3937.65
3808.167
3574.983
3932.9
3891.783
3371.367
3592.117
3553.033
3781.85
3622.9
3867.85
4032.033
3809.45
3686.367
3165.45
3421.767
3543.583
3591.433
3317.183
3731.9
3394.517
3466.433
3259.183
3199.567
3158.317
3066.633
3139.65
3162.767
3273.383
3059.233
3198.183
2962.433
3140.717
3250.433
3340.717
3612.033
3787.183
3866.033
4040.517
3845.367
3927.65
3498.3
4027.583
3803.567
3801.45
4310.032999999999
4001.383
4680.033
4672.25
4579.567
4794.85
5373.1
4865.85
5003.167
4485.983
4662.633
4573.85
4208.1669999999995
3976.25
4015.567
3890.317
3682.3
3807.183
4286.1
3901.717
4170.633
4218.783
4689.767
4650.05
4810.833
4561.183
4394.633
4282.117
3937.9
3792.717
3901.7
3522.383
3375.833
3255.117
3328.167
3257.05
2678.367
3035.517
3022.033
2702.983
2375.033
3155.65
3169.767
3294.117
3569.9
3284.65
4091.7
4293.717000000001
4386.433
4232.5830000000005
4323.8330000000005
4107.05
3744.9
3901.583
3823.633
4014.183
3998.033
3832.45
4357.8330000000005
4035.717
4209.3
4091.317
4284.367
4206.25
4133.7
3605.583
4182.233
4064.717
4203.567
4135.65
4034.367
4071.983
4102.633
4095.6499999999996
4756.033
4791.317
4781.1
5010.85
5172.3
5246.183
5235.233
5074.25
5404.5
5148.117
5542.033
5147.183
5597.9
5998.25
5285.833
5548.717
5664.833
5447.717
5421.5
4739.85
4646.233
4097.317
3891.9
3012.917
2898.5
2405.183
2249.967
2238.25
2774.7
3034.383
3348.9
3842.183
4140.967000000001
4358.517
4616.967
5034.717
5299.5
5702.117
5580.767
5566.783
5738.7
5186.383
5072.233
4813.917
4455.567
3732.317
3463.7
3161.85
3149.567
3499.383
3641.033
4166.983
4963.1
5215.25
5404.367
6237.917
6490.5
6575.05
6946.167
6650.05
7361.367
7393.25
7779.633
7505.517
7423.833
7863.25
7628.833
7642.717
7810.3
7679.783
7903.767
7693.05
8337.233
8165.45
8241.7
8022.183
8537.233
8371.316
8210.767
8261.917
8824.233
8567.517
8515.033
8317.517
8483.434
8052.917
8090.9
8281.383
8364.3
8783.983
8559.033
8635.184
8692.7
8400.117
8098.9
7895.25
8102.9
8348.45
8540.033
8425.25
8424.033
8433.116
8393.633
8232.917
8207.367
8165.383
7993.1
8089.25
8546.9
8295.05
8455.7
8181.45
8328.167000000001
8529.983
8328.967
8714.783
8824.9
8821.583
8921.566
9022.05
9080.5
9413.85
9647.634
9452.316
9375.7
9345.917
8714.833
8213.384
8378.233
8313.517
8232.767
8163.917
8460.366
8662.983
8796.566
9406.184
9341.833
9899.384
9853.1
9864.917
9877.7
10273.184
9634.7
9803.917
10223.3
9760.05
9804.967
10004.116
9936.434
9762.783
10347.9
9853.783
10174.1
10133.316
10003.9
9770.45
10042.9
9914.917
9928.833
9352.05
9981.967
9842.983
9810.967
9407.517
9810.833
10152.917
10352.967
10008.783
10239.9
10356.717
10157.167
10162.583
10057.566
9109.65
9555.366
9595.116
9686.967
9220.983
9804.833
9632.45
9722.233
9440.316
9424.5
9738.983
9876.833
9854.384
9879.167
9651.583
9437.1
9410.783
8830.033
9111.25
9786.033
9540.983
9698.967
10046.783
10359.767
10377.05
10587.7
10243.917
10383.1
10497.717
10420.7
10021.25
9868.833
9360.983
9549.167
8831.917
9482.1
9669.45
9330.033
9323.583
10127.1
10106.316
9558.634
9621.116
10377.434
10583.05
10287.967
10129.717
10206.566
10295.983
10030.434
9955.783
10226.634
10031.316
10283.5
10592.783
10265.366
10510.184
10773.434
9909.85
10184.9
10068.05
9649.167
9963.917
9248.767
9543.384
9545.9
10480.316
10388.566
10225.184
10190.9
9770.583
10044.9
10004.45
10329.7
10013.05
9821.033
9288.983
9162.5
8831.917
8497.366
8427.983
7832.7
7700.517
7724.233
7695.983
8140.367
8566.184
9439.167
10013.25
11065.5
11212.45
12201.366
11401.85
10904.9
11325.583
11190.167
11024.983
11785.5
11835.983
12051.767
11893.384
11820.967
11183.717
10758.634
10442.517
10656.7
10572.85
11790.833
11268.583
11868.9
11918.917
12245.566
12268.517
11900.233
12621.184
12758.833
13386.917
13263.3
13376.783
13616.566
13971.45
12980.967
13215.717
12618.434
12929.25
12872.033
13285.917
12791.634
12569.583
12146.967
11948.05
12202.767
11907.65
11035.634
11893.184
11734.233
12514.384
12675.566
12693.85
13591.767
13215.917
12908.033
13171.717
13196.5
13000.316
12957.366
13152.45
13576.1
14007.85
14069.7
13707.384
13824.167
15371.116
14192.434
14249.05
14488.634
13912.384
14445.9
14406.783
15024.566
14505.717
13937.233
14279.583
14491.3
14357.517
13907.233
13757.583
14864.566
15288.384
14922.1
14334.384
14654.7
14441.25
14308.7
13509.25
14392.233
14260.65
13916.167
13247.783
13816.434
14073.25
14084.967
13711.917
14705.634
14727.783
14489.1
14847.783
15021.833
15702.85
15007.634
14808.316
15412.7
14955.783
15239.233
14423.184
14736.5
15489.583
15001.566
15190.05
15233.566
14814.917
15008.366
15443.783
16046.7
15771.316
15723.767
15894.316
15768.9
16186.184
16608.634
16173.316
16144.833
15759.45
15757.1
15262.917
15720.233
15336.717
15688.033
15042.717
14650.767
14900.917
14764.9
14492.717
15076.634
14595.717
14736.967
14873.116
14786.033
14861.583
14755.634
15304.25
15758.7
16090.717
15279.167
15368.583
15420.833
14882.316
15720.033
15316.184
15836.233
15872.917
16235.366
16234.917
16375.033
16624.983
16037.767
15591.583
17201.434
16651.917
16527.033
16763.051
17018.367
15847.983
16532.232
15829.116
16796.1
16532.05
15839.967
16365.85
16804.566
16559.65
16674.1
17591.584
17030.768
16440.05
16257.1
16020.116
15950.233
16477.25
17117.033
17010.518
17712.967
17840.85
18170.834
17729.783
17800.967
18145.316
17927.232
17905.449
17931.232
18041.25
18399.367
18047.316
18749.699
18497.316
18643.9
19085.051
18889.5
18894.051
18390.699
18550.916
18838.9
18402.717
18278.633
18129.783
18767.232
18485.316
19483.566
18750.117
18376.566
18851.25
18995.699
19719.25
19787.967
19891.051
19281.566
19569.916
19037.367
19222.449
18960.699
19356.051
19595.434
21349.316
19721.434
20599.316
20879.967
21071.65
20527.1
21847.25
21281.566
21601.916
22347.434
23010.383
21816.1
22360.982
21840.232
22123.184
23752.633
22275.518
22402.768
21561.184
21550.699
21693.518
22352.033
22201.051
22678.699
23461.982
22868.768
23618.383
24286.633
24956.051
24944.9
25132.85
25929.768
26581.051
25901.232
24595.982
25461.1
25614.25
24877.5
25439.783
26035.301
26071.916
25833.301
26342.85
26967.434
26270.783
27728.633
28348.717
27972.768
27391.783
28494.232
28325.717
28391.367
28091.449
28459.5
28586.383
28351.834
28426.783
28019.434
28345.584
29194.301
29957.449
30331.834
30665.584
32016.033
32318.117
31683.967
32375.184
32398.5
32176.25
32187.232
31220.783
32226.232
31403.65
31296.033
32919.785
33475.633
33791.918
33849.234
34067.715
34779.434
33944.852
34233.434
33644.25
33972.566
34249.648
33654.367
34426.25
35124.035
35517.984
35594.699
35770.918
36234.234
36219.715
35630.766
35968.051
35762.5
35928.449
35251.301
35833.051
35953.766
36099.852
36571.965
36054.051
35920.5
36105.316
36200.633
36307.117
36327.566
36688.117
36373.898
36563.648
36785.301
36516.117
35435.301
34886.984
33240.367
31883.717
30920.1
30584.584
30487.566
31009.25
30915.5
32272.449
33856.168
34400.852
35062.766
35233.184
35502.965
36414.715
37357.898
36999.852
37612.168
37672.582
37367.168
36553.25
36251.566
36526.516
37124.766
37404.852
37925.234
38517.316
39409.699
39951.582
40061.633
40127.051
39402.699
39242.984
38769.035
39105.25
39108.566
39108.051
39093.832
38400.785
37980.5
37829.582
37221.5
37270.785
37593.699
37390.715
38855.566
39065.051
39422.965
40042.449
40237.965
39369.25
39622.965
39194.184
39263.633
39574.184
39991.102
40403.852
41425.898
41304.918
41873.566
41374.449
41436.832
40966.582
40150.898
40382.785
40278.102
40495.316
40252.367
40512.648
41096.234
41365.383
40924.965
41010.184
42113.035
41546.715
41998.832
41238.051
41837.168
41295.449
40365.434
39851.117
39458.832
39430.449
39738.168
39956.25
40411.633
41548.25
41254.898
42154.785
41598.035
41658.117
41420.367
40984.184
40616.367
40194.715
39559.367
39681.852
39709.633
39413.715
39659.367
39660.984
39352.766
39471.316
39352.566
39434.383
39979.566
40413.184
40361.367
40863.516
41572.434
41797.449
41753.766
42089.184
41863.832
41852.516
41026.965
40565.582
40067.168
40375.785
40821.898
40513.316
41390.965
41654.051
42301.301
42567.984
42559.832
42498.383
43346.5
43709.984
44299.434
44372.117
43984.766
43815.051
43540.766
43513.852
42812.766
42596.184
42730.301
42790.316
42407.035
42337.316
41404.898
41986.984
41606.301
42037.918
41881.766
42840.25
43325.102
43970.184
44346.633
44679.648
43703.965
43800.051
43245.766
43265.184
43656.234
43307.852
43291.965
42846.852
43259.898
43660.984
43694.168
43879.383
43906.234
44414.449
44905.367
45753.852
44955.102
44781.383
44077.965
44119.383
43290.5
43269.184
43218.633
42876.582
43560.965
43707.051
41864.832
43116.785
43014.832
42660.449
42852.168
42582.117
42434.168
42741.852
43299.566
43644.383
43651.367
43604.648
43763.5
44483.852
44521.699
44857.25
44513.234
44020.984
42646.766
41049.25
40187.566
38682.918
36984.168
36470.184
37190.168
38219.383
40612.434
41286.316
40710.168
40712.785
40886.832
40390.25
40808.035
40219.051
39705.766
40667.449
41872.633
42901.918
42806.434
43241.516
43467.898
43907.785
44765.168
44238.984
44172.5
44197.25
43380.434
43873.852
44404.832
44406.984
44221.102
45119.715
45551.898
45520.383
45568.766
44871.715
44718.367
44407.25
44587.434
44309.516
43540.168
43294.984
42808.168
43868.984
44673.566
45397.316
45124.301
45831.316
46710.102
47064.383
46459.633
46058.051
46387.434
45814.184
45715.832
45033.449
45677.434
46252.984
45784.566
45450.316
45061.965
43994.984
43284.168
41743.715
40478.434
40083.383
40172.5
40540.984
41091.102
42404.852
42639.898
43956.383
44253.766
44309.184
45027.965
45255.051
45662.434
45832.648
46023.035
46548.648
47346.168
46742.648
46300.699
45449.715
45336.633
45165.715
45034.633
45048.25
45055.234
45802.785
46862.168
46922.582
46956.367
46936.449
46776.035
46562.984
46472.301
46527.117
45346.168
44777.918
44387.301
43705.715
42870.035
42373.785
42682.699
42991.449
43502.367
43951.852
44643.633
44755.383
44505.832
44407.184
44575.5
44234.648
43810.367
43932.184
44392.5
44918.582
45108.965
45174.117
45688.832
46284.785
46165.102
46295.25
46000.168
45808.918
45162.102
44428.449
43993.898
43205.715
42076.832
43408.25
43306.234
43628.316
43828.832
44477.852
44562.5
44994.516
44396.102
44505.051
44875.5
44355.715
44178.898
44029.648
43988.832
43637.316
42884.234
42434.449
42514.965
42647.117
42115.965
41488.852
41803.832
41630.449
41333.367
41342.25
41577.168
41946.516
42177.633
42597.449
42833.699
43277.648
43022.367
42821.918
43268.965
43186.383
42044.965
42761.516
42368.766
42411.184
42598.566
41958.184
42076.832
42944.852
43100.633
43472.383
43364.699
43509.582
43464.102
43134.648
43589.633
43131.648
42569.301
42550.25
42858.898
43280.25
43498.566
42726.316
42881.367
42788.516
42319.301
42639.715
42834.566
42644.852
42426.234
42666.582
42291.898
42524.582
41935.301
41693.051
41577.234
41512.516
41739.633
41323.383
42191.699
42423.918
42934.566
42279.984
42477.566
42513.852
42779.898
42683.449
42439.434
42601.715
42562.102
42395.648
42353.168
42432.984
42051.434
41584.785
41965.168
42055.449
42273.832
42170.852
42354.832
42377.648
42205.301
42702.383
42747.898
42996.984
42121.434
41660.316
41905.832
41349.918
41421.832
41193.051
41733.699
42320.383
42074.168
41924.715
42296.832
42276.25
42572.699
42416.918
42473.965
42785.715
42630.965
42569.184
42731.633
42777.785
42661.035
42571.051
41795.566
42015.184
41222.633
41458.984
41529.367
41444.383
41056.566
41180.918
41186.102
41103.051
41166.234
41535.984
41080.5
41752.715
41544.566
41493.582
40932.102
40551.184
40180.035
40286.582
39875.367
39929.117
39609.633
40233.648
40457.898
40494.516
40259.168
39934.918
41030.035
41295.984
41519.898
41627.184
42171.766
42425.715
41731.035
41470.582
41336.168
41279.383
40463.5
40587.715
40815.234
40830.918
41092.035
41044.516
41578.633
41479.316
41605.035
41352.852
41613.035
41336.316
41029.965
40470.117
41073.168
41206.117
40336.898
41286.984
40873.367
41245.184
41432.633
40908.715
41201.434
40807.449
40035.434
39523.316
39996.633
39781.383
39490.832
39901.852
39942.566
40972.918
40613.367
41345.449
41565.699
41224.117
41134.168
41514.316
41868.5
41318.785
40819.035
40546.852
40529.035
40074.383
39827.367
39784.184
40394.434
40375.25
40374.5
40329.516
40957.898
41015.184
40587.566
40373.516
40392.168
40011.449
39314.102
38793.449
38826.168
38877.785
38432.633
38784.785
39126.5
39748.984
39980.898
40048.516
40362.301
40625.918
41012.898
40915.383
41051.035
40830.25
40672.168
41231.449
40548.102
41061.852
40716.301
40312.715
40895.234
40781.785
40883.699
40546.316
40390.434
40324.715
40344.234
39755.918
39919.832
39656.516
39407.168
39771.516
39386.766
39208.449
39177.102
39011.852
39856.766
40120.785
39311.766
39458.715
40020.367
39894.582
39808.566
40294.117
39842.965
39504.984
39366.434
38584.648
39073.5
38241.449
38487.832
38364.383
38313.434
38845.648
38636.965
38975.184
38863.301
38819.25
39143.234
39082.516
39432.699
39351.648
38880.566
38939.383
39135.832
39321.648
38459.766
38786.918
38939.832
39068.184
38410.832
38853.715
39510.168
39148.852
38839.434
39666.918
39674.766
39634.117
39293.766
38934.516
39506.898
38989.516
39214.699
39166.117
38850.102
39016.918
38946.699
38707.984
39059.301
38828.785
38146.965
38288.051
38582.699
38414.316
37756.633
37761.785
37482.566
37411.383
37148.035
36787.383
37303.965
37362.715
36991.434
37977.984
37842.965
38072.785
38038.699
37747.785
38263.633
38018.449
37684.301
37199.852
37671.5
37844.852
37004.633
36208.316
35535.965
34785.184
34220.367
33576.785
33186.434
32598.383
32127.232
33263.383
33857.5
33890.25
34465.434
35204.984
36382.699
36097.984
36517.434
36370.051
36329.367
36513.582
36007.168
35920.051
36070.168
36003.582
35594.566
35669.051
35890.434
36043.918
35865.234
35573.25
35996.5
35796.852
35767.168
35583.785
36002.898
35968.117
35611.766
36170.582
35974.234
35825.184
35385.766
35152.051
35184.168
35055.785
35032.434
35177.117
34979.633
35427.582
35456.965
35252.117
35462.234
35950.852
35650.766
35392.051
35668.566
35777.449
35721.367
35775.785
35686.566
35253.516
35097.234
35106.184
35227.766
35068.785
34362.168
34747.918
34634.766
34875.516
34752.234
34602.785
34644.5
34829.516
35080.035
34699.785
34853.699
35133.852
34561.367
34827.316
34792.898
34687.582
34207.633
34282.918
34178.102
34268.184
34309.168
34242.715
34113.301
34082.984
33557.367
33825.852
33670.766
33913.184
33407.367
33778.184
34390.301
34032.785
34457.699
34460.383
34315.168
34768.25
34563.434
34560.648
34613.699
34491.582
34687.898
34495.383
34666.766
34394.648
34645.898
34389.715
34799.168
34167.648
34292.832
34060.918
34257.301
34440.852
33947.035
33835.316
33900.898
33935.449
33889.965
33979.316
34054.367
34177.582
34065.633
34045.383
33987.898
33603.648
33141.633
33067.785
33263.766
32762.518
32509.434
32610.051
33061.834
32986.982
32487.434
32624.584
32965.699
32719.25
32426.367
32144.85
32454.768
32246.117
31869.699
31365.449
31761.967
31848.051
31782.301
32068.449
31946.166
31943.518
31412.566
31573.584
31248.633
31124.65
30350.367
30261.584
30271.166
29780.584
29779.699
29150.85
29497.1
29161.383
28622.1
27852.449
27761.1
27875.584
27681.367
27085.717
27343.5
27242.783
27495.967
27607.982
28168.5
28595.051
29353.9
30107.717
30284.9
30404.316
30404.5
30670.25
30503.699
30141.25
30234.967
29975.65
30262.9
29986.783
30322.166
30359.65
30727.967
30687.717
30874.5
30766.916
31214.967
31085.65
30837.967
31125.783
31423.967
31146.051
30886.166
30674.85
30990.232
30905.316
30617.367
30594.982
30661.967
30700.65
31108.367
30340.316
30864.967
30832.982
30897.033
30680.383
30951.967
30723.783
30402.232
30337.916
30462.967
30680.117
29957.699
29855.65
30051.232
29792.316
29724.033
29907.916
30063.566
29755.518
29617.9
29413.717
29374.834
29400.584
29424.834
29407.117
29400.1
29313.518
29331.566
29306.85
29130.633
29088.383
28896.301
28340.051
28780.434
28335.584
28447.033
28418.383
28496.633
28323.383
28430.699
28426.184
28423.5
28780.982
28563.367
28869.383
28746.633
28944.85
28708.434
28217.25
28322.699
28153.518
27956.699
28190.783
28087.232
28011.316
28039.301
27985.383
28405.834
28895.85
28464.699
28970.117
29115.699
28864.117
29009.834
28705.316
28916.633
29031.184
29207.232
29384.449
29481.9
29842.982
29736.9
30100.783
30440.699
30811.584
30203.367
30126.117
30445.967
30970.449
30733.9
31229.184
31410.566
31802.117
31581.166
31708.584
31615.033
31360.584
30586.566
29601.717
29025.566
28716.783
28427.1
28157.85
27921.834
27961.65
27826.301
27712.783
27928.566
27832.982
27825.834
27796.051
28183.633
27909.982
27768.232
27469.916
27451.699
27648.584
27189.5
27485.051
27346.166
27589.783
27591.768
27695.584
27809.232
27973.85
27608.301
27785.916
28104.967
27892.449
27298.9
27723.584
28037.166
27845.982
27458.834
27775.184
27994.768
27437.916
27870.9
27155.184
27528.232
27204.584
26926.367
27100.85
26936.699
27056.316
26756.633
26298.518
26958.5
27083.051
26691.166
26742.982
26869.232
26682.584
27021.434
26512.717
26644.699
26730.383
26886.301
26871.25
27005.232
26747.117
26870.9
26987.383
27227.301
26774.25
26392.967
26408.518
26664.9
26819.982
26509.699
26686.051
26505.9
26738.25
26471.699
26465.584
26525.834
26436.982
26060.967
25812.184
26448.367
26202.518
25773.699
25678.316
26071.301
25719.916
25700.301
25802.65
26046.9
25759.518
24749.434
25530.383
25966.434
25553.85
25486.301
25139.25
25372.1
25460.184
25683.9
25644.783
25565.367
25258.85
25312.768
25302.184
24761.434
24604.117
24053.232
24325.916
23866.033
24269.051
23847.434
23936.383
25200.566
25039.25
24993.5
25600.518
25409.033
25459.85
25016.834
24818.518
24612.967
24623.518
24375.1
24447.518
24550.834
24565.982
24185.166
24494.85
25101.1
24585.184
24072.967
24422.184
24686.9
24797.383
24484.5
24628.85
24703.566
24350.25
24039.834
23697.916
24078.1
23638.916
23565.9
23132.982
23121.166
23202.383
22557.699
22066.65
21964.232
20559.916
19834.566
18968.518
19158.834
19125.916
19245.566
19472.184
20242.166
21122.916
21633.5
21685.449
21888.967
22549.051
23006.232
22944.65
22572.834
23073.717
22932.301
23051.584
23097.768
22668.449
22372.367
22244.25
22687.367
22575.25
22135.768
22793.383
22692.1
22924.916
23018.967
22892.982
22966.566
22949.449
22719.9
22834.717
22933.434
23154.383
22735.434
22728.383
23084.367
23159.717
23052.566
23116.85
23238.434
23221.051
23104.1
22583.184
23044.834
23017.383
22672.699
22488.85
22731.834
22880.85
22715.232
22231.584
22471.166
22827.449
22190.834
22841.783
22972.033
22932.184
23348.699
23095.25
23220.5
23158.584
22923.1
23120.25
23006.834
22949.383
22592.5
22653.717
22690.768
22766.25
22634.5
22749.117
22926.166
22975.316
22702.9
22463.584
22735.434
22621.316
22792.166
22363.117
22873.967
22727.85
22915.1
22903.25
23011.434
22935.449
22466.033
22165.982
22735.699
22615.65
22751.566
22374.117
22273.699
22394.316
22269.768
22608.518
22368.033
22352.449
21762.434
21861.717
21917.9
22205.117
21319.232
21606.383
21843.633
21812.65
21600.768
21448.717
21852.967
21792.518
21533.967
21722.783
21785.301
22039.518
21242.834
21516.051
21934.166
22004.051
21667.5
21494.783
21610.633
21839.518
21429.232
21471.449
21584.367
21524.117
20955.633
21273.65
21243.9
21091.051
21037.5
21174.117
20867.434
21581.051
20949.301
20871.916
20998.768
20996.584
20868.301
20361.518
20852.166
20901.717
20621.166
20287.783
20770.232
20701.518
20584.033
20038.117
20607.033
20556.982
20504.166
20558.051
20163.633
20436.518
20310.834
19829.051
20105.967
19945.25
19968.768
19467.717
19902.967
19829.117
19208.768
18855.85
19625.166
19415.117
19224.967
19111.25
19367.699
19252.383
18861.367
18799.184
19448.5
19164.25
18985.5
18845.65
19325.768
18916.383
18699.5
18603.783
19233.566
19036.85
18752.699
18728.916
18909.033
18598.383
18198.434
17921.117
18382.5
18440.916
18385.699
18674.316
18790.367
18663.916
18078.566
18732.383
18522.232
18409.783
18346.834
18305.65
18207.699
18386.184
17874.367
17826.449
17138.232
16377.583
15652.767
14898.384
14431.167
14299.116
14243.833
14219.517
15168.9
15663.45
15927.833
16350.583
16675.167
16748.449
16872.434
16748.518
16880.834
16342.65
16336.167
15622.717
16662.434
16608.184
16398.301
16315.518
16715.9
16936.85
17108.768
16786.717
17223.1
17477.85
17083.768
17186.717
17530.699
17517.65
17589.033
17651.85
17772.033
17771.117
17509.301
17187.916
18060.967
17817.25
17748.166
17370.783
18054.699
18162.383
17896.834
18142.85
18110.232
17667.051
17858.166
17519.383
18060.232
17963.916
17847.834
17763.85
17809.9
18035.316
17643.967
18174.316
18130.434
18173.25
18129.768
17724.383
18405.768
18424.783
17992.166
18171.65
18839.434
18601.316
18329.367
18862.518
19066.434
18725.584
18484.166
18582.982
18243.5
18415.184
17908.9
18092.184
18351.699
18236.316
18273.699
18710.316
18360.9
18489.717
17866.9
17704.982
18606.834
18421.449
18238.301
18387.316
18265.232
18309.584
18436.5
18088.783
18147.834
18153.383
18075.5
18023.184
18225.1
17871.117
17980.1
17857.65
18213.166
17949.051
18077.9
17989.584
18400.566
18057.717
18050.834
17986.783
18229.367
18511.184
18514.566
18407.25
18323.566
18213.783
18049.834
18308.449
18444.301
18562.717
18563.367
18176.25
18844.699
18669.916
18587.1
18088.383
18650.033
18559.518
18304.033
18236.383
18304.834
18499.982
18608.699
18484.051
18603.9
18322.85
18396.834
18617.184
18303.166
18410.916
18282.434
18136.717
18273.967
18386.316
18140.367
18057.85
18204.367
18459.85
17503.301
18282.383
18287.768
18229.051
17504.301
17888.117
18213.699
18341.982
18180.5
18211.916
18151.367
18300.051
17986.566
17861.518
18273.5
18036.184
18097.9
17770.717
18033.834
18034.184
17715.434
17657.982
17945.1
17557.449
17586.232
17403.65
17761.566
17627.184
17304.033
17577.518
17558.232
17312.25
17436.834
17585.184
17419.5
17413.25
17140.033
17198.717
17468.9
17172.518
17283.166
16931.85
17003.834
17057.518
16915.633
17019.65
16847.566
16768.051
16740.768
16682.316
16911.566
16909.85
16819.033
15882.583
16145.1
16068.983
15895.3
15284.45
15173.3
15241.116
14828.5
14200.85
14747.634
14586.184
13776.833
14198.384
14111.967
13738.116
13878.1
13358.184
13506.967
13328.65
13034.3
13150.316
13398.9
13287.316
13417.233
12209.116
12973.233
13055.384
12578.167
12909.45
13153.833
13232.717
12971.366
13409.05
13627.366
13709.583
13917.634
14322.983
14278.767
14125.65
14248.3
14015.65
14002.634
14174.783
14124.167
13599.917
13995.634
13865.65
13503.833
12926.583
13290.5
13085.65
12731.634
12653.65
12503.5
12600.983
12400.566
12287.184
12668.7
12679.983
12536.3
12567.116
12653.366
12499.85
12428.167
12333.85
12747.566
12545.783
12233.833
12685.983
13056.5
12841.184
12522.566
12704.783
12680.3
12729.184
12660.167
12532.717
12593.566
12340.45
11752.366
12340.85
12185.767
12326.65
12471.833
12028.05
12530.967
12423.717
11667.167
11970.85
12176.9
12019.717
12074.3
12295.85
12450.366
12437.85
12598.833
12550.983
12661.566
12518.65
12438.967
12147.583
12386.366
12482.05
12200.033
12232.783
12469.566
12426.517
12159.366
12645.05
12680.7
12865.116
12373.833
12652.85
12776.767
12733.917
12925.566
12257.583
12782.5
12629.85
12806.033
12406.65
13118.233
12836.184
13004.7
12600.783
13137.767
13066.316
12726.1
12555.983
12775.634
12528.65
12455.5
12691.783
12607.167
12476.316
12147.634
12117.184
12324.833
12540.45
12371.167
12543.983
12521.434
12351.116
12123.833
12361.983
12431.9
12316.85
12586.1
11981.05
12303.7
12588.05
12534.9
12250.05
12300.033
11848.783
11565.5
11992.316
11921.967
12008.983
11174.434
11725.983
12038.566
11909.116
11595.767
11943.717
12157.7
11754.983
11899.9
11771.783
12022.566
11639.45
11362.7
11352.783
11660.9
11644.45
11187.767
11491.116
11506.566
11632.116
11467.833
11520.917
11591.7
11462.783
11257.233
11494.184
11623.767
11526.65
11416.434
11750.05
11434.366
11569.917
11470.167
11296.983
11469.366
11447.25
11237.967
11132.05
11197.566
11296.517
10997.634
10870.917
11345.7
11350.517
11044.167
11107.583
11323.7
11346.583
10909.634
11003.05
11198.366
10992.85
10754.167
11188.05
11133.434
10906.65
11138.366
10915.184
11020.566
10942.384
10653.167
10317.917
10978.3
10645.65
10864.434
10696.316
10792.767
10616.45
10549.833
10379.05
10754.434
10606.917
10515.9
10260.85
10511.033
10562.384
10343.1
10339.184
10597.366
10593.384
10057.767
10247.583
10522.366
10499.05
9794.233
9973.983
10406.767
10340.45
10253.967
9929.517
10462.5
10346.116
10292.167
10045.783
10193.5
10003.65
9846.033
10032.184
10202.033
10001.583
9830.5
9890.783
10316.566
10316.116
10081.3
9803.05
9909.566
10077.384
9872.833
9714.65
10026.833
9942.316
9904.366
9608.517
9767.1
9877.583
9834.967
9665.116
9834.3
9639.85
10094.9
9392.116
9807.233
9737.25
9520.366
9094.517
9794.967
9750.45
9776.3
9460.583
9549.033
9411.116
9504.167
9633.983
9918.767
9110.184
9405.5
9234.783
9438.5
8877.983
8426.634
7775.317
7543.7
6675.983
5862.033
5227.383
4582.167
3822.25
3430.567
2767.25
3064.033
2978.917
2679.033
2894.317
3777.9
3993.45
4000.233
5018.183
5529.767
5861.85
6183.5
5526.717
6265.833
5898.85
5729.033
5356.45
5135.9
5223.917
4914.833
4702.583
5055.433
5149.05
5115.567
4878.717
5651.433
5435.917
5469.5
6083.317
6130.967
6397.717
6072.3
6588.45
6735.9
6716.917
6741.633
7004.383
7264.233
7344.117
6851.833
7117.583
7680.367
7705.317
7285.7
7774.317
8036.1
8185.25
8081.233
8113.65
8588.7
8580.783
7955.433999999999
8094.450000000001
8780.7
8883.316
8685.3
8436.184
8959.5
8778.65
8571.7
8558.45
9048.233
8871.05
7978.433999999999
8844.45
9007.233
9077.65
8759.1
8559.717
9051.566
8982.384
8788.1
8694.384
8865.833
8929.116
8523.167
8385.917
9277.967
8908.983
8663.434
8697.65
9008.167
8928.917
8790.9
8764.783
8978.366
8930.783
8767.5
8729.25
9006.9
9011.85
8852.5
8732.45
9067.366
8971.517
8446.833
8638.45
8943.767
8874.85
8505.434
8451.25
8832.233
8739.917
8760.1
8502.85
8762.366
8902.783
8619.5
8136.9169999999995
8951.3
8797.85
8814.366
8630.783
9139.233
8857.316
8670.566
8432.05
8928.3
8731.517
8291.1
8166.85
8781.167
8720.717
8692.967
8135.983
8805.7
8697.717
8528.7
8620.85
8811.033
8772.184
8595.767
8521.384
9010.366
8849.783
7955.1669999999995
8353.65
8902.5
8691.783
8650.434
8546.783
8894.233
8808.116
8330.833
8157.717000000001
8707.833
8562.983
8549.967
8429.184
8729.366
8696.85
8568.233
8099.384
8770.434
8718.116
8354.833
8045.983
8615.5
8786.05
8436.634
8395.316
8734.366
8336.582999999999
8280.567
8469.65
8428.1
8363.65
8211.033
8036.783
8622.767
8451.583
8077.567
8027.65
8484.033
8638.116
7919.767
7983.983
8459.832999999999
8380.783
8411.9
8187.45
8384.367
8326.983
8256.9
7958.45
8578.5
8329.983
8035.3
8026.317
8385.367
8321.717
8137.967
7652.983
8250.832999999999
8213.317
8076.3
7576.383
8343.033
8172.117
7663.967
8098.983
8167.767
8065.383
7666.9
7793.45
7902.767
8053.517
7778.167
7757.45
8036.3
7811.85
7790.033
7570.85
7908.3
7922.583
7458.433
7426.45
7891.033
7860.317
7556.967
7530.983
7560.9
7744.917
7299.433
7475.05
7526.033
7586.917
7388.967
7181.583
7729.233
7581.183
7241.1
6906.05
7445.033
7605.717
7424.567
7125.183
7475.033
7440.517
6734.1
7165.25
7602.033
7211.183
7046.767
7105.783
7378.1
7405.85
7017.033
6873.983
7287.567
7398.317
7202.167
7078.517
7413.5
7215.05
6913.167
6650.05
7263.167
7096.583
7327.7
6834.45
7326.167
7283.05
6732.367
6821.65
7286.167
7128.717
6922.833
7005.583
7261.9
7228.117
6794.367
6731.383
7330.7
7069.383
6909.833
6970.783
7199.367
7063.717
6627.633
6521.85
6891.033
6852.983
6313.9
6480.117
6938.7
6791.05
6933.567
6611.25
6956.033
6817.583
7036.633
6642.317
6855.967
6783.383
6427.367
6402.517
6855.367
6754.85
6278.1
5771.517
6703.033
6760.783
6285.433
6475.383
6721.833
6505.917
6352.367
6322.717
6674.7
6486.45
6298.5
5971.183
6541.567
6590.65
5855.367
6037.783
6599.1
6383.517
6131.167
5929.517
6501.833
6517.317
6400.633
5983.717
6549.5
6488.917
6418.033
6292.05
6507.367
6361.45
5118.3
5631.317
6401.433
6460.65
6111.233
5832.85
6329.367
6471.85
5818.3
5827.05
6236.9
6211.717
5714.767
5779.983
6251.1
6226.117
5580.033
5589.05
6140.767
6073.583
5795.567
5820.983
6043.233
5959.183
5550.167
5929.183
6037.233
6048.25
5529.767
5778.583
6144.567
5914.05
5452.433
5380.45
5957.3
5949.05
5790.567
5234.317
6017.633
5911.583
5228.1
5336.45
