266.41700000000003
65.933
-138.65
149.53300000000002
442.41700000000003
136.6
203.28300000000002
228.6
229.883
252.46699999999998
115.217
-174.86700000000002
206.817
207.933
17.616999999999997
-35.93300000000001
353.95
-10.799999999999997
60.017
365.267
413.283
179.733
462.817
149.133
274.08299999999997
190.46699999999998
224.61700000000002
-133.6
197.28300000000002
200.667
327.483
17.266999999999996
280.75
195.53300000000002
241.417
27.667
553.483
472.133
83.883
-60.667
243.083
123.267
-8.716999999999999
179.46699999999998
202.417
231.733
135.75
227.46699999999998
215.35
240.0
-44.717
31.333
615.417
282.933
-24.717
-258.267
433.617
425.933
37.55
30.333
381.617
432.133
372.883
235.267
406.683
360.733
158.817
321.4
392.483
397.33299999999997
328.617
-142.067
447.35
289.4
29.816999999999993
73.4
379.817
180.8
125.75
60.533
286.95
492.2
196.88299999999998
56.132999999999996
232.28300000000002
348.867
30.150000000000006
7.733000000000004
236.88299999999998
199.53300000000002
498.08299999999997
1.5999999999999943
170.55
211.933
343.55
-60.266999999999996
195.15
248.46699999999998
197.083
89.6
400.483
363.267
-227.517
21.533
389.817
300.2
218.28300000000002
203.067
467.817
288.33299999999997
1.683000000000007
278.4
91.683
318.133
241.55
279.8
409.817
282.0
551.15
-236.53300000000002
329.15
368.0
96.95
359.533
380.017
449.067
252.817
97.133
341.55
249.53300000000002
-62.117000000000004
105.867
328.41700000000003
300.66700000000003
120.883
4.332999999999998
402.617
439.533
49.016999999999996
-252.46699999999998
342.35
314.067
83.217
129.46699999999998
270.617
418.467
332.283
42.333
292.35
319.0
-285.05
-143.4
300.883
208.13299999999998
167.083
-13.066999999999993
330.683
267.4
59.016999999999996
215.4
396.683
288.533
246.21699999999998
-108.533
448.75
401.133
422.35
153.933
482.75
271.933
154.28300000000002
340.133
407.75
69.267
375.55
-170.067
130.88299999999998
226.333
4.882999999999996
361.33299999999997
574.55
420.66700000000003
157.95
-88.533
483.683
146.733
444.41700000000003
24.533
391.35
356.933
318.75
390.0
526.35
352.33299999999997
424.817
302.733
329.817
227.8
380.683
-357.33299999999997
383.817
353.66700000000003
169.61700000000002
133.86700000000002
136.017
318.467
467.41700000000003
171.067
243.483
299.067
114.15
-196.46699999999998
267.883
372.8
457.35
191.86700000000002
384.883
302.867
41.95
-328.467
443.55
232.267
-72.783
12.066999999999993
261.017
187.13299999999998
-1005.05
-103.133
125.617
272.067
249.683
-64.733
561.083
393.467
250.75
59.867000000000004
256.017
229.0
-110.183
416.0
516.283
274.6
-188.317
34.2
301.08299999999997
316.66700000000003
-120.117
345.0
372.617
256.133
386.15
337.8
325.55
407.33299999999997
231.083
181.46699999999998
365.217
247.067
397.883
23.599999999999994
401.217
423.33299999999997
322.617
-73.467
222.483
314.933
80.017
-285.66700000000003
358.817
342.0
252.21699999999998
-120.067
352.95
332.533
209.55
78.6
350.617
354.133
-168.517
195.933
323.683
58.06699999999999
-147.71699999999998
152.267
254.35
211.4
311.283
149.0
258.683
513.667
85.483
160.53300000000002
375.15
530.267
386.817
151.733
214.817
276.067
97.483
485.467
343.08299999999997
200.53300000000002
-162.983
96.133
205.15
278.4
255.683
-16.132999999999996
538.883
549.333
15.816999999999993
288.2
361.95
340.6
222.75
86.733
331.35
381.33299999999997
64.95
123.533
284.017
317.2
161.35
292.267
460.41700000000003
422.933
389.617
86.133
544.883
165.6
375.683
-159.86700000000002
350.55
163.0
-95.983
272.0
318.683
184.667
523.75
370.133
353.08299999999997
245.933
620.683
63.0
365.617
263.867
-45.05000000000001
249.333
614.483
393.733
514.483
-66.0
422.35
336.4
356.41700000000003
168.933
307.15
488.8
-82.983
199.933
574.617
288.533
100.81700000000001
136.0
318.88300000000004
320.267
483.15
138.6
615.683
512.6
664.55
408.8
655.417
458.0
186.083
278.467
327.41700000000003
543.467
715.883
137.333
650.217
527.267
480.55
612.467
542.417
446.467
281.15
583.2
427.017
683.933
37.75
208.2
499.35
468.2
491.483
322.733
809.083
482.867
636.017
471.8
611.0830000000001
568.133
609.883
238.66699999999997
928.283
395.133
500.683
421.2
787.35
447.333
626.883
508.467
515.15
766.4
671.55
559.4
513.95
761.8
538.75
339.733
852.75
637.867
530.483
464.067
470.283
562.733
672.0830000000001
555.933
779.017
661.867
449.417
396.8
553.883
661.133
547.017
431.133
780.683
357.133
617.017
357.4
565.15
457.533
623.283
724.133
606.017
342.333
665.017
841.8
329.55
760.6
603.4169999999999
646.067
668.4169999999999
638.6669999999999
479.083
839.733
1017.0830000000001
523.333
541.95
1122.267
756.283
965.467
347.48299999999995
525.133
991.35
825.733
941.417
1017.133
538.35
516.067
636.15
593.2
1142.15
958.667
430.683
913.467
803.95
1026.333
1048.417
885.867
800.017
1138.467
423.217
707.667
823.617
968.533
1293.083
1236.667
1158.15
1093.133
899.817
994.267
1017.75
925.667
564.35
782.733
1127.35
945.667
1200.883
764.6
1262.15
1162.267
1273.617
1082.733
1231.95
1146.067
751.017
1228.333
1081.95
981.067
914.617
1064.867
1034.95
1167.2
1064.883
837.6
1175.217
939.2
904.883
773.6669999999999
1243.683
1136.667
1069.817
1141.8
1249.883
1007.0
1010.2170000000001
902.2
1181.217
1198.467
1086.35
848.4
1339.75
1072.733
1115.55
1104.533
1248.15
1122.133
624.1500000000001
1036.467
1120.217
1181.933
1203.55
1385.133
1500.95
1312.0
1329.417
1311.2
1438.217
1492.667
1334.683
1417.933
1388.15
1396.8
1572.483
1403.733
1788.883
1295.067
865.017
1142.867
1344.617
1627.733
1336.15
1436.533
1805.35
1594.2
1510.75
1435.8
1648.55
1715.133
1735.017
1457.867
1820.15
1507.733
1397.417
1321.6
1386.817
1317.8
1630.017
981.8
1374.017
1479.067
1713.15
1335.067
1646.883
1531.267
1740.283
1551.4
1627.883
1699.733
1688.683
1593.333
1897.817
1462.933
1989.817
1744.2
1774.15
1694.533
1599.017
1797.267
2042.817
1411.867
1513.75
1821.067
2061.75
1783.067
1868.217
1603.467
1700.683
1569.2
1669.283
1779.333
1737.75
2029.6
2279.817
1565.667
2128.683
2105.6
2002.483
1903.667
1980.617
1847.333
1794.083
2098.133
2048.95
1852.267
1651.35
1778.867
1704.083
1689.867
2011.883
1874.067
2016.35
2217.267
2026.017
2158.6
2381.483
2122.2
2413.55
2274.133
2589.017
2357.8
2187.083
2433.267
2426.15
2330.067
2144.617
2303.667
2133.083
2223.667
2089.75
2293.067
2267.417
2068.8
1749.95
2025.8
1964.817
1981.867
1809.35
1747.867
2012.15
1787.2
1725.017
1442.6
2067.75
1640.733
1959.15
1936.0
2108.417
2561.667
2318.55
2579.8
2423.617
2595.067
2727.75
2348.467
2553.017
2517.733
2261.15
2198.2
2465.617
2326.467
2581.217
2153.4
2416.217
2458.267
2412.95
2577.533
2531.483
2548.867
2701.883
2639.6
2715.083
2707.133
2627.75
2343.2
2688.217
2722.8
2559.483
2792.533
2885.683
2749.933
2640.883
2355.133
2860.083
2738.467
3024.817
3285.0
3328.283
3680.933
3665.883
3522.667
3468.683
3373.733
3486.683
3094.467
3659.083
3356.133
3505.95
3420.667
3660.75
3170.0
3321.217
3487.333
3349.55
3406.067
3179.95
2900.8
3482.75
3569.933
3437.083
3596.267
3736.95
3729.933
3599.217
3373.2
3742.217
3702.6
3174.55
3416.933
3402.35
3584.067
3455.483
3659.867
3850.017
3620.4
3505.017
2990.533
3273.483
3382.533
3435.283
3144.533
3564.283
3250.8
3297.017
3109.467
3058.95
3015.667
2901.017
3002.2
3000.55
3108.333
2914.617
3036.4
2823.017
2991.467
3099.95
3156.133
3450.35
3592.267
3684.483
3851.533
3658.15
3755.933
3339.95
3838.6
3624.55
3619.0
4133.15
3804.133
4468.15
4465.133
4371.55
4546.867
5149.283
4619.867
4781.55
4256.467
4440.883
4360.6
4005.35
3769.933
3837.883
3721.867
3511.95
3619.267
4097.4169999999995
3701.6
3992.75
4000.5330000000004
4480.217
4419.6
4602.15
4337.6
4206.15
4063.333
3762.95
3615.533
3748.483
3374.133
3240.417
3110.2
3188.55
3141.867
2577.017
2930.6
2921.283
2609.333
2261.483
3032.6
3059.15
3155.067
3434.35
3133.667
3905.483
4104.267
4180.4169999999995
4035.467
4121.95
3917.067
3583.017
3727.133
3668.217
3837.267
3821.35
3627.733
4194.75
3872.067
4016.15
3912.267
4094.083
4042.867
3958.417
3427.733
4016.283
3865.467
4019.75
3990.467
3867.417
3902.4
3948.417
3925.467
4586.15
4608.2
4598.883
4801.467
4965.683
5046.333
5043.55
4869.467
5190.15
4943.933
5324.283
4907.267
5346.283
5773.667
5061.817
5315.6
5442.55
5243.933
5232.55
4515.533
4467.617
3929.4
3730.55
2894.0
2790.217
2325.267
2163.617
2170.4
2694.617
2930.2
3241.683
3680.067
3996.95
4167.2
4442.55
4831.867
5112.15
5461.733
5355.617
5343.4
5514.017
4982.533
4885.017
4650.133
4293.683
3590.333
3347.417
3073.867
3037.483
3371.0
3513.017
4016.667
4801.35
5020.067
5208.283
5994.733
6224.483
6292.733
6677.483
6401.533
7091.417
7100.933
7518.083
7189.933
7160.283
7569.2
7329.95
7388.933
7518.55
7371.267
7617.217
7419.067
8055.817
7854.0
7954.417
7735.933
8217.283
8044.333
7912.083
7939.333
8514.817
8280.667000000001
8205.283
8008.533
8194.817
7712.933
7803.817
7987.133
8051.617
8455.4
8216.617
8309.6
8355.15
8060.733
7799.95
7594.733
7800.15
8049.067
8240.55
8139.8
8117.083
8123.133
8064.083
7943.667
7905.883
7874.867
7727.817
7802.6
8245.75
8008.467
8191.683
7872.2
8041.35
8230.8
8038.883
8403.067
8517.75
8525.934
8629.55
8706.934
8809.283
9110.8
9333.217
9150.667
9069.283
9060.134
8409.816
7930.267
8130.817
8065.067
8034.55
7906.8
8195.283
8401.6
8523.15
9099.066
9044.616
9602.6
9543.75
9576.866
9546.95
9952.333
9317.35
9449.4
9891.417
9411.8
9471.816
9680.467
9623.283
9463.333
10036.684
9522.667
9862.684
9800.267
9698.55
9425.667
9711.95
9576.2
9613.483
9056.267
9654.616
9504.8
9475.884
9102.2
9506.884
9836.333
10026.017
9674.267
9934.75
10038.733
9830.083
9848.0
9776.217
8826.4
9276.816
9280.267
9404.083
8940.4
9526.816
9327.934
9421.616
9168.066
9121.217
9474.267
9614.816
9502.733
9602.217
9389.0
9142.483
9153.6
8572.217
8822.934
9520.55
9261.6
9406.816
9719.134
10036.083
10086.733
10302.483
9927.066
10085.217
10215.2
10136.55
9730.134
9602.816
9102.8
9316.083
8571.0
9221.684
9395.267
9060.283
9078.667
9844.217
9809.066
9274.816
9335.4
10106.15
10265.4
9999.217
9799.267
9927.75
10020.267
9783.217
9718.733
9930.884
9743.533
9996.15
10283.333
9976.884
10218.533
10495.616
9639.6
9900.35
9778.6
9380.283
9697.667
9001.35
9274.4
9248.217
10193.8
10097.483
9951.467
9966.884
9493.667
9787.95
9719.866
10077.884
9754.934
9554.15
9024.333
8897.283
8596.934
8267.417000000001
8206.0
7636.55
7504.533
7530.217
7495.4
7978.017
8362.4
9224.95
9783.667
10779.35
10912.8
11899.217
11093.533
10628.884
11035.066
10925.684
10775.066
11479.684
11541.134
11782.95
11610.467
11521.75
10926.0
10530.684
10232.733
10445.75
10324.2
11560.483
11025.2
11632.483
11634.866
11942.884
12010.6
11624.95
12326.533
12465.483
13050.066
12948.417
13066.934
13312.417
13641.066
12651.417
12868.866
12310.55
12588.267
12572.017
12943.533
12510.884
12272.267
11849.816
11658.134
11918.083
11640.467
10803.684
11631.866
11485.417
12192.6
12406.684
12402.333
13265.417
12901.533
12580.616
12855.333
12898.417
12706.733
12664.55
12824.267
13263.217
13666.066
13698.884
13372.6
13508.95
15048.733
13903.217
13896.333
14153.884
13586.667
14117.35
14061.2
14687.217
14157.866
13597.15
13970.866
14168.217
14058.8
13557.616
13460.6
14525.684
14945.6
14595.083
13994.733
14319.684
14140.733
14006.884
13197.4
14089.55
13973.8
13627.684
12950.4
13539.55
13807.733
13798.15
13362.934
14389.75
14412.4
14145.083
14539.8
14686.283
15382.6
14714.616
14504.533
15094.083
14639.066
14962.217
14098.066
14473.15
15183.667
14719.95
14896.533
14906.816
14533.0
14698.616
15117.934
15728.417
15471.134
15413.083
15593.134
15447.15
15829.8
16303.35
15887.333
15819.616
15490.333
15438.55
14978.934
15409.75
15017.134
15437.816
14742.0
14367.616
14601.4
14513.684
14211.934
14792.55
14324.4
14460.483
14524.467
14524.684
14628.2
14453.417
14971.0
15502.75
15807.667
15009.017
15051.4
15153.15
14615.667
15406.217
14986.866
15603.483
15570.333
15897.283
15898.2
16104.417
16275.0
15790.884
15313.2
16898.15
16335.333
16260.017
16436.867
16722.083
15577.066
16219.017
15520.934
16506.75
16239.533
15562.95
16081.2
16567.616
16252.2
16399.483
17285.268
16755.883
16152.2
16010.884
15759.934
15657.417
16196.533
16828.018
16763.2
17388.283
17499.732
17887.949
17433.732
17506.018
17857.666
17632.084
17583.0
17629.416
17724.732
18089.684
17745.934
18447.617
18215.199
18334.883
18779.467
18605.15
18604.666
18080.949
18239.0
18565.416
18155.934
17984.482
17833.467
18479.75
18165.666
19169.816
18416.732
18079.217
18571.533
18682.949
19395.867
19477.416
19560.199
18992.75
19228.6
18758.684
18916.934
18653.75
19057.199
19323.416
20981.066
19397.084
20221.6
20587.949
20755.334
20204.75
21522.268
20953.084
21253.4
21957.75
22665.268
21486.217
22043.066
21473.084
21781.268
23398.883
21926.268
22037.217
21240.467
21222.816
21352.199
21995.084
21872.867
22346.35
23055.0
22490.283
23252.666
23911.684
24575.066
24563.416
24759.6
25528.949
26186.867
25539.617
24223.867
25053.482
25271.4
24538.217
25048.066
25660.416
25666.133
25471.816
25964.533
26585.949
25885.934
27347.283
27960.6
27584.416
27046.199
28118.617
27948.801
27964.35
27680.0
28050.883
28180.6
27980.018
28015.6
27603.018
27944.6
28742.084
29508.268
29892.35
30174.268
31588.551
31836.732
31315.35
31908.467
31964.551
31712.4
31750.551
30783.133
31763.15
30960.934
30869.551
32495.6
33055.617
33325.0
33415.684
33604.332
34371.082
33513.066
33746.418
33215.066
33534.684
33774.867
33233.352
33932.199
34706.148
35033.266
35171.352
35354.066
35799.285
35733.934
35189.684
35469.801
35356.016
35449.535
34769.816
35428.668
35521.617
35689.0
36088.617
35605.0
35492.883
35690.668
35732.352
35805.133
35978.082
36270.332
35963.883
36142.066
36332.418
36163.066
35025.082
34553.0
32867.883
31580.199
30642.883
30308.867
30253.15
30699.867
30667.883
31974.0
33632.285
34066.266
34693.883
34867.133
35101.215
35997.801
36938.883
36561.602
37299.816
37267.867
36980.75
36183.199
35886.285
36133.266
36742.551
37048.0
37521.816
38164.734
38989.484
39542.734
39623.551
39738.266
39006.551
38843.066
38393.148
38623.934
38734.285
38742.332
38709.285
38029.934
37666.484
37380.801
36824.684
36929.934
37239.684
37020.465
38413.75
38626.266
38992.551
39641.066
39859.484
38983.668
39250.75
38787.133
38859.551
39251.266
39566.285
40035.867
41061.949
40850.066
41473.285
40964.199
40985.285
40548.332
39768.285
39989.066
39938.148
40098.332
39922.016
40165.867
40724.352
41055.0
40575.016
40686.332
41694.215
41134.066
41577.352
40833.668
41467.484
40882.602
40028.617
39466.266
39116.816
39056.734
39307.816
39619.0
39983.016
41143.602
40935.352
41718.734
41232.082
41275.199
41012.148
40565.867
40245.684
39796.934
39101.949
39361.332
39300.816
39015.535
39266.148
39263.801
38991.684
39102.934
38971.352
39120.535
39580.816
40020.266
40011.082
40448.066
41209.285
41456.465
41364.75
41724.602
41485.148
41408.398
40629.684
40215.602
39715.148
39973.332
40413.883
40178.0
40997.016
41300.199
41958.75
42220.934
42159.684
42089.535
42971.551
43298.867
43828.949
43932.133
43572.148
43443.465
43135.949
43123.133
42463.215
42233.266
42382.75
42352.0
41999.215
41979.801
41042.551
41674.066
41245.883
41680.133
41573.215
42468.266
42989.75
43654.133
44034.551
44329.668
43351.418
43453.199
42922.215
42989.934
43295.418
42963.734
42949.082
42575.535
42940.617
43327.934
43374.285
43602.266
43571.949
44128.199
44557.484
45402.535
44609.75
44489.266
43767.418
43745.801
43008.352
42992.602
42879.148
42629.535
43230.75
43370.199
41536.148
42797.199
42717.148
42321.734
42545.418
42289.867
42173.148
42396.934
43050.684
43322.734
43347.75
43291.867
43416.551
44160.199
44222.883
44572.734
44268.816
43703.398
42316.883
40776.602
39947.016
38410.465
36778.684
36248.0
36945.883
37975.199
40342.75
40997.199
40385.617
40424.332
40669.551
40106.133
40526.816
39987.602
39527.883
40369.465
41619.148
42691.0
42547.285
42969.668
43163.617
43661.602
44465.75
43963.0
43890.949
43906.0
43167.285
43589.934
44072.949
44115.0
43918.215
44802.066
45254.816
45252.535
45337.949
44591.602
44455.082
44115.199
44336.082
44022.734
43297.082
43083.066
42607.617
43593.934
44440.551
45173.0
44880.418
45525.332
46452.883
46824.133
46246.551
45820.535
46188.75
45582.867
45394.215
44751.066
45449.883
45992.867
45533.148
45191.266
44821.883
43736.0
43085.352
41476.465
40263.148
39930.133
39962.082
40399.867
40882.148
42156.535
42356.75
43643.668
44016.352
44070.734
44765.082
44986.734
45441.016
45557.801
45782.285
46240.465
47125.352
46468.066
46100.352
45219.133
45121.949
44909.465
44805.352
44854.465
44874.418
45596.199
46655.148
46633.199
46651.285
46687.934
46568.418
46318.934
46296.016
46301.0
45139.484
44577.668
44138.484
43469.934
42676.148
42152.266
42491.484
42811.398
43309.75
43707.801
44457.75
44591.934
44306.016
44139.066
44334.949
43983.668
43593.148
43776.465
44161.816
44697.332
44849.082
44916.602
45459.484
46045.0
46007.148
46052.465
45792.285
45603.066
44983.684
44194.934
43838.75
42964.066
41917.082
43230.398
43081.551
43502.066
43632.148
44285.734
44406.883
44821.934
44224.418
44328.066
44686.148
44171.066
44030.285
43818.801
43731.816
43409.133
42728.418
42225.535
42367.148
42480.465
41987.082
41258.668
41680.148
41502.332
41181.484
41145.398
41451.949
41773.734
41980.75
42462.465
42681.484
43103.535
42873.016
42678.867
43117.816
43044.535
41832.285
42617.535
42204.148
42198.465
42434.949
41768.398
41893.418
42777.398
42965.484
43389.934
43254.816
43356.0
43324.883
42980.801
43454.016
42960.266
42389.816
42349.0
42703.883
43187.266
43332.617
42558.535
42749.551
42619.668
42194.352
42515.668
42586.215
42518.801
42293.816
42525.133
42190.215
42409.934
41823.082
41525.465
41411.215
41330.199
41609.75
41170.801
42073.352
42302.465
42816.684
42193.465
42379.082
42403.668
42645.418
42539.602
42292.352
42480.734
42391.75
42205.133
42220.551
42258.266
41893.75
41452.535
41814.617
41920.199
42138.551
42057.867
42235.75
42253.0
42138.949
42544.0
42580.617
42862.0
41940.75
41587.199
41805.016
41286.465
41327.684
41073.668
41627.215
42177.133
42019.617
41898.133
42205.551
42099.266
42426.816
42259.199
42344.352
42703.734
42449.352
42402.734
42667.285
42640.668
42579.484
42443.465
41730.617
41933.668
41112.352
41388.266
41429.016
41366.199
40966.148
41092.934
41088.816
41006.535
41036.215
41468.398
41076.75
41689.332
41456.352
41388.465
40806.285
40427.535
40081.551
40221.602
39812.484
39860.266
39501.215
40135.867
40364.285
40413.465
40218.484
39856.668
40953.949
41164.602
41432.75
41527.199
42119.75
42274.535
41607.016
41443.734
41241.883
41217.867
40350.215
40504.734
40714.148
40766.0
41034.949
40984.867
41466.617
41387.266
41513.551
41329.801
41583.484
41221.066
40961.883
40386.465
41031.352
41134.668
40319.215
41193.602
40820.684
41178.602
41366.551
40815.867
41143.484
40723.734
39871.148
39429.133
39951.215
39699.801
39369.418
39806.668
39846.551
40913.668
40611.148
41263.398
41436.352
41162.0
41056.75
41387.066
41761.684
41219.066
40697.285
40449.801
40467.617
39950.934
39752.816
39713.602
40298.418
40284.398
40273.949
40188.266
40837.352
40951.0
40465.617
40249.398
40294.215
39865.734
39236.816
38709.867
38856.684
38774.266
38427.285
38758.734
39016.484
39653.0
39851.684
39970.133
40306.016
40564.535
40885.949
40834.332
40975.75
40782.602
40574.148
41149.398
40494.148
40949.332
40662.418
40235.602
40828.816
40624.734
40845.016
40424.0
40315.418
40303.199
40187.551
39636.066
39840.949
39567.133
39330.148
39670.668
39294.016
39123.0
39086.883
38977.332
39774.215
40046.734
39227.016
39361.332
39953.883
39896.535
39722.816
40199.801
39731.285
39407.266
39315.484
38522.535
39040.949
38227.199
38435.949
38353.602
38283.883
38810.133
38618.75
38946.535
38824.949
38771.266
39110.215
39071.867
39387.617
39276.332
38832.082
38907.465
39093.617
39251.133
38451.617
38737.465
38965.484
38962.934
38397.285
38860.801
39518.551
39120.133
38853.082
39627.668
39745.082
39632.801
39304.684
38911.602
39508.215
38994.398
39164.484
39099.133
38924.215
39041.535
38968.215
38699.867
39053.949
38800.535
38118.215
38283.535
38612.684
38402.934
37748.816
37804.602
37499.418
37386.535
37190.352
36738.199
37347.75
37351.668
36960.883
37941.734
37882.883
38132.199
38045.215
37724.535
38225.148
38037.934
37671.285
37165.668
37614.617
37802.535
36970.016
36143.734
35418.215
34714.332
34188.285
33453.332
33101.282999999996
32501.133
32062.084
33182.0
33798.352
33844.133
34411.016
35111.332
36287.75
36026.734
36501.418
36320.398
36265.617
36443.398
36017.551
35847.602
36005.082
35981.465
35503.816
35643.734
35779.016
35976.133
35776.617
35546.398
35988.215
35800.734
35800.816
35585.801
36021.883
35902.602
35561.484
36168.867
35931.816
35759.602
35319.215
35025.199
35116.215
35014.398
35008.352
35177.934
34999.551
35370.398
35424.75
35225.734
35461.617
35963.398
35624.148
35376.934
35621.484
35808.535
35677.75
35767.398
35662.949
35223.867
35100.551
35011.867
35263.551
35126.602
34355.148
34742.133
34673.418
34902.398
34736.484
34579.734
34715.285
34866.398
35175.551
34718.801
34886.484
35149.867
34591.75
34887.398
34838.352
34797.332
34206.949
34300.934
34294.551
34333.535
34368.75
34286.066
34178.949
34186.602
33600.082
33933.398
33688.016
33950.602
33525.484
33840.465
34488.551
34093.734
34521.949
34534.332
34386.949
34786.934
34575.016
34648.535
34660.949
34556.398
34791.816
34598.602
34733.816
34465.535
34697.551
34508.734
34915.816
34258.465
34349.484
34137.934
34359.082
34510.934
34071.617
33910.199
34007.082
34026.535
34048.949
34073.465
34137.215
34272.465
34194.285
34146.066
34093.215
33752.199
33289.75
33161.801
33400.617
32909.532999999996
32532.816
32719.199
33126.883
33084.334
32648.75
32674.066
33050.75
32842.334
32518.285000000003
32234.6
32534.35
32323.066
31971.018
31523.066
31871.75
31928.934
31902.15
32157.801
32057.15
32102.199
31508.15
31723.334
31376.283
31268.199
30500.283
30332.066
30420.018
29962.4
29904.35
29240.334
29621.949
29295.732
28759.482
27982.066
27812.617
27942.334
27744.084
27184.066
27481.217
27352.934
27613.949
27738.4
28322.551
28695.467
29522.084
30245.4
30362.416
30564.268
30596.084
30839.533
30666.617
30259.199
30369.283
30083.334
30363.816
30083.066
30463.883
30556.732
30860.949
30762.199
31004.217
30924.6
31349.684
31183.867
30937.084
31228.066
31595.084
31302.0
31015.949
30831.0
31108.018
31008.666
30769.283
30797.268
30848.084
30903.867
31284.15
30482.533
31013.883
30989.666
31039.217
30919.066
31095.816
30904.801
30548.217
30522.6
30627.283
30808.732
30129.949
30004.199
30248.084
29956.867
29879.816
30115.066
30187.084
29888.066
29810.283
29512.533
29499.482
29505.666
29634.883
29576.467
29546.018
29511.467
29505.482
29389.133
29290.551
29268.066
29082.15
28512.199
28909.018
28451.934
28611.617
28584.666
28717.684
28465.133
28581.018
28537.334
28595.816
28918.533
28759.15
29076.732
28890.217
29110.066
28890.551
28317.732
28463.35
28222.867
28085.416
28275.867
28190.949
28173.133
28181.551
28041.934
28485.15
29010.467
28555.883
29120.133
29203.283
28971.066
29158.15
28802.4
29024.217
29217.4
29330.35
29534.268
29632.018
29959.334
29891.482
30281.934
30629.416
30914.801
30394.883
30247.934
30602.283
31103.666
30940.018
31423.0
31582.482
32006.934
31810.482
31902.867
31845.15
31557.867
30807.283
29754.732
29201.018
28950.268
28604.018
28350.467
28093.75
28082.0
27979.482
27901.467
28090.816
28045.6
28027.084
28002.6
28386.551
28075.4
27976.617
27650.066
27644.217
27852.133
27403.217
27693.268
27569.283
27829.934
27788.15
27899.268
27990.15
28192.199
27829.816
27989.867
28314.482
28092.0
27538.15
27870.0
28262.883
28065.066
27678.883
27967.0
28250.617
27639.199
28089.684
27380.934
27725.283
27379.133
27152.084
27292.934
27185.416
27267.133
27002.15
26531.467
27181.15
27275.533
26961.084
26929.867
27105.15
26900.666
27242.35
26698.867
26892.35
26967.533
27127.217
27097.934
27204.617
26961.666
27093.217
27205.467
27468.75
26978.934
26603.883
26643.6
26906.551
27045.066
26740.883
26921.066
26764.949
26945.6
26727.684
26707.334
26769.684
26664.334
26270.416
26044.6
26638.416
26412.801
25954.684
25853.867
26334.551
25889.0
25938.018
25996.934
26237.35
25915.934
24940.283
25698.732
26108.816
25713.133
25657.482
25275.934
25512.684
25646.934
25880.217
25853.334
25739.949
25445.666
25493.617
25512.334
24900.883
24788.268
24228.949
24529.801
24054.018
24487.666
24070.816
24159.867
25497.217
25256.801
25230.416
25839.4
25623.551
25685.801
25213.018
24975.6
24786.416
24827.666
24526.816
24592.732
24696.617
24745.934
24344.949
24662.4
25322.084
24878.268
24314.816
24631.533
24938.949
25008.334
24684.084
24832.199
24896.75
24600.334
24264.949
23895.467
24306.684
23833.133
23797.551
23333.0
23348.482
23427.0
22759.551
22325.867
22205.482
20757.268
20008.816
19192.467
19341.551
19360.4
19436.283
19688.533
20474.551
21371.801
21830.283
21912.934
22125.617
22786.467
23239.416
23141.732
22848.283
23302.934
23158.283
23288.666
23327.018
22936.199
22590.084
22489.666
22936.283
22793.732
22370.617
23054.334
22971.018
23176.867
23250.684
23133.666
23247.35
23179.066
22998.15
23091.268
23185.551
23345.467
22950.35
22967.732
23375.617
23405.334
23340.75
23346.801
23514.416
23482.533
23387.551
22897.199
23334.15
23268.268
22967.15
22767.801
23011.35
23153.4
22962.617
22509.199
22731.617
23060.066
22477.816
23121.6
23251.416
23201.0
23620.617
23348.867
23458.883
23414.066
23206.75
23390.4
23312.75
23261.133
22886.217
22949.199
22995.35
23046.533
22910.617
23020.4
23225.816
23275.268
22947.75
22716.801
23008.35
22908.334
23085.883
22632.666
23151.949
23011.268
23195.283
23188.666
23267.084
23181.268
22745.217
22508.334
22991.15
22901.867
23098.35
22629.6
22589.883
22694.533
22521.75
22916.199
22656.551
22614.268
22049.482
22089.268
22210.482
22448.6
21583.816
21879.268
22140.018
22078.133
21872.949
21709.666
22126.416
22068.666
21813.217
22041.0
22090.816
22250.334
21545.949
21763.133
22242.018
22288.334
21916.018
21801.934
21918.15
22084.867
21722.949
21697.133
21887.684
21811.867
21185.084
21540.6
21515.684
21340.533
21337.482
21417.867
21105.35
21916.199
21248.217
21195.801
21258.482
21318.133
21168.482
20633.934
21115.084
21189.4
20849.949
20576.066
21083.883
20951.4
20848.416
20302.066
20916.35
20836.934
20732.416
20796.334
20496.084
20708.666
20585.416
20111.533
20414.416
20210.334
20229.35
19755.467
20172.617
20083.6
19471.75
19103.199
19863.684
19689.133
19479.35
19353.467
19625.018
19496.533
19160.816
19063.0
19736.15
19442.199
19266.283
19134.268
19624.883
19168.066
18963.684
18897.199
19499.15
19304.066
19027.551
18980.066
19169.684
18852.867
18460.551
18165.867
18621.883
18725.6
18634.084
18906.732
19061.35
18913.268
18351.883
18939.4
18785.551
18659.199
18612.949
18579.533
18449.283
18629.268
18116.684
18016.467
17350.217
16523.6
15731.884
14960.066
14496.684
14294.733
14247.217
14235.866
15199.083
15797.066
15994.95
16511.667
16851.084
16885.4
16992.551
16881.801
16970.949
16470.666
16472.684
15754.134
16818.883
16745.467
16533.084
16462.467
16856.283
17101.133
17245.551
16957.467
17373.816
17620.133
17252.551
17340.533
17737.816
17728.666
17754.482
17865.467
17988.35
17943.334
17709.217
17362.334
18250.684
18002.0
17939.416
17558.199
18191.482
18319.0
18081.217
18250.4
18280.018
17805.666
17971.949
17634.066
18178.416
18062.066
17968.482
17903.533
17944.217
18213.533
17814.15
18317.0
18292.684
18361.801
18288.084
17884.6
18594.684
18593.934
18182.15
18398.867
19053.15
18823.334
18600.416
19108.732
19343.949
18984.133
18749.816
18857.533
18520.551
18665.066
18157.816
18327.801
18611.684
18491.6
18475.35
18870.133
18557.283
18678.133
18059.217
17875.867
18805.816
18629.268
18463.482
18606.268
18471.883
18528.666
18613.482
18316.666
18390.084
18347.066
18308.217
18237.066
18417.084
18073.867
18174.283
18049.6
18444.949
18182.133
18277.018
18231.334
18630.949
18201.0
18278.949
18182.533
18457.551
18725.133
18749.283
18637.066
18542.551
18443.133
18362.482
18559.801
18657.551
18787.533
18777.949
18429.801
19078.883
18944.6
18826.551
18332.0
18904.283
18794.334
18591.15
18498.066
18552.482
18733.066
18860.816
18752.666
18846.416
18562.867
18676.684
18848.0
18549.084
18675.732
18550.684
18419.934
18522.617
18669.133
18393.551
18326.0
18464.15
18723.4
17776.416
18540.0
18557.416
18502.666
17797.684
18188.268
18466.018
18586.666
18421.416
18445.0
18392.551
18560.066
18302.217
18153.867
18557.283
18313.867
18372.75
18039.199
18307.15
18326.268
18023.018
17953.4
18245.217
17872.934
17840.883
17690.334
17995.816
17888.334
17539.75
17837.934
17835.883
17584.268
17730.551
17863.268
17672.684
17622.133
17418.283
17452.934
17764.482
17417.0
17547.15
17207.533
17249.283
17301.867
17197.283
17274.0
17077.482
17036.6
16931.018
16916.467
17183.684
17098.6
17035.551
16098.066
16330.217
16230.733
16017.684
15354.533
15279.684
15241.0
14870.35
14192.2
14756.217
14608.134
13788.95
14215.866
14106.616
13734.333
13863.35
13349.267
13499.884
13313.0
13035.75
13156.8
13406.35
13254.866
13437.217
12192.467
12938.15
13022.4
12584.15
12890.467
13163.816
13265.533
13018.884
13444.866
13753.017
13814.267
14018.684
14439.2
14428.017
14306.467
14402.616
14170.0
14173.15
14336.2
14338.684
13769.066
14189.283
14034.134
13676.283
13038.8
13342.684
13136.134
12830.684
12688.533
12520.217
12612.0
12477.15
12347.6
12740.884
12754.866
12593.417
12597.333
12688.95
12554.667
12455.217
12351.267
12813.55
12619.134
12269.217
12712.8
13104.616
12893.6
12580.15
12788.667
12724.816
12784.333
12700.417
12617.333
12626.616
12394.4
11809.017
12356.467
12232.017
12382.866
12561.816
12090.533
12652.35
12517.533
11760.884
12059.6
12231.417
12084.533
12116.283
12406.866
12504.816
12523.0
12678.083
12631.866
12764.35
12568.134
12510.217
12200.0
12438.55
12554.533
12272.35
12288.667
12538.15
12520.4
12276.684
12732.333
12804.684
12970.667
12536.217
12765.934
12937.417
12908.0
13106.816
12426.066
12918.684
12783.4
12978.417
12601.8
13288.283
13017.066
13177.884
12810.6
13346.15
13277.2
12943.217
12752.0
12972.616
12700.467
12633.283
12885.267
12788.35
12657.6
12331.75
12292.934
12535.417
12717.2
12563.35
12715.733
12680.483
12512.333
12336.55
12556.134
12645.483
12504.667
12803.15
12213.6
12531.75
12803.866
12790.217
12433.667
12505.283
12070.6
11766.35
12229.467
12124.283
12175.333
11405.217
11913.8
12229.75
12118.667
11791.483
12135.866
12397.083
11988.934
12109.75
11974.533
12209.684
11850.0
11624.15
11564.0
11893.417
11851.533
11425.417
11707.2
11692.95
11827.467
11648.417
11743.134
11794.483
11655.333
11480.884
11707.2
11840.75
11758.134
11592.35
11969.667
11673.616
11762.733
11665.083
11494.8
11672.15
11641.8
11467.884
11364.733
11423.35
11493.8
11178.75
11110.2
11579.55
11554.866
11283.017
11325.467
11568.75
11562.6
11142.95
11200.866
11438.684
11198.6
10989.083
11382.934
11351.616
11142.6
11354.083
11150.467
11215.217
11149.934
10871.684
10519.4
11219.684
10869.8
11120.217
10921.8
10982.75
10813.533
10789.75
10607.333
10944.083
10835.866
10724.017
10425.467
10737.884
10763.866
10569.55
10526.8
10794.55
10794.866
10275.15
10454.2
10724.15
10689.6
10007.017
10166.667
10591.217
10557.0
10449.417
10144.066
10659.217
10545.333
10496.083
10240.267
10372.95
10187.866
10077.55
10243.333
10372.017
10177.733
10019.884
10077.533
10503.816
10506.866
10267.95
10025.267
10111.35
10250.667
10068.95
9866.8
10231.417
10126.134
10088.95
9778.866
9978.816
10055.267
10010.017
9827.866
10042.616
9822.267
10254.75
9557.4
9991.017
9888.533
9702.417
9256.667
9992.417
9957.4
9971.55
9642.667
9729.483
9592.0
9721.283
9828.2
10105.417
9316.934
9581.35
9391.333
9634.283
9028.6
8575.55
7880.333
7583.817
6710.867
5832.217
5182.8
4501.75
3721.2
3309.083
2610.933
2913.483
2814.8
2538.017
2741.067
3636.55
3863.533
3907.2830000000004
4928.267
5499.083
5816.533
6163.083
5509.133
6245.95
5855.0
5674.417
5304.2
5072.683
5144.333
4823.417
4585.6
4982.817
5060.733
5038.35
4847.467
5568.35
5385.467
5422.883
6048.467
6129.95
6351.933
6068.683
6576.667
6761.017
6749.333
6779.95
7043.0
7338.017
7370.533
6910.217
7204.8
7774.95
7788.333
7370.083
7890.867
8165.483
8300.467
8218.683
8267.6
8738.15
8697.733
8095.0830000000005
8257.667
8937.35
9033.4
8838.95
8592.934
9133.884
8935.533
8745.217
8738.134
9220.017
9025.934
8142.683999999999
9027.066
9185.083
9257.6
8929.684
8730.533
9235.017
9150.934
8969.616
8873.066
9036.017
9133.667
8707.684
8565.733
9458.483
9078.0
8855.55
8867.866
9205.35
9101.667
8974.35
8921.733
9138.083
9116.4
8940.75
8921.4
9208.95
9170.333
9022.083
8917.6
9244.75
9164.0
8640.417
8817.533
9157.083
9082.667
8697.417
8634.467
9041.816
8883.0
8932.483
8702.8
8975.816
9106.267
8792.017
8314.4
9114.75
9015.6
9006.483
8811.733
9311.95
9042.066
8881.95
8641.267
9118.55
8894.733
8470.616
8343.8
8943.684
8883.6
8888.217
8304.8
9007.217
8856.333
8738.35
8807.0
8994.816
8963.4
8756.283
8692.0
9197.083
9015.6
8187.0830000000005
8526.066
9108.816
8884.2
8858.35
8701.934
9079.15
8960.4
8516.283
8341.4
8900.55
8763.0
8731.95
8599.8
8923.95
8881.134
8752.483
8275.134
8965.75
8881.667
8547.017
8212.066
8825.483
8951.733
8623.684
8571.467
8899.816
8528.066
8500.483
8629.267
8619.616
8541.733
8391.75
8225.533
8801.483
8615.267
8248.283
8202.533
8648.283
8804.934
8102.0830000000005
8183.733
8629.017
8571.934
8601.417
8367.934
8577.483
8478.667
8419.55
8104.467000000001
8748.616
8498.6
8221.017
8200.933
8569.417000000001
8473.0
8285.483
7807.733
8434.217
8365.2
8252.483
7749.933
8512.082999999999
8311.267
7824.683
8258.733
8301.483
8225.133
7783.683
7902.667
8089.083
8163.4
7905.417
7902.933
8162.017
7936.333
7931.15
7751.4
8052.95
8074.867
7592.017
7531.267
8014.283
8007.067
7721.617
7659.133
7718.217
7879.267
7438.883
7604.867
7672.083
7695.733
7545.817
7308.133
7858.15
7732.467
7352.217
7031.133
7606.55
7759.133
7578.95
7284.4
7620.617
7613.2
6910.55
7326.333
7741.617
7365.733
7217.55
7255.533
7505.55
7532.8
7165.55
7022.4
7419.283
7533.0
7326.95
7216.267
7518.683
7343.8
7059.283
6764.133
7404.483
7212.267
7473.95
6946.733
7443.483
7389.8
6894.283
6949.933
7422.217
7252.333
7070.883
7131.467
7394.817
7332.467
6954.683
6846.667
7455.35
7214.067
7067.683
7090.8
7331.75
7191.133
6755.417
6654.867
7030.817
6981.4
6462.217
6592.933
7069.35
6899.0
7065.017
6733.6
7092.75
6935.867
7150.817
6764.267
7004.617
6879.2
6563.817
6531.0
6986.017
6861.4
6381.617
5875.467
6823.083
6845.0
6393.95
6591.867
6841.483
6617.2
6486.483
6462.733
6807.683
6596.2
6420.683
6083.933
6647.217
6707.4
5984.15
6157.333
6718.217
6505.133
6247.217
6029.533
6647.417
6599.733
6542.283
6107.733
6687.217
6595.733
6540.483
6423.667
6649.083
6473.2
5264.683
5757.867
6519.683
6608.133
6217.217
5954.6
6464.75
6583.867
5941.683
5940.133
6350.95
6308.2
5856.75
5886.8
6378.95
6337.2
5686.083
5686.933
6224.417
6175.4
5919.35
5914.867
6146.35
6072.067
5671.217
6052.8
6147.817
6163.2
5630.817
5862.667
6236.217
6006.933
5561.083
5454.867
6043.283
6042.667
5872.817
5324.733
6098.817
5984.733
5297.083
5423.667
