274.717
72.583
-131.21699999999998
158.71699999999998
451.65
141.317
209.25
242.317
244.38299999999998
254.383
126.183
-164.017
216.11700000000002
215.317
19.049999999999997
-40.083
356.317
5.382999999999996
57.783
367.183
423.717
179.11700000000002
463.85
160.38299999999998
278.25
203.517
230.25
-115.55
196.583
196.117
325.783
30.650000000000006
289.05
205.71699999999998
240.85
34.650000000000006
553.25
463.65
91.517
-59.283
249.65
123.717
-3.1500000000000057
191.05
198.71699999999998
226.183
148.583
244.517
230.983
251.983
-37.283
35.05
627.583
278.25
-8.75
-252.017
438.05
450.183
37.983000000000004
39.05
381.517
434.58299999999997
387.05
241.917
420.65
374.383
150.45
328.517
397.117
392.85
328.383
-140.417
446.65
288.983
40.31699999999999
80.25
384.983
188.11700000000002
141.78300000000002
76.517
310.45
504.183
208.517
62.516999999999996
243.11700000000002
348.85
41.583
13.849999999999994
250.917
201.45
502.383
-8.683000000000007
190.917
215.517
349.25
-61.083
199.317
245.65
207.183
88.583
422.91700000000003
366.783
-224.017
27.849999999999994
404.517
302.85
224.11700000000002
207.45
472.65
286.783
0.9170000000000016
279.91700000000003
104.583
325.983
252.11700000000002
275.317
416.183
290.983
551.65
-226.15
327.983
365.117
108.717
368.983
394.85
453.05
269.183
93.383
350.317
246.25
-55.75
113.583
343.05
313.117
136.38299999999998
7.516999999999996
419.317
449.717
60.18300000000001
-241.21699999999998
360.517
322.65
92.05
143.317
275.383
426.91700000000003
342.65
39.917
299.717
326.117
-273.15
-126.417
312.117
205.983
169.583
-13.082999999999998
338.85
272.183
54.849999999999994
210.85
407.58299999999997
299.25
252.78300000000002
-107.35
451.383
411.117
436.45
158.38299999999998
489.517
274.183
161.45
335.91700000000003
413.05
78.717
366.317
-158.28300000000002
142.183
226.38299999999998
9.450000000000003
372.25
588.45
424.85
164.183
-88.55
501.783
157.317
462.783
20.25
386.317
364.25
324.05
385.85
525.45
344.91700000000003
430.91700000000003
309.45
337.45
225.78300000000002
383.85
-345.817
392.983
360.25
184.317
144.78300000000002
142.78300000000002
319.317
477.983
174.78300000000002
247.25
308.717
121.183
-193.75
281.183
386.783
473.983
188.78300000000002
396.85
302.117
48.583
-327.55
452.517
242.917
-58.217
25.117000000000004
264.25
191.45
-999.283
-86.083
127.117
273.65
249.85
-66.55
569.917
398.05
259.85
63.917
265.983
235.38299999999998
-108.483
430.91700000000003
525.45
279.45
-181.21699999999998
32.717
315.183
326.517
-115.283
342.317
379.117
260.65
394.85
348.05
342.65
416.317
251.05
183.25
370.85
252.317
411.717
26.382999999999996
401.383
431.58299999999997
340.717
-70.95
225.517
319.45
82.45
-284.283
368.983
337.25
253.78300000000002
-120.017
355.91700000000003
335.45
209.317
83.583
369.383
353.117
-146.61700000000002
205.85
336.85
67.45
-139.017
160.583
270.05
216.65
316.117
163.317
269.317
522.25
106.05
178.583
385.58299999999997
536.383
397.183
167.317
235.583
283.25
97.583
501.65
366.25
213.71699999999998
-143.95
106.583
221.517
299.717
274.117
-2.950000000000003
547.583
559.917
40.516999999999996
291.183
376.383
355.383
241.71699999999998
114.383
347.117
394.91700000000003
95.383
143.78300000000002
301.983
330.85
190.78300000000002
312.91700000000003
483.25
448.117
414.58299999999997
121.783
579.65
194.45
410.25
-124.083
406.25
198.917
-64.81700000000001
305.25
356.38300000000004
223.917
562.717
414.65
403.65
300.25
673.783
112.11699999999999
407.85
314.91700000000003
-4.682999999999993
312.25
666.25
441.65
567.717
-5.282999999999987
485.05
396.783
426.58299999999997
233.85
387.45
573.783
-9.682999999999993
263.05
653.317
370.45
181.783
211.517
390.717
393.38300000000004
547.05
213.783
692.917
584.317
724.517
480.183
736.183
541.05
278.317
393.85
452.383
659.05
831.783
250.78300000000002
768.517
643.5830000000001
595.783
722.517
656.25
556.517
396.517
692.783
539.25
816.65
172.983
345.183
623.983
600.383
618.9169999999999
463.25
946.317
612.117
772.117
596.117
740.783
712.783
739.65
373.183
1072.717
525.5830000000001
634.5830000000001
548.117
897.05
574.517
754.983
662.717
672.183
938.983
844.85
733.05
691.45
930.65
717.85
514.583
1007.5830000000001
800.383
686.183
631.183
642.45
736.517
861.183
720.117
952.25
846.317
634.85
585.85
756.317
860.183
753.983
647.917
988.783
557.25
821.517
547.917
754.25
647.383
822.983
906.583
797.183
542.183
854.85
1031.05
514.717
940.917
787.65
822.65
842.383
838.45
686.45
1057.317
1229.45
755.05
760.717
1354.05
1003.25
1214.05
589.45
779.917
1260.65
1098.25
1236.383
1311.05
855.117
819.7829999999999
946.05
915.183
1451.917
1282.117
750.983
1225.383
1119.05
1338.717
1361.383
1190.65
1105.25
1444.183
727.183
996.517
1132.65
1292.783
1621.85
1568.583
1514.25
1445.983
1278.917
1381.717
1395.117
1289.183
922.45
1131.983
1475.65
1285.183
1554.983
1119.25
1624.917
1523.25
1623.917
1422.183
1581.117
1516.45
1110.25
1567.45
1428.717
1327.783
1275.783
1404.65
1387.917
1505.583
1411.983
1188.25
1525.517
1291.983
1282.783
1161.517
1625.45
1526.517
1463.45
1549.85
1652.983
1392.85
1366.05
1265.917
1521.383
1556.917
1421.383
1172.45
1672.383
1405.05
1463.25
1437.917
1596.85
1481.45
976.7829999999999
1438.117
1514.117
1579.05
1612.517
1780.917
1914.45
1720.917
1748.783
1718.85
1857.983
1920.317
1790.45
1858.25
1853.917
1865.717
2026.917
1878.383
2261.05
1736.117
1300.45
1568.117
1771.783
2051.517
1792.783
1877.717
2245.05
2053.583
1970.717
1908.717
2142.717
2200.383
2222.917
1938.183
2308.717
1992.45
1876.117
1748.183
1796.783
1718.983
2014.85
1362.05
1753.45
1909.517
2135.517
1811.317
2116.717
2017.917
2227.317
2018.783
2096.983
2169.317
2138.917
2050.85
2365.717
1941.65
2483.983
2224.517
2246.517
2159.583
2074.517
2257.983
2498.783
1872.583
1980.25
2303.05
2545.783
2257.05
2329.65
2086.117
2166.85
2039.583
2126.717
2262.383
2245.583
2557.117
2826.45
2129.05
2721.65
2688.25
2573.917
2451.117
2517.05
2383.983
2339.65
2645.983
2576.85
2382.783
2168.45
2284.917
2210.517
2173.583
2503.783
2398.25
2576.85
2788.583
2624.783
2750.05
2978.583
2726.383
3049.317
2896.583
3232.45
2994.05
2816.917
3049.517
3038.983
2950.917
2771.983
2911.117
2728.917
2809.717
2687.983
2841.85
2815.05
2594.517
2252.183
2541.45
2470.117
2468.383
2289.317
2237.117
2505.983
2253.383
2174.317
1867.85
2482.517
2037.117
2389.25
2421.317
2625.05
3119.45
2923.25
3228.65
3086.317
3272.583
3413.517
3017.183
3184.65
3133.25
2828.117
2740.983
3042.717
2890.25
3143.583
2709.65
2966.117
3043.783
3007.65
3186.317
3153.183
3208.25
3386.85
3331.317
3379.583
3354.917
3272.65
2992.05
3320.183
3380.717
3228.117
3484.717
3564.117
3430.05
3302.117
3004.25
3540.25
3412.85
3750.05
4039.317
4138.117
4501.05
4496.983
4354.183
4281.717
4207.383
4319.117
3915.983
4485.65
4164.85
4319.717000000001
4226.85
4456.317
3965.25
4109.782999999999
4249.25
4094.517
4150.65
3912.983
3640.05
4269.25
4368.317
4241.65
4431.85
4601.383
4616.25
4478.717
4209.717
4555.85
4487.45
3970.783
4166.983
4143.5830000000005
4361.45
4272.583
4514.85
4694.383
4423.917
4307.983
3743.117
4018.517
4121.717000000001
4152.183
3885.05
4322.517
3979.717
3985.717
3773.317
3691.317
3646.65
3555.317
3630.783
3659.517
3791.45
3561.383
3704.717
3436.25
3634.65
3773.983
3898.25
4199.05
4357.583
4505.717
4646.117
4444.917
4526.25
4091.917
4606.517
4410.05
4429.783
4961.183
4686.45
5371.25
5410.783
5349.45
5569.117
6137.183
5654.783
5774.717
5213.317
5378.717
5275.25
4849.917
4579.05
4636.983
4475.917
4272.317
4396.85
4889.717
4545.383
4847.383
4891.65
5402.983
5375.783
5530.117
5237.25
5072.117
4914.85
4523.183
4359.583
4436.25
4007.583
3867.383
3699.717
3761.917
3685.783
3105.65
3428.85
3444.25
3112.983
2772.85
3553.45
3614.25
3764.45
4073.783
3830.983
4673.583
4932.183
5009.317
4838.25
4935.983
4696.917
4334.917
4457.983
4384.85
4562.917
4569.317
4388.583
4964.05
4616.05
4803.05
4681.85
4852.117
4799.783
4710.517
4163.317
4753.983
4633.383
4784.85
4696.317
4630.917
4623.983
4689.983
4679.583
5408.383
5471.45
5484.783
5724.517
5910.583
5971.25
5956.983
5768.05
6112.317
5880.117
6300.383
5928.983
6366.717
6813.45
6123.05
6349.45
6435.983
6200.85
6161.05
5415.117
5280.383
4683.783
4421.45
3468.383
3286.65
2744.717
2556.45
2561.85
3121.117
3400.45
3776.05
4326.25
4696.717
4950.85
5261.917
5708.383
6022.317
6461.383
6351.85
6327.85
6463.583
5898.583
5757.65
5421.583
5038.517
4230.783
3903.25
3567.25
3545.65
3893.917
4106.782999999999
4686.183
5605.583
5913.783
6155.783
7064.917
7310.717
7430.517
7882.317
7580.517
8307.65
8356.917
8757.117
8459.983
8422.85
8862.783
8613.116
8664.717
8815.05
8664.25
8933.917
8724.85
9364.25
9199.783
9298.184
9073.25
9601.116
9444.917
9270.116
9387.783
9897.85
9651.517
9604.116
9386.983
9516.583
9082.85
9143.517
9317.316
9413.384
9842.384
9577.116
9683.983
9753.783
9411.316
9136.316
8953.983
9140.25
9400.917
9564.717
9457.85
9483.384
9471.184
9393.517
9277.583
9191.45
9154.983
8965.583
9064.983
9527.65
9252.316
9500.45
9176.983
9314.983
9552.517
9339.85
9714.85
9897.85
9885.25
10032.783
10097.25
10215.917
10532.25
10779.85
10586.316
10510.917
10438.917
9731.116
9197.65
9334.917
9265.316
9187.783
9088.85
9426.783
9688.583
9835.583
10504.116
10431.717
11049.517
10989.316
11031.116
11017.65
11446.65
10783.116
10930.717
11366.583
10870.717
10923.917
11143.65
11061.384
10879.517
11501.517
11008.983
11309.717
11287.316
11196.983
10896.384
11181.184
11013.116
11029.983
10437.717
11143.85
10913.717
10941.05
10504.85
10878.05
11290.316
11458.517
11132.05
11385.45
11486.384
11260.983
11267.45
11208.05
10142.85
10610.717
10643.184
10696.717
10232.05
10857.783
10683.316
10733.25
10432.717
10418.25
10788.384
10920.583
10861.05
10954.116
10681.517
10429.85
10416.45
9790.05
10094.917
10817.85
10595.45
10729.184
11121.116
11439.583
11513.45
11678.25
11300.783
11473.05
11598.717
11527.983
11058.85
10854.517
10365.783
10535.45
9770.05
10437.384
10679.116
10341.384
10326.25
11165.184
11134.783
10562.85
10632.783
11437.116
11660.917
11351.116
11144.717
11256.184
11344.85
11065.983
10962.116
11247.316
11034.316
11312.917
11600.917
11295.25
11557.917
11848.65
10934.517
11202.917
11068.65
10675.65
10904.65
10230.917
10503.717
10519.05
11514.05
11380.517
11197.65
11244.45
10779.384
11018.983
10988.316
11326.25
10988.717
10760.917
10208.45
10029.25
9680.45
9295.917
9214.316
8563.983
8420.582999999999
8441.582999999999
8412.183
8953.25
9378.783
10347.917
10999.316
12127.583
12288.783
13354.384
12506.05
11926.783
12400.983
12273.316
12066.983
12841.184
12951.45
13199.25
13016.116
12891.983
12265.65
11745.384
11398.316
11608.45
11558.05
12875.384
12313.25
12951.783
13033.184
13368.65
13414.983
13022.184
13765.583
13972.05
14591.917
14473.783
14617.116
14879.45
15263.85
14171.65
14404.05
13735.184
14088.517
14083.05
14494.384
13895.85
13679.116
13226.45
13004.316
13285.384
12947.85
12057.184
12972.65
12799.65
13671.65
13829.184
13850.917
14791.917
14399.583
14019.783
14351.65
14342.517
14120.917
14111.517
14319.983
14758.05
15203.65
15238.316
14876.184
15010.65
16675.783
15415.316
15470.05
15755.384
15120.184
15701.45
15671.116
16289.983
15689.783
15147.316
15483.45
15711.184
15582.05
15069.25
14973.517
16134.65
16544.917
16184.917
15516.25
15880.184
15680.25
15534.783
14690.583
15593.85
15418.05
15104.517
14368.116
14989.116
15250.983
15243.85
14820.517
15855.65
15941.783
15696.917
16078.45
16268.517
16986.117
16257.45
16028.85
16629.783
16190.65
16548.449
15613.116
15968.983
16712.583
16300.315999999999
16417.85
16471.717
15983.717
16204.316
16657.783
17309.518
17025.916
16984.184
17200.117
16993.449
17470.85
17927.518
17463.316
17412.184
17017.184
16995.85
16489.25
16968.916
16522.051
16890.05
16228.384
15772.116
16016.184
15927.316
15621.184
16198.517
15713.316
15882.717
15982.384
15923.65
16035.983
15900.517
16440.116
16955.783
17322.117
16422.316
16501.982
16614.783
15986.116
16858.25
16502.916
17047.85
17030.117
17425.717
17430.65
17592.184
17843.25
17242.584
16785.783
18499.982
17865.783
17754.051
18045.85
18251.316
17063.184
17801.449
17030.383
18039.982
17743.85
16988.383
17539.051
18068.316
17783.449
17852.518
18889.051
18302.518
17652.717
17442.117
17213.051
17087.316
17687.518
18399.449
18241.383
18969.717
19099.051
19494.184
19001.316
19036.584
19421.518
19206.184
19179.916
19163.117
19279.65
19724.584
19348.982
20092.982
19816.65
19953.65
20428.051
20272.916
20199.65
19728.518
19844.916
20167.584
19739.916
19591.982
19388.316
20117.982
19756.65
20817.383
20028.449
19636.383
20150.982
20282.916
21031.051
21128.584
21246.051
20638.383
20886.316
20321.25
20507.916
20270.518
20694.916
20901.316
22758.184
20999.85
21931.316
22313.982
22445.051
21960.783
23255.85
22678.184
22999.85
23785.316
24496.916
23234.449
23830.65
23292.783
23580.916
25277.783
23655.449
23872.184
22989.916
22930.982
23079.051
23747.25
23659.184
24081.518
24891.117
24361.584
25116.65
25869.25
26530.184
26554.117
26707.316
27548.051
28253.449
27550.449
26145.65
26997.051
27239.25
26445.184
27032.117
27658.25
27706.051
27509.316
28018.051
28632.518
27908.85
29489.65
30166.916
29726.184
29113.449
30266.85
30114.85
30141.25
29851.916
30169.383
30367.184
30104.184
30187.117
29746.25
30050.584
30969.916
31816.85
32128.85
32479.783
33985.582
34189.316
33583.852
34280.184
34337.852
34060.648
34114.715
33132.984
34128.449
33263.648
33226.516
34916.316
35441.918
35787.184
35863.25
36065.984
36841.051
35933.25
36197.582
35616.648
35942.516
36134.984
35632.25
36434.715
37158.852
37542.316
37646.25
37831.383
38278.051
38285.25
37620.852
37958.582
37770.852
37852.918
37216.516
37818.184
37901.051
38103.918
38535.715
38043.449
37871.852
38078.516
38153.184
38246.449
38242.383
38621.984
38338.449
38532.648
38718.383
38471.984
37358.449
36728.184
35047.383
33592.383
32569.916
32197.783
32088.717
32607.518
32607.516000000003
33978.051
35686.117
36237.648
36908.785
37063.383
37342.316
38283.117
39351.852
38941.918
39657.184
39663.117
39303.184
38504.785
38169.582
38488.316
39031.184
39426.918
39881.051
40548.316
41482.383
42006.25
42126.648
42208.316
41380.449
41248.184
40715.316
41029.449
41144.984
41102.25
41045.918
40311.648
39894.516
39668.648
39093.852
39130.383
39456.516
39205.582
40706.852
41017.984
41351.184
41982.449
42255.785
41332.648
41579.984
41158.117
41167.984
41533.715
41883.449
42356.051
43442.648
43302.449
43894.051
43376.785
43361.715
42912.918
42120.184
42339.316
42206.648
42419.852
42205.715
42476.051
43058.918
43351.117
42903.852
42947.383
44047.051
43520.852
43930.852
43156.648
43811.984
43179.25
42170.316
41700.316
41322.316
41265.785
41462.582
41784.852
42225.715
43450.316
43158.648
44000.648
43455.715
43521.25
43253.582
42748.648
42408.316
42026.715
41321.852
41504.449
41457.316
41196.184
41404.316
41360.715
41121.918
41246.715
41072.051
41209.449
41720.383
42173.785
42216.051
42725.918
43438.785
43712.648
43619.785
43976.715
43731.449
43655.051
42908.516
42385.984
41866.984
42245.785
42647.918
42356.184
43192.582
43587.25
44196.582
44435.184
44424.918
44367.316
45271.184
45593.516
46110.852
46263.852
45830.25
45642.715
45424.984
45391.852
44691.117
44395.852
44525.785
44573.051
44197.25
44104.051
43158.516
43783.383
43363.648
43792.117
43672.117
44596.582
45120.852
45816.316
46210.852
46482.918
45510.715
45554.051
45061.715
45061.051
45415.984
45055.516
45061.984
44622.648
45033.184
45414.25
45419.184
45674.715
45723.316
46215.918
46667.715
47527.516
46682.516
46553.117
45832.582
45846.516
45014.918
44968.117
44908.918
44661.117
45330.25
45405.852
43667.316
44770.184
44612.984
44294.648
44490.984
44205.117
44068.449
44352.582
44950.715
45344.852
45311.648
45206.715
45410.184
46143.051
46220.648
46567.785
46253.648
45688.449
44251.582
42590.648
41698.383
40137.984
38307.25
37844.852
38546.117
39676.051
42110.715
42798.582
42157.648
42215.383
42409.25
41915.051
42332.715
41721.25
41186.449
42151.984
43427.449
44460.785
44394.051
44844.516
45022.117
45517.785
46394.648
45886.449
45723.051
45764.715
44925.715
45412.25
45897.984
45925.852
45801.984
46675.25
47046.184
47113.715
47175.316
46427.051
46241.449
45911.383
46143.648
45815.984
45049.383
44828.184
44320.715
45400.984
46198.852
46945.582
46714.852
47399.582
48310.383
48634.648
48108.316
47683.918
48004.117
47361.582
47258.852
46557.715
47252.383
47881.383
47363.785
47005.852
46616.051
45441.25
44782.918
43145.117
41923.117
41411.785
41532.715
41990.918
42539.715
43822.648
44006.051
45401.918
45732.117
45789.648
46511.516
46669.449
47226.715
47342.449
47524.852
48034.785
48904.184
48274.449
47865.25
46963.449
46831.516
46648.582
46528.383
46530.516
46558.316
47297.715
48371.383
48372.25
48411.25
48388.648
48295.117
47974.984
47990.516
47998.449
46811.051
46181.184
45838.582
45107.984
44220.383
43719.117
44115.184
44379.984
44889.051
45335.984
46031.785
46104.582
45928.316
45761.984
45934.383
45580.715
45159.316
45293.117
45803.516
46331.785
46429.984
46513.051
47040.582
47566.449
47561.582
47633.117
47337.117
47115.785
46456.918
45712.648
45317.449
44428.516
43341.184
44657.582
44546.648
44903.918
45072.516
45783.184
45861.715
46282.316
45704.582
45789.25
46146.051
45671.918
45511.383
45311.117
45272.25
44851.852
44123.25
43620.516
43801.184
43841.184
43355.918
42655.648
42958.051
42806.449
42539.383
42543.715
42776.449
43138.648
43391.383
43838.984
44046.648
44528.117
44288.316
44070.785
44552.715
44458.715
43245.383
43909.648
43571.516
43548.648
43783.648
43126.852
43263.25
44109.383
44347.984
44738.648
44559.051
44723.051
44669.516
44294.648
44891.648
44314.449
43739.715
43685.184
44004.449
44427.449
44632.648
43829.984
44038.852
43979.25
43469.117
43759.852
43921.648
43811.184
43576.383
43775.316
43445.316
43670.984
43024.984
42761.582
42636.25
42605.785
42827.449
42383.852
43266.449
43540.383
44076.449
43428.984
43606.117
43586.984
43867.25
43751.449
43488.785
43697.383
43639.383
43433.852
43397.918
43476.582
43106.648
42571.383
43041.516
43159.117
43322.316
43234.918
43385.516
43461.984
43372.316
43740.316
43728.984
44030.918
43153.383
42690.449
42916.648
42367.25
42469.918
42257.785
42765.715
43356.582
43136.449
42973.582
43330.449
43250.785
43560.582
43373.918
43485.25
43793.117
43562.984
43521.383
43748.582
43752.25
43641.449
43509.852
42802.582
43000.984
42180.918
42428.918
42513.715
42379.383
42023.383
42195.184
42135.117
42032.715
42074.852
42439.117
42069.25
42767.582
42535.449
42438.516
41838.785
41436.648
41090.984
41216.516
40822.516
40824.715
40470.051
41107.117
41356.582
41417.516
41206.984
40856.449
41942.383
42160.449
42448.984
42537.516
43145.051
43303.852
42598.582
42380.715
42270.25
42200.25
41341.117
41441.316
41710.984
41706.516
42095.918
42048.582
42462.316
42382.184
42493.184
42306.051
42561.25
42199.184
41962.449
41407.184
41975.785
42145.316
41294.383
42223.117
41789.785
42129.449
42353.715
41784.852
42114.516
41682.582
40863.582
40401.648
40847.184
40608.984
40298.117
40795.316
40789.516
41811.984
41511.449
42237.051
42443.051
42085.648
42027.918
42365.051
42753.383
42200.051
41679.582
41429.852
41427.582
40874.648
40732.918
40640.516
41281.316
41281.051
41268.516
41177.715
41836.648
41895.785
41473.918
41261.715
41208.984
40776.582
40178.582
39608.316
39656.516
39741.051
39267.051
39584.316
40012.648
40544.516
40802.051
40944.582
41241.184
41493.184
41866.117
41742.316
41929.184
41722.316
41560.516
42058.117
41405.383
41895.785
41581.984
41069.648
41692.582
41585.117
41761.051
41401.117
41180.117
41113.852
41181.785
40551.051
40690.715
40421.184
40209.516
40518.516
40173.184
40059.316
39938.785
39844.383
40650.785
40872.383
40071.852
40200.918
40830.984
40673.648
40640.184
41101.582
40611.918
40264.051
40139.383
39417.516
39803.316
38983.383
39195.184
39117.785
39049.648
39585.383
39386.852
39691.051
39556.117
39521.648
39863.383
39796.051
40103.852
40035.852
39572.648
39586.051
39821.852
39939.715
39142.449
39423.184
39637.051
39614.316
39065.316
39474.383
40224.984
39756.582
39476.516
40296.25
40384.117
40234.582
39907.051
39536.449
40074.918
39586.383
39758.984
39761.383
39485.918
39644.184
39507.582
39302.648
39629.25
39404.383
38731.449
38876.117
39159.582
38927.184
38331.449
38382.184
38032.715
37926.117
37700.184
37259.117
37878.852
37909.785
37555.051
38500.184
38418.516
38686.316
38615.918
38279.582
38841.785
38619.383
38287.051
37789.582
38256.316
38464.25
37632.516
36846.648
36142.648
35436.449
34849.516
34171.25
33773.582
33219.918
32704.85
33883.117
34516.449
34559.449
35137.383
35850.648
37026.648
36706.383
37145.25
36965.984
36891.051
37102.449
36648.785
36497.516
36712.516
36572.449
36231.117
36359.051
36464.715
36681.316
36472.316
36172.117
36594.984
36326.184
36375.715
36158.516
36521.184
36495.383
36187.117
36744.316
36602.582
36415.582
36031.984
35725.117
35813.582
35674.051
35665.984
35773.516
35589.449
35921.852
35961.715
35770.316
35984.383
36475.582
36175.918
35857.852
36151.918
36292.984
36153.918
36310.516
36211.449
35756.449
35592.051
35514.785
35731.516
35578.516
34863.984
35212.117
35076.316
35343.184
35181.516
35021.25
35105.117
35281.984
35544.785
35085.852
35283.582
35566.051
34946.117
35266.582
35217.25
35156.184
34593.648
34653.449
34632.984
34659.051
34718.383
34597.184
34503.648
34494.449
33902.984
34227.516
34042.25
34308.582
33785.852
34144.984
34754.785
34401.852
34824.449
34820.316
34693.117
35096.984
34913.582
34951.918
34924.648
34853.25
35087.984
34891.316
35024.316
34713.051
34979.184
34736.316
35145.184
34475.449
34670.582
34416.383
34618.918
34785.785
34307.449
34143.051
34243.648
34285.316
34257.715
34313.25
34396.785
34465.516
34447.516
34353.25
34304.25
33927.984
33494.184
33399.918
33583.984
33073.051
32773.316
32936.715
33347.25
33271.117
32875.184
32861.582
33210.516
33023.383
32696.785000000003
32437.783
32695.916
32500.449
32133.85
31660.584
31955.117
32063.25
32035.184
32311.25
32211.117
32174.051
31641.051
31855.85
31455.117
31360.383
30617.518
30448.316
30491.85
30059.916
30040.584
29376.051
29718.449
29402.184
28843.25
28046.65
27943.584
28043.65
27878.982
27265.65
27498.316
27450.449
27700.051
27817.184
28440.449
28820.65
29578.85
30342.184
30454.584
30584.383
30630.316
30887.982
30705.316
30383.117
30432.65
30129.383
30459.383
30179.717
30530.783
30565.584
30903.783
30826.916
31065.916
30946.383
31400.184
31249.783
30987.383
31266.051
31614.982
31362.383
31051.25
30796.117
31168.184
31086.316
30799.717
30777.449
30843.316
30863.584
31261.518
30498.717
31034.25
30995.117
31059.117
30868.783
31080.117
30861.916
30539.717
30525.783
30618.117
30810.783
30132.117
29962.65
30195.584
29967.383
29853.184
30048.383
30175.982
29847.85
29809.85
29542.25
29507.584
29491.717
29624.518
29536.449
29523.518
29453.584
29463.916
29365.25
29263.117
29199.051
29001.117
28463.449
28871.449
28432.916
28568.117
28556.051
28702.65
28395.25
28622.25
28504.65
28571.65
28925.184
28688.051
28992.25
28871.717
29022.85
28845.117
28354.25
28521.717
28336.518
28135.783
28366.982
28240.449
28244.584
28300.65
28181.117
28600.982
29034.316
28610.518
29134.584
29245.85
28985.982
29117.85
28842.916
29083.316
29223.717
29336.783
29525.383
29620.783
29975.584
29863.916
30256.316
30552.184
30873.85
30346.85
30191.449
30570.518
31061.982
30874.383
31348.518
31544.25
31883.518
31710.383
31832.982
31683.85
31461.25
30670.783
29670.316
29080.982
28772.584
28443.25
28209.449
27975.982
28003.25
27844.25
27738.117
27957.982
27873.783
27903.184
27851.65
28253.449
27939.316
27822.25
27488.25
27475.783
27660.982
27216.717
27556.916
27392.518
27639.316
27595.65
27719.383
27830.25
28007.449
27611.449
27783.051
28131.449
27909.982
27328.783
27661.117
28016.85
27839.717
27446.584
27748.783
28036.584
27407.584
27884.383
27137.518
27496.717
27149.85
26923.518
27066.717
26948.916
27024.85
26713.184
26270.518
26953.916
26996.783
26673.584
26704.518
26825.65
26618.85
26983.85
26440.184
26672.117
26714.783
26831.584
26840.449
26936.316
26722.184
26854.117
26918.982
27200.584
26757.65
26359.25
26355.65
26621.383
26791.85
26456.316
26633.65
26483.184
26673.916
26414.25
26402.85
26532.184
26420.383
26022.783
25756.449
26382.316
26135.184
25696.051
25607.184
26070.783
25689.65
25691.518
25779.449
26050.783
25767.316
24793.518
25547.85
25955.85
25588.051
25526.051
25191.051
25427.916
25500.051
25738.717
25668.316
25610.449
25256.449
25345.85
25322.916
24726.383
24618.117
24026.783
24342.051
23863.518
24261.65
23805.518
23901.449
25161.584
24974.65
24936.916
25550.584
25395.518
25423.783
24998.518
24784.25
24630.85
24655.316
24361.25
24454.982
24518.117
24543.316
24133.982
24379.916
25008.783
24531.982
24017.65
24361.584
24609.383
24703.051
24392.316
24527.584
24630.916
24288.65
23967.449
23604.383
24018.449
23592.584
23535.25
23049.65
23079.117
23124.518
22496.518
22022.518
21879.916
20480.85
19722.783
18948.449
19051.051
19056.184
19171.316
19376.717
20158.051
21044.65
21509.916
21627.316
21787.717
22422.518
22914.383
22837.717
22523.584
22953.518
22840.982
22948.051
22954.316
22574.383
22234.051
22094.916
22557.316
22450.184
21999.916
22697.051
22592.916
22753.518
22907.783
22729.316
22881.982
22843.117
22589.982
22726.184
22790.25
22971.316
22534.85
22535.25
22970.982
23053.717
22909.051
22975.25
23141.316
23062.982
22934.184
22432.65
22935.051
22886.85
22538.783
22331.982
22592.051
22764.316
22511.85
22110.184
22333.982
22681.184
22028.051
22706.518
22837.25
22753.65
23193.85
22932.518
23047.051
22976.184
22782.184
22895.518
22832.85
22763.117
22438.717
22522.65
22525.982
22573.65
22493.584
22589.65
22779.518
22775.383
22498.117
22257.518
22579.584
22501.383
22625.717
22182.25
22754.584
22519.25
22738.982
22709.449
22794.916
22759.051
22246.051
21986.117
22540.783
22360.65
22577.449
22200.982
22123.584
22179.518
22084.117
22432.982
22179.85
22210.982
21585.85
21672.584
21769.982
21990.717
21128.383
21399.584
21649.584
21618.117
21404.449
21218.982
21661.783
21615.383
21363.85
21533.383
21598.316
21797.783
21060.717
21304.316
21765.316
21786.383
21453.982
21316.916
21447.85
21624.383
21239.25
21218.85
21343.051
21272.916
20745.584
21021.518
21043.051
20882.65
20857.117
20994.316
20665.982
21406.051
20728.783
20617.65
20774.717
20784.184
20686.584
20119.449
20660.051
20704.518
20362.518
20106.184
20602.25
20454.982
20359.449
19839.316
20382.449
20365.717
20220.65
20306.518
19951.783
20216.982
20092.316
19646.184
19934.717
19740.25
19757.316
19291.717
19733.717
19607.316
18995.916
18661.25
19413.449
19225.051
18998.982
18903.518
19151.051
19028.783
18691.65
18650.584
19258.916
18963.717
18789.051
18648.783
19117.982
18728.051
18520.117
18438.916
19022.25
18808.584
18549.051
18504.916
18690.65
18387.383
18010.85
17689.051
18188.383
18273.916
18162.518
18466.316
18574.982
18452.449
17877.383
18495.982
18294.518
18203.916
18175.25
18091.25
17981.584
18192.383
17699.65
17656.25
17061.584
16331.717
15633.983
14921.316
14525.983
14391.25
14342.65
14291.983
15195.983
15690.05
15882.25
16331.983
16602.917
16658.65
16749.117
16693.717
16815.117
16310.25
16263.717
15537.85
16631.65
16541.583
16280.583
16201.25
16627.916
16857.518
16999.184
16666.449
17098.982
17311.184
16969.916
17030.584
17405.25
17423.783
17382.982
17527.051
17642.783
17601.051
17365.051
17003.65
17921.982
17664.316
17661.316
17249.518
17923.117
18059.982
17792.518
18025.25
18026.051
17565.25
17769.584
17426.25
17987.449
17903.916
17744.117
17663.65
17714.783
17946.184
17517.916
18052.916
18024.051
18055.117
18024.916
17590.316
18313.117
18255.316
17887.65
18001.518
18702.982
18372.65
18169.518
18639.449
18862.184
18512.383
18246.117
18390.051
18040.982
18187.65
17705.982
17849.25
18182.584
18072.184
18060.982
18538.383
18187.316
18327.916
17719.85
17544.449
18452.383
18296.25
18087.916
18240.85
18072.184
18186.316
18284.449
17955.65
17982.25
17980.383
17935.25
17866.316
18049.518
17688.783
17810.184
17682.916
18036.518
17752.518
17907.25
17864.717
18269.383
17876.449
17897.717
17823.184
18056.783
18290.383
18292.717
18155.982
18070.117
17953.916
17846.982
18105.316
18239.783
18357.449
18345.449
17966.518
18609.783
18424.518
18380.584
17864.051
18451.584
18354.518
18109.518
18013.783
18111.383
18226.783
18372.783
18271.916
18363.316
18048.982
18133.717
18354.518
18079.051
18177.783
18032.584
17919.783
18016.383
18142.584
17895.982
17849.65
17939.85
18206.383
17264.518
18018.383
18063.783
17955.316
17257.584
17671.051
17965.916
18058.383
17902.25
17965.449
17911.783
18034.916
17760.982
17613.982
18041.85
17771.184
17859.65
17516.916
17749.584
17802.783
17475.117
17381.449
17697.117
17303.051
17292.051
17125.916
17454.316
17360.717
17026.449
17308.982
17292.783
17060.783
17208.25
17337.982
17149.65
17148.65
16906.916
16918.65
17215.916
16889.25
17039.783
16685.584
16762.051
16854.916
16719.65
16801.717
16606.25
16549.518
16530.982
16469.316
16701.316
16681.051
16591.517
15703.316
15981.983
15930.316
15787.184
15194.65
15158.65
15242.717
14866.25
14267.116
14801.65
14689.583
13823.983
14207.583
14161.05
13790.983
13933.25
13413.917
13524.85
13389.05
13142.583
13260.05
13497.65
13365.384
13513.05
12309.45
13057.517
13169.717
12683.05
12984.85
13217.184
13290.316
12997.517
13406.45
13607.45
13642.45
13759.184
14148.116
14139.85
13963.65
14093.983
13851.717
13843.517
14016.05
14011.316
13457.517
13916.116
13766.517
13485.717
12866.717
13261.316
13030.783
12750.65
12686.184
12554.583
12584.783
12425.983
12278.517
12672.583
12648.184
12528.917
12555.85
12677.783
12468.917
12416.05
12305.116
12749.583
12559.583
12205.25
12648.517
13009.384
12820.316
12518.583
12667.316
12622.184
12680.717
12594.05
12492.917
12589.116
12327.384
11742.783
12361.917
12191.25
12330.917
12454.85
11944.85
12470.316
12326.184
11638.85
11908.65
12128.384
11989.05
12044.583
12279.45
12405.184
12377.25
12554.983
12472.65
12608.583
12428.983
12387.25
12104.983
12339.783
12430.05
12142.85
12141.783
12403.583
12385.184
12095.85
12576.85
12593.116
12741.983
12268.05
12464.583
12622.184
12580.783
12787.45
12089.917
12603.384
12482.45
12664.05
12253.65
12927.65
12670.65
12775.717
12422.25
12942.45
12898.316
12558.517
12378.184
12578.517
12370.65
12281.116
12489.717
12419.717
12277.783
11977.65
11928.184
12175.65
12368.316
12201.384
12365.65
12331.384
12180.517
11974.917
12176.783
12255.45
12131.917
12402.45
11819.316
12116.116
12386.583
12341.85
12062.25
12103.184
11640.917
11360.517
11825.384
11705.517
11777.45
11010.25
11524.25
11824.116
11659.783
11418.25
11731.25
11940.316
11527.45
11708.65
11514.517
11781.384
11426.783
11174.85
11151.65
11498.917
11427.983
10976.45
11281.45
11269.384
11408.65
11251.983
11291.85
11364.717
11230.25
11047.384
11244.583
11410.316
11322.517
11173.517
11514.783
11230.184
11323.316
11253.85
11066.917
11229.45
11198.717
11030.384
10889.116
10998.116
11059.583
10767.517
10687.583
11153.05
11118.85
10831.384
10882.717
11127.917
11121.917
10679.05
10750.917
10972.85
10780.85
10536.917
10954.116
10916.05
10707.983
10905.65
10692.983
10775.983
10720.85
10430.116
10080.184
10769.316
10419.85
10657.917
10472.116
10571.05
10390.85
10344.983
10155.583
10542.05
10388.917
10307.184
10025.65
10302.583
10327.983
10155.384
10130.65
10410.184
10364.983
9858.184
10015.65
10305.917
10253.783
9580.05
9761.717
10179.116
10130.917
10062.25
9698.517
10262.184
10137.25
10061.116
9817.25
9972.517
9780.85
9664.116
9807.384
9977.85
9769.983
9599.65
9668.116
10078.25
10086.517
9872.783
9583.45
9686.316
9828.25
9660.583
9474.65
9819.05
9727.517
9699.116
9384.25
9576.517
9650.717
9618.85
9444.384
9650.85
9437.583
9888.983
9181.05
9596.917
9502.45
9317.384
8887.05
9603.783
9549.316
9579.25
9233.717
9346.184
9212.116
9328.85
9431.983
9716.917
8939.316
9232.25
9017.184
9280.85
8718.517
8313.05
7670.05
7485.85
6671.383
5891.383
5322.183
4721.583
3968.517
3619.65
2945.05
3251.317
3168.25
2895.783
3092.317
3999.45
4175.85
4139.25
5102.783
5643.583
5912.05
6225.85
5566.983
6346.85
5931.783
5793.383
5440.65
5257.25
5333.85
5032.85
4792.183
5175.383
5260.183
5221.383
5002.383
5735.717
5502.983
5535.383
6159.65
6201.383
6427.05
6094.117
6570.25
6748.517
6724.05
6737.383
6971.317
7238.917
7280.383
6812.317
7069.45
7598.183
7603.783
7186.717
7680.717
7937.583
8053.25
7967.183
7994.783
8483.183
8421.05
7813.717
7949.25
8624.05
8702.116
8527.25
8249.85
8771.25
8619.583
8405.05
8405.583
8885.583
8681.917
7837.183999999999
8646.983
8833.583
8903.384
8569.05
8355.05
8859.85
8803.05
8595.717
8500.717
8647.316
8747.983
8343.384
8182.65
9089.116
8691.116
8498.85
8502.783
8818.45
8716.783
8583.65
8567.184
8779.116
8736.05
8548.25
8521.783
8841.384
8780.316
8661.25
8551.116
8839.316
8813.85
8226.116
8449.85
8779.25
8662.583
8325.917
8241.116
8635.116
8518.65
8552.65
8320.717
8586.517
8723.45
8426.184
7955.450000000001
8729.45
8623.384
8614.05
8417.583
8926.45
8650.65
8488.384
8244.65
8752.45
8546.517
8098.384
7942.383
8574.184
8485.117
8527.117
7924.717
8615.25
8482.116
8354.517
8424.85
8606.05
8560.583
8407.05
8321.25
8838.65
8648.25
7767.782999999999
8132.983
8732.517
8494.316
8486.85
8315.517
8686.517
8582.183
8139.517
7953.85
8514.383
8354.717
8352.582999999999
8256.582999999999
8558.117
8519.517
8352.783
7903.783
8584.184
8503.983
8159.85
7855.917
8444.45
8583.65
8254.117
8190.983
8527.183
8156.05
8129.183
8249.183
8232.783
8200.783
8019.383
7853.117
8422.183
8248.317
7895.583
7838.117
8301.65
8426.517
7732.917
7817.117
8268.05
8217.85
8242.383
8006.65
8205.25
8120.917
8065.05
7757.65
8400.85
8161.717
7862.05
7843.85
8193.383
8114.583
7966.183
7466.45
8105.183
8031.583
7922.517
7429.983
8205.25
7978.85
7492.183
7890.717
7992.783
7894.65
7499.783
7610.183
7766.783
7884.25
7645.45
7613.183
7874.25
7672.85
7630.85
7451.25
7747.517
7764.05
7301.85
7245.717
7726.05
7697.783
7420.65
7361.583
7418.05
7574.317
7142.383
7305.25
7391.917
7434.183
7247.117
7017.983
7598.25
7435.25
7060.05
6731.317
7315.25
7474.517
7265.717
6979.183
7297.917
7273.917
6592.117
6988.317
7417.65
7055.45
6909.717
6959.917
7195.517
7233.383
6853.25
6716.383
7136.983
7213.45
7048.317
6931.65
7296.717
7091.383
6772.517
6521.85
7138.05
6947.317
7203.717
6715.05
7169.383
7101.65
6602.583
6669.25
7127.05
6972.783
6780.65
6840.25
7104.783
7049.983
6647.25
6579.85
7181.917
6906.317
6770.317
6788.25
7055.717
6916.45
6479.583
6402.383
6769.717
6715.85
6180.25
6329.45
6812.917
6642.383
6832.383
6461.05
6831.05
6667.45
6905.05
6494.583
6752.85
6634.183
6287.183
6268.317
6734.183
6597.917
6153.117
5621.583
6577.65
6625.717
6166.583
6336.317
6594.783
6384.05
6213.65
6180.517
6554.383
6345.983
6185.917
5828.783
6401.917
6455.183
5735.25
5892.783
6461.983
6239.25
5982.05
5774.983
6379.65
6348.117
6258.517
5841.383
6429.85
6362.85
6288.717
6152.65
6351.783
6226.517
5003.983
5507.45
6259.05
6329.917
5936.05
5682.85
6190.85
6326.45
5671.65
5680.117
6082.183
6060.25
5608.05
5646.583
6120.517
6093.917
5454.25
5427.517
5997.783
5942.383
5682.05
5683.45
5930.583
5853.583
5422.317
5837.05
5930.917
5906.383
5419.183
5638.717
6016.317
5802.383
5349.45
5233.65
5828.583
5847.117
5688.117
5136.05
5915.65
5788.717
5120.783
5235.117
