277.65
71.8
-133.75
158.333
460.45
148.2
216.517
256.533
253.983
263.66700000000003
137.583
-157.46699999999998
216.11700000000002
212.6
36.18300000000001
-23.400000000000006
365.517
1.733000000000004
71.917
374.4
437.65
194.46699999999998
477.983
161.933
294.183
214.2
239.517
-112.0
214.583
219.0
336.717
37.400000000000006
293.983
208.333
259.45
31.266999999999996
569.517
478.8
91.917
-44.8
270.45
135.53300000000002
-0.6830000000000069
200.667
211.05
247.4
161.45
252.86700000000002
240.317
251.46699999999998
-39.283
53.2
625.517
303.66700000000003
0.5169999999999959
-247.333
443.117
454.067
39.917
61.333
388.85
455.933
402.117
247.6
434.85
376.467
163.317
334.66700000000003
411.85
402.2
350.58299999999997
-127.4
458.983
300.8
41.117000000000004
99.2
392.05
202.53300000000002
156.25
84.733
311.517
512.467
214.38299999999998
74.8
243.71699999999998
369.2
40.25
27.867000000000004
252.25
227.46699999999998
509.717
8.132999999999996
200.11700000000002
222.13299999999998
357.517
-58.266999999999996
211.38299999999998
265.933
210.983
105.867
425.65
372.067
-216.083
35.400000000000006
411.45
324.467
242.45
220.0
477.517
306.067
16.583
285.6
113.117
340.467
272.05
284.2
421.58299999999997
298.4
571.383
-223.2
342.383
386.533
120.25
373.733
407.317
463.267
266.85
106.267
360.91700000000003
261.0
-56.016999999999996
129.6
352.65
318.8
142.517
18.400000000000006
429.65
460.533
66.583
-232.0
376.717
331.533
104.783
147.8
280.383
429.133
348.317
61.599999999999994
298.25
333.4
-267.617
-124.533
319.91700000000003
226.6
176.11700000000002
5.200000000000003
346.25
280.8
63.849999999999994
221.46699999999998
420.383
309.733
263.383
-96.533
468.45
428.33299999999997
448.85
172.6
501.05
287.133
170.583
365.867
426.117
86.2
384.983
-150.933
142.11700000000002
236.6
25.049999999999997
378.8
608.65
429.067
182.65
-80.733
514.45
166.6
471.58299999999997
42.266999999999996
412.05
364.6
335.183
394.133
541.717
368.733
439.717
329.067
344.183
240.667
398.65
-344.4
405.25
374.267
178.71699999999998
147.933
158.71699999999998
334.0
482.65
189.6
258.183
316.8
132.517
-197.667
296.117
387.733
484.85
201.46699999999998
397.517
321.66700000000003
53.31699999999999
-306.2
460.317
248.933
-53.882999999999996
31.467
273.983
200.067
-1011.283
-92.0
135.78300000000002
290.733
258.25
-46.333
573.65
417.33299999999997
283.65
83.6
271.58299999999997
239.267
-95.283
432.6
534.45
280.2
-180.15
50.333
328.983
342.8
-97.417
362.867
393.91700000000003
266.067
409.45
361.867
344.517
419.2
252.05
193.933
384.25
260.33299999999997
432.117
48.2
407.983
447.267
358.58299999999997
-62.867000000000004
240.317
327.66700000000003
83.25
-280.0
387.717
358.66700000000003
271.383
-110.333
366.05
343.2
224.78300000000002
89.333
368.983
371.4
-142.817
222.53300000000002
350.183
80.533
-135.017
173.067
278.183
223.333
325.05
176.733
280.383
531.867
107.65
181.0
387.717
549.467
404.05
175.86700000000002
231.78300000000002
285.66700000000003
103.783
519.8
364.05
212.733
-150.55
112.0
220.65
290.267
268.91700000000003
-7.0
553.517
580.4
42.31699999999999
299.66700000000003
391.117
352.867
238.65
107.4
346.45
403.8
86.383
139.4
299.517
347.6
180.38299999999998
310.2
486.05
447.533
410.05
108.733
574.45
181.8
396.25
-137.2
370.58299999999997
189.933
-76.28299999999999
300.4
348.58299999999997
208.733
558.117
398.6
400.65
272.2
658.117
92.86699999999999
391.317
304.067
-21.016999999999996
294.6
648.45
421.6
554.783
-35.0
462.05
381.0
404.45
209.4
356.38300000000004
546.4
-35.75
250.8
622.117
347.533
160.65
190.933
364.85
365.86699999999996
541.317
210.8
674.317
565.2
720.383
466.267
728.917
537.2
252.383
363.333
414.517
629.267
801.183
219.933
741.183
625.267
565.05
713.467
633.25
534.133
380.917
677.6669999999999
533.85
795.733
148.78300000000002
310.533
591.717
584.867
594.5830000000001
432.867
920.383
597.6
747.383
588.733
726.717
693.4
722.717
356.267
1056.783
510.6
609.717
542.8
899.25
576.4
750.183
645.733
654.65
919.3330000000001
831.45
714.067
672.85
921.267
685.117
492.6
990.117
783.467
671.983
633.067
620.317
721.933
839.05
720.333
940.85
827.533
625.917
566.333
728.717
850.6
738.45
626.067
969.383
541.933
800.317
526.067
736.517
625.533
808.317
901.533
779.917
523.0
836.183
1016.933
498.317
930.533
773.783
815.333
850.45
826.6
686.183
1044.533
1218.517
738.8
761.45
1349.6
973.25
1183.2
564.183
757.533
1229.183
1077.067
1213.583
1292.267
825.983
794.267
927.8499999999999
894.5999999999999
1444.25
1259.733
728.317
1197.533
1086.317
1312.533
1333.25
1164.0
1081.517
1410.2
697.6500000000001
979.5329999999999
1095.583
1270.6
1603.183
1565.133
1495.05
1442.067
1256.783
1360.133
1363.317
1274.733
892.9169999999999
1117.933
1443.717
1260.333
1520.05
1090.2
1589.117
1488.133
1595.183
1419.667
1555.583
1486.533
1083.917
1545.0
1392.983
1316.267
1241.65
1388.133
1354.45
1488.533
1396.583
1163.867
1496.783
1264.067
1239.783
1142.2
1597.783
1511.4
1431.783
1530.8
1621.117
1376.467
1344.317
1253.8
1497.583
1537.333
1414.183
1155.933
1649.25
1377.933
1446.583
1418.667
1573.45
1457.4
956.9169999999999
1394.667
1488.45
1555.267
1579.183
1754.333
1877.45
1709.067
1710.717
1685.933
1840.183
1894.8
1749.317
1832.0
1817.383
1842.533
2008.783
1852.067
2235.583
1695.333
1279.85
1540.533
1736.65
2033.4
1759.85
1857.667
2224.983
2037.4
1947.25
1883.0
2122.717
2171.533
2205.583
1920.533
2279.783
1963.2
1844.983
1724.467
1771.45
1693.4
2006.517
1346.067
1759.45
1881.4
2123.517
1784.4
2109.05
1997.4
2214.917
2007.4
2091.917
2150.467
2126.383
2042.8
2366.783
1929.2
2469.317
2219.733
2233.183
2151.667
2069.717
2263.467
2491.917
1862.267
1984.983
2299.733
2545.85
2255.667
2340.183
2077.0
2158.05
2035.667
2123.583
2281.933
2253.183
2563.467
2843.25
2145.933
2719.583
2696.933
2564.45
2469.467
2522.117
2395.533
2345.45
2659.6
2591.117
2399.133
2167.383
2307.533
2222.717
2188.6
2522.25
2412.6
2586.383
2810.6
2640.783
2783.8
2993.85
2753.0
3067.85
2905.667
3259.183
3015.867
2841.517
3094.4
3094.85
2995.333
2800.917
2941.533
2762.783
2830.067
2716.85
2884.467
2852.183
2646.133
2297.05
2568.467
2501.45
2528.8
2340.917
2285.667
2546.45
2293.533
2208.183
1919.0
2528.383
2094.4
2438.05
2464.733
2683.05
3174.2
2991.517
3302.733
3162.117
3343.2
3471.917
3067.467
3248.783
3201.2
2897.317
2819.467
3101.117
2948.467
3208.45
2781.733
3040.65
3101.267
3089.05
3264.133
3228.65
3294.333
3477.183
3414.867
3473.317
3476.067
3382.383
3074.733
3412.25
3496.6
3348.65
3605.467
3696.183
3538.267
3409.05
3121.0
3651.783
3529.267
3876.65
4177.933
4274.782999999999
4654.467
4644.05
4505.133
4438.85
4350.533
4471.983
4062.3329999999996
4631.65
4318.467
4484.517
4393.867
4627.05
4131.8
4291.45
4414.867
4246.717000000001
4295.267
4089.583
3817.2
4417.517
4538.867
4416.317
4628.733
4804.983
4801.933
4680.45
4431.867
4756.65
4694.667
4165.45
4370.2
4345.717000000001
4588.8
4460.65
4735.2
4933.583
4641.533
4511.383
3949.3329999999996
4208.517
4315.2
4360.05
4096.2
4511.317
4171.133
4176.05
3965.467
3864.783
3806.933
3743.783
3816.667
3877.183
3973.067
3773.583
3887.533
3633.783
3825.4
3974.717
4126.8
4424.717
4593.8
4740.05
4911.6
4689.917
4767.533
4308.85
4867.267
4663.05
4692.533
5258.583
4953.667
5689.65
5719.467
5672.717
5910.8
6513.05
5979.733
6115.85
5570.867
5699.717
5581.733
5146.783
4870.333
4914.85
4744.267
4562.383
4701.0
5186.383
4850.933
5165.383
5229.867
5750.317
5754.8
5863.517
5566.667
5376.517
5230.133
4832.85
4667.6
4725.717
4283.8
4118.782999999999
3947.667
4008.317
3923.4
3325.85
3659.733
3661.583
3312.933
2983.917
3778.4
3867.183
4012.133
4364.05
4133.467
4997.65
5285.467
5363.317
5215.467
5301.917
5026.333
4652.317
4784.333
4710.183
4924.0
4906.85
4740.6
5326.65
4972.667
5173.117
5039.133
5199.05
5191.933
5066.05
4534.333
5147.117
5029.067
5158.85
5071.333
4964.383
4973.6
5076.317
5094.067
5827.25
5889.333
5914.117
6226.0
6404.183
6480.533
6431.717
6264.2
6615.45
6366.4
6826.983
6439.467
6895.65
7387.733
6689.65
6899.6
6967.65
6743.467
6680.517
5896.8
5745.917
5131.733
4805.45
3782.8
3559.25
3006.0
2777.783
2813.6
3378.45
3701.333
4115.383
4704.533
5119.717
5442.533
5748.583
6253.667
6562.65
7059.333
6930.117
6922.8
7052.65
6441.733
6283.25
5901.867
5474.183
4636.733
4245.983
3889.933
3880.717
4238.867
4501.25
5119.4
6117.917
6501.2
6763.25
7743.733
8009.983
8173.4
8605.184
8352.0
9076.45
9138.0
9564.45
9306.066
9242.917
9709.533
9474.717
9508.2
9686.384
9516.333
9797.25
9564.866
10254.583
10108.467
10211.65
10015.467
10504.05
10375.467
10202.25
10349.8
10863.316
10663.0
10563.65
10333.267
10478.05
10009.0
10060.184
10273.066
10339.05
10850.733
10572.184
10666.4
10733.65
10380.134
10097.05
9876.333
10033.717
10391.134
10519.384
10438.267
10490.85
10471.533
10386.917
10277.733
10116.316
10128.333
9931.65
10056.2
10512.316
10262.667
10530.25
10173.8
10306.517
10545.6
10311.583
10712.066
10953.783
10968.733
11087.783
11188.267
11331.116
11681.267
11942.45
11737.2
11680.583
11562.8
10792.517
10207.2
10347.05
10249.934
10164.983
10074.733
10481.45
10727.467
10958.783
11674.733
11577.65
12249.733
12220.384
12275.134
12248.717
12705.2
12038.583
12184.134
12627.717
12139.667
12184.05
12420.533
12321.783
12100.2
12809.384
12314.866
12629.05
12587.066
12483.783
12190.733
12464.717
12290.066
12285.583
11679.134
12385.517
12199.066
12250.583
11811.066
12154.85
12581.267
12809.583
12449.134
12725.384
12841.733
12586.25
12590.467
12495.65
11383.6
11822.783
11888.333
11981.116
11478.0
12131.783
11981.467
12016.116
11665.8
11703.05
12081.2
12231.25
12130.2
12242.25
12003.667
11682.783
11712.733
11064.717
11333.066
12080.85
11928.6
12063.25
12532.733
12805.85
12915.6
13109.65
12723.333
12817.717
13016.333
12958.116
12427.467
12153.983
11642.467
11827.05
11006.667
11730.184
11963.267
11620.25
11658.733
12537.116
12502.333
11886.783
11955.4
12882.384
13092.333
12710.85
12560.866
12658.517
12782.8
12430.583
12351.2
12656.25
12397.066
12732.384
13047.2
12717.384
12986.267
13304.583
12349.267
12647.517
12454.6
12051.384
12329.0
11541.45
11828.333
11933.783
12989.866
12842.05
12652.2
12686.316
12162.267
12406.583
12401.0
12748.917
12402.8
12139.184
11509.533
11277.983
10907.8
10482.116
10415.134
9659.717
9467.667
9530.116
9497.467
10104.05
10604.6
11672.717
12427.066
13760.184
13921.267
15084.517
14202.267
13508.05
14072.267
13864.316
13632.2
14496.917
14693.2
14881.783
14728.066
14536.717
13903.0
13316.65
12923.533
13136.917
13135.267
14539.25
13995.8
14646.65
14781.267
15115.25
15210.333
14783.316
15549.0
15825.583
16565.0
16378.45
16540.066
16869.916
17298.4
16063.583
16342.934
15551.583
16022.333
15985.116
16463.467
15764.783
15491.0
15092.316
14754.066
15043.05
14723.333
13742.45
14703.333
14569.85
15552.066
15698.45
15770.866
16800.983
16336.4
15866.583
16261.134
16314.517
16018.533
16072.05
16363.333999999999
16731.65
17297.533
17356.584
17025.867
17102.584
18977.199
17533.449
17628.133
17907.982
17257.199
17937.85
17908.0
18540.25
17826.199
17264.982
17611.934
17845.051
17738.0
17156.85
17147.867
18307.117
18856.666
18457.25
17691.533
18091.383
17862.6
17730.518
16792.334
17774.584
17574.4
17152.584
16408.066
17050.25
17357.133
17399.65
16904.533
18097.65
18128.533
17945.518
18352.066
18554.717
19418.334
18507.65
18297.199
18914.85
18483.533
18894.518
17840.732
18189.117
19036.334
18631.449
18728.0
18783.85
18232.334
18502.916
19004.934
19758.051
19489.467
19429.982
19679.268
19397.316
19958.6
20469.383
19969.133
19857.383
19422.934
19456.383
18838.066
19337.449
18945.199
19259.783
18593.666
18073.717
18326.533
18230.717
17879.6
18474.518
18020.533
18210.25
18353.467
18243.916
18363.133
18225.184
18810.732
19305.184
19809.867
18760.85
18962.199
18998.85
18325.801
19346.717
19009.732
19516.65
19492.666
19924.316
19959.133
20098.584
20382.732
19736.982
19303.268
21181.65
20471.4
20386.449
20704.801
20919.982
19532.666
20405.518
19541.732
20651.184
20291.0
19454.25
20141.666
20692.184
20410.334
20469.449
21631.334
20941.916
20262.199
19969.117
19766.533
19585.184
20288.6
21155.316
20925.199
21724.783
21899.467
22339.383
21781.133
21812.184
22254.732
22027.717
22085.334
21970.449
22143.467
22678.316
22263.666
23002.117
22782.467
22922.051
23462.199
23250.65
23222.666
22649.783
22772.801
23112.518
22706.801
22543.25
22290.268
23074.85
22727.867
23870.916
23030.066
22580.518
23179.867
23351.051
24195.199
24300.449
24453.199
23747.783
24026.801
23389.25
23572.666
23308.051
23898.199
24025.65
26239.467
24096.584
25215.801
25649.184
25839.133
25309.518
26706.867
26047.051
26424.467
27383.85
28172.666
26841.117
27384.6
26799.85
27129.467
29004.051
27221.4
27453.316
26510.133
26393.383
26625.801
27309.584
27205.533
27778.449
28651.6
28031.717
28936.867
29696.449
30521.467
30541.449
30754.467
31660.051
32463.334
31679.65
30091.467
31112.383
31289.801
30388.518
31129.4
31795.518
31873.666
31626.717
32191.199
32949.717000000004
32105.066
33875.184
34671.801
34167.785
33547.867
34807.785
34589.332
34669.25
34337.867
34692.051
34915.0
34650.117
34678.133
34297.516
34593.867
35554.715
36504.332
36886.785
37371.332
38947.25
39264.332
38539.449
39388.535
39359.25
39177.199
39157.918
38088.133
39171.984
38209.734
38283.648
40071.266
40685.984
41058.602
41178.648
41374.934
42246.648
41279.801
41543.516
40891.668
41272.582
41599.133
40937.715
41812.535
42618.648
43019.066
43189.117
43486.066
43880.785
43910.332
43189.383
43558.266
43316.648
43456.867
42777.785
43432.066
43563.984
43824.934
44222.715
43738.867
43535.715
43708.0
43778.449
43939.734
43923.383
44293.535
44053.984
44251.668
44458.051
44175.801
42884.648
42140.535
40200.184
38573.465
37436.383
37076.0
36992.648
37552.934
37566.984
39106.398
41044.918
41646.199
42385.449
42626.398
42854.984
43984.398
45109.984
44778.801
45466.984
45459.801
45075.383
44210.668
43838.051
44145.465
44842.852
45245.668
45761.051
46490.535
47581.117
48090.398
48266.715
48338.734
47527.316
47303.199
46755.117
47105.668
47191.25
47122.332
47054.785
46239.066
45810.117
45513.199
44846.184
44958.266
45279.184
45140.398
46763.383
47045.0
47429.184
48157.398
48431.648
47361.0
47652.785
47177.266
47200.648
47633.266
48024.785
48582.934
49750.184
49636.734
50256.316
49684.465
49658.582
49169.398
48264.051
48493.398
48434.383
48622.066
48368.715
48702.0
49310.25
49709.602
49203.184
49260.133
50401.117
49868.734
50263.918
49493.332
50153.852
49474.734
48363.984
47857.934
47413.582
47320.398
47571.852
47932.535
48377.117
49756.801
49488.316
50407.465
49790.117
49829.668
49551.516
49025.199
48557.918
48093.934
47417.25
47620.801
47545.449
47197.0
47533.582
47526.332
47173.785
47245.266
47176.449
47325.266
47852.852
48293.066
48348.785
48948.332
49679.648
50048.934
49987.582
50302.199
50069.918
49962.266
49124.383
48597.602
47994.785
48375.668
48829.648
48525.602
49455.918
49893.0
50478.715
50805.801
50810.785
50773.535
51766.449
52081.602
52775.918
52819.801
52453.516
52230.199
51917.715
51873.0
51117.516
50802.133
50952.715
50992.734
50619.117
50505.398
49479.582
50097.066
49695.516
50150.602
50014.984
51007.734
51641.449
52365.734
52836.383
53178.934
52060.316
52161.332
51508.184
51550.465
51903.582
51541.332
51517.516
51143.934
51561.449
51986.0
52015.715
52227.867
52360.184
52880.602
53394.852
54300.066
53393.785
53202.867
52420.516
52369.199
51537.516
51475.465
51407.316
51086.867
51831.117
51978.668
50066.25
51263.199
51128.715
50686.133
50978.184
50679.668
50546.316
50910.801
51492.25
51900.465
51893.316
51784.398
52036.383
52827.332
52841.582
53184.734
52867.984
52274.602
50626.383
48882.465
47829.449
46023.934
44109.117
43577.801
44357.984
45603.801
48263.449
49061.734
48406.184
48480.465
48661.316
48025.066
48436.117
47855.535
47299.918
48371.934
49827.648
50952.734
50857.117
51350.332
51493.918
52071.867
52964.984
52419.535
52296.984
52390.934
51458.852
52013.602
52568.582
52534.066
52403.051
53330.668
53805.449
53833.668
53971.117
53092.398
52861.316
52514.398
52717.449
52386.465
51601.051
51306.133
50784.25
52002.332
52804.984
53708.867
53391.715
54118.602
55091.715
55499.465
54871.852
54405.398
54830.648
54094.398
53941.25
53201.668
53966.516
54526.066
54003.582
53659.398
53179.984
51955.133
51170.785
49324.734
48011.648
47560.602
47626.918
48072.465
48733.582
50159.133
50427.25
51941.199
52299.25
52348.133
53107.449
53354.801
53880.184
54086.465
54207.582
54795.734
55674.984
54932.332
54482.316
53628.801
53391.984
53241.066
53115.383
53169.734
53224.117
53971.066
55093.383
55163.398
55215.383
55175.934
55031.715
54753.734
54680.582
54659.398
53448.918
52720.0
52322.383
51493.266
50671.516
50011.934
50406.117
50817.934
51290.184
51802.133
52575.25
52659.801
52470.984
52268.0
52395.184
52041.465
51675.383
51793.0
52283.25
52816.398
53044.984
53107.734
53708.648
54282.398
54283.316
54377.801
54030.648
53798.332
53037.25
52267.867
51773.918
50797.199
49685.715
51125.199
50991.051
51402.668
51583.383
52360.668
52412.516
52904.0
52244.852
52340.734
52699.383
52126.734
51962.383
51809.465
51679.383
51237.465
50516.184
50025.734
50111.25
50198.801
49610.852
48891.934
49244.984
49128.934
48689.051
48746.867
49024.648
49388.398
49719.383
50209.266
50406.184
50932.602
50667.918
50413.199
50947.25
50821.398
49517.117
50267.867
49796.316
49884.266
50139.582
49392.199
49499.25
50494.398
50681.516
51184.867
51014.383
51131.199
51097.449
50789.0
51250.582
50704.0
50067.383
50044.066
50415.648
50890.934
51040.316
50176.398
50376.449
50256.867
49851.316
50168.0
50323.383
50186.133
49903.184
50121.266
49726.785
49970.066
49354.918
48996.867
48854.852
48813.668
49061.051
48606.867
49556.25
49882.066
50451.316
49778.266
49924.582
49959.602
50232.316
50111.668
49852.184
50038.465
49947.051
49767.199
49700.852
49762.199
49397.516
48856.801
49284.25
49469.133
49568.383
49452.801
49715.051
49779.602
49647.918
50085.266
50101.117
50345.801
49352.25
48919.734
49163.715
48545.734
48600.383
48370.668
48985.785
49592.398
49442.25
49306.199
49606.25
49584.867
49897.918
49717.734
49784.785
50132.801
49849.918
49847.199
50072.383
50131.602
50013.648
49827.266
49044.582
49304.133
48391.449
48662.133
48649.516
48525.332
48147.117
48267.934
48193.582
48213.535
48198.984
48691.535
48281.383
48935.266
48685.051
48550.0
47947.715
47528.602
47127.383
47264.602
46748.516
46806.934
46504.582
47155.801
47396.051
47402.332
47209.449
46872.066
48012.316
48294.934
48610.316
48710.066
49351.582
49553.535
48790.852
48501.266
48353.316
48272.266
47392.383
47516.535
47742.785
47733.199
48216.785
48137.332
48643.383
48503.332
48672.984
48441.199
48723.715
48311.801
48005.051
47423.734
48036.25
48202.465
47294.25
48296.133
47873.25
48230.0
48425.316
47871.0
48168.648
47677.668
46809.25
46301.332
46824.316
46504.535
46230.648
46666.199
46676.648
47865.133
47549.984
48293.066
48510.648
48147.332
48041.715
48485.266
48850.117
48267.332
47642.25
47390.398
47338.852
46762.535
46552.383
46522.398
47144.852
47212.801
47147.984
47104.133
47733.715
47873.602
47397.184
47136.465
47088.852
46621.0
45927.785
45362.199
45376.582
45392.668
44979.316
45267.934
45614.852
46311.934
46635.918
46804.332
47132.582
47364.668
47750.383
47766.934
47870.25
47619.535
47449.449
47955.602
47319.852
47787.066
47458.852
46950.801
47569.918
47441.734
47638.785
47280.266
47067.117
46964.668
46929.25
46318.934
46426.715
46126.066
45895.117
46270.199
45807.852
45699.801
45671.516
45520.734
46341.051
46652.602
45752.184
45945.133
46563.918
46454.066
46333.316
46862.535
46312.449
45978.934
45834.852
44993.602
45500.852
44575.398
44801.184
44699.535
44626.715
45201.066
45027.449
45361.133
45277.449
45185.398
45568.852
45496.066
45886.516
45795.602
45260.918
45335.199
45556.918
45722.734
44859.449
45239.0
45363.582
45379.867
44782.051
45327.332
46022.918
45581.535
45333.984
46154.535
46240.918
46125.535
45799.051
45347.801
45952.516
45424.0
45660.117
45604.199
45291.516
45472.133
45389.051
45148.867
45449.918
45219.602
44532.316
44701.535
44972.449
44730.0
44044.316
44069.602
43682.918
43542.199
43316.051
42935.867
43494.25
43550.0
43207.449
44203.199
44152.918
44406.535
44337.785
44084.066
44606.984
44343.398
44036.117
43504.266
43977.582
44139.066
43228.316
42389.801
41484.25
40709.867
40073.852
39324.867
38842.383
38215.199
37707.715
39000.535
39714.051
39800.668
40388.449
41232.867
42548.184
42214.465
42753.25
42506.934
42465.715
42627.602
42145.449
42000.602
42102.383
42108.801
41704.383
41801.934
41952.051
42148.133
41905.117
41626.668
42015.25
41753.867
41788.648
41546.133
42058.648
41986.867
41618.582
42258.934
42019.785
41825.801
41446.184
41141.602
41135.918
41028.801
41013.984
41093.602
40888.25
41287.0
41391.785
41166.133
41368.918
41921.867
41538.852
41272.066
41559.715
41728.934
41546.117
41661.934
41604.918
41106.0
40992.117
40861.332
41039.316
40933.266
40112.25
40482.535
40348.316
40599.602
40427.852
40283.668
40373.715
40578.602
40870.715
40388.133
40583.715
40843.133
40208.184
40568.133
40539.852
40424.133
39837.715
39874.734
39851.449
39853.066
39894.516
39805.535
39775.383
39736.066
39086.582
39366.398
39150.918
39410.867
38918.648
39325.398
39952.785
39599.734
40077.25
40036.465
39940.852
40393.934
40175.316
40189.535
40251.449
40106.332
40329.051
40163.602
40234.918
39996.266
40236.582
39962.801
40431.852
39718.867
39858.117
39681.332
39854.918
40025.398
39509.184
39353.0
39448.316
39480.133
39447.383
39540.199
39588.316
39743.801
39666.984
39538.668
39497.117
39123.465
38544.785
38517.602
38683.117
38148.668
37804.785
38020.934
38377.785
38379.199
37881.648
37962.398
38275.383
38069.398
37808.648
37447.398
37692.449
37485.668
37030.785
36572.934
36919.516
36994.934
36971.449
37312.133
37165.648
37173.535
36614.984
36798.602
36295.648
36264.801
35373.582
35220.332
35251.582
34741.668
34701.648
34028.602
34366.25
33981.066
33300.316
32484.801
32373.25
32394.199
32195.383
31587.4
31793.65
31721.801
32087.518
32147.732
32843.65
33249.066
34223.785
35082.332
35259.785
35403.934
35497.984
35616.398
35514.918
35154.0
35216.852
34904.602
35181.051
34920.734
35302.785
35424.266
35705.316
35725.535
35963.184
35861.066
36302.184
36180.266
35898.449
36181.602
36509.449
36251.066
35967.715
35706.602
36060.383
35893.934
35681.383
35647.398
35687.785
35739.332
36191.051
35375.602
35906.785
35812.465
35892.383
35747.266
36009.184
35743.602
35346.582
35284.332
35448.648
35554.398
34838.984
34742.535
34981.051
34686.535
34647.785
34797.0
34889.449
34593.934
34474.785
34199.801
34110.117
34137.934
34262.648
34218.801
34151.449
34135.734
34120.051
34043.066
33858.117
33800.668
33603.852
32996.801
33399.516
32941.668
33120.051
33009.867
33191.184
32968.066
33108.117
33067.066
33080.785
33470.332
33229.785
33560.0
33375.852
33630.801
33329.715
32793.133
32904.65
32660.533
32418.584
32638.533
32454.051
32465.334
32541.65
32470.467
32951.25
33509.465
32996.648
33598.867
33737.051
33478.266
33630.117
33327.0
33498.582
33695.734
33861.117
34062.465
34126.582
34594.535
34531.117
34943.668
35283.117
35656.398
35097.117
35035.934
35324.051
35947.066
35718.582
36282.066
36493.449
36907.602
36680.785
36846.199
36672.184
36367.199
35540.648
34370.0
33714.316
33435.668
33028.852
32763.0
32383.25
32516.6
32328.85
32231.268
32525.916
32398.133
32435.449
32343.133
32752.316
32477.467
32294.916
31973.533
31883.051
32159.801
31685.184
31983.6
31811.449
32089.467
32103.982
32236.666
32327.184
32547.4
32188.65
32293.533
32642.117
32473.0
31859.25
32210.066
32561.783
32428.934
32011.184
32273.533
32555.184
31942.732
32359.518
31579.867
31981.316
31551.199
31335.783
31502.0
31362.25
31461.268
31143.584
30709.801
31391.117
31445.0
31077.184
31057.467
31211.584
31047.199
31389.449
30863.268
31013.184
31138.533
31278.518
31278.334
31426.65
31130.066
31222.117
31413.4
31635.316
31183.0
30728.584
30772.666
31060.449
31205.801
30872.518
31069.268
30829.184
31085.732
30834.184
30823.334
30877.65
30770.666
30315.584
30103.4
30756.316
30526.801
30025.518
29896.4
30351.117
29959.732
29964.518
30063.533
30361.982
30027.934
29040.316
29828.6
30226.584
29856.801
29780.717
29393.867
29657.916
29774.0
30014.584
29931.133
29854.982
29498.334
29616.383
29577.066
28869.518
28705.0
28052.65
28389.6
27872.518
28334.334
27894.184
28030.666
29403.982
29206.268
29178.717
29798.4
29630.518
29656.199
29185.449
28977.533
28791.783
28782.732
28465.184
28528.4
28666.916
28655.533
28281.316
28556.334
29169.783
28724.268
28123.783
28460.867
28786.518
28859.533
28555.316
28629.4
28780.316
28405.066
28017.449
27631.268
28025.051
27583.4
27456.518
27048.066
27020.916
27021.199
26288.65
25785.4
25549.982
23933.133
23042.449
22178.066
22257.117
22269.867
22383.117
22680.934
23635.982
24620.133
25259.783
25321.334
25539.051
26303.133
26731.85
26730.467
26321.783
26816.0
26697.85
26803.666
26833.982
26430.4
26071.117
25968.867
26422.117
26316.666
25851.65
26576.199
26404.85
26709.867
26759.584
26648.133
26798.518
26748.867
26492.449
26594.666
26695.184
26904.6
26464.717
26465.4
26934.25
26965.732
26832.25
26923.732
27062.85
26994.533
26912.783
26385.467
26846.051
26769.066
26402.584
26233.0
26421.717
26609.732
26439.051
25970.801
26229.584
26548.533
25934.65
26608.0
26777.65
26668.934
27163.316
26840.0
26968.316
26951.867
26700.584
26827.867
26803.117
26672.533
26340.65
26411.801
26416.85
26503.801
26367.982
26479.732
26629.449
26790.533
26364.982
26178.199
26449.117
26401.066
26490.117
26082.334
26550.85
26402.268
26654.65
26610.467
26709.717
26668.334
26163.184
25919.801
26433.518
26264.467
26447.449
26051.533
25936.383
26038.334
25891.518
26323.133
25977.916
26025.133
25400.717
25443.199
25512.25
25852.6
24876.783
25159.199
25381.383
25379.334
25136.184
24934.732
25396.449
25370.066
25135.051
25291.334
25346.916
25534.467
24796.85
25031.199
25522.316
25565.934
25202.518
25061.732
25141.051
25318.334
24948.65
24895.0
25048.449
25027.6
24364.717
24722.467
24712.051
24518.732
24465.449
24622.934
24282.717
25072.732
24413.051
24306.6
24376.65
24395.133
24274.584
23715.268
24228.051
24258.4
23931.982
23690.133
24148.117
24021.533
23894.717
23363.666
23951.184
23905.268
23819.916
23853.6
23444.85
23728.801
23600.117
23146.199
23373.117
23210.467
23203.85
22656.533
23110.584
23020.867
22341.584
21997.666
22752.85
22551.4
22372.916
22216.066
22477.051
22368.533
22015.316
21904.732
22571.316
22265.6
22060.982
21942.066
22428.25
21977.066
21797.717
21685.6
22334.184
22039.268
21809.25
21742.6
21943.65
21607.934
21196.117
20886.533
21351.916
21439.666
21375.25
21613.0
21796.717
21663.133
21041.982
21712.334
21501.316
21387.133
21324.584
21258.334
21177.717
21343.066
20754.584
20568.133
19651.383
18722.4
17802.982
16922.334
16330.384
16046.667
16075.65
16139.2
17232.449
17869.4
18191.383
18756.801
19124.449
19195.4
19315.117
19192.133
19306.383
18711.4
18722.449
17996.666
19036.584
18986.199
18803.916
18740.0
19171.051
19426.268
19629.383
19374.934
19808.25
20107.801
19723.25
19853.934
20224.783
20203.6
20226.85
20441.066
20550.518
20538.4
20318.65
20008.666
20900.518
20680.133
20679.383
20249.934
20948.051
21088.4
20889.184
21094.268
21102.184
20610.934
20857.518
20469.4
21082.717
20956.334
20831.25
20730.934
20787.584
21054.066
20611.184
21201.268
21122.383
21205.133
21194.982
20781.066
21459.518
21471.934
21022.25
21210.199
21939.65
21621.268
21381.184
21897.467
22159.117
21751.066
21520.316
21622.867
21217.117
21414.467
20894.916
21100.732
21353.584
21267.533
21258.449
21759.0
21397.783
21567.268
20895.916
20784.199
21700.783
21479.666
21321.383
21427.666
21285.316
21328.066
21409.65
21129.4
21162.982
21157.801
21105.25
21083.533
21197.717
20872.867
20941.316
20817.666
21226.85
20942.801
21075.25
20979.066
21387.316
20998.867
21052.25
20985.199
21264.916
21509.467
21485.383
21398.666
21328.717
21181.6
21064.65
21294.732
21450.783
21570.666
21603.184
21193.801
21846.916
21677.467
21601.85
21114.467
21667.449
21543.6
21304.584
21247.066
21344.383
21452.801
21612.184
21473.6
21549.717
21236.867
21370.584
21580.4
21249.982
21347.133
21226.383
21190.066
21223.982
21360.0
21103.449
21049.199
21145.982
21435.732
20389.85
21177.934
21252.982
21123.732
20413.518
20772.334
21062.316
21232.133
21027.449
21137.0
21048.518
21203.268
20939.184
20793.533
21184.25
20928.0
21021.85
20645.732
20909.316
20933.4
20605.584
20464.334
20816.85
20363.199
20408.184
20198.467
20558.982
20413.6
20059.65
20383.867
20336.518
20067.666
20235.717
20390.0
20181.316
20171.6
19890.449
19934.334
20256.316
19937.0
20041.982
19673.467
19738.916
19760.467
19662.383
19755.133
19596.783
19479.666
19423.982
19377.867
19634.982
19601.4
19495.316
18524.732
18801.449
18701.867
18516.65
17865.533
17756.449
17820.6
17384.65
16744.268
17283.117
17123.801
16258.583999999999
16662.133
16504.45
16095.8
16234.917
15693.667
15783.65
15579.8
15326.65
15421.267
15711.983
15562.866
15753.983
14497.0
15240.85
15337.4
14904.25
15196.733
15384.65
15504.2
15234.917
15643.533
15898.05
15973.066
16149.184
16645.6
16578.05
16433.4
16573.384
16317.134
16261.783
16454.934
16404.517
15864.533
16307.983
16155.533
15760.45
15120.066
15485.717
15222.667
14912.85
14817.2
14640.983
14717.934
14553.917
14440.733
14842.316
14840.333
14670.517
14704.533
14829.184
14651.866
14555.783
14441.2
14872.717
14687.934
14361.85
14820.0
15188.45
14978.2
14649.917
14825.934
14767.717
14819.733
14744.25
14659.0
14696.517
14454.934
13836.783
14413.733
14276.05
14428.467
14552.917
14087.267
14601.116
14442.2
13684.65
14016.134
14204.316
14027.4
14093.45
14390.866
14511.116
14509.866
14708.583
14636.066
14764.917
14572.733
14522.384
14213.934
14413.116
14525.934
14242.783
14287.134
14504.116
14505.533
14251.45
14706.467
14737.384
14940.467
14454.717
14678.6
14811.05
14824.333
14986.184
14260.667
14790.85
14642.066
14821.116
14441.4
15127.45
14851.8
15020.517
14612.934
15193.25
15132.333
14774.384
14561.8
14777.583
14566.8
14436.116
14672.8
14591.05
14451.0
14107.184
14074.4
14316.25
14501.533
14328.517
14508.866
14493.45
14295.467
14101.316
14305.866
14421.316
14237.6
14554.05
13966.066
14225.983
14509.733
14453.316
14137.934
14181.783
13722.467
13429.583
13876.667
13770.917
13805.333
13032.184
13574.533
13846.917
13739.134
13451.65
13767.066
13992.184
13582.066
13733.316
13567.333
13802.583
13431.2
13156.783
13135.134
13456.116
13384.533
12946.384
13304.134
13231.85
13383.066
13183.783
13259.533
13368.25
13184.2
13012.583
13242.533
13363.384
13303.4
13172.384
13498.866
13231.983
13308.4
13219.45
13033.2
13194.316
13151.333
12989.316
12843.4
12865.316
12964.333
12664.983
12559.0
13023.85
13073.533
12775.717
12832.333
13015.85
13059.667
12558.45
12651.6
12873.184
12645.2
12443.917
12803.6
12786.384
12566.0
12801.45
12586.866
12625.45
12594.2
12254.717
11923.2
12609.116
12255.533
12479.116
12291.8
12414.45
12189.8
12142.917
11976.0
12332.25
12194.8
12084.583
11795.467
12077.25
12109.2
11919.316
11873.6
12147.316
12135.667
11608.783
11782.667
12042.85
12018.533
11286.116
11491.134
11904.05
11866.066
11785.05
11448.2
11990.783
11869.066
11775.45
11516.733
11683.717
11545.467
11377.184
11526.2
11659.85
11475.0
11290.983
11373.066
11796.517
11819.8
11578.184
11319.4
11383.116
11552.4
11348.25
11149.0
11487.05
11388.934
11346.25
11041.934
11202.316
11316.2
11267.917
11102.533
11277.25
11056.4
11514.25
10779.533
11217.384
11138.667
10938.25
10496.733
11198.65
11173.4
11167.384
10858.134
10950.65
10801.0
10884.65
11028.267
11319.917
10481.4
10778.517
10553.733
10771.717
10102.267
9558.316
8768.866
8362.783
7361.6
6350.983
5555.0
4779.45
3899.4
3436.583
2693.333
2969.983
2865.933
2607.65
2833.133
3772.117
4075.867
4190.717
5324.933
5956.25
6328.733
6682.583
6052.467
6792.65
6356.467
6145.183
5715.467
5436.783
5483.067
5159.517
4939.733
5338.117
5441.467
5401.183
5247.067
5998.583
5804.733
5900.65
6533.0
6625.183
6917.267
6632.05
7171.533
7381.717
7392.733
7455.917
7741.133
8065.583
8113.467
7699.783
7989.2
8581.517
8626.6
8216.85
8781.6
9058.45
9215.0
9122.45
9218.333
9720.983
9691.733
9094.384
9240.267
9946.983
10051.667
9858.184
9618.6
10146.65
9980.066
9792.05
9810.4
10286.583
10073.267
9210.85
10103.866
10222.583
10333.934
10007.917
9793.066
10283.184
10217.733
10018.917
9947.733
10071.917
10216.134
9770.184
9639.134
10550.583
10116.2
9896.717
9913.0
10285.25
10151.667
10043.316
10021.934
10207.184
10186.333
10013.517
9946.467
10269.583
10276.2
10133.517
9999.4
10320.184
10247.733
9680.316
9900.6
10219.45
10127.6
9777.583
9649.4
10048.25
9936.2
9961.517
9740.533
10005.384
10135.0
9812.65
9370.733
10139.517
10044.467
10021.25
9846.467
10353.917
10095.066
9914.116
9683.333
10140.517
9938.267
9467.783
9354.934
9991.85
9900.333
9893.45
9284.066
10037.45
9892.4
9753.05
9831.667
10007.517
9988.333
9780.316
9705.6
10250.25
10038.6
9187.116
9514.533
10144.25
9882.934
9866.65
9731.134
10098.717
9980.934
9515.116
9339.934
9910.783
9749.333
9717.25
9590.6
9900.717
9894.8
9743.384
9286.467
9968.65
9900.134
9540.583
9197.667
9772.983
9915.533
9621.184
9564.267
9871.917
9468.533
9476.85
9595.533
9597.184
9504.733
9376.717
9208.6
9768.384
9612.2
9233.316
9170.934
9615.517
9742.134
9046.917
9112.134
9595.316
9541.866
9566.717
9296.0
9540.917
9439.267
9405.983
9083.134
9717.316
9466.467
9162.983
9149.267
9531.517
9455.733
9228.85
8751.0
9362.917
9320.0
9210.45
8702.333
9468.783
9285.333
8761.25
9189.8
9267.05
9175.066
8758.983
8846.8
9002.184
9130.533
8871.717
8850.6
9115.583
8899.866
8879.717
8635.934
8966.983
8989.066
8530.917
8449.533
8926.583
8916.6
8609.583
8558.0
8640.116
8813.667
8336.25
8498.4
8556.25
8606.733
8398.05
8192.134
8745.783
8591.2
8205.783
7906.6
8445.317
8608.2
8425.45
8104.533
8470.85
8427.467
7730.65
8127.933
8528.183
8168.267
8033.783
8072.067
8319.517
8357.667000000001
7972.917
7864.267
8245.783
8352.467
8154.85
8063.933
8377.517
8160.933
7902.25
7631.867
8232.917000000001
8057.867
8295.717
7792.467
8253.582999999999
8231.2
7724.85
7774.267
8233.183
8066.0
7866.583
7952.467
8209.317
8146.867
7700.583
7662.4
8270.783
7984.8
7861.317
7887.333
8110.717
7970.733
7516.317
7429.733
7764.983
7753.533
7228.65
7359.533
7822.583
7661.2
7843.983
7470.667
7855.383
7732.333
7901.183
7541.4
7764.983
7663.0
7311.517
7290.533
7726.05
7624.0
7139.45
6627.267
7553.917
7599.8
7140.45
7335.267
7569.983
7358.667
7215.05
7192.267
7539.317
7324.2
7164.45
6772.8
7371.25
7402.267
6679.583
6853.867
7421.117
7206.933
6936.717
6723.4
7328.517
7289.4
7232.783
6794.8
7365.783
7290.267
7222.117
7104.6
7295.05
7174.467
5932.717
6416.733
7177.583
7279.0
6901.45
6604.067
7126.317
7259.2
6583.783
6578.267
7021.917
6963.267
6508.85
6545.8
7024.917
7000.333
6334.783
6345.467
6872.783
6832.133
6544.383
6560.667
6776.517
6698.667
6313.65
6677.133
6792.65
6769.2
6254.117
6500.2
6892.583
6653.533
6185.583
6091.867
6678.45
6694.867
6544.383
5988.533
6766.383
6628.4
5943.783
6062.933
