258.567
57.333
-150.96699999999998
143.0
436.1
132.267
204.03300000000002
229.867
222.233
241.0
116.36699999999999
-183.53300000000002
201.36700000000002
205.067
7.767000000000003
-45.4
341.433
-8.667000000000002
47.9
351.4
422.5
177.6
455.767
143.933
268.433
185.667
213.433
-131.733
187.433
191.267
320.7
12.400000000000006
272.633
184.333
230.5
16.733000000000004
544.567
458.33299999999997
71.1
-72.467
234.233
118.6
-25.233000000000004
167.46699999999998
197.96699999999998
219.53300000000002
144.9
223.333
206.36700000000002
228.133
-48.233000000000004
23.0
598.567
269.933
-24.5
-267.933
424.767
425.4
22.900000000000006
32.266999999999996
370.767
412.267
377.433
219.333
402.83299999999997
357.933
146.03300000000002
309.733
383.033
373.33299999999997
311.767
-160.46699999999998
435.9
268.4
22.900000000000006
71.733
372.367
174.53300000000002
132.833
55.8
290.233
486.067
197.167
59.333
228.36700000000002
330.067
16.167
-7.132999999999996
227.36700000000002
186.6
492.367
-2.5330000000000013
176.3
208.333
329.633
-82.067
183.833
241.53300000000002
181.767
79.733
396.7
351.867
-241.5
23.599999999999994
388.433
294.6
213.7
200.53300000000002
441.9
271.733
-8.900000000000006
264.6
87.033
313.933
230.633
260.8
399.16700000000003
275.33299999999997
541.967
-234.53300000000002
311.5
359.467
100.833
354.66700000000003
372.7
451.8
251.36700000000002
86.267
338.633
234.067
-82.1
100.867
320.233
299.33299999999997
116.1
-1.6670000000000016
393.967
430.933
43.43300000000001
-250.267
336.7
302.33299999999997
68.5
130.53300000000002
270.16700000000003
404.533
320.1
24.6
287.7
314.933
-290.5
-146.13299999999998
289.433
188.933
150.1
-20.867000000000004
323.1
253.4
38.5
204.4
386.16700000000003
281.66700000000003
238.1
-121.467
440.967
398.067
422.367
144.8
476.433
259.133
149.633
329.8
390.5
60.667
361.433
-185.46699999999998
123.833
215.333
-10.033000000000001
350.0
574.7
420.0
152.233
-94.133
481.233
145.8
447.033
11.667000000000002
379.16700000000003
343.6
307.633
374.133
521.1
334.067
411.3
288.867
318.033
215.6
378.367
-364.4
380.033
339.067
153.367
128.53300000000002
133.03300000000002
308.133
466.16700000000003
166.86700000000002
239.1
288.533
107.7
-208.267
256.5
372.467
449.767
172.4
382.5
299.533
28.1
-318.6
432.1
224.53300000000002
-71.767
1.2000000000000028
245.96699999999998
176.667
-1020.3
-98.0
118.1
259.66700000000003
239.567
-83.667
550.767
385.067
252.633
63.533
251.36700000000002
216.8
-124.367
420.2
516.233
264.867
-196.63299999999998
21.599999999999994
301.767
303.2
-117.233
343.267
366.9
243.133
379.16700000000003
327.8
312.5
404.33299999999997
231.9
170.46699999999998
354.567
235.133
390.233
9.867000000000004
391.967
412.133
325.233
-96.4
208.3
310.0
70.9
-300.467
365.9
331.2
238.567
-135.13299999999998
336.83299999999997
321.867
205.833
75.333
355.1
335.733
-167.1
190.6
323.033
56.2
-160.1
138.53300000000002
243.96699999999998
192.867
308.767
149.133
257.033
506.133
84.43299999999999
148.267
359.633
523.6
370.767
147.867
213.167
265.8
74.9
479.267
339.5
192.867
-173.96699999999998
86.467
193.433
270.66700000000003
251.433
-21.0
524.7
535.0
12.900000000000006
270.267
355.433
326.867
210.96699999999998
85.6
321.433
367.66700000000003
60.167
106.667
275.3
299.0
163.3
275.6
453.1
413.4
376.367
86.867
537.3
136.6
348.5
-184.0
339.1
132.86700000000002
-123.567
245.933
301.033
152.067
501.633
345.733
332.767
219.067
583.5
33.132999999999996
341.5
239.0
-83.367
228.8
584.967
359.33299999999997
501.83299999999997
-101.0
382.9
308.6
329.7
120.6
282.433
453.33299999999997
-115.7
157.86700000000002
529.433
253.13299999999998
64.7
97.933
275.433
276.0
442.9
100.133
578.433
475.533
621.1
360.66700000000003
611.367
410.533
131.7
226.0
273.9
481.8
645.967
74.333
586.5
460.2
405.567
553.933
484.033
376.267
227.1
506.067
347.433
619.0
-22.432999999999993
137.267
411.36699999999996
387.8
404.5
239.4
734.7
398.467
551.033
390.8
530.367
490.467
515.9
151.4
843.5
318.733
427.16700000000003
361.66700000000003
700.9
379.13300000000004
544.367
424.33299999999997
423.9
657.333
564.833
445.533
401.767
652.067
433.5
239.6
751.633
530.667
443.967
370.66700000000003
358.233
457.667
571.5
450.267
660.5
567.267
332.367
268.533
438.167
525.267
416.7
285.4
645.367
234.933
504.7
228.39999999999998
442.967
343.4
516.633
589.4
479.9
212.60000000000002
536.233
718.133
207.233
635.6
483.567
514.2
547.367
501.0
341.567
692.8
871.567
368.4
386.433
968.867
613.767
819.267
189.83300000000003
368.8
820.967
641.733
755.5
806.4
346.23299999999995
313.6
420.83299999999997
402.79999999999995
936.833
747.933
231.23299999999995
699.0
586.633
829.267
855.567
681.2
597.367
939.533
222.70000000000005
491.467
611.233
765.867
1073.233
991.0
921.233
842.4
638.7
727.667
773.367
666.067
320.1
541.333
902.3
721.333
978.1
521.8
1035.433
927.267
1022.9
836.8
989.767
904.067
501.9
958.067
842.9
738.2
666.9
807.2
804.567
908.333
815.1
593.733
911.1
675.333
644.633
508.79999999999995
983.567
859.333
795.833
853.2
971.767
734.667
729.633
640.333
925.3
956.067
849.3
608.333
1095.767
824.4
870.967
846.667
994.833
862.333
361.433
780.067
832.567
898.8
925.367
1078.733
1221.233
1028.467
1025.567
998.6
1142.167
1184.8
1023.767
1080.8
1068.033
1052.4
1237.233
1067.6
1462.5
957.267
539.767
818.933
1039.833
1307.467
1028.767
1102.333
1467.833
1254.4
1160.767
1078.6
1295.033
1342.933
1389.567
1090.6
1448.167
1142.2
1066.3
989.467
1076.433
1021.2
1343.033
700.133
1082.9
1176.467
1385.3
989.867
1285.833
1165.333
1378.833
1192.467
1272.367
1349.267
1334.967
1233.067
1534.967
1094.267
1611.433
1356.6
1414.833
1335.867
1229.233
1433.467
1686.033
1049.267
1171.9
1437.533
1677.167
1398.067
1491.367
1259.733
1341.7
1214.467
1307.1
1402.267
1327.033
1613.333
1857.767
1115.333
1695.5
1659.667
1565.5
1483.067
1564.233
1419.267
1381.567
1684.667
1624.9
1435.333
1239.7
1363.4
1319.767
1284.533
1624.767
1475.2
1595.5
1778.733
1561.7
1694.267
1904.433
1609.533
1935.7
1758.533
2101.367
1832.667
1679.767
1918.133
1929.567
1856.333
1658.367
1812.533
1658.3
1727.333
1613.5
1818.267
1826.3
1634.867
1343.367
1628.667
1586.033
1594.067
1411.5
1343.2
1611.7
1386.733
1347.1
1075.267
1730.7
1293.8
1607.633
1562.333
1701.567
2096.267
1833.633
2052.4
1880.967
2029.933
2176.9
1804.467
2027.367
2001.733
1795.633
1710.0
2008.3
1851.867
2118.3
1686.933
1945.233
1969.133
1939.633
2071.933
1997.767
1995.867
2164.633
2071.2
2140.033
2165.133
2066.9
1830.333
2144.3
2136.8
1979.9
2225.8
2312.1
2183.333
2087.767
1797.933
2307.233
2137.933
2417.233
2633.8
2663.1
2984.4
2946.433
2793.467
2734.5
2666.733
2798.5
2397.333
2962.967
2653.467
2813.9
2736.667
2987.9
2470.267
2662.367
2827.0
2712.1
2741.067
2542.433
2227.267
2811.3
2881.133
2740.5
2854.8
3001.167
2958.4
2834.5
2629.133
3039.5
2989.6
2487.433
2745.533
2731.167
2904.8
2731.433
2920.6
3101.3
2893.333
2790.5
2304.2
2617.233
2735.6
2824.7
2491.733
2892.9
2581.6
2678.567
2508.533
2500.3
2432.133
2335.833
2432.467
2433.967
2522.533
2335.833
2460.067
2257.967
2396.4
2479.233
2510.2
2788.367
2916.667
2971.9
3141.067
2963.367
3062.6
2660.367
3142.4
2913.833
2878.333
3385.033
2998.267
3684.367
3643.933
3504.9
3632.533
4233.1
3693.867
3882.1
3370.667
3586.9
3527.333
3248.433
3025.733
3134.567
3016.4
2812.567
2899.933
3378.833
2944.8
3193.767
3172.0
3637.567
3577.867
3761.567
3508.2
3429.3
3292.267
3051.233
2950.933
3109.967
2741.8
2658.167
2544.667
2653.033
2612.067
2055.433
2406.267
2427.3
2105.6
1777.033
2535.467
2513.967
2582.867
2809.433
2468.467
3242.767
3358.6
3449.767
3283.933
3368.367
3200.933
2906.233
3038.533
2988.433
3168.0
3121.167
2916.067
3469.967
3152.133
3281.833
3192.2
3372.767
3302.0
3247.833
2710.533
3301.767
3148.0
3314.767
3273.667
3175.167
3234.067
3197.233
3156.4
3789.033
3778.533
3718.767
3891.0
4054.633
4125.467000000001
4149.1
3947.733
4286.967000000001
4009.533
4382.1669999999995
3950.3329999999996
4377.833
4730.0
4056.433
4321.0
4481.9
4293.333
4298.8330000000005
3674.933
3662.367
3173.333
3070.633
2301.2
2284.633
1864.2
1756.633
1740.267
2236.1
2434.6
2682.967
3055.8
3299.433
3382.467
3626.567
3964.333
4219.9
4489.333
4384.1
4359.4
4574.7
4064.6
4011.833
3839.333
3572.767
2937.4
2776.633
2543.467
2525.967
2824.533
2888.833
3318.4
3986.1
4114.6669999999995
4260.833
4923.4
5161.9
5157.267
5495.433
5178.267
5866.7
5832.133
6276.9
5896.2
5859.5
6244.467
6036.1
6094.933
6251.3
6063.2
6276.833
6106.6
6708.367
6501.267
6625.7
6331.4
6842.367
6647.067
6499.367
6511.4
7049.9
6823.533
6815.633
6597.2
6772.367
6339.4
6447.767
6606.133
6688.5
7045.2
6824.967
6881.667
6924.7
6690.667
6446.233
6217.6
6480.433
6675.133
6888.9
6740.067
6685.967
6705.533
6701.767
6537.933
6580.367
6524.533
6394.433
6440.6
6906.233
6679.733
6778.9
6537.4
6677.9
6848.4
6684.9
7022.2
7095.233
7107.8
7141.7
7241.333
7275.9
7601.267
7769.833
7594.6
7538.5
7539.8
7004.367
6535.267
6762.167
6708.333
6679.7
6574.2
6833.567
7005.667
7055.033
7579.867
7530.967
8017.533
7934.5
7961.133
7974.5
8319.8
7743.833
7848.333
8302.967
7834.067
7941.767
8085.6
8056.033
7898.0
8450.033
7909.467
8254.633
8172.867
8080.9
7822.6
8134.233
8006.667
8056.833
7547.933
8101.167
7963.4
7879.1
7507.0
7979.633
8216.867
8380.567
8026.2
8319.033
8379.134
8231.433
8232.4
8173.367
7341.867
7786.3
7795.867
7918.633
7471.4
8013.233
7797.533
7954.367
7710.067
7652.3
7940.6
8070.5
7992.733
8090.833
7855.8
7694.433
7658.533
7146.7
7359.667
8052.167
7746.2
7871.767
8129.6
8441.634
8475.533
8693.767
8366.733
8513.233
8577.134
8550.833
8188.667
8129.833
7623.133
7857.5
7167.733
7804.833
7936.267
7628.033
7596.733
8301.5
8287.467
7795.767
7844.333
8533.5
8679.4
8456.633
8277.4
8411.033
8426.533
8265.367
8196.933
8394.3
8249.133
8468.7
8722.0
8420.1
8636.4
8880.366
8079.267
8380.433
8253.533
7872.433
8196.467
7571.5
7813.533
7746.7
8597.134
8570.9
8414.866
8376.167
8005.133
8323.967
8208.0
8611.233
8255.4
8087.367
7587.667
7539.367
7304.067
7005.433
6931.867
6475.3
6403.867
6407.767
6368.4
6786.967
7104.0
7855.567
8303.0
9106.233
9206.4
10075.434
9305.134
8989.833
9311.8
9209.566
9112.267
9739.167
9727.333
9975.3
9837.667
9812.634
9171.667
8905.366
8611.066
8869.434
8733.866
9827.233
9303.267
9895.634
9878.4
10197.5
10193.533
9852.167
10516.934
10593.434
11117.0
11018.3
11103.467
11317.767
11593.6
10762.033
10951.667
10509.1
10670.8
10690.634
11008.267
10637.967
10419.866
10052.9
9929.2
10183.1
9937.866
9117.434
9897.533
9772.5
10362.066
10570.434
10593.533
11359.634
11015.333
10776.9
10975.4
10993.033
10867.533
10764.9
10826.6
11308.5
11625.0
11660.167
11341.467
11509.366
12818.8
11831.5
11842.6
12045.233
11525.4
12014.833
11948.733
12540.833
12078.934
11615.5
11898.8
12126.366
11990.333
11524.9
11435.934
12421.7
12790.066
12463.833
11946.134
12267.566
12034.4
11920.7
11203.134
12093.7
11948.934
11586.3
11045.733
11566.7
11796.6
11788.5
11428.4
12280.833
12325.6
12037.9
12416.134
12527.434
13146.8
12610.366
12427.866
12972.9
12544.134
12794.3
12077.467
12412.033
13022.467
12543.434
12723.934
12754.634
12424.533
12618.634
12906.866
13508.233
13211.333
13203.233
13320.333
13256.833
13611.667
13981.366
13612.066
13613.767
13232.6
13243.833
12807.066
13229.833
12899.533
13275.967
12608.934
12348.366
12550.333
12456.3
12195.667
12774.167
12316.866
12383.167
12440.267
12498.366
12525.267
12375.5
12882.533
13361.9
13612.2
12883.967
12898.333
13047.566
12524.134
13212.233
12848.0
13389.833
13442.4
13675.1
13677.4
13845.1
14050.8
13606.167
13124.667
14543.967
14058.333
13969.7
14118.6
14425.033
13398.267
13976.5
13344.267
14265.9
14030.866
13447.833
13840.4
14273.767
14032.066
14161.167
14886.866
14456.434
13916.667
13795.5
13583.467
13517.7
13926.533
14451.7
14489.267
15002.366
15104.866
15444.233
15019.267
15099.767
15408.066
15184.7
15105.333
15220.833
15296.333
15589.7
15283.066
15924.833
15725.467
15843.833
16176.467
16103.833
16056.467
15586.566
15759.667
16017.033
15647.4
15494.566
15432.066
15982.167
15721.866
16585.3
15923.333
15648.833
16036.866
16149.9
16753.666
16814.033
16861.467
16363.565999999999
16627.066
16235.167
16360.134
16139.7
16390.867
16692.233
18139.0
16859.833
17529.801
17840.834
17943.334
17380.1
18623.133
18120.699
18438.467
19005.301
19595.199
18594.9
19067.533
18591.768
18828.4
20266.434
18992.801
19085.1
18331.268
18399.301
18461.066
19074.566
18911.0
19320.967
19980.934
19435.301
20143.934
20754.699
21255.334
21295.768
21435.199
22115.434
22732.666
22147.9
21011.467
21752.768
21907.268
21303.633
21703.334
22268.434
22288.467
22085.699
22544.732
23059.367
22446.867
23741.768
24289.934
23925.633
23416.666
24428.633
24224.867
24269.967
24056.867
24358.967
24413.334
24285.434
24326.334
23919.633
24216.801
24993.434
25624.801
25986.166
26205.066
27473.834
27673.467
27161.166
27827.066
27827.768
27529.4
27597.566
26728.867
27659.834
26929.133
26801.1
28245.732
28754.768
29035.6
29143.834
29305.533
30014.5
29171.732
29421.033
28913.801
29165.166
29411.0
28902.033
29592.867
30260.166
30539.268
30659.166
30824.6
31226.434
31220.133
30737.033
30937.6
30824.9
30975.199
30329.367
30924.467
30985.166
31111.732
31505.301
31012.533
31029.367
31146.467
31238.633
31228.6
31379.699
31678.199
31344.166
31467.867
31738.033
31554.4
30590.1
30156.732
28664.834
27538.199
26677.834
26365.533
26307.1
26706.4
26651.434
27880.6
29289.434
29732.666
30293.768
30380.666
30637.633
31423.268
32358.434
31945.334
32633.367
32659.6
32423.367
31630.801
31478.633
31656.467
32184.633
32459.666
32862.9
33411.066
34159.766
34678.266
34809.566
34844.066
34117.434
34068.535
33661.301
33878.801
33970.168
33935.867
33989.633
33318.398
32980.367
32779.934
32312.367
32368.801
32703.301
32415.133
33758.102
33906.465
34205.965
34869.0
35011.566
34231.266
34488.832
34046.133
34187.965
34410.668
34813.633
35222.867
36065.102
35890.602
36518.434
36027.133
36073.301
35631.734
35008.234
35190.602
35086.566
35288.0
35025.102
35319.332
35829.434
36114.867
35658.367
35733.133
36750.699
36242.535
36630.832
35851.867
36449.434
35998.0
35175.035
34748.602
34413.5
34340.934
34555.102
34849.934
35239.898
36249.465
35913.832
36732.867
36249.168
36283.398
36145.566
35696.734
35455.5
35057.801
34347.832
34546.266
34556.234
34362.0
34574.301
34518.133
34269.168
34450.199
34288.301
34358.867
34867.566
35202.199
35183.102
35610.801
36361.898
36495.867
36396.434
36725.0
36476.766
36396.0
35715.234
35263.133
34821.168
35139.0
35511.234
35276.332
36050.965
36352.066
37007.766
37220.199
37191.234
37110.934
37889.367
38127.133
38669.965
38749.199
38433.965
38269.133
38061.633
38075.266
37390.832
37214.801
37352.766
37358.535
37062.102
36939.066
36130.898
36687.199
36291.035
36770.867
36661.234
37534.332
37939.633
38552.801
38866.434
39133.602
38273.234
38400.332
37897.5
38003.535
38273.234
37986.332
37992.035
37639.867
37982.832
38286.133
38405.367
38564.0
38529.035
39068.332
39441.035
40204.398
39502.5
39380.602
38753.898
38761.668
38058.832
38081.602
37993.832
37691.867
38369.699
38458.266
36645.5
37867.066
37823.832
37456.668
37677.168
37411.199
37318.367
37479.199
38105.566
38395.199
38375.965
38322.465
38465.766
39111.266
39271.035
39487.066
39226.766
38768.934
37505.633
36103.332
35354.633
33992.734
32507.967
32038.133
32686.9
33608.398
35758.434
36355.0
35749.766
35843.266
36056.633
35538.266
35945.965
35385.398
34981.566
35785.398
36906.301
37808.867
37728.633
38130.934
38336.965
38718.266
39521.965
39030.0
38943.234
39051.867
38235.301
38710.734
39162.566
39212.0
38960.766
39817.668
40198.301
40202.668
40247.168
39589.867
39512.699
39201.133
39436.832
39117.465
38495.566
38277.934
37840.234
38744.668
39492.234
40093.332
39870.766
40507.199
41387.766
41676.465
41104.832
40754.332
41133.5
40522.332
40407.633
39785.734
40491.566
40945.801
40483.766
40210.398
39930.898
38887.535
38289.633
36807.867
35781.566
35406.199
35487.234
35861.133
36384.633
37464.602
37646.965
38852.668
39162.434
39180.398
39818.832
39962.133
40450.168
40580.934
40726.965
41136.934
41994.5
41406.266
41040.633
40251.934
40140.898
40033.398
39875.633
39851.066
39908.566
40593.801
41546.168
41563.398
41559.301
41581.734
41507.102
41179.465
41229.434
41246.867
40170.5
39637.867
39269.168
38731.668
37929.898
37498.734
37836.234
38080.266
38545.102
38938.734
39615.301
39633.867
39394.965
39260.066
39489.965
39206.465
38833.699
38977.332
39409.102
39847.801
39991.832
40057.133
40555.633
41119.465
41009.102
41105.133
40790.102
40687.332
40071.832
39345.602
39101.367
38232.398
37304.898
38515.535
38423.367
38699.602
38874.633
39436.332
39576.301
39919.535
39486.633
39482.332
39865.5
39377.602
39294.766
39122.266
39075.5
38760.066
38075.434
37676.398
37812.566
37879.199
37417.035
36743.199
37058.965
36942.199
36704.5
36652.133
36951.699
37205.465
37382.168
37802.668
37947.301
38394.734
38188.832
38002.398
38488.965
38383.535
37255.234
37967.066
37617.633
37668.0
37871.102
37197.398
37357.168
38148.0
38326.434
38661.133
38561.5
38729.734
38650.434
38366.602
38837.5
38381.602
37875.699
37766.602
38066.434
38518.602
38708.367
37949.734
38142.699
38027.398
37595.5
37902.066
38040.301
37900.801
37739.434
37916.535
37646.898
37904.133
37291.035
37113.332
37033.102
36954.199
37155.965
36756.602
37578.301
37777.0
38314.301
37633.066
37854.434
37901.602
38174.898
37996.465
37808.434
37936.535
37943.5
37730.266
37775.035
37841.867
37491.832
37023.602
37437.301
37495.0
37720.434
37613.602
37800.367
37804.266
37676.367
38067.199
38131.035
38369.465
37623.102
37170.867
37419.301
36902.934
36954.367
36749.535
37285.898
37705.867
37546.434
37394.867
37717.832
37719.867
37971.566
37760.133
37866.367
38214.0
38024.168
37998.668
38175.301
38163.602
38115.832
37977.465
37308.832
37540.199
36723.168
37017.535
37108.832
37020.734
36723.699
36816.801
36811.965
36705.465
36753.699
37074.668
36743.168
37316.668
37117.898
37089.668
36612.898
36245.199
35830.434
36042.602
35674.633
35679.199
35357.035
35963.066
36105.168
36193.133
35976.633
35601.602
36626.102
36857.398
37116.965
37131.398
37724.367
37876.133
37228.234
37060.199
36975.035
36915.668
36135.633
36317.602
36537.898
36517.266
36728.367
36758.734
37176.832
37067.332
37195.832
36955.801
37275.5
36938.066
36696.5
36165.199
36778.5
36827.199
36058.301
36880.332
36554.434
36880.398
37065.633
36575.602
36843.566
36478.535
35719.102
35270.133
35805.168
35575.602
35227.5
35652.398
35717.434
36629.332
36331.566
36952.734
37168.832
36861.934
36761.5
37112.0
37457.367
36910.133
36427.965
36227.934
36211.898
35664.734
35508.035
35393.934
35986.832
36055.199
35994.234
35937.465
36537.434
36609.0
36263.434
35996.332
36037.965
35647.465
35051.766
34627.332
34751.5
34660.133
34379.102
34631.734
34924.832
35514.199
35687.102
35742.867
36059.699
36278.199
36563.633
36497.602
36661.102
36481.934
36298.102
36837.133
36247.035
36655.734
36360.633
35952.668
36553.699
36449.602
36591.367
36158.465
36080.699
35993.0
36002.434
35464.0
35656.434
35373.0
35259.102
35481.535
35185.699
34995.934
34969.965
34863.0
35620.566
35883.465
35156.367
35218.535
35793.5
35682.266
35592.566
36060.602
35647.367
35329.934
35236.301
34509.066
35009.168
34216.398
34412.832
34282.668
34310.434
34813.0
34564.035
34885.0
34844.699
34721.266
35112.168
35085.734
35356.633
35309.398
34852.965
34882.801
35109.633
35289.602
34458.699
34795.332
35014.898
35033.0
34438.367
34879.398
35503.102
35152.465
34882.035
35643.133
35783.633
35632.867
35388.234
34971.332
35519.832
35019.934
35245.766
35188.332
34946.168
35146.398
35020.699
34791.332
35137.367
34891.332
34296.434
34461.199
34763.566
34556.066
33976.234
33999.199
33745.234
33599.602
33440.168
33000.602
33600.168
33631.602
33214.965
34162.332
34014.234
34265.266
34238.699
33854.934
34380.766
34127.465
33741.566
33222.465
33650.234
33832.668
32960.5
32184.6
31536.9
30821.199
30334.232
29721.4
29382.566
28821.334
28366.367
29366.133
29891.1
29948.066
30491.166
31173.6
32240.9
32026.801
32534.1
32383.199
32287.699
32558.732
32064.566
31861.133
31979.1
31954.4
31578.434
31637.0
31760.699
32006.467
31875.768
31647.199
32113.301
31918.666
32067.1
31863.934
32252.9
32166.4
31727.633
32224.467
32000.434
31764.732
31297.232
30991.732
31108.967
31056.0
31113.033
31327.4
31156.166
31557.934
31666.699
31467.199
31713.232
32251.533
31906.367
31639.4
31914.033
32027.199
31925.301
31995.467
31917.9
31534.334
31330.699
31354.4
31578.301
31519.732
30818.699
31189.533
31100.633
31384.6
31245.967
31059.867
31163.033
31305.867
31606.301
31161.6
31352.5
31592.066
31070.967
31372.467
31368.566
31311.199
30841.633
30948.334
30838.367
30896.4
31002.166
30882.801
30835.232
30781.732
30267.566
30573.533
30373.301
30640.199
30195.232
30558.467
31097.434
30731.801
31142.699
31102.467
31035.699
31435.801
31175.367
31269.6
31271.834
31182.6
31408.768
31238.467
31336.699
31091.801
31369.301
31091.0
31532.768
30931.801
31034.166
30774.268
31048.768
31231.199
30763.9
30596.199
30716.768
30735.666
30719.5
30749.533
30818.834
30974.268
30901.633
30858.934
30771.768
30405.0
30076.967
29980.4
30182.967
29745.867
29445.232
29540.133
29989.566
29945.066
29450.834
29542.801
29889.301
29701.334
29408.633
29131.0
29449.1
29296.334
28906.768
28469.4
28791.232
28905.268
28878.967
29094.268
29023.1
29012.066
28454.166
28715.533
28384.768
28289.732
27530.5
27441.6
27496.301
27091.066
27106.166
26436.801
26800.834
26484.934
26012.5
25290.268
25150.5
25309.334
25152.367
24573.4
24875.9
24809.801
25028.367
25101.467
25664.699
26022.732
26721.5
27389.4
27508.834
27621.533
27643.1
27943.934
27792.1
27437.133
27536.033
27273.4
27570.367
27315.133
27588.434
27654.732
27974.232
27943.6
28093.232
28034.867
28433.699
28267.0
28013.768
28317.732
28634.768
28386.467
28121.9
27919.867
28207.1
28173.199
27899.367
27892.268
27979.033
27980.199
28366.699
27595.867
28175.033
28111.867
28180.367
27938.334
28222.1
28032.801
27690.5
27653.334
27793.768
27963.666
27297.301
27197.334
27447.367
27140.934
27080.166
27250.867
27411.301
27177.732
27023.699
26805.268
26770.768
26775.533
26885.834
26827.133
26810.699
26784.133
26772.166
26668.133
26582.232
26586.268
26404.301
25819.732
26244.434
25835.4
25934.699
25944.0
26035.301
25799.133
25973.566
25901.0
25933.768
26274.066
26048.967
26375.867
26204.232
26370.732
26137.9
25664.467
25770.1
25516.867
25348.834
25566.334
25440.633
25404.533
25427.9
25350.467
25811.367
26257.867
25844.1
26309.732
26482.033
26180.334
26347.232
26088.066
26303.768
26466.4
26613.232
26747.199
26869.367
27197.467
27074.834
27405.467
27737.166
28051.4
27495.367
27351.268
27709.232
28209.6
28006.9
28501.268
28665.633
29048.4
28836.434
28944.066
28883.566
28639.6
28003.301
27028.4
26508.768
26248.867
26026.166
25734.4
25532.434
25542.867
25465.633
25347.0
25585.166
25456.066
25492.967
25428.801
25806.834
25523.467
25431.367
25119.066
25191.367
25324.467
24906.301
25206.4
25082.9
25276.6
25332.166
25362.268
25480.768
25666.867
25299.5
25453.4
25831.9
25603.268
25101.166
25388.732
25748.834
25568.934
25215.367
25493.6
25731.232
25189.268
25618.633
24942.666
25271.566
24969.934
24772.699
24871.334
24774.1
24860.467
24612.834
24077.6
24816.232
24882.4
24538.301
24518.4
24704.033
24538.6
24897.699
24325.666
24535.232
24604.666
24731.434
24723.199
24833.566
24584.199
24716.033
24790.268
25079.033
24652.0
24266.633
24304.934
24566.367
24708.334
24368.434
24482.334
24436.5
24615.6
24353.434
24340.0
24399.699
24306.533
23932.566
23709.732
24307.232
24049.4
23568.699
23544.066
23900.5
23529.133
23504.301
23612.801
23809.967
23495.533
22508.5
23222.133
23614.566
23171.6
23129.434
22765.066
23012.033
23064.334
23365.834
23317.801
23233.834
22958.066
23052.1
23055.934
22522.166
22418.6
21911.633
22216.732
21832.301
22259.0
21859.9
21911.867
23194.566
23007.4
22995.633
23511.6
23384.834
23360.133
22850.5
22595.0
22421.834
22410.666
22160.5
22177.334
22354.699
22444.334
22118.967
22406.801
23061.768
22592.666
22101.232
22467.934
22720.9
22817.732
22456.301
22584.199
22722.166
22377.801
22073.301
21689.867
22118.301
21680.133
21617.566
21158.6
21181.566
21237.467
20653.633
20239.6
20153.301
18892.4
18208.633
17445.533
17584.699
17629.934
17706.633
17905.334
18624.5
19431.867
19926.699
19900.199
20128.5
20733.0
21251.9
21115.801
20822.5
21299.334
21185.1
21268.6
21324.367
20901.934
20605.967
20454.666
20969.1
20862.467
20427.232
21109.0
20993.166
21189.268
21304.033
21138.801
21271.367
21259.533
21023.232
21155.4
21216.566
21396.133
20980.434
21011.666
21381.768
21496.867
21377.5
21448.066
21585.301
21591.133
21428.301
20943.6
21395.232
21389.934
21035.166
20830.133
21102.301
21242.533
21056.699
20585.801
20851.566
21197.533
20593.633
21215.867
21351.5
21282.133
21689.967
21425.666
21531.367
21479.467
21290.699
21412.934
21366.9
21335.6
20989.9
21036.0
21109.834
21136.467
21048.699
21148.268
21333.9
21341.133
21051.699
20849.666
21161.367
21033.467
21210.434
20790.6
21334.699
21109.066
21359.9
21313.199
21393.633
21335.467
20865.367
20587.934
21156.9
21013.6
21233.633
20766.6
20781.301
20865.199
20735.033
21075.801
20850.967
20789.732
20248.699
20288.4
20411.166
20687.732
19804.033
20098.0
20333.834
20322.199
20079.5
19945.732
20383.9
20342.066
20076.566
20226.0
20313.166
20483.732
19786.367
19994.867
20474.033
20528.801
20156.633
20037.467
20180.768
20340.066
19960.5
19956.467
20140.834
20035.0
19523.633
19834.467
19821.633
19666.934
19594.9
19709.268
19457.033
20173.334
19533.232
19456.934
19578.967
19558.268
19469.1
18899.666
19458.301
19505.934
19196.033
18970.334
19405.367
19321.6
19173.566
18645.732
19242.367
19220.268
19107.834
19175.801
18850.768
19101.268
19004.768
18527.867
18811.166
18624.6
18652.232
18144.934
18623.768
18472.467
17905.768
17594.066
18328.834
18140.533
17934.633
17833.4
18111.768
17938.533
17660.434
17550.6
18200.232
17938.4
17731.033
17581.6
18085.232
17620.666
17459.5
17377.6
17991.834
17772.867
17491.232
17541.533
17677.566
17389.334
17008.768
16712.199
17179.768
17251.934
17181.633
17453.6
17582.9
17481.268
16835.5
17518.066
17314.033
17224.4
17168.1
17110.666
17017.166
17154.199
16648.166
16530.066
15894.366
15065.333
14290.3
13488.267
13032.3
12832.467
12778.9
12772.066
13755.033
14328.467
14572.5
15022.533
15358.167
15414.267
15553.033
15405.667
15519.9
14979.2
14987.434
14274.533
15307.9
15269.533
15028.033
14975.2
15378.833
15616.066
15756.767
15473.667
15915.767
16138.4
15777.366
15862.066
16244.1
16211.6
16236.167
16328.467
16439.833
16429.733
16175.366
15766.733
16675.033
16383.8
16250.366
15850.0
16474.434
16561.066
16324.233
16494.4
16495.1
16024.333
16158.3
15802.333
16377.1
16265.934
16155.634
16088.533
16166.767
16463.934
16053.566
16603.0
16569.233
16625.268
16591.232
16157.268
16862.834
16888.467
16497.834
16713.6
17472.9
17244.334
17016.033
17533.133
17779.367
17439.533
17219.633
17303.666
16996.434
17139.934
16637.232
16784.334
17050.367
16888.6
16818.434
17230.4
16834.967
16956.467
16315.833999999999
16165.533
17051.301
16915.4
16754.5
16916.199
16732.301
16809.666
16928.634
16613.268
16666.232
16632.533
16575.5
16527.801
16699.1
16454.666
16546.233
16377.599999999999
16789.434
16511.268
16667.566
16530.934
16966.767
16563.4
16633.366
16551.4
16860.166
17114.666
17185.301
17049.133
16977.367
16877.133
16742.9
16957.066
17134.834
17200.334
17219.301
16838.867
17475.633
17320.133
17241.633
16751.199
17295.434
17178.666
17003.367
16890.334
17040.834
17118.066
17267.232
17173.0
17264.367
16992.533
17128.434
17294.268
17054.033
17171.268
17051.434
16876.4
17002.5
17146.6
16883.033
16797.4
16981.834
17205.467
16314.5
17034.6
17099.232
17022.934
16313.434000000001
16736.4
16997.967
17116.066
16973.566
16984.133
16957.633
17106.133
16771.834
16694.0
17127.834
16848.268
16947.633
16615.533
16879.5
16923.666
16594.301
16508.666
16818.166
16446.467
16462.233
16300.667
16621.167
16477.134
16170.9
16482.6
16433.634
16212.6
16320.033
16434.733
16277.767
16231.6
16029.033
16037.733
16347.566
16013.6
16107.3
15780.934
15879.967
15920.934
15743.566
15849.866
15670.767
15578.333
15536.033
15481.6
15703.233
15658.267
15588.7
14645.667
14829.033
14632.134
14365.5
13635.4
13446.5
13381.733
12953.3
12279.667
12774.1
12666.667
11898.434
12326.467
12272.1
11918.467
12074.5
11612.6
11774.767
11574.733
11237.1
11352.6
11619.167
11508.267
11665.233
10373.8
11131.434
11239.667
10801.5
11127.733
11427.366
11553.066
11416.7
11895.267
12222.1
12365.134
12595.967
13058.866
13078.566
12977.2
13091.434
12861.8
12839.634
13017.667
13008.366
12453.4
12861.566
12649.934
12221.566
11537.8
11873.167
11603.267
11311.434
11155.066
10968.233
11078.2
10946.5
10804.134
11223.233
11206.267
11054.566
11030.533
11158.9
11006.934
10920.833
10827.333
11226.634
11067.267
10738.566
11224.866
11561.967
11361.934
11101.9
11301.4
11265.5
11332.667
11321.1
11148.066
11170.967
10882.333
10294.1
10826.467
10742.967
10909.8
11123.9
10680.0
11279.767
11162.667
10424.366
10684.467
10827.767
10639.134
10691.967
10948.0
11103.233
11076.267
11243.767
11187.0
11341.5
11173.267
11123.1
10805.0
11039.9
11143.6
10897.7
10886.467
11131.434
11076.667
10850.7
11374.667
11505.767
11643.267
11254.366
11511.066
11746.167
11735.866
11931.434
11218.333
11716.033
11589.267
11816.233
11447.533
12121.9
11922.667
12045.366
11689.8
12269.167
12172.333
11826.9
11651.467
11849.634
11620.6
11522.434
11738.934
11698.566
11572.6
11219.1
11211.8
11451.1
11627.4
11462.233
11616.467
11588.967
11428.467
11211.967
11477.866
11585.566
11468.8
11762.833
11209.533
11533.1
11776.4
11785.366
11460.0
11507.033
11090.934
10820.233
11242.4
11138.767
11193.2
10456.3
10984.4
11260.1
11123.934
10887.967
11201.533
11451.5
11072.066
11218.233
11071.6
11334.833
10969.866
10729.5
10683.267
11066.1
10994.2
10564.1
10871.934
10830.833
11002.4
10825.233
10875.866
10971.1
10825.467
10641.033
10861.6
11013.3
10908.4
10789.7
11125.333
10874.167
10963.8
10829.3
10675.733
10847.1
10824.6
10665.5
10548.2
10600.634
10684.8
10378.5
10295.667
10790.033
10786.0
10480.233
10524.333
10777.033
10784.267
10326.9
10417.267
10637.167
10413.533
10228.767
10604.6
10596.1
10351.6
10591.1
10360.934
10454.033
10378.733
10094.566
9751.733
10464.1
10091.667
10322.3
10144.267
10251.634
10053.533
10002.233
9838.467
10196.3
10093.267
9979.3
9718.267
10001.233
10055.267
9835.7
9805.934
10075.833
10038.866
9526.434
9708.333
10031.434
9981.267
9266.9
9457.0
9890.1
9838.866
9724.9
9400.4
9940.434
9846.667
9773.167
9526.667
9671.167
9498.8
9369.566
9559.333
9676.566
9494.667
9325.366
9369.8
9825.9
9804.733
9593.233
9295.533
9426.833
9555.267
9380.833
9192.6
9525.3
9430.533
9415.1
9097.8
9295.167
9397.066
9347.233
9179.4
9360.233
9166.667
9578.366
8891.6
9351.7
9255.267
9047.634
8609.6
9333.634
9285.2
9293.767
8989.267
9094.767
8919.6
9045.233
9164.8
9442.366
8658.2
8960.5
8712.8
8983.033
8373.267
7920.1
7225.067
6945.9
6090.933
5238.433
4608.733
3942.033
3178.4
2789.167
2124.867
2412.167
2319.467
2028.967
2205.667
3114.567
3314.667
3336.367
4329.533
4900.167
5211.2
5516.967
4883.133
5624.1
5222.533
5042.367
4683.533
4430.9
4503.667
4205.367
3959.4669999999996
4349.767
4460.867
4423.367
4226.067
4949.033
4743.267
4793.367
5425.133
5469.633
5741.867
5412.167
5929.8
6105.233
6081.2
6138.233
6399.467
6705.3
6755.0
6305.5
6617.533
7146.233
7198.333
6766.967
7273.933
7535.567
7705.733
7598.033
7626.067
8097.367
8095.0
7465.5
7613.467
8317.033
8401.4
8235.832999999999
7969.8
8482.832999999999
8286.6
8112.233
8132.533
8605.033
8405.8
7536.767
8416.133
8580.033
8648.733
8305.9
8090.467
8620.367
8552.866
8348.433
8268.4
8415.3
8526.667
8107.299999999999
7937.8
8873.3
8467.2
8250.5
8289.6
8610.5
8502.6
8363.833
8339.733
8551.833
8509.066
8343.366
8284.8
8605.033
8576.667
8470.7
8325.066
8664.5
8560.4
8007.1669999999995
8248.267
8562.434
8470.866
8101.7
8034.133
8427.1
8312.467
8367.167000000001
8131.2
8399.967
8517.2
8194.7
7751.867
8517.767
8413.4
8440.367
8240.733
8714.3
8452.667000000001
8291.9
8033.0
8537.167000000001
8310.8
7898.633
7735.867
8375.832999999999
8307.867
8330.5
7723.267
8425.633
8280.267
8165.7
8220.0
8397.7
8366.0
8208.767
8139.067
8615.767
8432.067
7583.7
7928.067
8518.1
8309.667000000001
8253.967
8116.0
8512.832999999999
8393.0
7946.233
7777.267
8342.433
8174.467
8155.633
8045.733
8340.9
8308.8
8178.167
7709.0
8399.7
8327.733
7974.233
7659.2
8240.5
8392.133
8084.367
8015.067
8337.767
7973.267
7924.3
8049.467
8073.3
7970.133
7842.433
7679.2
8236.233
8093.533
7696.633
7620.533
8096.033
8210.2
7521.767
7631.733
8085.9
8003.867
8013.833
7794.8
8021.033
7929.467
7849.5
7529.2
8169.233
7931.4
7635.767
7602.333
7974.567
7887.333
7735.9
7233.267
7869.833
7801.867
7681.567
7156.733
7932.167
7721.133
7259.7
7668.067
7720.433
7626.6
7189.367
7298.267
7435.433
7560.2
7316.1
7278.333
7549.3
7318.8
7320.833
7108.467
7458.167
7464.667
7009.3
6947.6
7467.633
7423.333
7135.767
7066.867
7136.167
7343.333
6882.367
7053.8
7123.1
7149.0
7005.367
6739.667
7312.3
7166.0
6812.9
6477.2
7058.7
7225.867
7034.433
6764.867
7114.767
7104.333
6423.3
6820.0
7258.433
6880.667
6724.767
6775.6
7017.7
7053.733
6640.9
6512.133
6894.633
7005.533
6823.5
6673.733
6976.233
6754.333
6447.1
6186.067
6811.167
6655.2
6903.167
6415.867
6909.767
6859.533
6373.233
6429.0
6909.367
6760.4
6547.633
6623.533
6902.967
6845.867
6431.633
6359.067
6952.167
6690.0
6547.033
6611.4
6833.5
6682.733
6266.5
6142.733
6498.967
6469.867
5941.967
6079.2
6549.433
6404.733
6563.3
6218.8
6581.233
6408.2
6631.967
6257.667
6474.833
6394.733
6051.167
6024.133
6485.033
6373.333
5886.7
5382.4
6325.1
6358.4
5922.7
6098.133
6356.633
6142.733
5972.433
5947.133
6324.033
6101.133
5955.9
5592.533
6174.567
6224.333
5516.3
5678.0
6255.9
6049.667
5792.167
5634.067
6223.5
6186.067
6088.567
5687.267
6261.233
6168.6
6113.433
6001.333
6191.3
6049.067
4818.5
5320.733
6090.367
6168.733
5777.367
5515.067
6033.9
6154.933
5514.967
5498.867
5933.233
5904.333
5424.5
5470.933
5977.433
5912.733
5250.9
5257.333
5794.833
5755.533
5494.167
5499.0
5706.3
5659.4
5217.967
5613.4
5701.233
5693.0
5186.9
5426.267
5795.967
5545.0
5081.233
4987.933
5562.967
5561.867
5408.367
4860.733
5647.9
5495.0
4841.7
4944.333
