278.033
60.983000000000004
-131.63299999999998
157.983
453.9
135.183
208.96699999999998
234.85
238.7
254.317
120.9
-168.21699999999998
214.9
208.317
22.632999999999996
-30.217
349.233
-4.882999999999996
60.833
359.58299999999997
416.367
174.517
465.1
152.983
279.633
202.183
226.567
-121.417
202.233
205.917
325.1
26.382999999999996
288.967
195.517
241.03300000000002
29.450000000000003
568.7
474.45
95.633
-60.75
249.567
133.78300000000002
-5.966999999999999
187.317
200.36700000000002
234.183
150.1
229.917
219.96699999999998
237.65
-43.7
38.516999999999996
617.767
287.45
-13.167000000000002
-263.017
429.633
443.65
35.167
38.05
383.1
428.05
389.233
226.983
417.433
368.25
158.9
320.117
401.633
387.383
329.433
-150.21699999999998
439.967
287.117
42.233000000000004
88.183
377.7
191.78300000000002
141.7
77.25
292.633
499.317
201.767
60.18300000000001
236.9
344.317
32.7
7.316999999999993
245.767
202.583
500.033
-0.6170000000000044
186.167
214.71699999999998
345.5
-66.617
193.567
250.583
197.3
97.583
412.5
351.983
-231.9
27.382999999999996
392.3
302.85
216.03300000000002
213.517
471.367
287.25
2.6329999999999956
269.717
110.033
321.85
250.7
281.983
418.967
282.65
550.767
-232.95
328.033
363.183
111.033
361.983
387.967
457.25
260.433
97.917
342.7
240.78300000000002
-65.3
110.25
335.033
308.91700000000003
131.3
9.450000000000003
406.367
442.65
67.633
-237.95
358.033
313.117
86.967
137.183
282.9
418.983
335.367
40.583
294.967
323.983
-279.433
-134.28300000000002
307.3
203.38299999999998
171.63299999999998
-4.950000000000003
338.7
267.25
51.56699999999999
213.983
405.1
298.517
246.567
-110.883
448.033
411.183
433.9
143.38299999999998
487.767
271.317
162.5
337.717
409.967
70.183
375.3
-173.483
139.233
225.45
1.9669999999999987
360.25
578.633
418.983
171.36700000000002
-86.483
499.433
146.38299999999998
458.9
20.316999999999993
402.033
361.45
315.567
392.783
520.833
353.45
435.9
306.117
338.1
225.38299999999998
386.3
-357.35
389.433
356.717
179.5
134.183
139.5
315.85
470.5
180.38299999999998
247.3
299.183
126.7
-199.483
267.7
382.91700000000003
466.233
177.517
386.767
303.85
55.3
-316.017
440.033
236.71699999999998
-62.3
14.049999999999997
265.1
191.85
-1008.233
-90.683
113.767
262.45
245.9
-67.083
559.967
403.783
262.16700000000003
61.117000000000004
261.7
230.317
-106.9
427.783
513.967
272.717
-194.36700000000002
39.31699999999999
321.3
317.717
-110.3
354.05
380.3
266.983
404.367
342.05
330.233
409.58299999999997
243.63299999999998
184.05
378.233
243.85
412.16700000000003
30.117000000000004
400.1
430.65
340.633
-80.55
233.167
314.783
77.433
-291.08299999999997
375.16700000000003
340.783
264.033
-119.217
350.967
339.983
220.96699999999998
81.717
370.633
350.983
-159.767
208.983
335.767
57.117000000000004
-142.1
160.05
257.433
207.917
317.1
164.85
267.767
520.983
97.567
166.983
381.967
531.983
387.233
162.517
226.96699999999998
278.45
89.367
500.383
361.3
213.517
-150.3
104.05
216.767
289.58299999999997
272.233
-7.349999999999994
544.367
555.717
32.167
292.517
377.233
345.783
247.63299999999998
106.983
347.367
395.317
91.233
142.917
302.3
334.183
194.63299999999998
295.65
488.433
442.85
420.233
118.983
576.5
195.45
409.967
-115.017
393.63300000000004
199.183
-64.43299999999999
312.45
359.567
223.65
562.833
420.983
421.967
294.717
660.633
126.05000000000001
413.5
319.58299999999997
5.832999999999998
311.38300000000004
669.633
446.58299999999997
575.433
-6.483000000000004
488.233
407.05
431.16700000000003
239.117
397.36699999999996
573.317
2.8329999999999984
277.983
660.233
368.38300000000004
193.5
214.117
399.36699999999996
402.317
567.567
218.317
692.367
586.983
740.033
487.983
746.633
560.383
271.967
400.983
450.167
667.783
852.033
264.717
777.967
646.5830000000001
603.3
739.383
665.433
564.383
410.967
707.183
555.9
831.183
194.5
350.25
637.767
604.517
634.3
465.05
959.7
621.783
784.1669999999999
613.9169999999999
755.767
722.45
755.433
382.45
1081.9
544.65
631.767
570.05
907.767
590.317
771.633
667.117
686.8330000000001
946.45
855.567
750.917
697.367
951.317
721.567
523.583
1020.1669999999999
808.85
695.1669999999999
638.517
646.9
746.65
865.433
738.85
960.567
850.717
643.367
589.183
758.5
877.383
762.433
646.65
981.1
555.517
816.033
552.517
757.9
653.65
833.567
918.117
803.033
536.183
866.433
1031.183
527.567
937.45
797.633
823.983
858.633
835.583
690.833
1041.25
1233.433
748.05
769.3
1352.383
986.9
1205.517
580.833
769.25
1250.033
1087.85
1236.7
1303.517
853.1669999999999
819.7829999999999
939.233
902.8499999999999
1438.967
1263.583
749.7
1204.45
1108.233
1315.183
1358.3
1179.05
1098.567
1434.85
708.3
992.6500000000001
1116.433
1281.65
1605.033
1555.85
1508.367
1454.117
1251.833
1374.183
1384.633
1275.45
902.367
1133.517
1476.233
1265.717
1533.233
1089.717
1596.1
1492.783
1595.033
1424.45
1567.433
1482.65
1094.167
1543.317
1402.167
1315.717
1254.3
1384.117
1363.367
1489.517
1400.1
1164.517
1498.833
1282.45
1242.833
1138.05
1600.367
1505.383
1446.967
1517.983
1617.033
1369.117
1347.3
1245.25
1512.367
1519.983
1397.9
1157.05
1638.433
1381.25
1434.167
1412.517
1564.1
1448.117
956.7
1390.85
1463.1
1555.65
1566.967
1742.983
1882.167
1682.183
1698.767
1673.383
1816.967
1884.317
1733.967
1812.983
1802.367
1819.383
1983.7
1839.783
2209.967
1695.183
1270.167
1513.183
1722.767
2031.65
1747.367
1845.25
2185.1
2013.183
1927.633
1858.517
2103.767
2144.85
2169.167
1886.517
2281.367
1940.25
1826.433
1716.983
1741.967
1671.317
1977.9
1333.783
1733.367
1852.05
2111.033
1746.583
2073.9
1968.05
2173.3
1971.85
2047.633
2105.983
2092.367
2018.517
2310.433
1889.117
2424.567
2187.65
2205.633
2119.717
2011.833
2221.983
2435.3
1821.05
1932.567
2250.317
2493.033
2211.783
2288.9
2031.65
2118.9
1989.183
2085.567
2219.317
2171.833
2500.383
2767.567
2068.65
2658.9
2639.317
2504.5
2408.317
2446.3
2322.517
2292.1
2588.717
2527.033
2329.583
2114.367
2236.317
2171.7
2134.517
2462.767
2356.25
2518.1
2736.85
2566.7
2690.517
2908.3
2664.183
2975.167
2834.383
3152.5
2900.317
2755.367
2986.517
2986.833
2875.85
2713.567
2857.117
2660.367
2732.517
2620.967
2796.983
2747.167
2538.25
2213.767
2470.183
2406.7
2428.383
2250.967
2203.517
2455.9
2187.717
2135.1
1830.983
2433.9
2002.85
2354.967
2373.183
2575.1
3058.183
2859.3
3177.183
3030.767
3209.983
3341.9
2956.183
3133.967
3077.117
2772.433
2691.317
2977.833
2839.117
3084.7
2639.383
2924.033
2981.05
2953.167
3123.65
3085.967
3145.983
3324.367
3256.717
3306.9
3286.05
3211.567
2924.117
3261.9
3329.317
3175.233
3424.517
3515.9
3352.317
3243.033
2955.583
3462.5
3354.917
3687.833
3962.25
4071.7
4418.9169999999995
4429.967000000001
4272.5830000000005
4214.1669999999995
4144.717000000001
4232.433
3828.917
4422.8330000000005
4089.383
4237.967000000001
4160.782999999999
4401.433
3892.383
4039.767
4180.25
4020.367
4077.383
3866.5
3569.383
4183.1
4292.317
4168.7
4383.917
4519.167
4526.383
4403.167
4163.65
4478.7
4411.9169999999995
3896.967
4085.717
4092.633
4319.117
4192.633
4435.25
4631.767
4351.25
4231.9
3690.85
3971.167
4052.05
4099.1
3830.65
4258.7
3916.583
3949.567
3718.45
3630.033
3586.183
3507.233
3567.783
3619.967
3723.717
3518.367
3637.517
3389.767
3592.25
3721.367
3828.917
4127.032999999999
4305.25
4425.167
4598.383
4388.833
4455.65
4013.833
4548.85
4329.833
4354.45
4908.9
4607.783
5288.7
5342.45
5257.767
5482.317
6071.9
5555.717
5692.3
5140.917
5299.1
5201.85
4776.1
4515.183
4575.833
4414.65
4221.633
4339.517
4825.3
4475.117
4765.233
4819.317
5325.7
5308.583
5419.3
5152.517
4981.3
4840.183
4461.3
4307.783
4374.3
3955.517
3803.5
3653.85
3730.367
3648.317
3063.767
3395.85
3415.7
3081.25
2752.633
3533.45
3568.233
3704.717
4031.767
3793.85
4616.233
4855.85
4942.3
4778.383
4870.033
4645.583
4263.3
4394.717
4320.567
4526.517
4502.633
4322.117
4894.433
4570.783
4747.7
4630.65
4813.633
4734.85
4670.833
4115.983
4710.7
4591.183
4723.967
4646.45
4574.7
4576.45
4659.633
4653.783
5359.233
5407.983
5412.433
5668.983
5845.9
5918.983
5886.433
5714.85
6053.567
5822.717
6224.633
5836.317
6279.5
6729.983
6032.5
6269.717
6371.167
6125.583
6063.3
5347.383
5218.7
4639.317
4372.233
3439.117
3271.833
2731.05
2551.633
2557.05
3100.9
3388.85
3763.567
4293.717000000001
4670.567
4914.583
5216.233
5662.983
5980.433
6389.25
6286.433
6254.783
6413.9
5829.317
5709.1
5368.317
4995.3
4191.783
3872.033
3537.317
3538.633
3900.783
4064.433
4659.25
5573.7
5862.783
6088.1
6975.983
7254.367
7372.717
7757.967
7501.517
8202.033
8248.383
8653.233
8383.184
8318.767
8779.783
8533.634
8588.85
8719.767
8570.25
8834.767
8609.45
9261.033
9107.05
9215.1
8990.85
9488.566
9351.717
9191.634
9246.583
9811.233
9567.517
9528.3
9289.85
9469.233
8994.184
9048.167
9242.917
9323.7
9795.116
9512.033
9614.717
9671.634
9361.85
9046.566
8831.25
9003.7
9326.316
9497.7
9364.116
9401.634
9407.917
9310.366
9195.116
9076.967
9082.783
8918.566
8995.917
9461.1
9218.116
9441.167
9091.783
9254.634
9494.116
9244.9
9658.583
9846.033
9787.45
9912.1
10013.316
10135.566
10447.05
10720.167
10510.783
10444.634
10388.184
9697.033
9132.517
9302.7
9234.783
9156.7
9059.25
9364.767
9629.05
9780.7
10461.783
10369.3
10983.05
10928.5
10964.184
10927.9
11367.45
10744.5
10871.783
11317.967
10799.517
10880.566
11062.917
10975.767
10802.384
11410.167
10921.717
11238.233
11205.45
11109.7
10848.05
11102.833
10950.717
10982.5
10354.65
11037.3
10868.65
10886.1
10459.717
10838.233
11232.384
11426.3
11084.65
11344.767
11439.717
11200.634
11219.384
11126.3
10111.45
10561.634
10603.316
10640.5
10188.517
10802.767
10643.384
10698.9
10413.983
10360.033
10738.583
10902.1
10802.05
10906.5
10648.25
10386.033
10350.583
9762.5
10021.917
10740.167
10541.384
10688.033
11045.517
11381.434
11455.316
11660.767
11263.65
11395.033
11546.316
11467.233
10988.65
10811.033
10302.05
10477.967
9748.85
10364.9
10622.184
10271.833
10291.917
11135.167
11070.45
10526.167
10573.116
11392.7
11592.25
11287.767
11077.184
11215.833
11306.45
11044.833
10944.116
11181.634
10982.65
11265.434
11584.25
11251.967
11522.783
11805.9
10891.316
11179.566
11017.45
10618.833
10898.384
10185.366
10442.116
10478.3
11460.983
11352.967
11170.717
11168.566
10717.45
10966.566
10961.184
11307.3
10954.717
10736.767
10164.983
9990.167
9666.25
9288.767
9217.116
8543.9
8407.25
8430.967
8442.383
8931.033
9353.917
10276.634
10950.517
12098.233
12252.45
13348.3
12489.45
11920.167
12391.85
12248.9
12042.384
12812.634
12978.717
13194.833
13009.917
12884.634
12258.384
11756.767
11425.917
11667.033
11586.717
12885.434
12329.917
12926.967
13009.384
13300.7
13373.45
13003.5
13719.517
13929.5
14578.65
14426.7
14589.45
14844.366
15179.783
14136.3
14376.65
13720.1
14080.85
14074.7
14475.384
13862.167
13677.384
13212.767
13017.05
13237.3
12946.116
12025.833
12932.983
12762.033
13591.384
13750.634
13815.05
14749.366
14312.583
13960.1
14311.316
14329.233
14116.316
14088.767
14328.05
14737.1
15178.517
15229.566
14916.25
15035.5
16705.184
15429.7
15441.316
15730.833
15114.316
15711.233
15685.583
16303.767
15704.316
15159.3
15474.917
15684.967
15587.184
15073.9
14963.983
16065.233
16547.45
16148.634
15495.517
15843.634
15628.316
15494.833
14653.917
15573.767
15413.45
15068.9
14362.85
14991.7
15231.717
15248.967
14810.316
15911.833
15946.983
15658.7
16092.717
16225.233
17000.25
16238.366
16010.05
16587.566
16160.917
16513.768
15622.65
15941.5
16685.65
16242.9
16400.45
16431.033
15985.45
16204.434
16691.25
17367.633
17047.316
17009.434
17201.518
17014.834
17466.916
17928.566
17494.584
17428.434
17001.717
17029.5
16481.916
16925.768
16584.85
16892.3
16211.384
15783.967
16044.316
15927.634
15651.717
16231.434
15729.65
15897.833
16031.717
15953.167
16073.65
15914.767
16459.717
16994.233
17374.65
16463.833
16553.85
16634.366
16029.85
16917.166
16545.383
17069.699
17082.518
17448.232
17466.25
17610.301
17881.117
17320.232
16847.916
18550.1
17878.783
17787.1
18049.117
18290.5
17065.383
17812.166
17038.85
18075.232
17738.117
16985.834
17608.717
18077.566
17783.584
17916.166
18928.184
18294.232
17664.85
17459.967
17217.25
17110.1
17708.383
18432.566
18280.25
18994.033
19126.65
19527.434
18996.717
19070.768
19465.383
19240.033
19218.65
19223.166
19325.916
19813.834
19370.982
20084.301
19843.584
19966.434
20418.518
20295.1
20216.117
19737.9
19879.383
20174.9
19756.783
19624.834
19449.25
20149.232
19820.65
20871.834
20080.383
19726.434
20225.783
20357.5
21073.184
21194.434
21305.25
20694.566
20949.117
20387.566
20576.982
20334.232
20768.717
20970.1
22810.051
21089.5
21988.783
22326.768
22523.449
21986.301
23314.184
22740.232
23097.584
23867.9
24579.518
23370.434
23893.584
23381.301
23672.584
25383.033
23761.051
23963.834
23110.184
23028.1
23185.783
23836.033
23708.383
24207.033
25005.518
24465.301
25266.449
25912.367
26597.25
26596.434
26807.449
27606.834
28349.717
27635.166
26282.316
27120.967
27316.584
26530.566
27117.449
27758.699
27783.117
27559.967
28059.65
28673.633
27959.85
29531.434
30224.051
29799.633
29189.783
30306.967
30196.449
30224.434
29924.916
30317.967
30474.783
30235.566
30290.449
29875.699
30196.982
31049.633
31876.25
32331.633
32663.584
34087.633
34281.184
33705.434
34467.25
34421.102
34185.051
34233.898
33239.449
34248.234
33396.516
33359.566
35062.25
35614.5
35905.785
36024.035
36150.449
37024.898
36073.449
36333.633
35815.051
36063.035
36345.984
35825.633
36521.051
37295.965
37660.051
37827.766
37973.984
38442.965
38489.516
37834.434
38136.449
37961.5
38102.918
37433.766
38062.582
38102.965
38322.648
38754.102
38267.984
38101.898
38295.785
38421.633
38434.582
38474.965
38817.383
38572.5
38758.383
38999.301
38721.316
37579.234
36988.648
35275.898
33814.516
32823.367
32491.982
32401.033
32916.984
32870.832
34271.582
35953.234
36497.785
37147.168
37264.051
37558.699
38511.648
39510.832
39129.449
39878.766
39807.516
39417.102
38648.516
38318.766
38599.25
39196.035
39545.785
40028.699
40737.785
41648.5
42153.582
42283.633
42423.184
41644.367
41419.715
40942.832
41258.582
41345.301
41338.25
41282.434
40587.715
40170.301
39898.516
39299.699
39391.648
39660.766
39431.117
40955.832
41271.316
41561.766
42203.383
42473.102
41534.184
41755.102
41341.852
41397.168
41799.516
42121.367
42523.516
43660.766
43510.984
44120.699
43546.785
43563.898
43114.117
42319.699
42516.785
42471.168
42622.449
42426.301
42691.715
43269.367
43612.051
43103.434
43204.184
44307.234
43754.852
44182.035
43451.25
44067.5
43463.852
42484.102
42004.516
41612.234
41507.25
41734.434
42091.918
42472.102
43718.715
43446.434
44329.516
43759.5
43798.117
43570.367
43083.785
42712.301
42261.582
41597.699
41771.316
41729.699
41482.785
41680.168
41668.984
41423.367
41546.25
41345.699
41497.383
42012.035
42468.051
42427.168
42976.984
43689.234
43973.715
43873.035
44237.582
44026.5
43938.449
43170.102
42702.117
42123.102
42459.648
42938.832
42596.516
43396.965
43789.383
44363.832
44691.516
44660.965
44658.316
45560.168
45900.582
46409.035
46494.516
46209.234
45962.051
45676.566
45665.715
44961.566
44712.984
44906.035
44850.383
44533.699
44388.984
43457.633
44076.117
43686.234
44112.984
43998.832
44887.051
45413.102
46125.648
46510.102
46801.316
45777.234
45890.383
45283.566
45339.715
45684.434
45370.449
45279.168
44903.715
45316.035
45699.984
45727.898
45934.516
45976.898
46498.715
46975.234
47799.648
46982.898
46802.984
46081.035
46112.984
45314.965
45315.785
45154.898
44906.516
45576.434
45686.582
43867.633
45149.648
44989.766
44645.648
44868.434
44550.715
44423.035
44712.516
45318.633
45630.648
45664.832
45564.984
45765.367
46536.449
46568.699
46908.582
46559.434
46008.316
44544.102
42897.449
42023.699
40431.516
38693.965
38198.715
38899.699
39983.516
42442.633
43124.449
42502.102
42577.184
42799.168
42202.984
42629.301
42052.852
41521.102
42513.918
43793.566
44771.316
44682.699
45150.785
45300.699
45850.648
46718.898
46164.785
46053.699
46073.117
45256.766
45774.785
46279.766
46308.984
46091.766
47076.852
47538.566
47451.449
47544.566
46761.516
46596.766
46279.051
46514.965
46150.984
45464.102
45163.184
44653.035
45792.785
46586.965
47404.117
47120.035
47805.184
48725.699
49109.785
48493.699
48032.25
48400.102
47713.117
47581.434
46902.852
47605.898
48180.117
47643.5
47331.516
46942.367
45732.051
45089.367
43458.117
42201.898
41800.648
41898.5
42310.516
42833.699
44169.984
44421.699
45810.051
46125.301
46179.785
46867.566
47079.785
47555.234
47743.383
47893.898
48445.582
49323.965
48596.184
48210.434
47315.449
47262.102
47062.785
46898.633
46954.715
46952.102
47671.785
48732.5
48818.984
48848.168
48785.984
48675.301
48383.184
48319.566
48415.984
47234.168
46577.582
46208.699
45432.25
44609.434
44096.383
44441.102
44767.316
45222.234
45750.383
46488.168
46546.516
46314.168
46162.184
46331.168
46001.383
45593.234
45725.25
46138.699
46730.383
46912.766
46921.383
47475.566
48030.984
48017.102
48055.316
47775.633
47602.516
46915.898
46134.051
45768.367
44784.918
43748.5
45142.918
45009.234
45350.715
45573.102
46221.051
46335.766
46745.516
46145.633
46219.184
46594.633
46047.316
45870.367
45705.648
45627.633
45252.316
44574.965
44025.051
44214.035
44300.648
43745.699
43079.984
43420.035
43296.117
42911.035
42954.715
43253.633
43518.785
43815.832
44250.316
44465.898
44922.25
44683.301
44448.516
44970.168
44825.051
43606.766
44364.715
43957.5
43961.582
44215.766
43551.117
43645.367
44554.984
44696.699
45201.648
45046.898
45134.25
45089.5
44760.383
45252.898
44716.918
44174.234
44068.316
44434.633
44894.852
45100.168
44285.117
44467.102
44383.785
43892.633
44245.051
44329.301
44280.516
44025.367
44242.516
43923.699
44054.051
43453.035
43188.715
43097.168
43038.383
43287.234
42781.117
43695.234
43962.715
44501.633
43842.316
44017.633
44029.918
44298.633
44178.383
43945.699
44099.715
44051.168
43840.715
43832.699
43895.383
43518.301
43053.785
43455.633
43580.918
43730.102
43678.582
43876.234
43881.316
43764.434
44191.715
44195.301
44459.918
43577.234
43154.051
43371.102
42799.449
42901.301
42629.984
43183.5
43736.582
43569.234
43420.852
43730.566
43705.117
44015.035
43851.715
43893.234
44262.852
44053.566
44035.715
44202.766
44201.449
44146.766
44011.648
43253.168
43457.051
42674.965
42841.785
42937.5
42850.25
42464.367
42591.582
42561.102
42550.984
42587.766
42949.582
42550.5
43221.184
42943.168
42895.117
42289.102
41921.051
41519.5
41703.984
41281.633
41318.117
41002.102
41642.648
41849.832
41851.449
41636.035
41276.648
42417.434
42652.184
42911.035
43003.984
43584.234
43793.383
43091.898
42840.051
42692.301
42650.785
41823.965
41945.852
42213.367
42205.852
42526.832
42491.648
42928.168
42883.516
42937.035
42747.25
43007.367
42623.184
42357.102
41838.984
42428.035
42593.785
41736.168
42605.383
42251.898
42579.184
42817.898
42296.051
42573.832
42160.383
41334.832
40871.25
41344.832
41079.648
40780.234
41219.648
41239.832
42288.051
42021.5
42695.051
42881.434
42585.984
42519.5
42915.918
43259.234
42688.051
42098.367
41916.25
41911.301
41336.918
41194.566
41087.516
41710.102
41767.715
41701.898
41720.184
42264.168
42370.051
41979.832
41714.852
41707.367
41266.449
40605.898
40068.449
40161.832
40137.852
39703.5
40054.383
40434.035
41014.984
41237.965
41423.25
41715.301
41952.449
42335.035
42233.918
42409.234
42220.582
41998.234
42524.852
41919.102
42379.715
42022.566
41613.117
42206.699
42076.184
42246.102
41876.184
41710.566
41615.715
41631.035
40977.25
41180.633
40926.648
40701.766
40974.582
40655.168
40481.316
40433.965
40350.051
41101.699
41377.449
40546.102
40699.449
41306.035
41182.316
41088.102
41570.449
41107.566
40776.582
40609.633
39842.051
40327.566
39470.516
39676.699
39534.383
39557.168
40107.449
39840.898
40159.715
40074.301
40008.117
40374.965
40278.715
40588.699
40556.648
40081.367
40122.316
40295.5
40409.051
39593.301
39975.715
40146.434
40148.383
39526.434
40043.852
40695.832
40276.715
40017.633
40811.715
40960.5
40738.184
40462.633
40040.316
40633.102
40142.582
40358.035
40234.785
40004.832
40204.582
40038.699
39826.918
40192.035
39951.648
39185.633
39397.316
39671.965
39486.984
38812.301
38860.516
38530.168
38412.582
38206.035
37788.785
38405.898
38423.25
38044.168
39018.715
38937.367
39186.449
39140.699
38807.984
39331.699
39142.984
38812.367
38282.785
38741.234
38957.25
38128.633
37366.852
36634.898
35886.25
35328.301
34705.852
34245.898
33655.984
33224.367
34434.785
35005.965
35000.117
35631.234
36338.117
37487.168
37221.25
37701.367
37487.383
37420.633
37577.582
37175.234
37008.852
37216.566
37139.383
36730.035
36842.852
36949.301
37172.316
36948.898
36663.25
37098.566
36806.648
36849.699
36664.051
37041.168
37018.184
36740.102
37259.383
37052.434
36907.383
36530.898
36271.383
36333.035
36166.516
36122.699
36279.117
36063.168
36453.051
36490.566
36280.984
36502.434
37008.715
36682.5
36362.852
36651.234
36823.582
36672.898
36830.051
36740.766
36291.383
36115.699
36043.051
36257.367
36093.383
35336.102
35694.383
35574.832
35819.449
35647.168
35539.25
35642.234
35778.918
36056.965
35622.918
35814.5
36057.051
35498.832
35764.715
35705.699
35674.582
35064.633
35190.383
35114.367
35202.715
35240.301
35123.852
35051.633
35022.785
34370.965
34714.316
34562.168
34785.516
34311.102
34682.715
35287.766
34901.316
35331.832
35323.383
35217.5
35655.715
35446.168
35463.715
35462.699
35370.184
35592.566
35395.516
35530.168
35270.648
35515.898
35254.785
35698.367
35056.582
35156.367
34937.516
35169.367
35310.785
34796.566
34673.117
34734.234
34809.984
34758.699
34798.516
34884.035
35039.117
34993.766
34868.648
34819.898
34417.582
34014.832
33889.184
34106.898
33563.449
33315.102
33429.984
33799.035
33791.184
33360.832
33406.918
33727.965
33515.25
33267.898
32926.316
33246.766
33038.717000000004
32645.834
32143.449
32487.9
32574.25
32555.967
32804.916
32711.834
32721.184
32170.033
32355.051
31916.367
31881.584
31106.166
30936.117
30935.699
30510.982
30544.301
29852.117
30172.5
29864.051
29286.834
28489.982
28374.301
28478.916
28314.1
27731.916
27969.1
27920.783
28136.566
28272.383
28876.9
29249.65
30094.232
30804.184
30944.166
31097.916
31106.301
31366.717
31221.699
30833.051
30937.768
30675.184
30961.566
30689.316
31036.232
31048.85
31422.566
31311.717
31598.1
31487.117
31882.566
31760.117
31488.232
31766.117
32106.033
31868.449
31556.633
31380.449
31693.834
31526.65
31321.301
31297.518
31395.1
31398.117
31786.1
31015.316
31505.5
31500.184
31578.1
31397.85
31666.434
31374.85
31045.5
31020.916
31168.1
31311.85
30637.834
30499.117
30736.434
30451.449
30355.166
30572.584
30693.699
30407.85
30303.301
30042.184
29999.768
30022.717
30124.1
30046.518
30034.434
29967.25
29935.699
29886.184
29750.1
29735.316
29498.566
28962.117
29391.699
28902.717
29074.5
29034.65
29167.5
28909.65
29096.699
29033.65
29058.367
29432.85
29210.566
29521.85
29367.301
29571.117
29335.301
28847.117
28956.434
28823.051
28634.9
28856.051
28713.566
28724.717
28738.566
28676.316
29033.301
29568.518
29097.633
29613.117
29743.699
29498.383
29681.5
29329.051
29587.967
29730.316
29876.232
30043.316
30074.434
30493.051
30377.232
30798.717
31154.699
31396.584
30898.699
30733.184
31077.434
31588.518
31423.301
31913.85
32027.166
32488.717
32263.967
32354.717
32280.967
31989.383
31222.967
30147.449
29614.5
29294.85
29014.834
28735.717
28458.301
28515.85
28332.699
28334.982
28530.1
28388.117
28388.768
28309.982
28701.301
28481.316
28337.367
27978.982
27970.301
28150.916
27751.967
28069.25
27951.1
28116.383
28142.434
28231.449
28283.834
28522.117
28119.9
28302.051
28656.967
28442.982
27867.033
28184.982
28569.1
28381.316
27990.834
28270.783
28491.5
27942.518
28388.166
27654.051
28006.768
27681.117
27494.967
27588.916
27438.5
27541.584
27237.1
26801.717
27455.768
27529.584
27181.033
27193.449
27372.967
27169.051
27475.301
26940.316
27152.033
27256.316
27366.5
27371.383
27482.166
27196.85
27309.367
27429.584
27692.9
27291.982
26839.5
26896.051
27164.9
27287.65
26963.166
27114.383
26990.566
27169.717
26898.9
26952.916
27033.9
26922.783
26508.367
26262.783
26955.9
26677.783
26205.834
26166.316
26598.967
26187.184
26188.768
26269.449
26547.434
26256.584
25224.232
26045.184
26501.834
26077.25
26037.699
25630.117
25918.5
26045.65
26255.301
26211.982
26092.367
25794.783
25855.834
25837.85
25244.5
25079.051
24513.768
24805.051
24319.9
24773.717
24309.033
24388.518
25665.434
25506.982
25411.1
26077.25
25883.967
25943.051
25536.768
25273.783
25138.434
25139.65
24903.434
24919.25
25034.566
25091.65
24644.834
24900.65
25513.834
25058.982
24534.768
24882.316
25121.834
25218.25
24868.367
25042.717
25135.1
24748.383
24465.967
24099.449
24494.566
24083.717
24006.967
23592.25
23599.633
23619.584
22945.834
22464.25
22348.166
20921.783
20166.699
19364.383
19529.232
19534.783
19607.5
19844.383
20660.967
21545.783
22029.5
22083.25
22297.434
22922.85
23407.166
23353.518
22985.967
23467.783
23334.1
23442.717
23427.232
23035.85
22700.166
22611.117
23051.566
22942.051
22502.166
23137.982
23068.033
23242.316
23363.033
23236.85
23318.301
23331.584
23062.367
23169.117
23296.5
23480.316
23024.166
23005.051
23407.768
23538.916
23396.301
23443.717
23591.1
23538.85
23462.834
22956.449
23442.768
23375.184
22966.434
22807.518
23080.166
23189.982
23027.434
22568.383
22802.9
23172.584
22516.367
23175.117
23345.434
23256.783
23687.633
23392.117
23502.301
23477.25
23240.967
23406.85
23346.033
23263.25
22885.566
23000.518
23018.033
23063.117
22983.834
23080.982
23270.566
23279.051
23008.5
22770.449
23037.967
22962.117
23086.166
22666.518
23196.834
23007.117
23202.434
23192.783
23317.967
23230.518
22750.033
22495.783
23031.166
22879.717
23072.033
22681.916
22597.367
22647.982
22585.633
22925.783
22649.9
22632.117
22051.033
22122.584
22190.5
22484.184
21590.5
21889.316
22108.232
22140.717
21861.699
21704.518
22130.9
22070.383
21864.434
21998.117
22065.967
22256.584
21527.367
21754.85
22251.633
22300.85
21885.5
21807.982
21913.5
22108.383
21744.434
21694.65
21832.301
21767.982
21209.9
21527.717
21517.166
21353.518
21283.768
21465.449
21150.1
21845.85
21234.5
21136.916
21249.301
21258.85
21170.232
20568.117
21104.633
21124.982
20803.834
20588.518
21036.5
20920.25
20784.967
20293.916
20843.1
20819.783
20733.967
20797.783
20399.699
20677.051
20568.967
20102.982
20379.434
20200.584
20177.768
19719.184
20157.232
20037.449
19437.1
19075.25
19810.633
19613.316
19467.367
19350.316
19602.5
19447.65
19125.1
19020.184
19679.166
19409.051
19241.1
19077.85
19527.033
19125.982
18933.301
18813.717
19496.033
19204.65
18937.232
18938.184
19126.367
18801.518
18427.768
18096.25
18599.834
18680.518
18571.232
18831.783
18987.367
18858.383
18286.834
18940.85
18715.434
18617.717
18562.434
18491.85
18398.633
18577.184
18093.232
18044.25
17402.768
16648.783
15968.3
15222.517
14792.833
14635.717
14627.233
14581.783
15509.1
16015.116
16211.1
16665.051
16957.166
17004.916
17088.9
17012.184
17140.834
16622.584
16629.166
15916.518
16942.367
16900.518
16674.232
16581.518
16982.9
17214.85
17359.699
17041.383
17480.633
17717.518
17348.768
17416.184
17768.834
17765.383
17748.5
17903.316
18032.699
18023.051
17740.967
17421.783
18359.367
18069.518
18034.834
17650.65
18340.834
18466.717
18185.301
18457.518
18457.1
18012.117
18191.699
17840.449
18375.367
18313.584
18228.166
18145.184
18144.699
18339.982
17923.166
18472.117
18454.367
18491.717
18447.9
18050.25
18729.232
18718.051
18274.033
18416.982
19112.367
18860.717
18566.9
19039.051
19309.232
18934.916
18705.232
18807.051
18466.1
18599.383
18135.5
18271.383
18574.566
18504.316
18505.1
18994.982
18648.367
18775.982
18161.301
17980.051
18899.967
18732.783
18547.166
18670.584
18497.434
18624.184
18703.301
18402.85
18402.232
18405.65
18381.301
18298.65
18453.834
18150.584
18243.232
18089.25
18478.5
18217.717
18311.5
18263.316
18722.768
18291.717
18330.9
18234.449
18501.367
18722.25
18736.768
18632.184
18543.566
18408.65
18294.301
18565.982
18653.434
18741.783
18815.633
18404.316
19030.967
18869.051
18831.367
18336.717
18857.166
18768.383
18556.967
18423.783
18546.834
18688.518
18821.834
18707.783
18796.367
18509.982
18596.434
18777.449
18487.367
18621.916
18494.9
18352.65
18453.301
18576.916
18340.633
18260.25
18381.033
18638.65
17686.834
18439.584
18472.699
18375.65
17691.5
18078.449
18389.5
18486.518
18340.699
18356.051
18331.9
18483.25
18169.367
18071.051
18478.834
18215.85
18299.633
17948.383
18199.1
18230.584
17914.768
17774.518
18115.633
17723.518
17727.834
17517.85
17891.301
17777.783
17451.834
17743.783
17703.633
17440.184
17594.166
17761.383
17581.434
17530.25
17334.1
17307.117
17626.434
17313.717
17449.967
17061.117
17149.434
17223.717
17089.768
17163.25
17021.033
16953.383
16899.566
16870.717
17124.566
17084.916
17013.633
16092.65
16383.366
16332.517
16156.233
15585.116
15536.566
15612.184
15249.967
14600.65
15203.566
15046.184
14199.233
14602.517
14482.7
14127.783
14303.566
13730.583
13882.167
13702.45
13443.3
13550.184
13808.167
13660.983
13835.434
12631.316
13404.167
13496.583
12988.634
13296.25
13539.967
13605.25
13319.434
13727.583
13921.3
13954.25
14127.566
14537.25
14513.366
14321.783
14418.167
14203.184
14186.967
14376.783
14328.233
13767.316
14269.7
14107.384
13783.366
13180.184
13574.634
13358.184
13045.9
12972.583
12832.9
12922.05
12762.566
12613.116
12990.434
12967.983
12841.1
12874.917
12954.566
12833.184
12688.167
12642.517
13031.3
12883.384
12523.634
12971.583
13357.967
13099.65
12835.634
13003.517
12939.967
12963.583
12911.9
12821.583
12892.3
12647.25
12064.233
12635.384
12512.833
12621.717
12744.1
12259.783
12781.3
12611.783
11935.1
12247.517
12449.167
12287.05
12337.366
12598.25
12707.366
12676.116
12861.566
12810.45
12915.167
12753.116
12662.967
12406.517
12651.233
12729.116
12460.3
12452.45
12717.366
12691.783
12425.366
12863.983
12920.3
13057.65
12588.767
12796.184
12918.833
12894.184
13112.1
12395.45
12930.833
12779.45
12970.634
12549.517
13229.366
12959.184
13093.434
12720.717
13258.434
13181.917
12854.167
12664.517
12920.967
12688.783
12571.967
12806.116
12732.7
12590.184
12248.9
12242.517
12468.7
12656.184
12482.3
12692.917
12632.7
12455.917
12274.9
12466.517
12575.3
12448.25
12702.366
12087.45
12414.767
12689.85
12620.233
12358.184
12394.967
11939.384
11672.566
12118.116
11988.366
12063.116
11246.767
11817.316
12144.366
11974.517
11672.967
12014.717
12277.634
11817.783
11975.833
11819.85
12039.634
11703.184
11464.1
11414.983
11774.434
11698.25
11289.833
11552.384
11545.566
11693.783
11507.967
11558.65
11638.233
11500.917
11317.167
11539.85
11666.967
11581.517
11441.5
11780.65
11511.566
11584.783
11521.1
11318.65
11499.7
11474.184
11324.566
11176.45
11227.3
11322.717
11015.9
10904.717
11411.233
11391.65
11124.634
11145.983
11381.5
11382.05
10949.967
11020.05
11241.9
11025.983
10812.566
11208.917
11170.366
10940.583
11215.767
10966.25
11001.233
10966.316
10674.366
10308.384
11019.434
10671.45
10919.5
10718.917
10847.5
10627.517
10576.366
10426.316
10770.033
10635.783
10558.566
10283.384
10569.767
10584.917
10405.3
10355.25
10621.566
10608.917
10077.5
10266.917
10528.767
10502.116
9799.434
10005.316
10423.033
10393.25
10281.033
9920.783
10490.366
10359.917
10297.1
10026.517
10205.5
10035.517
9893.833
10052.05
10229.033
9996.783
9812.5
9909.25
10336.5
10315.384
10104.167
9804.983
9937.033
10059.983
9875.833
9722.316
10048.033
9968.717
9945.167
9595.05
9795.1
9913.783
9845.7
9693.25
9840.767
9659.116
10081.833
9375.783
9806.033
9747.65
9541.167
9085.517
9788.3
9757.116
9796.767
9448.25
9561.033
9426.983
9530.634
9648.45
9925.3
9127.316
9430.7
9239.85
9484.7
8899.85
8463.233
7822.917
7590.767
6798.583
5980.3
5365.983
4744.767
3994.183
3620.7
2957.717
3262.5
3157.317
2908.5
3102.517
3995.3
4192.45
4191.767
5185.783
5712.5
5998.85
6332.967
5660.65
6414.5
6023.583
5883.567
5506.85
5311.033
5368.65
5088.167
4828.05
5240.967
5322.85
5278.967
5062.717
5801.3
5590.717
5624.9
6239.517
6285.1
6520.517
6213.9
6704.517
6873.7
6843.517
6845.033
7103.717
7382.767
7405.45
6951.3
7218.583
7736.833
7749.783
7340.7
7850.25
8114.833
8263.517
8144.233
8156.317
8647.7
8596.184
8006.032999999999
8144.517
8833.1
8900.25
8719.833
8464.184
8971.833
8784.45
8616.366
8593.517
9078.566
8857.917
8005.5
8876.65
9026.5
9119.25
8787.967
8555.983
9063.366
8975.25
8806.1
8681.917
8841.1
8960.316
8526.033
8363.717
9313.566
8888.717
8675.366
8676.116
9008.634
8897.85
8788.9
8746.517
8977.366
8939.116
8744.5
8727.116
9009.434
8992.184
8849.366
8735.65
9071.767
8973.384
8430.833
8634.983
8944.7
8866.05
8503.566
8442.116
8836.634
8700.517
8755.7
8519.917
8797.167
8894.116
8599.9
8145.25
8935.1
8817.783
8818.366
8614.583
9126.9
8848.65
8676.033
8438.85
8920.033
8705.65
8258.434
8135.65
8760.233
8695.65
8705.233
8104.049999999999
8808.634
8687.983
8544.5
8641.517
8819.5
8765.316
8585.767
8521.384
9030.033
8828.583
7977.634
8342.05
8894.566
8655.783
8648.9
8535.85
8898.5
8774.583
8308.233
8159.384
8711.3
8563.917
8538.434
8405.783
8734.566
8675.917
8558.566
8088.9169999999995
8767.167
8694.184
8355.7
8034.116
8625.1
8776.116
8435.767
8357.85
8711.5
8310.183
8286.233
8427.983
8432.167000000001
8330.383
8207.633
8032.05
8603.7
8428.65
8064.633
7989.117
8461.233
8595.717
7911.167
7981.983
8460.5
8388.117
8422.633
8167.783
8389.633
8286.183
8227.367
7924.783
8558.3
8328.582999999999
8056.167
8007.183
8385.367
8316.45
8122.167
7640.783
8266.033
8213.582999999999
8087.967
7585.783
8354.033
8150.45
7668.9
8071.25
8156.7
8064.183
7652.367
7762.917
7928.033
8054.917
7793.233
7769.517
8034.9
7821.05
7831.9
7587.783
7907.633
7917.45
7456.3
7414.117
7896.367
7851.917
7571.1
7521.317
7577.367
7763.65
7299.167
7460.783
7517.7
7594.783
7398.3
7168.183
7744.7
7589.85
7205.367
6860.05
7446.567
7607.583
7411.767
7095.983
7451.233
7414.517
6725.3
7117.383
7571.3
7207.717
7029.633
7092.85
7314.033
7389.05
7013.433
6849.85
7249.567
7357.983
7202.5
7089.917
7417.767
7209.783
6929.433
6680.85
7283.9
7118.05
7340.767
6840.583
7328.767
7259.25
6746.633
6808.85
7280.167
7106.25
6906.3
6972.983
7263.233
7187.65
6767.033
6725.983
7299.233
7051.85
6903.433
6943.65
7205.1
7032.25
6632.433
6504.65
6865.833
6826.183
6316.7
6443.45
6950.233
6764.583
6954.367
6578.983
6960.967
6821.917
7021.433
6642.25
6845.9
6768.583
6408.1
6397.25
6858.567
6741.25
6276.367
5758.583
6697.767
6757.917
6284.233
6468.317
6695.567
6499.117
6335.7
6318.45
6662.167
6488.45
6302.233
5957.25
6525.767
6574.05
5850.567
6023.717
6597.033
6346.517
6099.367
5888.117
6472.1
6445.45
6364.033
5947.117
6533.367
6453.85
6384.5
6271.25
6472.833
6326.45
5110.567
5585.383
6373.033
6438.317
6055.767
5792.517
6292.633
6434.85
5780.567
5797.783
6212.233
6174.183
5708.3
5738.583
6244.033
6189.45
5532.233
5550.517
6097.233
6043.183
5783.767
5784.917
6016.9
5937.183
5524.033
5911.317
6013.433
6039.383
5494.1
5747.383
6135.433
5893.317
5424.3
5364.117
5940.433
5946.65
5789.567
5256.983
6028.367
5887.517
5216.833
5351.117
