255.5
70.117
-148.3
160.25
439.367
134.517
189.5
244.11700000000002
225.767
252.85
102.767
-173.083
204.233
210.38299999999998
14.299999999999997
-31.816999999999993
336.7
-2.1500000000000057
49.9
353.45
418.5
170.183
456.033
141.65
270.83299999999997
203.38299999999998
213.633
-130.55
194.7
187.183
312.767
15.783000000000001
268.5
186.183
228.433
16.917
549.433
469.717
75.5
-62.349999999999994
233.433
122.45
-23.566999999999993
173.71699999999998
196.233
229.38299999999998
136.3
223.183
207.5
233.183
-52.233000000000004
31.516999999999996
603.9
282.983
-18.299999999999997
-261.08299999999997
415.967
441.717
23.632999999999996
34.382999999999996
372.3
427.85
372.433
219.917
404.7
354.717
142.1
315.91700000000003
394.767
388.717
321.9
-150.417
434.5
283.117
16.299999999999997
71.583
370.433
184.65
131.3
62.05
285.367
483.183
182.03300000000002
64.65
225.03300000000002
334.65
17.433000000000007
1.3829999999999956
228.3
200.85
490.3
-14.75
169.567
207.183
328.767
-77.55
187.767
245.317
182.433
89.383
398.83299999999997
343.91700000000003
-243.63299999999998
21.717
384.1
293.383
210.5
201.917
458.967
283.91700000000003
-7.566999999999993
279.717
89.5
311.25
233.233
267.117
400.567
280.783
539.633
-228.15
315.633
361.183
94.433
352.517
375.633
450.183
238.96699999999998
101.85
328.16700000000003
237.38299999999998
-69.633
105.517
319.633
299.517
116.36699999999999
-3.2830000000000013
409.633
434.85
35.033
-244.21699999999998
342.567
303.05
76.633
135.517
267.16700000000003
405.45
316.7
31.382999999999996
281.5
320.05
-295.567
-140.483
292.967
208.183
161.433
-17.882999999999996
316.233
257.58299999999997
37.167
210.583
385.633
288.65
240.1
-109.617
446.767
397.517
415.233
135.85
480.033
274.45
156.433
336.383
400.567
71.05
364.16700000000003
-162.35
124.167
221.85
-13.033000000000001
358.383
573.3
418.317
153.633
-96.217
479.233
143.25
446.433
23.516999999999996
376.567
350.65
311.7
378.91700000000003
514.1
344.783
411.9
295.383
313.567
219.983
369.83299999999997
-351.483
378.16700000000003
346.58299999999997
157.9
138.917
129.63299999999998
316.91700000000003
455.9
160.65
220.3
295.517
105.767
-196.95
251.233
377.783
449.633
184.65
385.9
293.717
42.167
-321.617
424.767
236.85
-82.56700000000001
2.316999999999993
250.3
179.183
-1012.7
-104.617
117.5
265.45
245.7
-67.817
553.767
398.517
251.03300000000002
60.117000000000004
242.167
224.38299999999998
-124.433
414.983
509.16700000000003
270.65
-202.63299999999998
28.917
299.3
323.05
-126.167
346.91700000000003
372.567
252.25
383.433
329.65
320.567
407.783
233.96699999999998
173.25
353.9
245.917
396.7
24.049999999999997
388.767
422.25
329.3
-80.95
215.233
308.65
69.167
-295.08299999999997
356.967
339.183
242.167
-127.017
337.9
321.91700000000003
201.9
72.783
346.633
343.717
-170.5
195.78300000000002
325.967
58.25
-158.567
140.117
261.633
209.78300000000002
312.367
154.38299999999998
252.96699999999998
518.917
87.7
161.583
362.633
530.383
378.433
155.583
216.63299999999998
267.58299999999997
83.833
486.85
346.3
200.983
-162.433
106.717
204.96699999999998
274.517
256.233
-15.417000000000002
528.5
551.45
28.033
282.117
360.1
347.317
215.7
96.05
332.7
379.91700000000003
67.1
128.65
291.033
330.517
179.433
293.45
463.7
424.91700000000003
397.767
102.317
559.367
172.583
390.433
-139.15
366.9
182.917
-97.233
288.183
336.5
203.78300000000002
536.433
391.58299999999997
372.967
262.783
637.833
88.18299999999999
377.967
300.717
-39.43299999999999
276.25
634.567
415.183
545.633
-45.083
451.9
369.25
382.7
198.317
345.5
533.85
-47.69999999999999
236.45
606.367
341.38300000000004
131.833
172.85
346.767
356.65
509.36699999999996
185.717
642.767
536.117
690.7
444.25
691.3
507.38300000000004
224.9
338.91700000000003
378.367
596.05
766.233
200.58300000000003
700.367
581.717
528.5
673.117
588.033
495.05
344.9
623.783
477.833
741.383
94.43299999999999
267.25
547.9
525.25
541.9
380.517
855.233
534.9169999999999
693.233
528.317
662.367
636.9169999999999
664.433
301.583
984.367
455.183
554.233
488.317
821.567
504.717
677.9
573.317
582.567
835.05
741.033
633.783
573.3
836.383
609.1
419.45
903.9
704.05
597.367
542.05
523.367
630.5830000000001
753.9
625.517
842.233
743.65
525.5
474.85
636.367
743.25
621.167
514.717
852.967
434.58299999999997
691.3
430.04999999999995
629.367
526.45
698.1669999999999
794.983
677.967
419.58299999999997
730.1
927.517
399.433
819.983
667.033
710.517
734.233
703.85
545.167
898.783
1088.033
602.85
613.833
1209.317
836.433
1047.717
427.433
616.383
1089.3
926.65
1039.767
1111.917
654.833
622.05
733.1
715.783
1243.9
1068.517
540.633
1012.983
909.7
1133.583
1159.7
989.383
888.1
1240.85
519.5
801.183
909.967
1081.517
1402.567
1349.25
1268.7
1207.85
1008.433
1112.45
1129.367
1042.45
687.767
901.117
1238.967
1070.183
1314.167
878.25
1378.633
1273.183
1376.9
1187.117
1338.233
1266.25
855.7
1319.583
1186.367
1096.383
1027.433
1166.383
1137.833
1269.65
1160.7
941.383
1270.9
1056.85
1019.0999999999999
895.7170000000001
1337.633
1257.317
1178.7
1254.45
1363.233
1127.05
1097.033
1010.45
1267.3
1304.383
1178.967
945.183
1423.567
1156.583
1200.1
1197.183
1333.633
1220.05
713.8330000000001
1150.783
1219.567
1297.05
1297.7
1488.05
1612.633
1431.317
1424.367
1408.383
1532.367
1603.25
1449.1
1533.317
1502.633
1521.583
1688.433
1528.25
1912.5
1403.117
980.9000000000001
1248.583
1442.7
1749.183
1444.5
1556.517
1905.033
1700.25
1614.633
1544.65
1766.567
1827.517
1842.967
1585.717
1941.433
1622.05
1506.767
1408.65
1472.7
1411.25
1720.1
1074.383
1458.433
1580.05
1806.9
1451.983
1751.7
1642.183
1842.5
1656.45
1729.167
1800.117
1775.7
1687.983
1980.033
1554.117
2088.033
1836.717
1877.9
1792.717
1684.167
1894.983
2132.3
1499.25
1601.033
1914.25
2139.033
1875.65
1943.033
1703.517
1784.9
1668.917
1754.5
1885.45
1823.1
2138.517
2389.233
1666.717
2238.967
2215.517
2099.767
2022.983
2060.367
1948.983
1899.233
2206.117
2138.167
1950.05
1741.033
1871.45
1802.633
1772.183
2093.967
1982.317
2122.833
2326.05
2134.5
2272.317
2484.167
2230.25
2527.633
2364.783
2691.433
2447.383
2292.7
2525.383
2526.633
2442.65
2253.5
2412.85
2216.033
2306.317
2173.7
2359.117
2348.167
2156.45
1830.5
2102.45
2049.033
2060.783
1886.633
1817.183
2067.967
1848.317
1785.767
1493.05
2133.3
1689.783
2021.833
2021.983
2188.633
2643.65
2408.167
2675.383
2508.167
2694.25
2818.5
2454.85
2634.433
2600.517
2327.033
2267.65
2541.5
2384.583
2642.7
2222.45
2479.5
2532.517
2488.967
2656.25
2593.367
2629.517
2793.967
2735.783
2776.633
2777.183
2686.433
2426.983
2752.7
2800.183
2637.633
2874.85
2956.5
2831.25
2713.633
2415.45
2932.833
2807.85
3088.233
3352.183
3416.033
3752.517
3729.233
3591.783
3522.1
3461.583
3557.3
3160.917
3726.9
3419.183
3570.633
3489.783
3739.633
3241.917
3386.633
3540.45
3407.233
3453.05
3228.033
2934.117
3522.767
3603.65
3479.433
3652.583
3797.233
3782.983
3650.967
3435.517
3773.9
3724.85
3223.633
3455.783
3433.167
3627.65
3496.3
3699.917
3893.767
3638.583
3518.633
3008.983
3297.167
3419.583
3470.567
3182.517
3588.567
3273.983
3323.967
3134.517
3068.167
3028.85
2943.167
3027.65
3023.833
3149.383
2942.167
3068.383
2822.567
3012.383
3104.633
3176.783
3458.567
3607.183
3704.633
3869.117
3661.967
3775.983
3324.033
3860.317
3635.567
3613.183
4143.433
3811.517
4480.367
4490.983
4378.033
4560.517
5145.9
4662.183
4779.433
4262.917
4446.7
4364.183
4006.633
3771.317
3835.7
3712.85
3513.633
3631.05
4096.1669999999995
3698.583
3967.9
3990.517
4469.233
4413.717
4592.967
4325.45
4177.3
4052.183
3731.967
3608.783
3739.767
3345.65
3222.967
3098.183
3180.833
3128.65
2558.433
2898.783
2891.033
2566.383
2254.1
3006.85
3019.1
3123.517
3374.433
3086.117
3894.233
4083.317
4144.7
3993.183
4093.7
3883.383
3552.833
3686.65
3623.833
3828.583
3796.167
3590.517
4155.367
3816.583
3982.5
3869.65
4047.233
3993.65
3931.967
3370.183
3959.233
3836.183
3968.233
3925.517
3814.833
3856.65
3871.1
3861.183
4515.5
4535.183
4500.767
4730.717
4881.033
4967.05
4959.967
4785.983
5116.7
4859.85
5235.033
4835.583
5281.567
5666.383
4995.633
5220.383
5349.433
5130.183
5118.567
4433.717
4365.367
3856.583
3655.833
2816.85
2731.967
2254.05
2128.033
2120.983
2630.5
2866.583
3163.433
3630.183
3933.767
4078.6499999999996
4347.167
4734.917
5010.767
5339.117
5240.7
5220.45
5398.433
4862.717
4751.833
4540.183
4191.7
3485.65
3249.9
2993.05
2976.433
3315.65
3438.3
3922.517
4699.7
4902.117
5072.5
5850.517
6082.967
6129.383
6494.033
6217.117
6907.433
6956.117
7331.5
6996.05
6960.167
7359.45
7128.967
7168.317
7314.167
7154.65
7378.9
7194.917
7817.5
7613.317
7753.7
7493.45
8011.3
7825.317
7673.567
7721.517
8265.767
8023.783
7979.7
7776.517
7937.367
7499.05
7582.5
7770.783
7831.9
8233.85
7961.033
8059.05
8115.033
7831.783
7546.9
7349.45
7556.1
7806.383
7977.433
7871.45
7847.433
7853.45
7809.233
7682.85
7645.233
7616.717
7489.9
7554.05
7990.233
7764.25
7892.767
7613.25
7775.967
7982.45
7778.3
8141.917
8253.233
8215.917000000001
8336.967
8406.85
8453.767
8796.517
8981.767
8823.85
8740.033
8711.116
8116.1
7619.85
7811.367
7735.917
7730.9
7614.783
7858.3
8082.583
8193.433
8757.45
8684.366
9237.717
9175.566
9206.983
9203.5
9561.65
8956.033
9057.65
9539.233
9047.25
9122.366
9289.783
9224.1
9057.384
9643.434
9110.717
9446.7
9377.917
9311.1
9055.783
9315.366
9178.316
9223.434
8708.65
9285.9
9131.517
9070.767
8732.184
9127.167
9402.717
9605.9
9256.517
9521.366
9591.717
9418.434
9419.583
9332.5
8427.983
8900.366
8912.65
9004.434
8531.85
9101.7
8925.05
9022.233
8740.45
8694.5
9050.917
9180.967
9117.05
9184.5
8944.05
8724.967
8730.05
8131.433999999999
8405.717
9074.5
8798.85
8963.366
9230.05
9553.167
9618.583
9827.033
9483.85
9599.3
9724.783
9683.233
9279.116
9154.366
8612.65
8827.033
8134.384
8784.233
8930.316
8589.167
8606.583
9359.634
9321.517
8810.767
8877.917
9560.767
9763.717
9504.366
9313.384
9432.233
9510.116
9300.5
9218.65
9455.366
9259.184
9533.9
9803.384
9493.033
9702.983
9987.967
9142.517
9406.566
9262.116
8915.167
9188.384
8528.3
8780.85
8772.434
9659.65
9594.767
9402.583
9392.033
8981.783
9288.233
9234.05
9579.167
9237.25
9047.833
8558.45
8455.033
8182.05
7811.167
7748.917
7215.9
7154.783
7167.033
7119.183
7541.167
7896.183
8718.833
9265.85
10180.634
10314.85
11210.967
10472.25
10024.233
10417.25
10293.7
10177.517
10849.967
10920.05
11095.566
10972.583
10909.233
10281.25
9912.767
9590.05
9870.233
9732.583
10872.833
10376.25
10962.9
10962.917
11232.566
11284.717
10940.5
11615.316
11757.5
12304.45
12193.634
12320.517
12542.366
12874.65
11902.033
12134.116
11626.1
11844.983
11874.5
12216.517
11768.833
11552.783
11153.5
11029.05
11227.7
10951.25
10135.566
10920.783
10792.233
11433.05
11625.366
11663.25
12449.833
12122.517
11827.634
12052.85
12138.3
11891.85
11897.566
12006.45
12456.833
12839.917
12885.634
12564.116
12701.767
14151.116
13038.9
13064.65
13277.233
12751.983
13270.3
13222.384
13818.967
13329.45
12794.9
13110.05
13313.634
13195.05
12707.634
12577.783
13622.033
14035.384
13659.5
13076.65
13407.233
13207.316
13085.9
12294.517
13198.033
13070.517
12752.434
12108.517
12666.634
12945.717
12913.833
12536.316
13470.167
13487.717
13204.833
13579.184
13714.5
14393.316
13725.3
13541.583
14086.566
13672.717
13889.767
13157.116
13505.366
14186.517
13693.7
13905.517
13914.833
13576.316
13767.634
14118.517
14690.767
14428.583
14408.967
14541.45
14454.366
14796.85
15219.167
14812.983
14781.233
14417.517
14410.967
13949.983
14391.033
14013.85
14370.566
13738.184
13401.833
13623.45
13489.5
13223.717
13812.566
13357.25
13449.167
13524.85
13543.9
13614.65
13431.634
14001.25
14423.767
14761.65
13953.9
13997.65
14097.3
13592.783
14322.3
13955.184
14506.5
14512.783
14771.033
14801.184
14963.967
15213.116
14707.767
14234.717
15738.634
15199.25
15093.033
15293.316
15539.767
14465.717
15088.5
14410.983
15343.167
15097.05
14473.7
14948.25
15416.1
15135.25
15255.1
16066.25
15548.366
15016.917
14863.434
14645.517
14552.566
15015.184
15552.434
15577.25
16178.233
16238.783
16609.767
16194.717
16295.233
16591.316
16322.366
16298.783
16352.967
16436.517
16756.232
16445.85
17078.166
16871.717
16978.566
17357.383
17225.967
17183.184
16710.633
16886.449
17154.033
16782.051
16644.967
16487.783
17115.434
16834.117
17776.166
17088.584
16792.566
17206.051
17308.566
17946.584
18038.166
18127.65
17571.033
17818.449
17345.301
17506.584
17273.768
17588.383
17870.301
19419.85
18010.967
18722.449
19018.566
19189.916
18640.434
19887.449
19322.566
19678.916
20316.367
20946.916
19822.367
20413.65
19870.699
20138.717
21627.1
20307.982
20411.566
19619.051
19631.434
19726.449
20329.699
20179.316
20619.699
21351.518
20787.166
21541.051
22096.232
22688.383
22679.1
22868.85
23566.699
24190.051
23584.967
22390.783
23152.967
23290.783
22650.768
23065.25
23667.633
23695.717
23482.699
23934.25
24504.033
23829.916
25197.834
25770.982
25414.367
24868.316
25923.1
25750.316
25825.367
25518.117
25877.566
25969.184
25795.434
25865.316
25427.232
25747.982
26555.434
27221.916
27601.232
27839.117
29185.434
29422.783
28848.5
29514.383
29530.232
29249.982
29307.633
28368.518
29310.967
28571.85
28441.9
29950.316
30477.434
30723.449
30792.834
30976.051
31655.301
30866.25
31123.1
30536.916
30896.699
31083.783
30579.301
31259.449
31952.033
32256.449
32361.166
32528.449
32924.566
32941.582
32443.633
32701.916
32581.566
32681.717
31999.9
32614.316
32723.434
32898.25
33288.234
32772.715
32690.301
32868.25
32962.768
32981.383
33098.1
33404.316
33070.234
33230.648
33463.102
33258.715
32222.5
31715.916
30193.967
29002.449
28115.367
27787.117
27747.5
28156.783
28104.232
29436.65
30833.367
31299.518
31904.566
31971.783
32190.1
33020.516
33969.898
33579.051
34210.301
34218.785
33889.699
33141.449
32869.232
33142.383
33705.766
33920.449
34386.367
35002.051
35772.168
36313.383
36369.898
36483.383
35713.367
35645.117
35226.965
35485.785
35537.832
35557.184
35527.832
34894.117
34520.234
34323.984
33779.766
33874.117
34196.898
33943.316
35277.965
35496.316
35815.965
36347.316
36608.434
35762.582
35994.832
35611.25
35669.5
35974.25
36283.566
36671.984
37648.301
37500.25
37979.035
37538.051
37573.566
37107.25
36446.168
36655.648
36533.633
36783.449
36503.633
36776.184
37323.633
37585.785
37134.434
37239.383
38243.102
37789.582
38123.898
37408.184
38014.566
37485.852
36659.035
36207.25
35870.367
35777.918
35996.898
36331.184
36724.699
37768.051
37468.168
38297.184
37782.898
37839.383
37604.766
37117.516
36889.832
36488.051
35804.699
36006.582
36018.367
35804.785
36017.832
35953.449
35702.566
35827.648
35670.301
35784.449
36236.168
36652.852
36630.633
37062.516
37783.168
37947.852
37902.898
38217.785
38065.434
37915.785
37254.5
36824.648
36377.301
36676.449
37022.699
36708.852
37549.102
37851.184
38377.5
38634.582
38580.367
38522.449
39366.102
39598.316
40204.434
40257.316
39912.035
39800.582
39548.102
39493.383
38848.301
38703.25
38729.168
38845.117
38451.367
38427.785
37563.035
38130.785
37741.035
38128.316
38001.832
38853.918
39298.766
39904.516
40228.035
40551.449
39568.102
39656.918
39234.434
39257.984
39580.699
39186.984
39230.699
38827.715
39241.434
39525.715
39610.035
39799.117
39811.832
40228.184
40704.898
41461.648
40688.766
40591.25
39942.566
39969.984
39209.102
39262.383
39132.566
38855.383
39478.234
39575.715
37830.102
39006.449
38998.367
38610.449
38890.965
38569.184
38429.766
38694.051
39294.566
39589.984
39593.301
39506.449
39627.367
40352.316
40410.965
40671.715
40436.102
39887.852
38613.965
37129.25
36425.168
35031.715
33454.234
32986.184
33686.898
34631.852
36818.898
37396.316
36753.898
36858.449
37141.102
36535.852
36961.035
36434.051
35895.566
36806.852
37941.898
38786.184
38760.699
39180.715
39356.766
39779.918
40537.898
40068.648
39925.633
40065.918
39262.965
39739.516
40201.898
40265.051
40040.5
40863.117
41257.168
41252.184
41334.699
40603.316
40523.035
40212.582
40438.699
40082.582
39457.367
39260.051
38755.234
39757.25
40502.168
41164.184
40903.766
41556.316
42356.766
42729.449
42110.699
41781.785
42083.898
41487.918
41382.566
40680.582
41382.367
41891.582
41370.633
41128.918
40789.766
39787.184
39183.633
37651.648
36619.5
36256.715
36344.367
36706.316
37263.367
38427.918
38578.434
39767.582
40091.102
40157.582
40842.832
40975.984
41392.898
41573.25
41665.898
42081.648
42963.766
42337.648
41956.367
41174.25
41055.234
40921.184
40833.301
40820.984
40847.234
41527.117
42541.234
42520.715
42529.699
42592.582
42464.633
42144.516
42183.5
42174.316
41026.301
40558.383
40159.566
39565.117
38773.035
38311.648
38694.168
38916.117
39372.102
39776.383
40498.367
40512.383
40281.168
40124.785
40317.035
40017.715
39665.102
39746.184
40223.566
40714.25
40871.832
40901.316
41421.367
41912.516
41872.035
41943.449
41692.699
41500.25
40908.832
40142.715
39918.633
39032.582
38038.301
39349.715
39151.301
39474.449
39673.035
40286.582
40367.035
40751.184
40169.832
40239.117
40641.766
40150.316
40025.898
39838.918
39751.234
39419.25
38786.434
38370.051
38473.5
38529.918
38092.367
37451.984
37849.434
37673.051
37371.832
37387.516
37660.102
37931.516
38099.367
38600.051
38731.633
39164.449
38915.035
38686.715
39116.766
39082.918
37892.699
38685.516
38280.234
38329.051
38558.301
37898.582
38004.832
38795.715
38981.434
39323.117
39291.766
39344.051
39307.566
39049.582
39507.633
39005.648
38443.301
38438.582
38678.898
39156.984
39339.234
38591.785
38798.832
38684.449
38204.965
38480.051
38703.766
38519.516
38319.168
38508.051
38268.699
38468.184
37842.301
37645.051
37534.699
37496.918
37707.234
37279.984
38096.699
38338.516
38836.367
38250.316
38378.832
38428.785
38682.5
38514.715
38325.234
38506.582
38487.367
38218.516
38276.5
38299.516
37941.5
37527.383
37894.367
38057.984
38208.965
38130.852
38287.434
38305.918
38206.035
38531.117
38595.434
38854.785
38049.234
37579.516
37874.367
37359.383
37424.965
37200.516
37683.766
38170.383
38003.301
37894.316
38201.965
38133.852
38430.301
38258.383
38353.633
38663.449
38465.633
38436.785
38617.367
38640.984
38563.5
38433.117
37738.766
38020.984
37128.566
37409.715
37556.434
37435.383
37129.5
37266.715
37208.367
37090.984
37167.168
37513.984
37148.367
37734.25
37470.367
37469.984
36954.766
36604.316
36223.234
36361.516
36016.301
36033.715
35741.699
36304.516
36473.566
36561.383
36338.766
36000.184
37009.234
37256.051
37508.832
37586.25
38113.301
38310.918
37626.832
37470.715
37345.035
37329.184
36451.301
36631.051
36852.367
36827.25
37160.832
37093.582
37530.367
37439.582
37538.301
37294.449
37533.766
37263.117
37070.168
36490.184
37066.168
37146.516
36375.367
37224.184
36870.367
37195.715
37349.234
36917.383
37170.898
36783.648
36025.434
35594.852
36151.633
35916.648
35588.566
36049.25
36069.898
36982.852
36724.898
37333.918
37566.832
37245.648
37163.699
37467.383
37807.168
37311.25
36827.832
36625.785
36609.367
36138.516
35960.633
35865.25
36455.566
36528.918
36439.234
36393.582
37053.102
37110.25
36723.367
36450.918
36434.633
36061.648
35418.965
34998.648
35107.699
35066.383
34702.566
34973.449
35385.898
35844.984
36057.234
36136.117
36464.766
36672.648
36964.434
36967.984
37115.234
36899.648
36702.766
37241.852
36645.5
37085.25
36819.832
36387.516
36900.832
36799.383
37006.965
36599.449
36501.434
36426.383
36395.234
35851.25
36045.633
35778.852
35616.168
35902.516
35578.965
35407.715
35359.234
35241.516
35988.633
36244.449
35427.898
35606.582
36178.965
36068.715
35935.301
36408.715
35943.699
35635.383
35547.367
34821.918
35269.832
34526.051
34719.699
34624.582
34585.965
35137.648
34858.566
35151.383
35116.699
35012.852
35365.168
35261.516
35499.035
35466.582
35029.5
35106.25
35302.168
35422.117
34659.965
34942.25
35158.102
35148.715
34564.5
34981.184
35665.367
35278.785
35016.5
35730.648
35818.832
35709.852
35372.766
35028.051
35566.766
35123.316
35303.301
35279.25
35031.898
35205.383
35072.035
34848.25
35176.633
34929.25
34267.301
34422.715
34769.965
34553.984
33952.234
33931.984
33691.766
33627.516
33428.633
33006.715
33620.168
33651.715
33256.367
34152.852
34051.633
34269.785
34228.434
33937.383
34448.035
34292.984
33944.102
33440.516
33900.301
34044.715
33360.566
32654.316
31971.166
31357.449
30849.5
30213.25
29936.699
29403.449
28930.5
30011.051
30568.434
30586.916
31109.834
31747.65
32796.301
32519.25
32945.9
32727.449
32707.232
32898.051
32516.967
32317.85
32510.834
32481.051
32038.566
32192.982
32310.1
32491.717
32338.633
32012.449
32461.301
32164.783
32191.768
32009.65
32439.367
32415.316
32040.566
32588.184
32421.566
32266.717
31899.9
31632.717
31739.768
31605.316
31577.1
31717.85
31542.166
31874.85
31929.834
31671.449
31926.768
32400.783
32080.633
31830.584
32097.1
32198.25
32087.633
32211.717
32135.967
31757.117
31575.967
31536.717
31667.232
31601.518
30880.9
31260.916
31120.434
31389.184
31251.5
31088.717
31236.699
31342.584
31621.9
31150.449
31378.566
31639.117
31005.434
31304.982
31276.566
31218.184
30690.967
30871.518
30740.5
30774.316
30858.633
30762.783
30659.834
30668.25
30093.434
30410.117
30212.633
30476.982
30062.768
30396.117
30953.768
30561.051
30993.967
30937.584
30779.1
31231.051
30947.301
31030.383
31027.768
30947.916
31158.232
30983.982
31127.768
30868.518
31108.1
30872.316
31305.232
30706.25
30792.166
30537.717
30808.166
30923.783
30499.166
30398.717
30440.9
30428.584
30449.967
30487.65
30582.5
30667.518
30619.367
30543.184
30488.967
30120.117
29783.566
29691.184
29881.967
29451.25
29163.232
29218.449
29671.1
29606.518
29168.9
29194.584
29575.967
29356.117
29041.566
28810.117
29109.699
28959.449
28556.033
28142.717
28467.434
28545.316
28524.699
28741.449
28611.166
28677.717
28119.967
28320.383
27979.367
27901.65
27179.1
27060.783
27109.9
26708.25
26717.166
26034.316
26451.1
26107.584
25620.834
24899.982
24762.033
24940.117
24785.699
24229.518
24509.566
24380.25
24652.5
24696.184
25263.367
25622.717
26333.633
26962.584
27098.166
27213.117
27198.699
27520.449
27356.633
26958.65
27048.1
26846.117
27099.301
26878.25
27142.166
27182.117
27514.166
27444.982
27614.434
27560.316
27966.367
27797.117
27584.1
27833.717
28117.1
27938.65
27655.301
27430.85
27731.5
27696.449
27449.566
27397.184
27479.301
27535.916
27843.166
27084.85
27690.232
27599.25
27646.5
27414.383
27723.9
27532.117
27168.301
27187.584
27302.967
27467.25
26787.633
26703.65
26954.967
26678.316
26608.834
26752.449
26888.699
26666.117
26499.1
26270.65
26235.5
26271.982
26396.232
26358.25
26306.166
26215.783
26233.9
26120.783
26118.9
25995.982
25894.232
25353.316
25770.367
25287.518
25420.834
25427.783
25538.033
25316.184
25479.834
25387.85
25455.1
25764.184
25571.566
25871.051
25725.301
25919.916
25731.699
25213.25
25402.5
25213.051
25094.367
25344.316
25222.9
25191.117
25172.367
25067.65
25504.5
25915.051
25430.5
25961.316
26093.1
25832.117
26016.834
25704.916
25910.699
26015.184
26200.301
26308.117
26365.768
26737.584
26617.166
26943.916
27288.232
27534.383
26999.367
26921.383
27251.232
27703.982
27492.367
27945.25
28121.633
28452.916
28254.834
28410.85
28316.633
28080.982
27396.033
26484.051
25985.699
25673.316
25420.834
25226.25
24966.5
24973.85
24837.633
24731.449
24937.367
24847.584
24859.633
24822.383
25174.1
24952.117
24793.301
24472.783
24507.232
24715.184
24290.699
24576.65
24445.367
24631.184
24637.301
24724.449
24819.967
25018.717
24653.367
24755.916
25118.232
24885.383
24412.1
24696.25
25063.967
24881.717
24506.367
24744.717
25068.967
24482.117
24921.9
24210.316
24553.434
24230.25
24014.633
24202.184
24045.699
24127.584
23911.1
23392.584
24038.232
24130.65
23819.232
23790.584
24005.633
23811.316
24125.699
23592.051
23781.367
23862.783
23972.232
23972.916
24065.5
23821.25
23909.367
24087.449
24289.1
23888.449
23484.1
23529.117
23828.301
23908.518
23617.699
23740.65
23693.166
23827.184
23584.033
23625.449
23704.768
23604.184
23182.834
22997.982
23588.434
23379.717
22924.301
22845.449
23295.5
22959.85
22920.967
23045.383
23273.633
22995.518
22027.166
22768.383
23206.1
22798.184
22772.434
22393.449
22666.768
22750.65
22984.301
22912.383
22866.301
22561.518
22593.367
22598.383
22074.033
21930.383
21435.232
21735.383
21298.834
21673.25
21181.967
21307.916
22480.232
22270.184
22249.834
22851.85
22657.699
22730.717
22330.9
22163.117
21949.367
21971.783
21711.232
21801.518
21925.699
21948.584
21543.434
21781.117
22375.232
21919.25
21449.232
21760.85
22012.566
22077.783
21768.367
21927.449
21994.301
21700.584
21392.566
21061.65
21467.834
21038.717
20996.768
20614.717
20626.699
20727.717
20101.834
19634.584
19557.367
18304.717
17645.232
16901.916
17097.5
17056.383
17148.434
17349.85
18072.232
18842.449
19277.232
19299.25
19487.699
20048.85
20548.566
20393.783
20104.033
20556.85
20460.301
20547.051
20539.301
20165.916
19880.768
19714.316
20201.5
20042.982
19604.967
20307.783
20207.566
20386.916
20508.633
20320.717
20461.9
20432.117
20172.1
20289.916
20382.9
20574.783
20137.566
20148.518
20514.834
20633.051
20498.5
20549.051
20664.301
20698.65
20562.967
20055.117
20525.633
20504.65
20155.301
19967.184
20219.633
20319.717
20160.1
19751.449
19978.5
20313.117
19641.699
20318.518
20471.834
20386.783
20766.834
20533.449
20599.301
20583.65
20358.1
20539.518
20425.434
20412.982
20077.5
20148.449
20190.033
20244.117
20101.633
20215.783
20364.566
20420.65
20102.1
19898.449
20193.9
20091.051
20273.232
19871.982
20398.301
20172.65
20385.166
20342.518
20469.566
20376.316
19925.1
19651.717
20191.033
20100.783
20248.9
19847.316
19803.301
19892.117
19788.9
20139.316
19893.232
19855.85
19308.434
19346.717
19473.699
19730.916
18859.367
19157.383
19386.834
19377.117
19173.033
19042.584
19425.633
19357.184
19128.5
19276.982
19341.9
19544.584
18826.301
19065.916
19525.301
19568.65
19218.9
19087.184
19226.232
19423.518
19032.967
19034.717
19174.834
19127.982
18536.633
18861.584
18869.9
18698.117
18695.566
18793.051
18494.434
19211.717
18604.633
18517.25
18643.633
18661.584
18545.633
18026.383
18502.768
18594.982
18270.033
17989.916
18469.367
18369.65
18241.699
17712.717
18291.033
18262.117
18179.967
18213.584
17903.1
18180.518
18028.166
17600.316
17901.566
17723.383
17755.434
17239.518
17659.633
17579.584
17012.033
16648.25
17437.301
17242.584
17068.633
16959.051
17185.633
17061.65
16748.633
16658.051
17296.834
17009.982
16832.967
16695.316
17180.367
16786.916
16597.768
16510.717
17088.1
16880.449
16622.5
16605.051
16787.232
16499.116
16102.833
15841.917
16350.7
16408.45
16318.233
16587.316
16719.833
16590.65
15987.566
16645.116
16408.9
16300.05
16306.434
16206.783
16177.566
16271.983
15826.366
15867.983
15325.9
14699.316
14062.033
13394.85
13051.3
12950.384
12924.3
12822.116
13664.967
14127.717
14237.833
14663.316
14908.566
14960.717
15039.434
14984.384
15132.3
14608.116
14634.1
13920.583
14934.7
14867.983
14636.767
14547.316
14956.434
15155.316
15282.233
14966.583
15372.634
15593.316
15227.7
15303.316
15645.566
15644.65
15627.233
15725.25
15834.434
15836.983
15583.366
15220.783
16103.767
15844.917
15794.366
15393.983
16048.9
16179.384
15940.634
16161.717
16194.1
15766.116
15906.9
15555.45
16120.366
16038.983
15903.9
15823.917
15871.5
16066.783
15647.033
16185.517
16164.767
16193.85
16155.233
15750.917
16446.566
16392.184
15965.566
16127.05
16779.9
16493.783
16269.9
16738.916
16946.367
16606.584
16402.434
16517.85
16178.3
16337.783
15853.5
16054.384
16294.3
16211.25
16191.167
16673.384
16300.9
16458.717
15809.1
15690.384
16571.1
16354.783
16231.833
16366.25
16235.1
16314.316
16414.434
16107.116
16156.3
16118.184
16069.767
16031.917
16204.167
15889.583
15962.833
15812.917
16238.5
15954.25
16109.7
16016.384
16451.767
16012.45
16090.1
15986.184
16187.3
16437.783
16453.767
16302.316
16244.767
16158.717
16006.3
16221.45
16370.566
16487.45
16463.634
16068.517
16703.366
16577.116
16532.366
16007.917
16554.167
16468.316
16279.9
16184.45
16281.366
16383.85
16518.967
16444.116
16512.833
16234.184
16334.7
16524.45
16258.434
16349.85
16233.833
16061.116
16212.1
16297.05
16038.366
15994.517
16113.5
16381.717
15473.9
16187.25
16250.1
16153.384
15492.033
15845.05
16146.233
16241.717
16099.366
16159.783
16071.9
16209.717
15935.833
15810.85
16206.634
15971.05
16047.9
15730.384
15999.167
15990.05
15694.167
15670.316
15959.9
15559.917
15574.9
15366.25
15719.767
15595.85
15288.033
15616.184
15571.566
15335.65
15469.9
15604.65
15429.366
15406.917
15188.233
15206.25
15514.1
15197.05
15317.033
14997.583
15061.434
15142.85
15016.1
15110.917
14946.767
14883.316
14830.3
14783.65
15014.566
14991.05
14930.634
14075.583
14373.233
14311.316
14189.5
13623.65
13564.9
13656.184
13302.1
12722.983
13279.233
13119.184
12294.3
12688.05
12657.634
12297.983
12449.5
11945.583
12119.767
11955.184
11677.3
11839.583
12069.366
11899.517
12090.767
10879.983
11654.434
11736.25
11256.634
11588.783
11818.634
11883.316
11593.167
12001.517
12205.767
12212.65
12370.634
12712.917
12707.7
12564.717
12637.366
12430.184
12412.7
12617.85
12600.3
12051.983
12493.3
12374.316
12077.566
11518.05
11893.033
11684.983
11418.5
11331.717
11198.566
11283.184
11098.033
10959.25
11363.833
11332.384
11195.634
11235.116
11338.1
11178.05
11076.167
10986.917
11419.233
11228.384
10910.167
11333.517
11720.767
11475.384
11203.3
11350.384
11323.566
11352.717
11283.1
11181.184
11256.233
11023.517
10486.9
11040.783
10914.033
11055.517
11151.967
10672.45
11194.033
11056.184
10345.9
10662.25
10882.3
10732.25
10776.967
11008.517
11117.9
11090.384
11258.566
11206.517
11296.1
11141.384
11111.967
10797.316
11078.366
11163.184
10848.434
10867.85
11143.167
11113.116
10811.1
11290.184
11299.366
11430.85
10998.967
11227.65
11362.167
11306.184
11497.434
10814.783
11305.9
11198.583
11383.634
10968.45
11658.366
11400.45
11515.233
11151.316
11649.1
11625.316
11272.833
11112.85
11322.033
11135.917
11015.767
11275.65
11195.634
11077.717
10733.7
10723.983
10959.5
11128.85
10996.566
11176.184
11109.167
10958.917
10759.233
10972.85
11035.5
10923.25
11199.9
10606.983
10902.1
11163.25
11139.366
10856.384
10902.5
10485.05
10215.033
10656.384
10569.233
10657.583
9840.967
10387.85
10675.967
10520.917
10248.233
10570.05
10799.767
10409.184
10549.233
10411.65
10678.434
10297.384
10048.967
10017.783
10369.3
10346.316
9889.7
10170.116
10169.634
10334.517
10142.566
10193.85
10260.767
10098.65
9945.7
10153.583
10309.566
10206.05
10058.566
10425.717
10118.833
10217.85
10135.1
9958.583
10144.767
10130.983
9956.767
9813.65
9933.434
9973.05
9683.833
9576.184
10079.833
10051.116
9757.3
9803.45
10042.1
10061.116
9643.967
9689.783
9929.9
9705.85
9484.167
9895.917
9878.366
9664.184
9861.1
9648.316
9727.5
9691.583
9398.566
9063.717
9719.9
9386.583
9618.634
9441.717
9540.7
9348.917
9333.7
9165.65
9536.1
9397.05
9294.366
9049.05
9290.167
9338.25
9166.9
9146.316
9377.7
9386.116
8841.9
9047.316
9348.366
9311.116
8627.833
8809.917
9211.634
9187.184
9066.434
8734.25
9303.5
9190.85
9088.434
8870.184
9020.833
8852.917
8720.233
8876.45
9012.233
8825.517
8655.634
8722.05
9135.634
9164.25
8942.1
8666.65
8751.9
8907.983
8723.9
8548.316
8858.767
8817.316
8781.9
8456.583
8663.767
8744.783
8673.9
8557.65
8717.033
8532.45
8948.167
8268.316
8702.5
8589.917
8384.434
7999.384
8676.833
8647.717
8684.7
8330.05
8465.566
8287.184
8412.967
8546.25
8857.567
8046.517
8331.567
8125.583
8411.433
7885.383
7506.567
6922.317
6795.9
6073.317
5354.1
4874.717
4316.3
3623.783
3306.5
2667.917
2989.7
2904.383
2612.567
2812.183
3668.167
3808.117
3729.233
4663.65
5127.967
5379.117
5667.833
5000.517
5755.167
5392.983
5264.033
4946.583
4765.367
4847.183
4549.633
4328.05
4705.3
4777.65
4738.3
4496.65
5214.567
5001.85
5001.3
5610.783
5659.1
5857.65
5495.167
5996.117
6152.367
6130.317
6092.367
6338.583
6606.1
6633.983
6136.567
6402.45
6925.567
6931.983
6494.633
6974.583
7201.167
7336.317
7239.3
7234.783
7694.7
7646.317
7049.367
7181.983
7838.7
7919.783
7718.967
7465.583
7966.433
7790.05
7603.367
7589.383
8060.767
7879.05
7020.5
7894.45
7999.5
8100.983
7761.9
7572.25
8058.233
7948.583
7786.167
7670.117
7830.1
7927.517
7523.433
7371.983
8272.1
7872.317
7685.433
7692.183
8009.767
7903.45
7751.367
7735.317
7954.833
7919.65
7727.567
7709.783
7988.767
7981.05
7829.967
7740.45
8043.233
7961.45
7398.033
7633.317
7945.9
7865.45
7494.967
7441.05
7838.5
7703.983
7757.433
7519.05
7775.033
7889.85
7612.9
7143.983
7934.167
7827.317
7803.033
7611.917
8104.9
7835.717
7667.7
7446.317
7930.233
7734.25
7292.633
7157.717
7777.033
7724.45
7729.7
7134.25
7844.433
7722.25
7552.167
7638.117
7825.233
7758.917
7592.767
7507.317
8016.7
7831.917
6988.967
7355.317
7933.833
7710.983
7689.9
7518.85
7919.567
7802.317
7356.367
7179.183
7743.967
7597.583
7556.967
7437.05
7764.1
7725.783
7561.367
7122.45
7794.967
7747.25
7380.233
7063.917
7647.9
7808.517
7461.167
7439.583
7738.633
7389.183
7353.633
7480.383
7497.3
7405.717
7268.633
7087.183
7674.5
7489.983
7118.633
7062.117
7518.7
7692.917
6974.5
7039.317
7533.167
7428.783
7480.167
7253.317
7453.233
7362.517
7289.9
6996.85
7638.033
7408.917
7118.3
7109.583
7442.7
7413.517
7230.367
6723.917
7373.233
7308.783
7172.833
6699.583
7436.033
7250.917
6768.433
7190.783
7253.033
7201.917
6762.7
6877.383
7036.9
7153.85
6913.233
6899.583
7150.3
6943.05
6922.767
6713.45
7032.7
7059.783
6579.433
6545.45
7025.633
7002.917
6723.433
6657.917
6704.767
6917.517
6467.1
6625.45
6696.967
6720.583
6567.033
6343.25
6918.5
6756.917
6412.3
6066.983
6608.1
6792.583
6609.433
6304.25
6644.9
6612.583
5921.167
6337.383
6760.833
6402.717
6240.7
6310.917
6537.1
6561.717
6204.367
6043.45
6468.767
6566.05
6377.033
6283.917
6619.767
6423.383
6132.367
5871.45
6486.1
6305.517
6554.433
6060.45
6530.833
6469.45
5948.833
6030.317
6480.1
6342.183
6119.9
6209.85
6470.433
6406.717
5990.767
5952.117
6545.967
6279.317
6129.367
6202.117
6422.367
6296.85
5857.233
5773.583
6126.567
6092.717
5579.9
5713.65
6200.3
6027.117
6187.633
5851.717
6230.433
6041.117
6265.367
5902.65
6124.7
6055.317
5708.9
5670.917
6132.1
6012.65
5564.433
5022.317
5989.9
6021.45
5574.1
5760.917
6002.1
5781.85
5628.767
5611.383
5962.767
5768.917
5608.967
5262.05
5836.233
5894.317
5181.167
5323.45
5900.233
5683.45
5416.5
5205.783
5785.767
5786.517
5685.233
5286.85
5861.767
5778.383
5709.967
5586.117
5782.633
5642.717
4418.433
4931.783
5702.567
5770.317
5388.7
5132.917
5635.367
5784.583
5139.433
5136.45
5553.633
5556.117
5054.367
5099.783
5587.833
5546.45
4904.033
4914.983
5465.5
5426.65
5149.967
5173.783
5401.833
5308.05
4890.033
5287.383
5396.033
5421.05
4870.033
5112.917
5500.633
5296.583
4822.033
4739.783
5314.633
5333.383
5182.633
4624.317
5388.3
5292.05
4606.633
4740.917
