254.65
70.317
-148.95
150.183
444.783
125.983
196.65
228.183
229.983
250.45
98.85
-176.483
198.183
198.583
13.049999999999997
-36.81699999999999
338.317
-6.75
62.516999999999996
354.65
415.317
186.917
455.65
139.85
268.183
194.383
213.65
-138.017
187.85
187.183
318.65
21.717
265.85
180.71699999999998
229.983
10.450000000000003
539.45
457.25
80.05
-75.75
236.183
115.917
-25.816999999999993
171.38299999999998
193.983
227.65
140.78300000000002
223.65
207.71699999999998
241.65
-57.083
21.516999999999996
603.117
271.117
-26.483000000000004
-267.017
415.717
436.91700000000003
13.116999999999997
27.25
356.05
421.65
376.25
224.71699999999998
409.117
359.717
135.05
310.65
386.85
382.183
318.783
-156.683
424.717
270.25
25.382999999999996
67.983
363.183
179.317
122.31700000000001
54.382999999999996
279.58299999999997
482.05
192.05
60.117000000000004
222.78300000000002
328.317
14.650000000000006
7.983000000000004
225.78300000000002
190.517
489.317
-5.617000000000004
176.11700000000002
205.38299999999998
330.117
-66.083
186.917
244.117
186.05
76.45
395.783
349.85
-234.61700000000002
20.450000000000003
384.183
298.383
208.583
198.25
447.783
274.317
-13.150000000000006
261.317
83.983
309.65
233.183
269.45
393.717
266.45
534.317
-245.683
313.317
356.783
95.65
346.05
373.383
434.65
244.917
86.317
333.91700000000003
233.317
-75.95
107.85
315.983
297.65
117.18299999999999
-0.4170000000000016
394.183
437.117
44.31699999999999
-258.883
340.85
301.517
66.05
124.717
256.91700000000003
414.91700000000003
321.983
30.183000000000007
277.58299999999997
313.383
-300.55
-154.95
294.117
197.45
156.917
-21.150000000000006
314.983
254.71699999999998
39.583
209.65
386.45
285.717
233.583
-116.15
435.383
398.383
415.05
149.45
471.91700000000003
260.65
149.317
325.25
388.117
64.85
353.45
-170.017
126.25
213.65
-7.683000000000007
358.983
587.65
405.65
151.383
-86.017
478.783
149.11700000000002
435.317
17.849999999999994
376.85
355.05
304.717
370.05
508.183
336.65
415.117
303.783
322.117
217.38299999999998
369.65
-363.283
376.517
340.783
152.85
132.25
134.65
315.383
454.983
168.71699999999998
229.983
283.25
108.783
-201.683
254.183
373.45
448.117
175.71699999999998
374.05
289.783
26.982999999999997
-328.617
427.383
222.983
-83.88300000000001
10.25
246.317
175.583
-1023.483
-105.817
117.917
264.58299999999997
240.983
-75.617
549.65
395.58299999999997
247.983
63.983000000000004
251.65
209.917
-134.21699999999998
421.91700000000003
508.58299999999997
269.517
-191.55
34.917
295.183
308.58299999999997
-132.55
340.45
370.717
251.25
389.45
326.58299999999997
315.183
398.783
226.917
165.917
353.983
237.78300000000002
387.25
15.049999999999997
382.383
416.65
325.317
-85.95
203.45
300.517
73.45
-287.08299999999997
365.717
332.983
245.517
-138.75
331.117
324.983
200.45
74.717
348.183
343.91700000000003
-171.483
195.583
313.983
58.18300000000001
-167.817
144.317
246.583
201.583
299.85
156.65
239.71699999999998
514.583
80.917
152.117
361.65
524.85
376.117
148.85
206.11700000000002
262.91700000000003
81.983
474.517
345.517
191.983
-172.35
85.783
193.25
269.183
243.317
-21.417
517.65
535.517
14.516999999999996
272.983
347.65
329.983
213.85
83.85
313.65
367.183
52.383
108.05
272.65
300.717
143.917
276.317
452.717
413.383
370.517
75.05
522.45
146.917
343.91700000000003
-177.28300000000002
333.91700000000003
146.983
-125.017
248.983
305.117
162.917
501.91700000000003
338.183
329.517
222.583
591.983
39.917
333.85
242.65
-89.217
228.85
586.317
364.783
486.05
-94.483
395.383
314.383
329.783
133.45
279.05
456.517
-127.017
155.38299999999998
534.85
256.25
60.583
98.45
280.983
285.983
456.117
110.183
578.517
483.783
628.05
372.58299999999997
618.85
416.983
138.917
244.383
279.25
480.783
653.117
73.65
592.783
472.85
408.38300000000004
553.85
496.65
387.85
234.783
521.05
354.91700000000003
629.317
-18.016999999999996
152.383
429.717
405.58299999999997
420.58299999999997
251.983
744.917
413.783
567.65
396.183
541.383
502.38300000000004
538.917
158.25
862.917
322.85
433.983
371.38300000000004
715.25
386.183
558.183
438.983
436.183
676.85
578.25
462.917
409.65
667.85
444.783
261.717
770.717
569.45
453.11699999999996
382.65
377.183
481.05
582.317
454.583
683.983
573.05
366.183
286.983
446.25
541.517
427.05
318.05
663.717
243.78300000000002
518.183
252.58300000000003
463.117
353.383
528.85
619.983
488.517
245.25
540.45
746.9169999999999
231.38299999999998
656.05
500.317
544.9169999999999
567.05
537.717
368.317
716.05
903.25
405.517
413.05
994.05
638.9169999999999
840.45
207.38299999999998
393.25
853.317
666.717
789.25
851.517
377.25
348.85
458.11699999999996
430.38300000000004
978.117
794.717
262.45000000000005
736.85
632.45
851.183
880.317
704.783
627.383
974.917
262.45000000000005
528.783
647.517
791.383
1104.583
1048.317
962.317
887.183
676.85
786.117
800.183
717.45
358.25
578.05
924.25
757.183
1020.383
582.25
1079.183
963.983
1053.917
882.05
1031.65
954.317
547.317
1013.317
880.517
776.583
705.517
842.717
842.717
960.25
848.117
634.05
969.983
726.117
688.783
556.983
1025.45
918.183
860.517
910.917
1029.983
787.65
774.85
689.317
959.65
1003.45
892.517
652.983
1143.317
861.45
912.65
888.65
1032.45
916.917
403.25
825.25
895.583
943.517
980.05
1143.65
1271.183
1076.45
1077.117
1060.783
1188.783
1246.45
1074.983
1136.983
1122.983
1107.383
1290.517
1130.25
1525.317
1024.517
599.983
897.9169999999999
1093.783
1365.05
1075.25
1167.583
1526.85
1306.917
1239.383
1141.717
1364.85
1423.117
1445.317
1153.317
1527.65
1212.45
1138.05
1054.85
1145.45
1069.717
1396.65
765.717
1135.783
1230.317
1453.183
1052.85
1355.383
1233.183
1447.65
1270.783
1354.05
1411.117
1401.317
1306.05
1597.917
1151.65
1674.317
1424.917
1486.583
1417.717
1293.317
1521.717
1750.383
1109.117
1217.717
1507.383
1756.917
1478.183
1576.917
1319.45
1393.783
1277.917
1368.117
1485.183
1412.117
1697.65
1945.583
1207.65
1771.917
1739.717
1643.05
1561.917
1635.85
1507.317
1462.983
1759.183
1709.65
1519.517
1322.583
1449.25
1390.983
1367.117
1682.583
1555.983
1678.717
1867.783
1638.983
1768.85
1993.583
1700.983
2033.117
1839.983
2185.45
1931.117
1771.45
2026.85
2022.183
1938.517
1742.117
1906.383
1745.45
1829.45
1708.85
1916.583
1914.25
1724.783
1438.45
1696.517
1662.45
1667.717
1493.783
1419.717
1681.117
1455.983
1422.85
1147.65
1789.65
1366.983
1670.25
1637.25
1778.117
2190.05
1914.717
2152.25
1979.717
2145.117
2293.717
1919.917
2119.383
2101.45
1875.85
1794.117
2106.85
1937.383
2198.317
1787.717
2031.317
2066.783
2028.317
2152.583
2109.717
2104.317
2257.183
2195.383
2265.65
2277.85
2165.45
1913.783
2239.05
2269.85
2095.517
2324.85
2427.317
2298.383
2186.383
1911.317
2426.45
2263.45
2527.783
2756.983
2812.317
3120.383
3088.183
2935.183
2884.717
2813.783
2930.45
2533.317
3096.05
2791.717
2952.583
2856.25
3110.583
2620.983
2801.983
2944.65
2845.317
2880.317
2660.183
2352.85
2956.05
3013.517
2878.117
3008.25
3150.783
3110.85
2990.917
2779.317
3153.583
3129.05
2634.05
2892.117
2852.983
3036.917
2882.117
3059.983
3236.717
3031.783
2929.383
2430.25
2748.45
2876.917
2933.783
2642.983
3026.117
2706.317
2810.317
2625.717
2602.983
2541.45
2448.45
2538.783
2534.85
2637.65
2441.45
2578.983
2373.517
2512.85
2610.383
2645.183
2925.65
3061.517
3113.65
3274.917
3106.117
3196.117
2805.317
3291.317
3049.25
3025.717
3528.917
3167.917
3836.983
3799.65
3684.517
3835.517
4390.85
3889.45
4064.117
3539.583
3759.65
3704.983
3407.85
3179.583
3273.717
3157.917
2953.917
3053.25
3526.183
3114.65
3369.583
3340.117
3786.183
3747.117
3934.45
3678.183
3593.85
3450.85
3199.317
3080.317
3237.317
2881.317
2770.65
2680.45
2762.25
2723.117
2167.117
2516.517
2535.85
2202.517
1887.717
2619.717
2617.45
2705.317
2941.25
2609.05
3371.517
3531.05
3607.583
3452.85
3535.983
3354.583
3042.383
3189.917
3124.383
3309.65
3257.917
3073.783
3623.45
3279.383
3434.05
3347.583
3511.983
3458.583
3408.05
2864.917
3450.583
3285.183
3468.783
3414.45
3294.783
3379.183
3353.65
3315.917
3943.183
3952.183
3901.117
4096.65
4240.05
4327.9169999999995
4323.5830000000005
4166.782999999999
4483.983
4221.183
4593.25
4152.917
4598.383
4955.917
4282.25
4530.317
4680.717
4470.917
4508.717
3836.85
3815.85
3341.65
3198.183
2422.85
2384.45
1968.05
1844.717
1821.917
2314.317
2536.983
2792.05
3191.25
3430.117
3535.783
3793.45
4136.517
4406.25
4684.317
4587.717
4566.517
4778.65
4257.85
4183.983
4008.65
3703.45
3071.25
2891.983
2641.05
2627.517
2936.717
3041.317
3461.45
4153.183
4298.183
4448.583
5161.85
5396.25
5398.917
5730.25
5437.65
6095.05
6097.183
6534.983
6167.117
6135.983
6544.117
6318.583
6352.783
6507.25
6314.183
6568.85
6365.05
7000.783
6781.45
6900.65
6620.983
7134.583
6952.117
6815.317
6809.85
7341.983
7139.05
7092.25
6913.917
7078.45
6646.45
6735.183
6874.117
6987.65
7352.783
7136.783
7191.517
7214.717
7001.517
6703.917
6517.583
6758.05
6981.117
7152.183
7032.917
7008.65
6994.25
7016.517
6844.45
6888.917
6821.05
6710.183
6739.517
7171.783
6964.983
7098.117
6824.65
6984.45
7157.45
6973.25
7319.183
7394.65
7391.45
7451.25
7538.317
7606.183
7916.317
8101.65
7940.317
7852.45
7838.783
7305.783
6831.783
7033.05
6989.183
6972.25
6827.65
7076.85
7290.783
7350.85
7903.783
7841.383
8330.582999999999
8279.65
8333.582999999999
8304.25
8672.917
8060.583
8189.85
8637.317
8178.45
8263.65
8420.05
8383.05
8252.25
8796.45
8236.65
8591.184
8505.983
8427.983
8195.25
8453.783
8349.917
8396.717
7867.917
8437.65
8288.783
8229.05
7855.116
8303.582999999999
8578.45
8747.717
8387.983
8659.25
8712.717
8578.517
8599.583
8524.517
7669.783
8094.117
8132.583
8226.917000000001
7772.05
8339.65
8103.05
8285.05
8005.183
7976.25
8271.917000000001
8400.983
8342.05
8416.917000000001
8175.383
7997.45
7982.183
7459.05
7697.25
8367.117
8057.717000000001
8225.582999999999
8476.983
8778.316
8815.25
9054.05
8668.85
8859.783
8944.384
8899.717
8531.517
8433.917000000001
7943.517
8151.983
7468.783
8111.383
8244.85
7948.917
7897.05
8650.717
8624.85
8118.85
8180.783
8860.917
9014.85
8792.45
8607.783
8711.45
8766.983
8593.65
8525.983
8719.65
8570.517
8809.116
9041.116
8728.25
8963.45
9230.45
8415.983
8704.25
8575.583
8201.917
8529.184
7863.117
8121.45
8088.450000000001
8940.717
8881.65
8720.384
8715.45
8322.45
8631.983
8524.783
8896.45
8548.783
8410.983
7880.117
7847.25
7574.983
7297.317
7195.583
6702.917
6650.317
6632.317
6644.783
7048.917
7372.983
8165.25
8620.85
9468.917
9582.917
10443.917
9706.116
9311.517
9697.517
9572.25
9471.116
10124.316
10154.65
10348.65
10226.45
10177.717
9551.983
9263.917
8951.85
9218.65
9058.583
10189.65
9689.45
10276.116
10244.384
10526.184
10545.517
10231.05
10895.583
10971.983
11510.983
11415.983
11551.184
11731.45
12057.517
11186.316
11364.05
10889.583
11096.316
11082.583
11396.45
11021.717
10827.65
10447.583
10301.517
10564.45
10295.65
9500.05
10303.116
10149.983
10748.717
10933.25
10962.85
11786.65
11426.583
11135.85
11390.583
11422.717
11226.116
11162.316
11239.45
11737.05
12072.85
12124.316
11793.05
11944.783
13294.783
12290.517
12264.917
12474.05
11958.316
12458.05
12421.184
13024.316
12524.783
12031.917
12334.517
12536.65
12418.917
11994.25
11868.05
12891.384
13255.583
12915.05
12383.184
12695.05
12486.783
12351.316
11643.05
12519.184
12383.917
12043.917
11454.517
11986.983
12224.583
12213.384
11821.116
12754.384
12800.184
12510.25
12860.25
13016.384
13640.65
13058.983
12884.85
13418.25
12995.717
13223.25
12530.717
12883.384
13474.517
13019.85
13170.45
13236.717
12903.983
13069.45
13396.45
13997.917
13715.316
13688.917
13791.116
13732.717
14048.316
14493.316
14096.45
14076.983
13695.583
13726.717
13266.717
13740.184
13361.116
13713.783
13073.25
12770.517
13014.85
12864.25
12609.783
13207.983
12745.116
12827.783
12895.517
12886.25
12986.983
12783.184
13327.65
13811.316
14094.783
13355.316
13338.783
13483.05
12985.517
13660.583
13303.583
13854.517
13851.25
14099.184
14174.05
14339.116
14535.717
14047.05
13576.316
15069.25
14531.85
14470.85
14647.517
14916.517
13867.783
14450.717
13815.184
14734.05
14489.517
13891.05
14287.917
14755.184
14477.25
14633.717
15368.917
14949.717
14406.316
14284.65
14052.583
14000.85
14420.583
14963.517
14970.05
15530.25
15601.85
15937.85
15555.783
15625.316
15946.783
15715.783
15632.717
15738.184
15808.517
16095.583
15811.85
16458.384
16256.65
16385.783
16709.916
16614.05
16581.65
16133.384
16306.783
16557.983
16151.65
16052.116
15920.583
16499.316
16269.05
17132.982
16468.316
16155.583
16589.316
16726.449
17297.051
17367.85
17437.584
16929.717
17199.584
16762.184
16885.982
16686.982
16955.783
17261.316
18785.85
17423.117
18106.383
18381.783
18565.65
17963.85
19220.65
18708.717
19036.518
19611.65
20234.383
19186.25
19730.518
19229.117
19498.449
20937.982
19604.25
19728.85
18953.783
19002.184
19110.717
19679.982
19548.051
19961.584
20648.85
20095.584
20821.584
21397.25
21977.051
21981.25
22137.117
22795.449
23460.383
22859.717
21687.117
22474.051
22566.916
21999.184
22386.383
23006.85
22969.25
22808.65
23312.717
23807.916
23173.783
24536.65
25065.449
24711.184
24182.117
25189.051
25041.584
25043.383
24812.117
25149.449
25187.184
25035.117
25128.117
24723.717
25011.916
25808.316
26416.584
26835.916
27008.916
28337.184
28521.584
28039.051
28707.982
28683.449
28400.982
28455.65
27574.85
28518.449
27766.383
27651.85
29151.051
29686.518
29962.316
30049.383
30167.117
30866.783
30089.584
30357.982
29864.316
30125.449
30316.449
29797.717
30525.117
31166.383
31495.184
31566.85
31776.449
32241.051
32145.584
31677.25
31936.25
31794.584
31928.717
31294.117
31846.449
31937.051
32115.85
32451.184
32000.117
31930.717
32115.184
32184.518
32206.717
32292.717
32666.65
32317.518
32444.584
32723.85
32541.051
31519.184
31073.383
29503.85
28360.584
27507.717
27112.051
27101.449
27557.85
27456.85
28735.717
30167.25
30621.982
31249.184
31299.051
31586.25
32400.916
33315.582
32955.117
33604.184
33634.051
33326.785
32595.584
32359.051
32596.184
33141.25
33375.918
33829.516
34402.25
35160.984
35678.117
35833.715
35880.984
35126.383
35082.449
34590.715
34940.715
34944.184
34936.184
34961.184
34298.516
33931.984
33757.984
33255.984
33292.785
33638.051
33386.984
34727.184
34943.852
35256.984
35843.715
36051.25
35254.051
35494.184
35092.25
35183.449
35416.785
35818.383
36185.918
37119.25
36974.852
37518.316
37070.316
37095.648
36673.051
35987.918
36177.051
36110.852
36310.051
36113.918
36288.316
36860.648
37099.715
36667.715
36771.184
37756.449
37285.316
37645.785
36916.383
37554.449
37055.582
36203.984
35727.051
35390.715
35350.918
35617.582
35799.184
36225.383
37330.852
36960.316
37799.918
37305.316
37300.715
37163.25
36698.117
36421.117
36056.918
35375.984
35536.984
35576.184
35365.582
35578.184
35531.715
35209.785
35403.852
35249.852
35336.918
35788.984
36244.25
36224.984
36651.25
37316.449
37512.852
37387.051
37733.383
37508.852
37408.715
36739.918
36262.383
35817.383
36135.25
36515.25
36283.184
37096.316
37404.984
38002.051
38221.648
38180.449
38146.184
38935.051
39182.852
39717.582
39835.051
39516.516
39364.984
39122.648
39136.648
38412.383
38254.648
38354.25
38414.582
38030.918
37987.449
37155.648
37697.117
37368.383
37776.184
37652.184
38581.117
38971.852
39602.184
39922.25
40233.25
39307.785
39479.984
38936.25
39016.449
39301.852
38958.516
39023.383
38654.516
39029.984
39377.117
39389.383
39577.25
39609.715
40099.449
40518.984
41280.051
40531.449
40406.117
39763.785
39859.852
39055.582
39039.984
39024.984
38740.449
39359.449
39480.449
37678.852
38846.984
38815.715
38495.383
38709.184
38440.984
38323.25
38544.582
39080.984
39447.316
39492.184
39324.449
39533.918
40176.984
40248.852
40555.051
40293.316
39788.785
38513.785
37030.051
36245.918
34892.117
33362.582
32871.852
33519.852
34521.051
36700.383
37302.25
36703.184
36772.383
37027.449
36467.051
36860.516
36370.051
35909.25
36764.449
37902.715
38790.25
38704.516
39169.383
39318.184
39752.25
40538.918
40044.051
39962.25
40088.582
39248.184
39764.918
40214.516
40240.648
39977.918
40870.785
41239.051
41185.316
41242.184
40622.648
40503.117
40242.785
40415.449
40160.383
39425.383
39243.316
38788.984
39737.785
40483.516
41172.582
40890.383
41559.051
42438.316
42729.648
42152.25
41801.582
42178.184
41547.516
41429.25
40821.715
41436.184
41984.449
41457.051
41213.582
40909.516
39871.117
39267.785
37779.316
36682.25
36307.051
36446.449
36756.852
37275.715
38405.383
38616.051
39840.25
40123.316
40192.184
40829.25
40973.051
41417.715
41646.184
41735.316
42215.918
43012.449
42428.117
42101.516
41252.785
41165.984
40986.051
40891.184
40891.316
40951.715
41590.918
42552.648
42597.785
42631.316
42641.184
42498.918
42226.852
42262.918
42273.984
41168.383
40650.383
40286.449
39668.852
38909.117
38405.25
38767.516
39077.648
39481.582
39945.316
40503.648
40575.051
40380.785
40277.984
40498.516
40162.184
39810.582
39917.582
40308.648
40847.184
40992.383
40963.852
41520.449
42048.316
41946.715
42090.984
41777.117
41672.582
41048.516
40333.25
40029.785
39165.051
38197.051
39487.25
39313.918
39642.648
39870.984
40482.25
40551.715
40915.449
40412.516
40435.648
40815.516
40359.918
40235.785
40014.117
39989.984
39653.117
38974.051
38552.852
38749.051
38772.051
38310.184
37658.117
37956.984
37827.051
37549.383
37573.316
37802.117
38118.715
38290.852
38748.383
38894.648
39314.184
39094.117
38905.051
39387.449
39307.316
38197.648
38945.582
38515.383
38574.316
38737.051
38146.449
38221.184
39078.516
39248.184
39612.785
39497.918
39646.383
39589.117
39270.715
39742.184
39239.852
38732.449
38668.648
38979.117
39407.648
39600.051
38860.984
39052.316
38944.516
38486.582
38805.582
38931.316
38844.184
38623.918
38813.051
38540.984
38801.516
38203.051
37936.117
37880.25
37804.785
38013.117
37615.184
38468.383
38722.383
39197.316
38536.383
38727.648
38737.316
39019.785
38889.117
38664.184
38903.582
38842.316
38609.852
38639.918
38711.051
38353.715
37895.383
38288.648
38443.984
38562.785
38502.25
38657.449
38703.383
38560.25
38924.316
39002.25
39241.051
38399.051
38015.715
38285.449
37725.316
37786.648
37617.184
38120.051
38599.516
38436.117
38291.918
38624.582
38572.449
38842.852
38665.715
38761.184
39067.648
38885.715
38819.984
39047.051
39083.184
39005.449
38837.383
38153.852
38419.117
37582.648
37876.785
37938.184
37880.984
37548.449
37666.25
37631.582
37547.316
37573.785
38011.582
37586.449
38168.383
37923.117
37922.184
37397.582
37036.648
36641.117
36829.449
36461.316
36466.449
36143.785
36707.715
36905.117
36946.117
36807.516
36400.449
37447.785
37677.785
37941.25
37996.383
38586.383
38746.184
38110.449
37924.449
37752.449
37705.648
36934.383
37057.648
37336.383
37300.715
37615.918
37574.648
38023.516
37912.117
38042.852
37783.918
38028.715
37769.383
37500.715
36991.648
37603.449
37631.117
36883.051
37715.449
37371.051
37690.516
37891.25
37397.648
37673.184
37302.316
36469.117
36041.316
36585.117
36363.449
36041.184
36450.117
36460.449
37437.117
37168.715
37779.25
37980.785
37647.918
37566.184
37961.25
38250.648
37740.715
37233.516
36986.449
36975.25
36487.383
36318.184
36212.984
36799.25
36834.117
36779.449
36688.785
37331.184
37384.184
37059.785
36807.316
36846.852
36441.383
35803.383
35406.184
35504.852
35464.449
35105.383
35394.516
35715.383
36233.715
36478.25
36449.852
36877.449
37065.25
37343.715
37305.449
37448.383
37255.051
37079.383
37608.449
37057.25
37498.715
37170.383
36712.117
37276.184
37167.852
37348.316
36968.918
36818.852
36799.785
36781.984
36231.582
36449.184
36168.984
35980.918
36287.117
35987.582
35748.184
35763.852
35615.383
36417.25
36640.117
35817.715
35969.316
36551.316
36411.918
36398.316
36818.852
36355.383
36057.715
35978.516
35240.316
35734.316
35016.648
35184.785
35081.25
35045.25
35570.316
35354.25
35604.184
35548.918
35502.25
35850.184
35832.051
36078.984
36033.25
35617.715
35637.516
35816.648
36015.852
35234.852
35547.383
35755.984
35767.918
35202.648
35626.648
36265.785
35877.648
35642.25
36391.449
36556.648
36347.383
36050.582
35705.852
36262.785
35781.051
35978.117
35944.715
35736.715
35872.648
35759.715
35562.117
35890.25
35633.516
34988.582
35137.516
35435.051
35234.516
34659.785
34648.648
34386.25
34329.516
34117.785
33681.984
34299.715
34354.918
33905.785
34814.918
34754.852
34959.184
34879.582
34598.516
35073.582
34874.852
34446.516
33894.051
34375.383
34502.984
33621.184
32856.25
32224.717
31508.584
30954.383
30384.717
30011.85
29430.184
29005.783
29986.717
30553.184
30633.65
31160.117
31830.449
32928.383
32682.717
33168.918
33017.25
33065.449
33221.117
32776.316
32538.65
32713.584
32615.449
32230.316
32243.518
32432.982
32625.584
32576.916
32266.449
32758.25
32609.383
32679.916
32512.449
32913.65
32829.117
32392.982
32906.117
32670.518
32398.383
32012.783
31684.449
31767.916
31712.65
31788.449
32008.584
31850.316
32214.65
32284.184
32149.65
32410.65
32869.85
32613.25
32291.85
32539.982
32708.518
32580.783
32639.383
32594.117
32150.783
32024.117
31999.316
32174.584
32109.449
31408.584
31795.916
31723.85
32008.051
31767.518
31684.383
31764.316
31908.717
32172.717
31738.184
31969.783
32253.449
31667.051
31985.051
31989.584
31919.982
31390.717
31521.916
31464.184
31484.584
31571.051
31493.25
31439.25
31365.25
30855.982
31140.584
30931.316
31242.117
30773.717
31137.184
31679.449
31393.518
31754.449
31771.916
31643.982
32020.982
31808.25
31835.783
31878.85
31806.717
31978.982
31801.184
31982.916
31707.184
31921.916
31718.316
32139.717
31502.717
31616.65
31415.449
31629.316
31769.65
31353.051
31229.916
31310.184
31287.25
31308.783
31357.982
31477.783
31519.051
31467.518
31411.449
31375.518
31030.783
30642.383
30530.316
30761.117
30284.584
30022.316
30136.383
30544.717
30479.783
30028.316
30080.518
30427.85
30275.717
29962.783
29675.518
30018.383
29797.783
29475.449
29009.383
29333.65
29438.117
29397.584
29638.584
29536.316
29566.85
28968.184
29233.383
28873.117
28818.383
28109.584
27973.051
28010.717
27598.184
27612.184
26921.518
27324.916
27003.117
26459.518
25770.518
25648.982
25785.316
25646.184
25034.383
25312.316
25216.85
25479.051
25539.25
26135.051
26476.117
27208.316
27892.65
28023.449
28222.117
28198.717
28453.117
28269.982
27908.184
28001.518
27780.051
28034.65
27834.982
28112.916
28169.383
28472.584
28386.518
28608.916
28527.584
28937.117
28785.051
28518.916
28834.584
29146.717
28873.383
28668.25
28418.717
28761.584
28672.518
28396.717
28371.316
28474.717
28510.65
28851.717
28098.584
28612.916
28637.65
28653.85
28486.051
28703.85
28548.184
28144.184
28166.316
28292.783
28476.717
27800.117
27705.783
27890.65
27659.316
27571.25
27756.916
27890.25
27596.184
27481.783
27278.184
27286.316
27261.584
27367.584
27308.783
27274.518
27198.449
27262.717
27135.982
27024.117
27026.584
26831.383
26313.85
26706.584
26258.449
26420.117
26394.717
26543.65
26276.184
26397.051
26328.65
26420.383
26690.518
26506.117
26826.717
26675.783
26885.65
26623.85
26050.717
26214.184
25987.982
25773.85
25978.117
25857.65
25841.184
25857.051
25818.783
26235.449
26731.717
26294.383
26807.717
26936.051
26677.584
26792.65
26521.518
26773.85
26895.916
27068.65
27237.117
27290.783
27679.584
27543.982
27911.518
28249.783
28556.916
27994.982
27862.518
28222.25
28691.584
28486.584
28968.982
29147.117
29543.051
29312.65
29428.982
29399.117
29140.117
28441.717
27532.916
27038.316
26700.783
26439.982
26238.117
25954.25
25998.916
25858.051
25724.783
25976.051
25889.783
25884.584
25847.449
26246.783
26022.117
25880.449
25566.916
25603.783
25772.117
25355.65
25625.051
25560.584
25750.982
25722.25
25809.717
25899.783
26090.85
25752.383
25881.449
26188.65
26032.584
25507.85
25840.85
26222.316
26020.051
25627.916
25924.117
26143.25
25620.383
26036.383
25351.717
25693.65
25396.449
25180.65
25304.916
25160.316
25285.518
25024.383
24526.449
25206.916
25286.982
24902.25
24956.584
25128.916
24912.316
25272.982
24739.65
24932.584
25035.25
25115.65
25095.117
25232.85
24979.051
25108.117
25236.383
25509.117
25073.117
24635.982
24702.85
24947.85
25082.65
24759.982
24920.982
24821.184
25007.383
24754.916
24776.584
24794.051
24726.717
24335.449
24090.383
24711.051
24460.117
23994.383
23866.717
24338.717
23918.25
23890.65
23955.383
24219.518
23879.184
22896.449
23602.65
24028.383
23597.383
23546.25
23152.449
23400.584
23460.117
23770.518
23695.449
23643.584
23355.916
23411.916
23460.383
22881.518
22792.982
22315.518
22598.117
22190.383
22619.982
22206.184
22289.783
23565.916
23361.184
23335.783
23923.184
23691.051
23734.85
23210.717
22973.65
22777.316
22806.518
22513.051
22567.117
22704.25
22786.25
22495.518
22763.051
23436.449
22984.449
22446.85
22832.717
23119.051
23162.184
22815.717
22973.982
23084.584
22709.584
22413.584
22102.25
22486.518
22041.117
21925.65
21507.85
21539.25
21613.717
20974.584
20542.051
20455.783
19149.518
18477.383
17692.717
17856.584
17898.316
17975.65
18177.717
18904.184
19742.25
20203.584
20218.717
20403.449
21066.518
21562.25
21458.982
21124.184
21583.982
21544.584
21617.85
21608.518
21270.518
20909.65
20829.518
21270.518
21195.916
20764.916
21387.982
21318.518
21522.783
21613.184
21492.25
21623.717
21585.916
21356.783
21474.916
21577.783
21719.051
21306.051
21351.051
21710.85
21797.316
21684.982
21727.117
21855.916
21909.717
21740.316
21232.25
21749.383
21669.051
21335.916
21152.316
21399.184
21532.584
21359.85
20897.85
21167.25
21501.916
20861.051
21514.383
21677.518
21597.25
22017.051
21734.717
21837.25
21838.783
21645.316
21728.383
21694.85
21619.65
21312.184
21360.316
21421.717
21430.25
21363.783
21441.316
21664.717
21682.449
21373.051
21136.518
21448.85
21319.65
21510.184
21093.316
21593.25
21417.184
21611.184
21622.383
21717.584
21651.584
21174.449
20910.518
21454.518
21334.117
21538.25
21086.051
21054.051
21128.449
21030.982
21346.383
21122.316
21094.316
20563.051
20600.184
20700.051
20944.25
20158.316
20403.25
20630.117
20600.717
20415.449
20236.85
20649.184
20593.051
20367.184
20520.916
20597.184
20805.449
20068.184
20300.982
20753.518
20798.982
20445.316
20328.783
20437.117
20647.65
20293.383
20243.717
20398.518
20324.982
19751.051
20083.518
20078.518
19896.051
19887.184
20012.584
19731.65
20430.916
19822.65
19739.449
19835.783
19853.051
19755.584
19193.383
19710.25
19789.584
19451.717
19197.117
19664.051
19598.051
19422.184
18914.316
19503.717
19430.982
19388.316
19399.717
19104.316
19370.65
19231.117
18784.85
19049.65
18888.25
18900.85
18419.916
18866.25
18754.518
18136.85
17797.25
18533.65
18390.584
18178.916
18086.65
18345.518
18197.85
17887.051
17812.316
18477.65
18182.518
17996.383
17873.383
18317.916
17889.982
17686.85
17609.449
18247.518
18047.916
17742.783
17758.916
17911.65
17636.117
17195.117
16923.584
17407.916
17481.85
17384.25
17688.85
17789.518
17685.717
17104.25
17755.383
17553.117
17457.85
17378.982
17334.85
17248.25
17377.518
16884.518
16805.584
16103.983
15248.983
14510.983
13723.517
13233.45
13039.583
12979.783
12966.384
13951.783
14513.85
14764.45
15242.583
15578.85
15619.25
15751.384
15642.983
15764.45
15198.783
15231.65
14476.05
15511.85
15465.316
15249.05
15186.917
15609.517
15847.583
16003.517
15696.05
16119.65
16339.316
16006.917
16095.717
16458.717
16441.717
16502.783
16568.85
16693.05
16609.917
16387.184
16001.916000000001
16880.184
16592.982
16494.917
16043.982
16722.783
16804.117
16577.25
16727.316
16709.25
16265.983
16391.65
16069.116
16637.45
16529.45
16363.384
16331.05
16412.384
16681.184
16287.116999999998
16823.717
16799.584
16812.051
16803.916
16403.717
17118.184
17113.184
16745.051
16964.25
17697.316
17465.117
17244.518
17756.717
18014.051
17678.717
17446.85
17539.85
17226.783
17384.25
16824.25
17017.85
17263.982
17079.051
17105.184
17487.584
17069.316
17201.916
16534.051
16394.316
17285.916
17127.25
17005.25
17157.117
17016.65
17070.717
17157.117
16840.316
16885.916
16847.783
16804.518
16764.117
16988.717
16646.518
16747.584
16608.85
17011.25
16735.25
16870.316
16771.916
17205.449
16784.584
16839.449
16760.518
17063.383
17346.051
17387.65
17267.117
17184.584
17075.717
16958.982
17169.982
17326.783
17414.717
17413.117
17054.518
17707.916
17517.25
17484.717
16977.316
17519.982
17398.184
17186.117
17118.584
17249.184
17353.117
17496.916
17393.184
17512.65
17206.184
17307.717
17528.316
17238.383
17390.65
17273.982
17135.518
17212.717
17337.85
17068.916
17035.783
17155.518
17404.518
16517.449
17289.316
17306.65
17233.916
16535.383
16924.85
17230.85
17341.717
17177.916
17224.117
17200.717
17347.85
16995.25
16882.383
17265.982
17076.783
17158.051
16826.051
17083.051
17127.184
16768.316
16705.051
17040.982
16685.051
16668.051
16466.051
16843.85
16677.184
16385.917
16650.25
16657.983
16405.316
16514.65
16638.45
16471.184
16465.917
16217.25
16221.116
16565.65
16236.384
16339.983
15995.316
16051.184
16089.45
15940.783
16045.983
15846.384
15779.45
15735.184
15663.783
15912.316
15877.45
15785.85
14824.85
15027.517
14847.05
14559.25
13849.316
13615.384
13612.65
13130.717
12485.85
12982.85
12860.983
12091.517
12516.917
12488.583
12094.983
12260.583
11781.85
11987.917
11766.25
11459.583
11526.384
11773.25
11707.316
11857.45
10575.717
11317.184
11395.384
10955.45
11313.184
11599.783
11725.116
11602.316
12060.717
12438.85
12547.316
12797.517
13207.45
13260.85
13129.25
13228.45
13053.917
13017.45
13203.783
13172.517
12617.316
13038.384
12799.517
12396.917
11730.25
12042.184
11786.184
11426.184
11312.717
11139.917
11272.384
11103.25
10990.116
11383.917
11392.717
11208.384
11192.25
11317.316
11168.983
11084.45
11006.116
11417.65
11233.717
10908.517
11380.85
11741.517
11532.25
11280.65
11464.983
11425.65
11482.05
11420.184
11315.116
11331.384
11028.116
10461.983
10983.85
10890.983
11112.85
11274.05
10838.45
11433.983
11304.517
10583.184
10846.25
11008.384
10808.583
10867.783
11099.517
11243.783
11242.116
11418.65
11332.116
11485.45
11336.717
11278.783
10925.116
11187.116
11317.25
11052.583
11069.25
11275.85
11256.783
11016.517
11549.717
11639.184
11835.45
11411.25
11666.316
11898.583
11887.316
12070.983
11353.517
11868.983
11752.05
11983.05
11596.05
12293.85
12036.45
12206.717
11838.184
12409.65
12350.45
11977.65
11796.116
12007.583
11754.316
11681.384
11886.45
11837.583
11695.316
11396.783
11362.583
11611.05
11764.384
11605.917
11771.917
11702.583
11565.25
11343.85
11612.783
11741.45
11613.65
11897.116
11321.25
11644.316
11922.116
11872.316
11582.25
11639.717
11208.717
10934.65
11376.45
11262.45
11348.25
10572.583
11106.983
11408.05
11255.917
10964.783
11350.983
11588.917
11205.517
11346.65
11204.25
11429.517
11102.983
10844.184
10848.316
11152.316
11109.783
10676.184
10962.05
10957.25
11110.45
10942.384
11006.25
11069.45
10907.583
10733.25
10988.717
11122.316
11033.917
10899.05
11238.116
10968.45
11084.116
10963.583
10804.917
10971.983
10943.116
10761.983
10663.184
10717.25
10799.184
10496.05
10414.983
10897.316
10881.116
10595.05
10624.583
10895.717
10890.384
10458.717
10515.583
10764.65
10548.65
10314.184
10708.983
10679.517
10461.917
10720.983
10471.583
10545.384
10457.85
10218.783
9859.917
10550.983
10189.184
10420.25
10235.783
10344.184
10163.783
10113.983
9947.917
10339.05
10165.25
10083.184
9815.184
10054.917
10113.116
9934.116
9904.583
10180.983
10171.05
9625.05
9827.783
10115.517
10062.05
9365.05
9554.517
9974.583
9931.65
9830.517
9497.45
10061.717
9955.45
9867.384
9614.05
9784.717
9595.05
9483.384
9628.85
9764.184
9590.05
9407.45
9464.85
9893.384
9903.45
9654.65
9406.05
9503.384
9649.917
9468.583
9273.517
9613.917
9531.25
9510.517
9193.85
9351.783
9453.316
9419.25
9255.983
9459.05
9259.917
9672.45
8976.85
9420.45
9355.384
9121.184
8708.25
9436.583
9368.45
9403.25
9044.717
9178.783
9041.384
9139.783
9259.184
9525.783
8749.116
9046.116
8809.116
9064.583
8478.116
7991.583
7306.45
7013.983
6155.517
5307.317
4663.85
4010.783
3235.717
2841.117
2158.117
2465.717
2347.983
2074.183
2279.45
3135.317
3350.183
3387.05
4394.45
4941.317
5255.117
5612.183
4965.717
5707.05
5313.183
5134.05
4752.05
4505.25
4566.783
4267.917
4045.45
4407.917
4525.383
4478.583
4283.05
5007.983
4803.05
4865.583
5484.983
5560.783
5773.783
5480.25
6011.917
6177.25
6171.183
6212.25
6479.25
6779.05
6825.383
6380.983
6664.183
7214.717
7250.45
6832.917
7331.25
7620.917
7768.65
7668.583
7723.517
8180.05
8160.383
7565.85
7696.117
8397.917000000001
8491.183
8292.383
8047.183
8557.117
8389.983
8195.917000000001
8181.717000000001
8701.783
8483.582999999999
7641.583
8504.582999999999
8661.783
8716.582999999999
8383.583
8162.583
8682.783
8609.517
8442.65
8365.783
8509.25
8601.917
8197.116
8027.116
8955.05
8534.45
8349.384
8362.45
8671.316
8601.583
8444.65
8418.85
8621.05
8585.517
8428.05
8389.384
8697.45
8657.583
8501.717
8408.184
8722.983
8638.717
8083.116
8290.65
8615.05
8536.917
8178.450000000001
8119.517
8539.65
8385.983
8424.983
8182.517
8446.183
8591.582999999999
8276.583
7832.5830000000005
8606.717
8488.25
8477.983
8326.25
8778.517
8527.45
8343.783
8124.65
8615.117
8411.917000000001
7959.45
7829.383
8465.317
8379.517
8399.783
7789.45
8512.582999999999
8380.383
8199.05
8308.783
8493.65
8469.583
8241.717
8204.25
8693.383
8501.783
7664.583
8009.45
8601.783
8353.65
8369.25
8205.85
8564.65
8470.717
8009.317
7851.383
8413.983
8229.85
8236.85
8080.317
8423.383
8380.783
8246.45
7780.117
8464.05
8416.183
8040.383
7745.517
8303.25
8440.983
8135.783
8075.25
8428.45
8034.583
7988.917
8130.983
8136.25
8058.717
7895.983
7709.517
8318.717
8116.117
7762.783
7701.583
8154.717
8300.317
7603.05
7680.783
8137.917
8062.383
8110.45
7881.65
8079.65
7991.383
7928.383
7635.517
8232.05
7992.983
7702.783
7683.05
8031.383
7960.717
7776.717
7316.983
7904.05
7853.45
7739.383
7220.317
7980.117
7797.983
7321.917
7727.783
7809.583
7712.917
7268.183
7375.583
7526.117
7639.917
7367.517
7356.983
7614.117
7401.783
7394.517
7201.983
7504.25
7537.117
7061.717
7044.117
7530.183
7494.717
7201.583
7140.117
7206.05
7393.583
6954.383
7119.583
7172.983
7222.65
7040.45
6817.317
7399.117
7257.917
6876.117
6548.783
7134.05
7270.45
7096.717
6820.183
7185.25
7173.717
6475.783
6875.65
7310.117
6935.583
6784.45
6842.317
7063.117
7118.517
6728.517
6568.85
6986.583
7059.783
6861.983
6732.65
7034.917
6838.183
6533.117
6275.717
6897.05
6723.917
6963.517
6480.183
6974.383
6921.717
6419.783
6481.183
6973.983
6832.317
6626.783
6694.583
6975.05
6892.65
6478.65
6417.917
7007.583
6756.917
6614.65
6667.183
6902.783
6774.917
6321.183
6196.45
6570.65
6507.783
6018.783
6126.517
6624.317
6427.383
6620.65
6277.583
6638.983
6482.117
6674.917
6320.583
6542.383
6455.25
6089.983
6095.717
6557.183
6417.183
5942.983
5434.45
6383.25
6419.783
5931.65
6160.783
6404.25
6198.983
6049.45
6020.917
6383.25
6187.517
5991.183
5645.783
6214.783
6293.517
5572.65
5749.45
6304.317
6112.717
5857.85
5653.317
6252.783
6240.717
6135.45
5744.117
6311.983
6216.583
6176.383
6033.25
6232.183
6101.717
4863.45
5374.25
6139.383
6236.25
5830.65
5592.05
6086.65
6202.317
5548.25
5562.317
5966.45
5957.517
5477.183
5496.783
6010.583
5967.517
5315.783
5313.917
5843.583
5787.25
5520.783
5525.983
5775.25
5675.317
5268.45
5666.583
5751.917
5766.917
5241.517
5444.917
5828.183
5595.65
5126.783
5039.517
5625.45
5644.783
5466.383
4915.583
5675.45
5548.183
4868.717
4984.917
