274.617
67.233
-140.917
154.03300000000002
442.817
143.96699999999998
204.083
240.767
239.017
249.1
126.35
-155.567
199.683
214.233
16.283
-29.766999999999996
344.35
1.233000000000004
59.15
366.633
418.283
193.567
460.283
153.96699999999998
270.15
199.567
227.28300000000002
-121.3
184.95
210.5
328.217
23.566999999999993
273.617
205.96699999999998
232.817
26.766999999999996
560.683
470.633
92.35
-65.1
239.017
133.767
-15.183000000000007
187.1
206.61700000000002
240.433
142.35
242.3
216.15
246.767
-43.849999999999994
51.099999999999994
620.217
283.7
-24.917
-258.033
427.35
442.5
35.68300000000001
45.967
383.75
433.83299999999997
389.217
236.767
412.817
365.033
147.417
319.767
390.017
397.7
326.41700000000003
-143.233
442.483
285.433
29.950000000000003
76.7
385.41700000000003
192.167
143.083
77.233
295.017
497.5
198.15
67.367
233.483
349.7
32.283
14.966999999999999
236.88299999999998
198.767
502.817
-1.0999999999999943
177.28300000000002
221.833
335.95
-63.900000000000006
197.75
256.367
186.417
94.7
405.95
367.967
-232.78300000000002
23.833
403.817
309.9
216.017
206.63299999999998
462.483
285.233
-2.1170000000000044
272.7
104.817
320.233
245.15
284.433
410.15
289.83299999999997
546.283
-228.433
321.35
371.433
98.617
359.033
385.41700000000003
453.967
245.817
105.7
341.41700000000003
249.9
-67.583
116.767
329.95
310.567
121.35
6.033000000000001
413.55
444.16700000000003
55.617000000000004
-236.36700000000002
348.283
323.5
80.483
140.03300000000002
273.41700000000003
414.433
335.41700000000003
43.833
288.15
324.1
-275.85
-133.167
306.08299999999997
203.5
168.15
-1.1670000000000016
328.55
263.567
52.483000000000004
214.63299999999998
397.08299999999997
300.9
250.95
-105.833
453.95
418.767
427.817
150.767
491.15
278.83299999999997
163.083
345.7
404.41700000000003
77.433
356.08299999999997
-163.233
137.083
231.96699999999998
10.349999999999994
368.033
583.15
423.033
158.083
-87.1
492.217
160.3
454.55
27.433000000000007
390.95
357.433
320.41700000000003
384.5
520.883
353.367
420.017
301.83299999999997
328.41700000000003
230.96699999999998
379.35
-349.367
390.017
356.1
168.21699999999998
146.9
135.95
324.16700000000003
468.617
175.63299999999998
239.61700000000002
302.9
114.617
-203.5
278.35
385.567
464.95
188.63299999999998
385.817
315.433
48.283
-320.433
437.75
236.167
-62.18300000000001
15.832999999999998
257.283
197.96699999999998
-1001.717
-92.433
126.15
266.033
234.15
-58.3
556.083
399.5
258.15
64.9
249.817
222.433
-115.717
427.7
516.217
267.567
-196.983
32.43300000000001
311.283
324.433
-114.05
354.367
379.15
251.567
394.08299999999997
343.767
322.41700000000003
411.033
233.21699999999998
187.7
366.683
250.9
402.217
26.700000000000003
390.283
424.16700000000003
337.017
-69.9
227.15
317.967
73.95
-283.83299999999997
362.817
344.7
248.75
-119.033
347.483
335.233
207.35
78.433
363.683
354.233
-161.517
204.167
335.35
71.167
-151.917
150.7
259.683
206.5
310.883
166.833
252.35
528.433
89.683
176.9
376.217
528.633
379.817
170.167
223.35
278.83299999999997
89.217
498.033
348.35
207.7
-163.05
105.167
207.88299999999998
298.633
261.08299999999997
-12.900000000000006
543.15
560.167
26.617000000000004
285.83299999999997
380.483
348.1
234.75
105.433
342.483
393.83299999999997
90.883
151.96699999999998
306.483
340.3
186.61700000000002
312.633
472.817
452.3
407.017
120.967
577.217
207.5
400.283
-114.03299999999999
388.41700000000003
203.7
-74.583
309.767
356.41700000000003
228.3
564.683
421.433
406.817
299.967
654.55
110.5
414.817
322.16700000000003
-7.849999999999994
307.83299999999997
671.35
444.233
576.017
-5.967000000000013
471.95
397.767
418.61699999999996
233.7
379.55
570.967
-11.11699999999999
274.767
645.75
373.433
180.017
212.767
384.817
395.233
548.617
217.5
688.683
583.633
729.817
472.5
746.083
560.5
274.483
391.367
438.55
656.233
830.95
255.10000000000002
763.883
635.633
579.217
729.367
650.017
558.8330000000001
397.483
700.3
536.95
819.433
170.95
331.567
624.55
614.367
619.4169999999999
467.5
933.4169999999999
619.633
771.35
612.9
736.617
707.567
748.0830000000001
376.767
1060.15
529.633
613.683
562.1
897.017
582.1
754.0830000000001
650.367
665.0830000000001
944.433
838.483
741.967
683.817
939.033
708.15
524.833
1004.283
799.033
681.483
632.833
630.75
727.5
847.017
727.967
940.95
840.233
623.283
587.033
747.083
864.3
747.883
632.233
975.217
545.633
804.617
538.9
736.75
646.167
812.017
909.367
790.283
532.967
842.017
1029.833
494.54999999999995
930.1
783.417
820.7
835.35
827.633
670.95
1036.3
1209.55
740.567
748.683
1343.5
970.617
1198.5
567.417
767.567
1243.283
1072.3
1217.417
1297.967
824.883
796.3
918.3499999999999
886.433
1419.217
1260.9
725.4169999999999
1200.3
1088.35
1315.1
1349.15
1178.9
1075.617
1414.967
696.483
976.9670000000001
1099.417
1277.3
1592.15
1559.167
1479.95
1443.5
1246.817
1349.967
1361.483
1268.233
894.2170000000001
1119.1
1445.15
1270.9
1512.483
1090.833
1576.75
1505.433
1586.283
1416.367
1546.017
1479.233
1070.083
1542.033
1396.15
1309.3
1243.75
1377.633
1361.75
1481.7
1379.817
1160.7
1476.017
1271.1
1240.617
1133.367
1586.083
1478.3
1428.217
1509.3
1611.283
1351.767
1324.683
1233.633
1487.217
1515.633
1390.95
1147.5
1633.35
1367.633
1425.417
1416.833
1561.35
1448.3
944.75
1397.7
1459.417
1532.233
1544.75
1740.5
1864.95
1681.5
1692.617
1673.567
1797.483
1877.367
1727.017
1822.767
1799.483
1825.767
1986.817
1835.767
2207.883
1689.233
1254.55
1518.233
1715.083
2013.967
1730.417
1836.9
2174.883
2003.367
1920.483
1848.633
2077.95
2135.7
2152.483
1882.233
2240.617
1939.967
1812.417
1715.033
1731.083
1667.633
1974.55
1322.7
1711.55
1831.767
2087.35
1734.7
2055.417
1955.767
2156.55
1980.767
2034.483
2100.633
2076.017
2013.9
2304.35
1877.633
2419.95
2153.633
2184.883
2112.167
2010.883
2201.433
2439.483
1817.233
1911.083
2252.3
2481.283
2203.233
2280.483
2020.233
2100.283
1991.5
2058.283
2210.967
2180.817
2498.033
2753.95
2058.1
2646.083
2631.633
2506.883
2405.233
2441.083
2313.3
2275.217
2573.5
2508.55
2320.7
2094.95
2214.1
2151.75
2138.233
2446.617
2327.3
2499.483
2721.7
2532.283
2684.3
2890.617
2652.3
2957.483
2805.833
3144.083
2902.1
2729.883
2972.167
2973.15
2865.7
2674.483
2824.3
2654.95
2732.233
2592.15
2773.567
2752.35
2522.167
2185.017
2442.967
2397.483
2408.3
2235.883
2172.633
2427.35
2189.5
2119.017
1798.033
2419.817
2001.967
2337.15
2350.567
2547.55
3036.033
2840.617
3142.367
2999.75
3180.5
3320.75
2923.7
3099.75
3049.833
2755.35
2685.767
2963.817
2825.7
3054.283
2639.167
2895.95
2951.833
2919.483
3101.833
3064.483
3128.167
3284.817
3244.833
3272.883
3280.367
3169.683
2901.767
3241.083
3308.033
3145.35
3383.367
3448.083
3319.367
3201.75
2914.1
3448.483
3304.233
3632.95
3907.833
4037.75
4401.1669999999995
4382.35
4245.433
4179.282999999999
4101.433
4206.15
3783.567
4365.0830000000005
4039.3
4215.35
4135.9
4337.217000000001
3854.433
4003.95
4133.1669999999995
3992.283
4019.167
3809.883
3545.567
4146.217000000001
4251.1
4109.4169999999995
4331.3
4472.683
4480.833
4337.55
4111.833
4446.283
4392.1669999999995
3849.483
4066.567
4047.417
4268.1
4138.95
4403.233
4578.55
4305.7
4181.017
3634.567
3884.15
4013.367
4057.617
3807.633
4185.35
3867.967
3895.217
3682.967
3604.283
3553.967
3461.817
3532.567
3562.75
3686.1
3466.95
3610.967
3344.883
3536.967
3664.817
3798.833
4090.95
4255.8330000000005
4354.017
4531.1
4319.217000000001
4408.1669999999995
3953.483
4501.5
4291.617
4306.033
4842.95
4553.5
5252.817
5271.167
5195.55
5433.567
5998.683
5497.5
5622.683
5093.367
5250.083
5153.167
4724.95
4459.233
4505.683
4362.633
4162.95
4284.367
4777.15
4435.033
4697.55
4753.9
5255.95
5228.9
5361.15
5086.367
4919.017
4805.233
4407.35
4257.233
4333.282999999999
3919.633
3776.017
3617.1
3672.35
3611.633
3020.417
3370.9
3354.95
3026.3
2691.883
3471.9
3534.55
3691.9
3983.283
3741.967
4546.083
4784.433
4869.95
4722.833
4805.617
4571.9
4204.617
4337.1
4264.282999999999
4447.7
4439.683
4272.3
4836.417
4496.3
4682.283
4555.967
4732.283
4683.5
4603.017
4055.8999999999996
4643.417
4528.3
4665.55
4590.833
4494.95
4506.567
4576.55
4597.7
5258.817
5330.633
5326.083
5584.3
5760.483
5831.567
5795.417
5632.433
5968.417
5741.233
6144.017
5762.5
6205.617
6650.833
5926.817
6179.967
6258.617
6026.1
5989.75
5250.1
5140.35
4586.967
4316.95
3377.567
3198.95
2698.9
2497.617
2508.967
3051.083
3330.967
3697.883
4232.3
4598.35
4833.1
5143.95
5594.1
5879.283
6304.1
6174.617
6164.633
6310.75
5738.7
5606.95
5322.167
4924.55
4128.367
3807.817
3485.767
3472.35
3843.167
4006.15
4586.767
5476.817
5774.367
5991.683
6899.167
7132.617
7247.767
7666.817
7384.767
8083.75
8139.233
8538.483
8270.833
8202.35
8637.233
8409.35
8437.233
8574.684
8425.5
8682.15
8477.3
9148.816
8967.167
9077.417
8856.634
9350.483
9202.3
9022.483
9138.3
9661.616
9454.1
9379.217
9153.366
9328.15
8854.634
8911.483
9100.434
9170.35
9603.767
9344.417
9447.3
9511.483
9184.3
8895.483
8683.967
8891.217
9167.1
9325.217
9243.7
9256.616
9253.9
9194.083
9051.967
8965.55
8952.5
8783.083
8862.9
9310.35
9070.967
9302.017
8951.5
9086.684
9323.767
9110.15
9520.5
9621.15
9645.833
9783.483
9843.767
9961.017
10275.1
10517.15
10340.366
10263.417
10198.833
9510.083
9021.3
9138.55
9078.767
8988.616
8918.767
9222.75
9462.566
9618.217
10290.566
10195.884
10813.1
10743.816
10797.3
10772.95
11201.3
10543.017
10687.634
11103.884
10639.7
10683.483
10905.167
10802.35
10612.634
11241.217
10736.167
11048.217
11020.1
10921.95
10649.7
10908.95
10777.7
10792.884
10194.033
10896.95
10670.3
10678.483
10295.767
10636.684
11042.1
11248.017
10894.833
11140.483
11248.634
11033.75
11017.5
10958.35
9926.9
10378.483
10432.767
10513.083
9994.167
10631.55
10447.366
10522.017
10229.3
10204.816
10566.833
10698.083
10625.434
10717.017
10491.566
10213.75
10197.167
9582.616
9843.033
10581.017
10361.233
10491.75
10860.1
11200.417
11259.3
11470.884
11087.9
11208.283
11367.366
11288.616
10841.5
10628.417
10129.566
10306.417
9555.566
10220.616
10442.9
10103.15
10119.767
10927.75
10878.3
10356.417
10392.566
11181.95
11418.1
11097.417
10912.233
11044.15
11096.233
10819.15
10752.767
11022.55
10801.5
11079.95
11401.1
11084.15
11335.833
11614.95
10719.233
10999.816
10829.767
10412.684
10719.033
9997.816
10247.833
10322.017
11271.9
11163.684
10985.634
10980.684
10515.833
10803.083
10783.1
11128.283
10795.167
10556.616
9996.434
9818.75
9514.434
9136.55
9031.833
8419.817
8284.233
8272.95
8274.3
8769.55
9174.967
10138.017
10784.967
11898.884
12055.033
13104.95
12281.967
11725.75
12185.233
12049.75
11848.967
12613.884
12732.434
12951.417
12786.9
12674.816
12016.5
11585.75
11235.366
11446.75
11388.1
12665.884
12067.7
12693.75
12772.9
13080.417
13135.566
12771.017
13517.366
13708.283
14318.434
14167.083
14335.167
14605.884
14974.833
13882.95
14140.767
13520.15
13826.634
13818.017
14216.7
13673.083
13479.1
12999.35
12771.5
13036.083
12739.566
11808.35
12708.833
12557.083
13399.9
13535.616
13578.7
14487.35
14109.366
13747.884
14046.1
14046.017
13879.767
13873.55
14074.634
14496.95
14953.833
15007.083
14667.233
14791.483
16430.767
15200.083
15257.434
15479.217
14868.833
15474.55
15452.434
16037.483
15469.634
14901.684
15214.7
15439.884
15330.033
14808.75
14712.5
15818.483
16342.566
15916.95
15232.634
15580.75
15372.434
15284.083
14406.566
15308.816
15162.634
14790.15
14154.366
14768.083
15006.1
15006.283
14571.833
15607.616
15681.3
15417.483
15818.566
15973.55
16712.768
15971.884
15739.9
16325.35
15907.3
16227.017
15365.566
15649.95
16441.167
15966.217
16145.767
16196.017
15744.967
15956.95
16377.9
17058.283
16781.033
16750.217
16932.5
16756.15
17213.768
17660.75
17230.633
17131.949
16759.633
16774.15
16195.767
16669.55
16321.1
16645.55
15984.9
15557.017
15793.833
15696.417
15388.366
16011.816
15536.7
15640.55
15794.233
15708.15
15812.5
15659.217
16218.366
16681.95
17098.033
16215.816
16307.768
16357.684
15762.5
16631.551
16297.633000000002
16805.949
16817.9
17181.35
17160.232
17338.551
17591.9
17013.949
16574.434
18271.883
17610.633
17527.15
17786.834
18007.283
16793.232
17511.416
16752.768
17769.416
17487.1
16744.684
17299.033
17827.084
17522.768
17619.416
18632.434
18027.75
17452.301
17232.15
16991.301
16856.883
17431.434
18132.15
17993.566
18702.684
18833.166
19209.816
18722.633
18820.084
19203.232
18947.15
18936.232
18930.883
19035.5
19459.75
19107.566
19811.416
19580.166
19679.018
20122.834
19945.684
19944.699
19430.283
19587.367
19849.816
19429.1
19292.684
19117.1
19845.551
19520.301
20590.018
19785.232
19432.018
19958.434
20073.75
20791.834
20940.35
21034.566
20447.15
20645.166
20092.883
20251.166
20000.084
20392.633
20606.883
22476.9
20722.883
21672.166
22021.283
22224.434
21649.018
22996.768
22416.416
22742.699
23509.617
24220.166
23013.617
23579.232
23032.551
23336.434
25011.416
23418.633
23624.883
22742.9
22668.617
22823.834
23511.217
23355.166
23871.35
24652.834
24078.949
24853.434
25586.35
26256.699
26285.35
26434.5
27219.283
27927.301
27259.949
25901.033
26749.084
26947.1
26137.217
26697.834
27324.084
27363.1
27158.816
27677.232
28254.551
27566.1
29118.084
29790.301
29395.482
28829.768
29898.949
29753.834
29806.283
29525.566
29921.217
30033.834
29828.018
29879.768
29417.949
29739.232
30684.75
31453.033
31805.617
32159.232
33613.418
33910.965
33293.418
33942.699
34038.816
33755.434
33756.484
32790.832
33785.016
32950.766
32907.285
34526.168
35135.352
35421.965
35484.148
35675.168
36466.285
35586.965
35821.215
35251.234
35596.551
35813.035
35261.016
36016.367
36793.75
37129.699
37246.285
37447.633
37870.082
37912.434
37338.016
37655.434
37410.617
37554.633
36932.082
37566.102
37659.883
37835.035
38293.949
37722.301
37588.352
37802.699
37850.816
37976.699
38036.215
38306.168
38046.75
38215.633
38498.551
38275.234
37087.551
36525.434
34768.684
33376.898
32385.816
32050.5
31953.482
32502.9
32364.75
33796.434
35463.484
36008.699
36667.684
36822.566
37061.684
37999.301
38988.949
38627.434
39317.082
39342.766
38917.148
38111.832
37789.816
38075.633
38673.484
39032.699
39489.352
40165.699
41057.016
41648.699
41753.75
41863.367
41073.082
40917.367
40473.551
40762.898
40869.352
40806.301
40772.684
40051.832
39628.418
39393.633
38816.816
38888.633
39187.551
38983.898
40460.883
40780.5
41049.285
41742.965
41974.949
40999.633
41247.418
40827.168
40885.75
41191.434
41581.949
42078.766
43094.883
42972.699
43573.617
43062.5
43078.016
42559.035
41809.082
42003.234
41924.484
42125.965
41887.484
42155.566
42735.684
43045.434
42615.148
42691.367
43750.484
43218.367
43630.352
42899.102
43497.148
42944.168
42016.684
41435.234
41141.352
41041.234
41264.816
41586.699
42036.75
43264.168
42967.215
43825.766
43248.617
43281.234
43081.352
42568.633
42279.617
41747.234
41108.484
41266.168
41212.352
40997.699
41253.617
41159.367
40921.551
41033.965
40875.484
41008.168
41511.215
42020.035
41927.484
42426.035
43201.551
43460.832
43390.883
43743.102
43527.352
43447.898
42661.949
42149.234
41635.816
41999.699
42392.617
42070.234
42935.082
43261.965
43868.285
44101.367
44138.016
44108.434
44983.75
45351.367
45896.684
46045.898
45627.215
45467.367
45210.418
45186.102
44454.285
44236.633
44354.148
44340.434
44008.016
43947.5
42996.484
43532.898
43179.816
43614.035
43437.418
44409.965
44890.949
45571.434
45976.418
46306.766
45213.949
45362.898
44783.016
44864.898
45181.352
44827.633
44743.148
44401.301
44842.883
45223.699
45236.484
45371.035
45465.352
45951.633
46497.418
47286.434
46445.016
46341.965
45595.883
45624.898
44820.418
44757.566
44722.684
44412.699
45101.949
45250.766
43349.016
44608.102
44479.617
44183.965
44311.285
44076.102
43939.016
44207.898
44817.684
45159.367
45194.148
45106.434
45285.949
46039.234
46112.418
46412.965
46080.352
45524.168
44085.352
42485.766
41568.75
40061.301
38263.418
37772.367
38514.016
39519.434
42016.016
42735.434
42074.617
42109.434
42312.883
41754.434
42151.215
41588.699
41077.617
42078.168
43345.883
44349.367
44219.949
44650.832
44873.418
45408.766
46203.684
45726.832
45625.684
45647.434
44796.816
45296.699
45774.215
45844.766
45695.215
46538.367
47012.949
47009.234
47069.883
46316.832
46120.75
45818.633
46053.949
45716.699
44972.484
44742.566
44267.148
45334.035
46133.285
46883.102
46609.883
47292.434
48221.285
48579.566
47980.883
47523.633
47910.75
47278.699
47101.551
46458.633
47102.215
47716.633
47167.949
46813.168
46432.949
45376.234
44596.016
42996.5
41812.352
41357.168
41508.285
41884.898
42420.816
43707.367
44028.684
45352.633
45635.551
45744.566
46437.684
46637.633
47111.684
47332.434
47433.285
47940.898
48845.949
48121.367
47745.484
46908.566
46765.551
46604.832
46492.949
46470.633
46509.949
47256.168
48297.418
48311.766
48342.082
48369.434
48233.215
47959.965
47890.75
47934.898
46765.883
46160.699
45709.883
45047.5
44181.418
43685.301
44025.551
44333.766
44840.551
45281.035
45988.816
46103.367
45897.082
45713.035
45860.816
45527.035
45188.285
45280.5
45771.016
46317.035
46441.484
46552.633
47017.949
47616.5
47593.148
47638.832
47394.617
47185.035
46546.148
45687.234
45386.215
44415.766
43338.949
44713.566
44607.949
44905.699
45124.684
45747.102
45867.352
46281.301
45713.082
45810.5
46137.215
45620.965
45435.551
45282.965
45204.816
44864.168
44123.551
43632.434
43798.215
43863.832
43336.617
42695.367
43023.082
42875.633
42550.617
42595.766
42858.75
43156.766
43396.551
43855.102
44071.082
44538.832
44217.484
44105.035
44522.949
44439.234
43198.418
43958.633
43517.215
43554.301
43793.75
43143.633
43288.148
44163.234
44305.816
44754.566
44638.352
44749.035
44695.148
44317.566
44832.285
44332.234
43780.148
43667.301
44038.551
44479.367
44661.75
43895.965
44072.082
44010.102
43546.883
43858.234
43962.285
43872.434
43596.016
43803.168
43520.016
43704.832
43070.883
42791.168
42682.016
42665.766
42886.082
42499.102
43319.215
43565.367
44079.148
43456.699
43572.418
43713.965
43943.082
43778.898
43617.617
43721.832
43660.016
43484.898
43527.75
43536.035
43157.352
42727.5
43108.285
43213.898
43363.215
43351.5
43490.617
43551.234
43373.016
43808.035
43789.285
44124.168
43208.75
42804.035
42990.75
42416.699
42499.148
42292.766
42797.883
43354.035
43199.352
42996.5
43343.215
43278.766
43640.352
43459.965
43520.617
43862.965
43652.684
43631.766
43832.016
43912.566
43764.617
43638.699
42897.684
43156.168
42321.215
42554.898
42553.016
42496.434
42121.75
42318.832
42228.949
42176.898
42214.684
42580.234
42245.949
42859.5
42607.484
42549.234
41961.684
41602.301
41205.883
41336.699
40923.551
40941.102
40674.352
41279.699
41471.215
41539.434
41340.215
40982.898
42050.016
42284.301
42614.617
42687.965
43304.418
43420.5
42682.148
42548.699
42345.082
42303.633
41486.352
41628.301
41828.484
41837.965
42182.816
42153.434
42602.418
42520.234
42645.684
42407.5
42640.352
42329.168
42055.418
41460.5
42089.148
42222.102
41389.75
42260.766
41913.082
42234.102
42461.883
41950.102
42234.816
41786.434
40990.883
40500.832
40965.617
40793.168
40443.418
40928.102
40953.949
41993.898
41691.215
42392.633
42563.418
42233.633
42171.617
42576.367
42919.016
42365.5
41836.883
41597.102
41574.75
41044.965
40850.016
40776.566
41365.285
41463.301
41418.418
41342.965
41965.75
42049.168
41574.949
41431.832
41367.016
40965.699
40305.949
39773.102
39850.484
39812.102
39396.816
39736.566
40096.016
40705.965
40976.016
41090.898
41391.949
41641.566
42026.418
41960.633
42082.617
41923.5
41711.816
42214.102
41638.082
42084.367
41719.617
41363.367
41892.617
41789.434
41984.484
41588.766
41393.551
41375.234
41259.551
40753.566
40889.551
40629.367
40417.418
40705.566
40392.684
40213.234
40201.285
40052.5
40831.617
41128.367
40251.949
40449.699
41059.148
40921.168
40853.617
41290.633
40788.75
40481.234
40336.418
39538.965
40037.148
39207.633
39370.949
39297.434
39201.484
39827.434
39551.016
39857.898
39791.484
39739.367
40057.617
40026.367
40353.75
40251.699
39738.684
39808.367
40017.816
40192.035
39339.484
39668.832
39824.082
39861.035
39286.551
39752.832
40402.148
39987.367
39745.949
40571.234
40593.816
40504.367
40183.617
39767.301
40299.684
39852.832
40019.285
39992.301
39738.617
39926.168
39796.352
39522.766
39853.617
39650.832
38917.285
39102.699
39435.484
39203.633
38565.082
38563.566
38264.215
38143.898
37935.551
37530.035
38092.684
38166.766
37733.016
38735.965
38633.949
38949.434
38863.551
38557.633
39054.75
38841.234
38550.352
38048.102
38492.684
38654.434
37889.418
37093.035
36350.418
35610.301
35060.484
34373.102
33999.816
33385.5
32954.217000000004
34100.633
34760.082
34839.367
35357.883
36098.035
37199.816
36944.434
37402.617
37199.832
37148.418
37340.102
36929.352
36736.102
36892.816
36865.102
36470.148
36632.898
36689.082
36946.035
36690.617
36382.168
36839.551
36551.434
36578.883
36405.035
36851.016
36755.566
36427.082
37045.699
36875.816
36651.832
36249.215
35999.102
36030.75
35922.102
35873.484
36004.766
35827.215
36142.168
36250.285
36034.168
36244.285
36722.633
36424.684
36116.434
36459.617
36617.102
36449.418
36550.301
36468.484
36031.898
35887.617
35795.566
36000.816
35865.832
35083.418
35488.633
35304.949
35605.965
35437.484
35306.035
35356.082
35512.367
35819.617
35354.035
35549.949
35832.102
35204.418
35507.766
35507.352
35434.5
34854.418
34934.898
34857.215
34903.234
34944.883
34862.434
34780.352
34797.367
34204.148
34491.898
34241.484
34561.898
34073.949
34438.102
35056.484
34708.234
35118.75
35116.301
34981.949
35389.367
35164.215
35253.301
35229.949
35148.965
35377.082
35162.035
35303.016
35005.5
35303.816
35063.566
35427.75
34834.102
34925.551
34697.699
34904.816
35062.766
34598.148
34479.633
34501.484
34549.234
34519.684
34589.633
34696.684
34823.301
34731.75
34594.234
34589.617
34243.234
33818.816
33726.699
33890.285
33419.301
33081.883
33237.5
33625.418
33619.234
33108.148
33117.434
33510.082
33307.5
33007.285
32689.768
32996.883
32816.032999999996
32392.15
31967.768
32296.217
32368.1
32358.617
32628.166
32487.15
32495.033
31933.617
32150.5
31769.617
31637.033
30880.482
30740.768
30768.217
30316.5
30326.551
29598.033
29969.15
29649.566
29051.482
28336.434
28206.35
28252.9
28073.35
27527.834
27768.816
27676.232
27982.15
28062.1
28647.35
29091.232
29854.75
30608.834
30762.15
30935.768
30901.684
31153.166
30982.018
30573.166
30696.816
30444.9
30720.018
30506.633
30835.75
30886.434
31189.684
31161.699
31347.35
31285.967
31719.15
31573.566
31301.35
31562.1
31922.084
31644.566
31343.217
31139.367
31471.283
31346.232
31123.018
31093.301
31141.883
31167.834
31518.482
30804.301
31324.084
31252.5
31337.816
31223.9
31418.416
31174.566
30826.883
30777.367
30933.551
31090.834
30387.084
30295.566
30514.416
30264.699
30181.75
30404.633
30507.283
30208.633
30047.617
29814.834
29747.217
29788.1
29883.617
29885.166
29825.018
29753.633
29759.217
29691.434
29528.883
29529.301
29316.084
28784.367
29180.75
28724.434
28841.617
28831.1
28994.416
28732.9
28846.551
28843.301
28878.949
29222.367
28989.15
29328.033
29125.35
29381.768
29175.684
28663.633
28806.684
28635.033
28479.883
28671.967
28519.35
28553.232
28557.617
28457.834
28864.283
29404.232
28888.617
29464.166
29556.15
29323.434
29491.883
29172.166
29379.416
29526.967
29690.75
29857.768
29949.416
30381.367
30185.551
30607.699
30914.084
31220.768
30654.684
30556.834
30838.416
31398.033
31197.15
31718.434
31863.416
32309.834
32059.883
32153.566
32062.018
31788.768
31000.617
29971.434
29444.75
29111.033
28803.816
28519.5
28290.217
28344.232
28184.617
28074.033
28263.949
28205.9
28234.883
28162.232
28505.283
28296.834
28105.217
27796.5
27792.35
27993.768
27570.816
27888.699
27713.15
27965.633
27953.551
28034.967
28130.816
28358.232
27949.15
28077.1
28422.482
28239.166
27658.883
27975.5
28355.883
28203.566
27827.883
28121.834
28342.684
27780.834
28159.816
27454.1
27838.482
27475.033
27263.217
27374.1
27213.084
27372.301
27049.949
26599.367
27266.684
27342.967
27030.283
27001.166
27167.283
26994.5
27302.482
26753.367
26978.416
27042.232
27188.75
27170.232
27287.949
27039.367
27131.684
27281.232
27540.617
27086.033
26640.883
26699.9
26949.283
27081.967
26810.949
26944.699
26837.75
27050.434
26764.816
26762.301
26809.084
26748.633
26341.75
26089.699
26714.949
26479.232
26041.949
25985.699
26393.084
26016.232
26011.883
26094.033
26400.35
26039.301
25084.018
25868.166
26271.416
25901.033
25851.217
25471.166
25754.617
25796.033
26111.617
26039.166
25903.018
25604.566
25634.949
25673.768
25068.15
24907.566
24346.084
24646.367
24143.482
24630.633
24167.35
24204.834
25539.482
25256.232
25243.482
25875.834
25716.816
25797.166
25346.018
25124.166
24938.018
24970.768
24679.949
24780.699
24870.283
24859.1
24467.283
24726.166
25387.949
24904.1
24377.482
24674.633
24984.35
25016.699
24699.084
24825.5
24962.084
24624.768
24279.35
23951.566
24301.416
23901.768
23807.15
23373.232
23385.283
23448.5
22812.15
22339.834
22160.684
20792.232
20024.684
19224.768
19356.551
19382.232
19443.018
19715.633
20484.551
21395.434
21859.084
21900.967
22133.482
22808.9
23239.949
23147.9
22819.283
23279.633
23185.35
23275.967
23327.15
22908.9
22553.416
22433.566
22878.217
22741.033
22324.617
22990.1
22929.15
23115.967
23188.883
23107.301
23209.883
23168.967
22920.217
23025.967
23085.482
23323.566
22865.684
22882.834
23259.15
23367.033
23274.617
23286.434
23459.482
23421.834
23295.217
22782.1
23242.75
23188.967
22864.35
22658.1
22895.482
23046.566
22908.816
22451.566
22649.617
23012.367
22349.018
23034.967
23210.018
23128.768
23516.35
23259.166
23345.816
23310.166
23104.551
23206.967
23167.883
23118.5
22769.617
22848.367
22874.084
22919.1
22818.551
22941.5
23120.416
23117.768
22797.75
22580.566
22894.217
22779.768
22975.482
22567.232
23051.217
22849.1
23027.416
23026.367
23146.35
23056.967
22633.35
22335.434
22887.949
22728.232
22924.416
22510.699
22444.684
22544.166
22412.684
22769.834
22518.949
22481.166
21929.416
21986.768
22030.084
22321.434
21482.551
21700.033
21962.084
21946.232
21723.684
21603.768
21992.35
21940.699
21695.816
21847.967
21889.75
22139.768
21401.482
21606.834
22063.551
22106.1
21749.684
21673.1
21758.551
21962.5
21556.883
21574.232
21712.283
21636.9
21067.75
21390.301
21380.883
21191.166
21160.416
21300.9
20978.35
21734.166
21107.551
20986.633
21062.35
21128.434
21007.018
20430.5
20963.283
20988.232
20704.617
20473.633
20880.084
20808.834
20645.15
20143.5
20756.35
20676.033
20600.018
20649.633
20284.35
20522.699
20397.816
19949.434
20223.084
20070.768
20069.949
19592.1
20003.217
19883.5
19279.75
18947.367
19671.75
19526.033
19313.551
19183.699
19483.283
19314.434
18965.75
18895.232
19566.283
19259.9
19089.217
18939.768
19436.35
18999.768
18823.018
18709.633
19348.084
19096.633
18848.551
18830.967
19005.416
18655.367
18327.018
17976.166
18466.084
18598.633
18501.551
18766.633
18905.018
18792.232
18174.482
18773.232
18583.949
18472.768
18464.75
18399.967
18276.482
18468.566
17949.416
17941.967
17319.617
16584.3
15878.083
15175.833
14745.483
14636.233
14607.217
14551.233
15472.616
15960.634
16150.816
16619.7
16856.15
16942.5
17040.35
16959.232
17078.949
16569.699
16534.217
15829.565999999999
16862.416
16829.1
16565.482
16511.699
16906.217
17148.166
17290.416
16989.566
17398.283
17598.566
17233.35
17318.166
17696.684
17702.699
17659.949
17838.633
17903.75
17908.033
17663.35
17301.768
18202.217
17932.566
17959.018
17558.834
18232.551
18379.633
18102.816
18299.699
18317.018
17879.1
18058.816
17735.033
18267.684
18168.232
18055.018
17970.566
18008.816
18216.367
17793.084
18351.301
18322.018
18348.768
18311.35
17921.367
18630.684
18559.9
18157.551
18305.566
18980.883
18716.633
18460.084
18943.834
19167.35
18774.566
18542.15
18686.232
18306.75
18526.768
18007.15
18178.033
18474.816
18360.232
18402.35
18841.434
18469.217
18616.633
18005.217
17877.166
18793.617
18599.1
18416.283
18542.834
18361.15
18474.367
18570.816
18252.301
18299.482
18280.9
18236.75
18178.434
18362.482
18013.699
18110.35
17976.033
18366.816
18085.367
18206.684
18172.5
18544.283
18184.834
18230.551
18126.967
18377.684
18622.5
18601.617
18473.9
18386.816
18274.367
18146.35
18412.301
18569.15
18655.566
18654.416
18259.633
18920.217
18751.768
18694.482
18234.1
18777.217
18645.434
18446.816
18341.033
18410.617
18547.834
18718.816
18581.699
18673.283
18374.834
18472.684
18680.633
18382.75
18490.834
18372.949
18218.166
18345.75
18497.834
18204.283
18136.5
18268.883
18525.834
17570.816
18307.633
18328.283
18273.566
17589.15
17987.434
18265.35
18396.566
18203.617
18289.367
18215.949
18333.699
18072.283
17973.033
18364.684
18091.301
18160.416
17823.633
18032.018
18116.566
17785.15
17721.768
17998.75
17629.967
17621.217
17432.834
17755.35
17633.566
17325.217
17629.566
17595.617
17381.967
17485.283
17647.367
17472.551
17447.834
17206.35
17205.834
17507.482
17217.633
17341.75
16981.1
17070.816
17136.566
17001.75
17090.434
16909.15
16846.768
16765.283
16751.9
17014.35
16953.5
16890.75
16005.566
16276.616
16205.833
16048.15
15492.9
15425.95
15488.7
15120.95
14517.9
15074.95
14893.566
14085.616
14486.566
14389.217
14014.5
14161.283
13625.3
13756.95
13608.3
13298.55
13481.5
13702.884
13545.167
13739.616
12527.566
13295.15
13366.967
12898.616
13213.7
13434.816
13527.9
13244.417
13623.5
13830.017
13847.634
14064.884
14441.434
14400.55
14249.7
14315.55
14129.366
14077.75
14275.634
14241.684
13698.033
14145.75
14008.967
13663.55
13092.233
13483.95
13249.566
12972.616
12893.967
12729.35
12815.566
12632.217
12506.566
12931.017
12885.967
12752.017
12774.167
12906.417
12740.9
12620.083
12516.434
12949.017
12768.434
12424.35
12872.767
13242.15
13033.3
12729.283
12888.9
12824.684
12896.9
12839.816
12719.833
12797.616
12538.833
12002.017
12542.3
12401.15
12579.434
12661.616
12189.5
12681.55
12564.434
11814.884
12149.7
12355.483
12217.033
12266.884
12541.566
12640.616
12599.3
12779.816
12733.7
12811.616
12663.5
12618.816
12344.033
12573.017
12678.1
12350.283
12418.434
12621.616
12607.634
12322.017
12788.7
12813.95
12975.5
12496.15
12743.9
12868.017
12805.167
12997.75
12324.233
12832.95
12709.233
12883.95
12505.3
13175.35
12897.7
13026.35
12654.366
13183.684
13136.3
12795.017
12604.566
12828.95
12568.167
12503.816
12741.566
12654.75
12534.566
12190.483
12173.167
12436.95
12593.833
12435.15
12614.566
12545.884
12397.767
12182.283
12374.767
12489.15
12374.9
12636.684
12059.1
12352.217
12619.434
12565.083
12289.767
12314.283
11868.9
11600.616
12055.167
11910.884
12009.3
11220.017
11770.566
12053.95
11914.233
11614.95
11967.7
12183.55
11799.9
11894.083
11764.033
11991.816
11651.7
11407.95
11367.3
11682.75
11664.7
11212.15
11517.9
11482.017
11628.9
11433.816
11525.566
11580.15
11449.566
11249.884
11470.767
11610.217
11548.833
11367.017
11756.5
11450.017
11537.833
11459.75
11288.233
11433.35
11436.167
11226.684
11144.566
11190.483
11285.7
10979.884
10853.7
11333.75
11339.5
11022.35
11129.7
11334.816
11335.5
10910.35
10972.434
11207.483
10970.033
10761.35
11196.167
11136.75
10917.833
11135.35
10929.233
10974.684
10930.5
10638.884
10275.5
10984.616
10624.1
10842.816
10694.167
10783.417
10608.634
10552.417
10366.1
10705.483
10602.1
10493.55
10253.1
10496.55
10538.9
10365.017
10316.434
10571.083
10583.9
10050.95
10243.833
10516.217
10443.3
9792.684
9946.967
10368.35
10351.233
10227.483
9887.1
10421.283
10325.167
10251.616
9999.167
10169.75
10004.434
9858.35
10028.3
10161.816
9976.967
9783.217
9873.1
10302.15
10284.167
10048.55
9807.3
9897.35
10035.5
9829.55
9660.566
9995.55
9918.833
9877.283
9563.033
9733.483
9859.167
9816.283
9635.833
9833.483
9641.634
10052.816
9337.233
9806.483
9702.634
9483.616
9075.7
9783.95
9746.167
9776.017
9443.767
9530.55
9385.9
9491.35
9642.1
9904.283
9101.434
9396.017
9206.767
9441.884
8888.167
8459.017
7841.233
7603.283
6808.9
6004.283
5408.633
4803.883
4063.167
3693.35
3012.1
3329.75
3229.633
2967.75
3179.7
4069.617
4260.433
4249.217
5221.367
5745.95
6045.967
6327.283
5700.367
6438.35
6076.367
5913.883
5596.167
5373.75
5443.367
5124.617
4899.767
5293.35
5374.767
5317.55
5115.167
5853.817
5642.1
5666.083
6287.1
6336.95
6555.367
6256.95
6731.9
6902.15
6851.167
6875.95
7117.1
7385.95
7433.9
6957.817
7211.167
7743.15
7769.567
7362.55
7835.833
8101.75
8231.3
8162.017
8159.033
8629.883
8588.366
7998.549999999999
8125.700000000001
8800.75
8885.1
8701.616
8443.434
8951.483
8785.5
8580.684
8587.566
9061.616
8842.033
7976.616
8830.634
9004.616
9070.1
8759.816
8552.767
9026.483
8977.7
8759.95
8661.434
8817.35
8920.967
8510.616
8359.967
9257.816
8867.5
8662.35
8678.9
9003.483
8902.3
8765.884
8726.9
8944.217
8901.1
8735.417
8700.434
8994.55
8981.1
8825.616
8730.5
9062.083
8960.634
8404.417
8617.5
8934.217
8851.1
8501.283
8433.3
8787.483
8687.634
8716.15
8499.366
8746.616
8879.1
8571.417
8133.1669999999995
8906.95
8804.366
8785.616
8594.767
9103.816
8838.967
8648.083
8431.033
8914.35
8704.566
8259.35
8125.967000000001
8752.417
8707.1
8675.417
8079.1
8776.017
8674.366
8538.684
8595.167
8793.35
8741.566
8550.417
8492.3
8993.15
8807.434
7937.483
8321.3
8886.684
8658.7
8617.55
8484.033
8874.816
8768.434
8298.083
8139.566000000001
8698.217
8550.033
8515.884
8355.1
8710.616
8689.167
8532.15
8084.032999999999
8751.55
8683.1
8330.75
8024.9
8614.483
8744.1
8418.017
8363.233
8689.75
8322.633
8295.017
8408.367
8418.75
8317.367
8195.683
8015.5
8561.95
8448.3
8040.883
8008.9
8442.817
8579.367
7878.283
7976.9
8434.082999999999
8363.567
8408.683
8177.767
8373.283
8289.633
8252.683
7929.433
8558.35
8316.367
8030.883
8022.833
8361.617
8285.233
8086.683
7636.1
8280.082999999999
8206.033
8096.95
7562.367
8332.217
8155.633
7672.15
8064.367
8146.75
8088.167
7646.617
7773.9
7920.217
8043.433
7798.483
7766.767
8044.617
7816.1
7788.283
7594.167
7902.483
7909.433
7447.017
7395.7
7873.017
7835.167
7555.55
7524.967
7542.883
7754.567
7286.417
7479.3
7519.35
7546.633
7366.75
7170.167
7731.683
7594.1
7190.35
6885.5
7434.283
7605.167
7395.417
7124.233
7447.083
7406.833
6722.083
7137.7
7559.417
7202.167
7053.15
7134.167
7342.817
7380.9
6990.883
6862.167
7255.617
7366.767
7189.417
7115.7
7414.017
7202.233
6906.217
6675.833
7288.283
7104.1
7324.883
6832.833
7296.95
7275.567
6741.75
6812.767
7297.483
7109.767
6902.817
6990.1
7256.55
7182.167
6766.483
6723.5
7318.683
7041.967
6912.35
6948.433
7186.417
7036.233
6620.283
6490.633
6874.617
6815.433
6309.683
6461.1
6933.817
6771.433
6933.883
6613.7
6953.817
6803.9
7020.15
6634.9
6853.483
6768.9
6425.283
6425.433
6859.75
6733.233
6256.817
5761.7
6698.683
6717.833
6272.283
6486.767
6715.95
6516.3
6354.483
6299.567
6655.15
6492.7
6277.883
5956.7
6526.35
6583.767
5862.883
6040.1
6567.483
6369.9
6106.883
5900.367
6497.283
6474.567
6363.55
5977.7
6550.883
6474.9
6413.75
6283.9
6475.483
6331.967
5126.017
5609.167
6365.483
6448.767
6056.283
5814.633
6314.35
6438.3
5797.35
5794.3
6243.683
6197.967
5731.95
5737.967
6250.15
6194.167
5561.817
5566.967
6107.883
6041.167
5802.217
5794.233
6044.75
5940.567
5542.417
5914.033
6014.617
6046.233
5493.15
5765.967
6126.417
5913.7
5441.55
5361.967
5962.15
5956.633
5798.683
5232.1
6011.217
5894.767
5254.817
5352.033
