274.45
82.133
-144.21699999999998
155.4
460.983
139.4
214.71699999999998
242.067
235.983
260.067
118.917
-164.667
208.85
210.13299999999998
25.583
-19.933000000000007
348.783
5.066999999999993
68.783
360.533
428.517
191.733
467.91700000000003
154.46699999999998
283.383
208.067
233.71699999999998
-118.267
201.71699999999998
206.86700000000002
331.183
30.200000000000003
286.117
202.933
244.183
28.733000000000004
556.25
483.933
102.917
-51.2
250.65
140.333
3.049999999999997
190.2
208.183
243.4
154.25
230.733
225.517
249.6
-35.483000000000004
45.599999999999994
620.917
289.2
-18.016999999999996
-253.733
441.85
445.733
38.917
36.266999999999996
389.517
442.4
395.983
243.86700000000002
423.65
383.8
163.71699999999998
328.0
401.717
402.533
324.383
-137.067
455.783
286.467
34.650000000000006
88.2
384.117
194.6
147.583
79.8
301.317
504.533
206.65
73.533
235.11700000000002
360.933
27.650000000000006
20.599999999999994
244.78300000000002
207.667
499.517
-0.20000000000000284
187.25
221.267
350.91700000000003
-46.8
199.983
268.8
200.38299999999998
103.933
424.783
364.6
-219.483
36.132999999999996
406.25
315.6
228.583
215.0
466.983
285.067
0.31699999999999307
274.66700000000003
106.383
331.33299999999997
256.65
284.4
409.383
294.733
557.717
-227.6
333.05
376.133
113.05
372.0
392.117
460.0
258.717
111.2
353.517
251.2
-53.016999999999996
116.067
341.05
316.267
138.65
11.466999999999999
416.317
454.66700000000003
63.583
-232.933
351.717
323.267
97.517
151.4
293.05
418.533
336.58299999999997
38.733000000000004
296.983
332.133
-274.75
-131.2
309.717
212.067
176.317
-9.733000000000004
336.45
268.0
54.783
225.333
409.91700000000003
302.33299999999997
256.58299999999997
-106.333
462.517
410.2
437.783
156.53300000000002
491.58299999999997
284.867
168.11700000000002
342.33299999999997
407.58299999999997
80.2
374.517
-159.067
143.25
235.067
5.582999999999998
363.533
597.717
428.933
168.583
-65.8
497.45
149.4
461.383
21.599999999999994
405.117
363.6
323.45
390.733
532.25
363.0
428.717
316.133
338.85
240.6
386.65
-348.6
397.58299999999997
365.267
176.78300000000002
157.933
143.85
330.267
477.45
179.0
250.65
310.33299999999997
127.583
-196.2
270.117
398.4
469.91700000000003
192.933
389.117
317.0
50.783
-306.267
447.45
247.733
-50.617000000000004
29.0
264.717
197.13299999999998
-1006.617
-92.4
126.317
281.133
250.78300000000002
-58.266999999999996
576.783
419.133
266.783
73.933
268.45
229.8
-109.217
432.867
529.383
288.267
-189.15
45.0
313.25
327.2
-109.617
359.33299999999997
387.05
264.933
386.45
348.4
328.517
414.267
243.917
184.86700000000002
376.717
256.533
419.717
30.200000000000003
401.383
435.067
341.983
-73.4
232.917
326.66700000000003
94.65
-271.733
373.517
351.0
261.183
-111.8
351.45
336.933
219.85
83.4
372.91700000000003
362.33299999999997
-145.35
209.13299999999998
343.117
75.733
-140.28300000000002
167.267
265.65
213.933
320.183
171.46699999999998
275.317
524.4
105.317
181.86700000000002
387.85
539.0
392.383
170.2
228.71699999999998
281.4
95.983
504.067
360.45
223.6
-155.55
112.2
228.583
294.933
276.25
-0.46699999999999875
548.45
562.533
39.583
294.533
377.58299999999997
353.8
241.183
110.333
359.85
398.933
85.517
139.46699999999998
311.783
346.33299999999997
194.25
309.4
485.783
453.933
415.117
114.733
587.517
200.933
416.183
-114.13300000000001
394.91700000000003
204.2
-58.483000000000004
314.6
362.783
224.133
574.583
417.13300000000004
417.11699999999996
298.933
671.517
123.93299999999999
413.05
324.6
2.717000000000013
312.66700000000003
667.117
457.733
578.25
-3.9329999999999927
478.183
404.067
437.983
244.333
396.11699999999996
576.4
-3.6829999999999927
282.933
655.85
383.86699999999996
190.983
227.733
400.783
404.067
555.983
224.467
695.983
592.533
745.25
493.067
757.783
565.6669999999999
282.983
405.8
460.917
676.4
861.717
272.067
781.717
662.267
607.9169999999999
749.867
677.65
576.467
418.183
719.733
568.9169999999999
832.2
188.78300000000002
358.867
637.183
623.6669999999999
633.517
477.733
961.45
636.6669999999999
795.317
621.933
769.183
730.4
758.85
396.667
1090.05
540.733
644.117
578.133
927.183
613.6
778.783
677.6
684.45
966.6
880.317
769.467
717.65
975.867
730.45
534.4
1029.717
826.667
714.583
662.8
657.65
761.533
880.25
760.667
965.917
867.667
658.45
619.133
775.517
905.733
779.383
670.667
1008.983
579.333
837.183
571.933
785.917
677.067
845.383
943.6
831.517
576.4
869.85
1058.6
535.65
968.533
811.117
863.467
873.85
857.133
710.917
1073.533
1254.117
774.4
792.383
1389.867
1002.317
1229.667
602.783
806.133
1272.383
1123.333
1258.917
1347.133
871.517
846.8
980.183
949.933
1480.25
1303.067
780.317
1255.667
1134.383
1354.4
1385.183
1209.533
1127.85
1465.333
740.117
1025.533
1146.117
1323.333
1648.45
1608.133
1542.45
1482.8
1294.917
1394.0
1422.717
1325.867
948.05
1152.267
1504.183
1317.6
1575.583
1135.133
1639.05
1533.2
1643.317
1466.0
1617.117
1534.467
1128.183
1591.733
1450.517
1369.667
1298.45
1435.2
1409.717
1522.0
1433.983
1207.8
1531.783
1315.133
1305.05
1184.2
1640.85
1547.333
1474.45
1564.667
1666.317
1425.4
1383.65
1292.8
1542.25
1571.933
1444.517
1209.267
1674.517
1415.733
1473.317
1461.667
1617.317
1487.667
988.45
1441.867
1513.45
1590.8
1622.983
1789.333
1925.05
1737.4
1753.517
1741.8
1873.183
1936.467
1784.583
1874.867
1863.517
1880.933
2060.383
1895.067
2268.583
1741.933
1318.45
1581.267
1780.717
2074.867
1788.05
1897.533
2256.383
2074.733
1987.383
1913.8
2147.45
2204.6
2223.383
1958.2
2322.25
2001.267
1882.25
1764.667
1789.517
1703.133
2012.383
1382.4
1767.317
1914.4
2145.917
1827.933
2128.917
2034.533
2225.383
2037.133
2109.25
2177.4
2166.25
2068.2
2388.583
1955.533
2493.983
2243.467
2266.65
2187.933
2077.717
2270.733
2500.583
1899.733
1984.917
2312.533
2561.45
2277.333
2358.05
2100.067
2187.317
2061.333
2143.183
2290.467
2250.983
2595.0
2838.783
2144.733
2724.717
2722.133
2584.917
2483.8
2530.917
2408.267
2354.517
2664.333
2610.45
2409.333
2188.25
2307.2
2235.117
2213.933
2542.783
2428.2
2588.85
2836.267
2640.917
2799.733
3006.517
2748.467
3068.117
2912.533
3254.183
3009.667
2848.65
3084.733
3077.65
2990.267
2784.983
2947.267
2758.117
2837.133
2715.183
2874.933
2836.383
2631.067
2290.45
2540.067
2481.783
2505.733
2332.783
2273.333
2539.317
2281.933
2203.85
1914.7330000000002
2514.25
2083.267
2420.183
2443.333
2663.45
3164.867
2977.583
3276.867
3139.983
3320.133
3446.583
3070.6
3231.85
3176.933
2877.85
2784.6
3079.783
2943.333
3193.117
2750.733
3023.65
3065.933
3062.05
3229.933
3209.983
3265.933
3433.583
3406.267
3422.85
3406.4
3338.583
3040.0
3388.317
3441.667
3307.25
3549.4
3626.383
3494.4
3365.783
3064.4
3590.917
3487.8
3805.85
4109.2
4210.65
4582.867
4599.45
4431.267
4382.383
4305.067
4395.717
3999.5330000000004
4566.05
4237.067
4388.05
4315.667
4538.5830000000005
4050.733
4194.05
4342.4
4161.05
4205.6669999999995
4002.983
3738.8
4356.517
4466.8
4310.117
4530.733
4721.25
4704.733
4587.917
4340.267
4675.583
4606.4
4066.517
4260.267
4230.983
4475.867
4371.183
4610.333
4823.117
4544.6
4388.117
3851.733
4110.65
4214.8
4259.65
3979.4
4423.45
4082.2
4090.25
3862.067
3766.317
3734.467
3643.25
3712.8
3753.25
3888.933
3641.183
3796.867
3536.517
3731.733
3850.583
4019.867
4306.983
4468.267
4615.517
4774.667
4552.65
4637.333
4183.717
4725.0
4523.05
4566.6
5095.383
4807.2
5504.583
5548.533
5480.517
5719.6
6300.45
5787.533
5908.85
5365.533
5515.117
5410.133
4979.85
4716.733
4768.05
4618.6
4406.05
4536.0
5057.317
4691.267
4992.783
5044.267
5546.983
5512.467
5647.517
5375.133
5194.117
5064.867
4652.85
4481.2
4557.9169999999995
4142.867
3981.317
3819.667
3874.783
3799.2
3222.25
3558.867
3551.917
3204.733
2878.383
3662.133
3743.783
3867.333
4202.45
3966.6670000000004
4795.25
5064.8
5141.183
4983.0
5091.383
4828.133
4452.917
4605.267
4511.25
4719.067
4698.583
4544.667
5117.183
4758.6
4950.117
4840.667
5011.65
4952.6
4869.917
4323.8
4899.717
4791.333
4924.25
4852.4
4757.117
4796.067
4864.983
4877.733
5596.317
5657.867
5646.65
5933.333
6129.05
6188.867
6142.117
5985.733
6316.183
6073.733
6513.45
6111.067
6578.117
7017.133
6334.917
6577.8
6636.783
6416.133
6366.517
5615.067
5465.85
4870.533
4578.65
3608.467
3426.517
2878.667
2663.517
2686.133
3247.783
3543.667
3913.25
4476.867
4887.583
5161.8
5467.05
5933.133
6242.383
6704.8
6569.983
6563.733
6681.85
6129.467
5973.183
5633.533
5227.65
4401.333
4059.85
3703.533
3692.517
4090.133
4277.782999999999
4874.733
5821.917
6164.933
6401.25
7315.533
7569.317
7751.4
8185.05
7881.2
8621.184
8658.533
9057.384
8817.267
8744.316
9190.667
8944.65
8990.0
9149.517
8977.934
9260.384
9047.533
9710.517
9561.533
9621.65
9452.934
9949.85
9777.267
9647.583
9754.667
10271.316
10040.066
9972.85
9756.4
9917.917
9440.2
9503.184
9678.733
9766.45
10207.6
9965.917
10071.733
10133.517
9781.866
9499.05
9261.333
9491.184
9744.333
9919.184
9851.0
9858.384
9845.134
9763.517
9656.4
9532.05
9529.533
9353.917
9447.4
9898.583
9655.267
9900.583
9574.6
9688.783
9932.0
9699.983
10129.066
10308.917
10286.0
10413.85
10522.267
10654.783
11000.467
11229.917
11039.934
10944.517
10909.866
10175.45
9628.333
9751.116
9707.066
9615.45
9504.8
9893.316
10105.267
10295.983
10957.667
10869.05
11533.733
11490.316
11515.667
11488.25
11957.066
11278.517
11412.134
11841.184
11386.667
11399.116
11618.533
11527.517
11334.8
11990.85
11503.8
11838.983
11774.333
11646.917
11375.733
11647.917
11478.733
11510.583
10892.467
11601.25
11411.4
11432.184
10999.467
11380.717
11775.467
11974.783
11632.8
11899.65
12008.667
11777.583
11779.4
11700.25
10625.8
11087.45
11123.066
11165.517
10700.4
11360.45
11177.333
11226.917
10929.066
10916.384
11291.066
11427.116
11346.333
11415.65
11197.2
10910.583
10913.333
10269.583
10550.667
11301.25
11108.2
11219.983
11638.333
11964.65
12014.0
12214.05
11868.134
11953.384
12104.866
12024.783
11558.0
11338.717
10841.066
11003.65
10221.134
10908.05
11154.333
10826.717
10840.8
11686.384
11637.467
11085.184
11126.467
11992.983
12178.667
11841.717
11690.733
11795.25
11867.0
11559.917
11484.866
11759.384
11547.333
11844.116
12142.8
11850.65
12128.6
12406.917
11451.733
11739.517
11567.667
11179.983
11439.0
10684.717
10976.866
11050.85
12085.533
11943.85
11757.934
11764.25
11279.134
11528.184
11532.667
11854.184
11508.533
11297.85
10717.866
10504.583
10162.866
9764.783
9671.467
8969.85
8827.4
8865.184
8825.467
9405.85
9816.066
10832.85
11510.467
12727.517
12900.4
13991.583
13135.733
12542.717
13030.134
12854.384
12639.066
13459.583
13613.533
13839.917
13679.467
13522.717
12907.934
12371.65
12044.4
12231.583
12185.733
13530.917
12970.4
13599.25
13703.0
13997.45
14071.066
13686.917
14429.8
14652.983
15322.2
15187.316
15326.733
15649.184
15995.934
14862.517
15118.0
14388.583
14801.533
14775.717
15241.066
14602.05
14338.533
13930.983
13678.533
13925.116
13612.134
12665.783
13599.533
13418.25
14338.667
14484.184
14541.934
15504.25
15103.733
14681.717
15039.066
15055.983
14808.333
14807.116
15074.066
15491.65
15971.134
16025.917
15685.8
15829.25
17587.133
16185.517
16294.0
16536.316
15945.733
16542.783
16510.533
17154.383
16523.066
15945.25
16275.8
16527.25
16386.934
15857.917
15788.134
16917.383
17389.867
17002.184
16310.2
16695.717
16428.134
16328.717
15450.267
16377.717
16222.467
15855.05
15127.066
15783.116
16068.134
16041.316
15588.0
16726.783
16718.6
16530.65
16906.066
17070.584
17893.666
17070.25
16831.199
17454.316
17005.066
17362.584
16417.334
16769.116
17532.066
17132.25
17227.199
17299.916
16797.732
17021.65
17544.732
18231.982
17946.066
17903.316
18147.934
17892.65
18400.199
18875.783
18411.133
18342.916
17898.066
17897.65
17328.934
17837.117
17415.0
17780.25
17111.732
16608.583
16884.533
16796.717
16468.4
17047.583
16591.801
16771.184
16902.6
16795.85
16933.0
16786.85
17331.133
17819.85
18255.867
17313.316
17438.133
17488.916
16882.334
17803.184
17406.6
17968.783
17932.4
18345.518
18375.199
18506.117
18821.066
18195.25
17731.533
19495.117
18839.467
18713.051
19021.867
19228.717
17957.268
18708.982
17894.199
18959.916
18670.334
17864.916
18534.533
19039.051
18725.732
18845.25
19907.066
19254.184
18606.6
18372.316
18148.0
18013.316
18645.867
19382.783
19243.732
19962.25
20138.4
20551.184
20015.0
20052.916
20494.199
20231.449
20250.6
20219.584
20352.467
20803.982
20415.268
21112.584
20904.467
21037.383
21486.867
21333.584
21305.4
20802.184
20906.066
21230.584
20765.867
20648.85
20416.467
21183.449
20824.867
21947.65
21134.867
20739.051
21287.666
21415.85
22206.0
22316.85
22442.533
21843.051
22024.0
21451.449
21647.133
21409.916
21892.467
21997.916
23998.533
22120.449
23144.0
23483.25
23708.6
23187.518
24539.334
23935.449
24269.0
25112.383
25874.934
24582.051
25114.6
24605.85
24862.867
26684.65
24989.199
25179.316
24311.732
24212.584
24409.066
25055.717
24931.133
25473.117
26309.0
25705.449
26519.199
27269.85
28034.801
28009.316
28224.268
29039.85
29829.934
29092.518
27615.533
28541.383
28774.066
27880.717
28539.334
29164.316
29209.934
29015.383
29482.467
30182.717
29466.867
31064.449
31792.133
31364.051
30729.4
31884.85
31723.666
31820.184
31475.533
31874.85
32053.467
31809.584
31829.0
31428.449
31756.268
32671.518
33503.199
33925.715
34320.066
35828.117
36056.934
35426.852
36134.668
36214.582
35951.398
35976.715
34954.867
35969.516
35066.668
35063.582
36796.535
37383.184
37723.465
37767.785
38002.934
38831.25
37878.535
38142.918
37582.398
37875.785
38183.867
37573.316
38362.801
39143.25
39595.0
39736.984
39888.133
40295.316
40330.602
39668.785
39987.066
39843.516
39953.398
39273.984
39942.668
40023.984
40263.934
40752.918
40163.535
39978.785
40211.133
40264.184
40354.133
40371.117
40742.801
40475.984
40661.332
40940.051
40681.199
39451.051
38852.734
37057.184
35528.734
34524.715
34154.535
34090.316
34593.266
34570.383
36029.199
37758.852
38331.801
38977.715
39233.535
39431.383
40413.465
41453.918
41107.668
41806.449
41869.602
41434.25
40585.465
40273.25
40521.0
41176.117
41505.535
42033.984
42749.332
43680.117
44264.199
44389.449
44518.199
43710.449
43497.199
42919.516
43284.668
43348.852
43326.602
43301.918
42550.332
42104.582
41829.066
41252.449
41338.465
41637.383
41439.0
42977.715
43264.867
43611.449
44280.602
44561.117
43617.801
43789.449
43346.266
43425.117
43808.602
44159.582
44646.867
45768.117
45605.668
46272.383
45733.867
45692.383
45213.066
44381.582
44601.734
44541.785
44678.535
44477.715
44790.266
45410.184
45721.398
45219.984
45347.133
46447.25
45861.133
46289.984
45510.668
46165.516
45558.668
44508.918
44025.133
43569.449
43551.0
43786.582
44126.934
44589.648
45883.867
45556.852
46443.602
45848.184
45859.332
45671.984
45142.398
44707.383
44325.0
43609.918
43798.133
43749.25
43515.867
43709.25
43723.535
43424.449
43531.668
43333.383
43528.668
44025.984
44535.133
44493.715
45013.0
45780.785
46066.668
46026.449
46378.465
46105.449
46023.0
45168.117
44760.066
44170.785
44540.535
44954.383
44667.602
45519.383
45901.199
46497.051
46765.867
46768.516
46777.465
47673.383
48027.602
48614.449
48757.934
48276.984
48171.066
47850.852
47810.199
47060.852
46793.332
46958.449
46986.602
46618.715
46558.535
45560.918
46139.266
45748.785
46205.0
46045.582
47000.535
47572.852
48210.465
48586.715
49022.0
47959.582
48023.602
47465.582
47462.133
47830.449
47469.398
47385.184
47028.934
47476.984
47897.934
47852.582
48061.398
48164.648
48657.398
49246.984
50032.602
49190.785
49015.199
48281.582
48297.398
47421.918
47342.734
47289.449
47035.066
47731.785
47818.867
45942.449
47252.266
47085.918
46728.199
46903.582
46633.465
46549.516
46820.398
47447.984
47732.668
47758.648
47696.066
47910.516
48653.133
48801.383
49054.465
48709.715
48130.668
46615.316
44938.668
44052.051
42374.934
40546.316
40057.465
40783.984
41940.465
44440.516
45193.266
44519.383
44596.535
44802.316
44196.332
44614.785
44031.0
43479.582
44502.867
45886.117
46913.602
46795.184
47304.867
47473.785
48001.398
48845.383
48307.398
48176.852
48250.199
47363.852
47922.0
48415.25
48463.266
48238.785
49191.602
49652.918
49657.266
49744.383
48950.668
48802.852
48373.602
48644.648
48265.734
47497.918
47269.199
46780.785
47941.602
48784.852
49527.066
49242.715
49920.133
50891.449
51295.266
50703.184
50240.535
50606.184
49911.734
49779.852
49084.734
49778.117
50392.934
49832.25
49441.332
49117.918
47921.801
47160.25
45467.535
44218.785
43793.668
43846.25
44318.133
44914.582
46194.0
46463.316
47901.066
48223.316
48298.0
49015.449
49245.867
49746.852
49927.801
50078.184
50607.0
51494.516
50826.934
50354.852
49484.332
49345.117
49124.266
49027.184
49035.398
49117.051
49834.266
50936.117
50983.734
51036.648
50993.133
50832.582
50605.602
50521.316
50538.332
49351.918
48702.535
48236.516
47510.465
46670.449
46118.199
46453.582
46798.133
47290.918
47816.535
48533.715
48624.734
48397.117
48249.934
48330.383
48088.398
47620.582
47804.867
48249.117
48744.734
49009.785
49075.398
49644.449
50206.0
50139.516
50255.398
49921.918
49682.934
49034.516
48270.465
47818.582
46846.332
45779.785
47154.133
47046.25
47386.465
47595.184
48266.199
48364.117
48824.934
48268.582
48284.734
48648.984
48103.934
47946.715
47756.266
47665.918
47291.668
46579.117
46053.801
46221.715
46276.133
45728.852
44993.801
45394.785
45210.668
44882.316
44920.668
45136.383
45499.602
45793.852
46358.332
46508.383
46956.668
46699.25
46440.332
46976.852
46840.0
45602.316
46343.535
45917.785
45944.801
46197.582
45516.934
45581.516
46544.266
46785.316
47178.801
47054.918
47160.066
47098.785
46759.668
47250.852
46714.0
46169.449
46063.801
46458.449
46934.266
47090.25
46257.734
46481.383
46366.867
45948.316
46246.465
46359.648
46205.0
46014.648
46225.602
45868.316
46054.0
45416.25
45125.668
45002.383
44987.934
45172.648
44780.133
45663.316
45972.199
46534.316
45863.066
45984.051
46026.734
46324.852
46193.332
45943.984
46070.535
46025.715
45874.199
45808.582
45816.602
45522.715
45026.199
45405.984
45528.066
45689.316
45604.734
45820.516
45831.668
45751.184
46171.0
46173.316
46437.602
45494.648
45044.199
45302.852
44751.199
44859.582
44554.266
45161.785
45721.801
45524.449
45357.801
45700.051
45673.668
45946.715
45815.133
45874.648
46240.266
45971.516
45954.668
46152.852
46236.133
46113.516
45893.199
45221.852
45397.266
44638.648
44795.734
44864.25
44783.199
44382.516
44511.867
44412.383
44394.0
44479.25
44883.867
44465.449
45121.332
44859.316
44817.398
44195.25
43727.199
43373.648
43490.801
43124.785
43171.734
42771.051
43446.867
43685.449
43738.266
43528.582
43175.734
44273.184
44543.398
44798.25
44926.602
45470.918
45735.199
44986.648
44758.734
44591.117
44486.535
43671.516
43798.133
44025.449
44036.465
44423.184
44290.0
44867.852
44761.934
44835.715
44618.398
44927.785
44578.266
44210.051
43719.199
44315.852
44426.734
43628.984
44530.602
44103.715
44510.066
44681.449
44129.465
44401.918
43961.668
43180.582
42664.133
43169.25
42908.867
42613.449
43024.332
43085.383
44141.934
43847.984
44583.332
44805.582
44447.602
44355.582
44745.668
45089.25
44547.266
43990.051
43754.801
43761.984
43147.398
42977.051
42948.801
43564.648
43575.535
43523.051
43479.535
44119.051
44187.066
43799.117
43526.535
43518.918
43085.332
42393.785
41873.535
41889.449
41911.066
41440.715
41790.602
42094.648
42798.602
43047.648
43228.266
43538.516
43746.801
44167.117
44084.602
44204.117
43944.535
43791.582
44360.0
43680.117
44208.801
43903.785
43381.066
43991.852
43865.668
44091.516
43691.801
43521.648
43413.867
43363.25
42780.266
42987.582
42665.734
42446.383
42779.535
42424.852
42227.734
42168.918
42084.133
42882.051
43127.332
42275.184
42456.602
43048.383
42902.535
42846.25
43349.199
42837.852
42498.266
42387.918
41536.535
42018.117
41167.535
41384.582
41303.867
41200.918
41788.199
41553.984
41962.0
41760.25
41734.332
42105.715
42038.332
42343.051
42249.332
41774.316
41905.934
42040.582
42219.332
41374.852
41685.602
41893.316
41887.465
41302.449
41775.465
42434.184
42055.668
41776.051
42597.0
42662.918
42569.867
42232.117
41749.801
42378.582
41835.602
42045.051
42042.801
41725.785
41939.465
41804.785
41548.734
41937.918
41680.801
40953.852
41144.668
41436.184
41161.398
40555.785
40549.199
40210.648
40108.199
39863.449
39507.668
40094.648
40114.465
39728.184
40737.266
40656.383
40896.668
40863.852
40540.801
41083.383
40857.668
40492.852
40010.668
40486.648
40713.199
39841.516
39023.398
38215.383
37465.133
36877.715
36157.602
35782.648
35128.934
34682.449
35919.535
36561.852
36600.133
37204.785
37986.332
39168.918
38847.332
39334.117
39137.398
39071.051
39267.0
38807.316
38611.398
38806.715
38770.199
38347.383
38455.199
38618.715
38841.465
38539.582
38292.801
38735.984
38501.133
38425.449
38256.535
38680.715
38668.066
38312.516
38878.398
38696.918
38537.734
38112.715
37879.465
37895.984
37801.0
37728.117
37878.535
37627.383
38026.535
38072.582
37854.668
38071.25
38626.199
38254.582
38014.535
38277.918
38406.801
38288.449
38485.199
38317.516
37939.266
37717.984
37603.266
37811.715
37687.465
36925.051
37324.801
37136.383
37456.801
37246.918
37113.332
37188.25
37342.867
37641.918
37144.398
37352.25
37625.332
37022.051
37292.465
37293.648
37190.199
36639.051
36754.602
36662.051
36706.867
36756.316
36647.535
36566.582
36557.465
35942.984
36213.133
36077.648
36341.398
35830.918
36188.934
36744.852
36453.867
36881.25
36877.734
36754.051
37185.0
36970.051
36998.934
36984.316
36892.199
37137.383
36926.668
37073.383
36827.0
37025.449
36773.398
37196.582
36599.133
36695.316
36427.867
36689.715
36817.266
36353.051
36186.734
36257.852
36342.398
36277.449
36356.133
36430.715
36550.535
36489.582
36369.133
36327.117
35969.0
35498.516
35374.133
35643.852
35056.602
34753.051
34896.535
35322.316
35262.465
34813.516
34812.465
35223.383
34988.602
34720.184
34390.266
34658.184
34448.734
34079.25
33591.734
33952.648
33976.668
34023.785
34286.668
34094.785
34164.535
33557.785
33782.934
33335.918
33239.066
32501.783
32354.801
32385.184
31869.6
31805.783
31141.732
31554.982
31203.4
30523.916
29777.666
29671.316
29749.199
29584.383
28939.199
29232.65
29173.6
29433.383
29545.867
30126.449
30538.6
31400.25
32170.0
32309.383
32534.666
32515.982
32734.732
32529.184
32175.199
32304.65
32033.133
32283.982
32093.934
32373.316
32468.066
32789.85
32701.467
32961.982
32871.332
33347.383
33148.133
32904.316
33182.465
33506.918
33264.867
32959.65
32689.334
33054.316
32947.666
32722.85
32600.334
32719.316
32760.867
33191.449
32365.666
32925.25
32866.4
32917.449
32782.6
33037.051
32792.732
32395.65
32427.467
32476.916
32628.4
31953.85
31887.732
32047.383
31799.334
31705.117
31932.4
32043.051
31720.934
31628.051
31344.4
31280.916
31301.4
31419.117
31374.732
31336.85
31252.467
31313.982
31193.467
31028.117
31017.934
30836.65
30280.133
30629.717
30209.533
30300.051
30303.467
30398.383
30213.334
30364.316
30255.268
30324.25
30688.334
30482.982
30789.334
30629.383
30832.867
30609.051
30103.666
30237.65
30058.4
29825.184
30083.133
29917.117
29905.934
29951.449
29905.133
30294.051
30818.934
30360.717
30916.867
31065.518
30772.533
30906.65
30634.732
30817.85
30984.934
31130.584
31323.334
31423.117
31798.732
31685.783
32146.6
32441.518
32763.732
32263.051
32124.666
32419.449
32990.066
32773.715
33298.801
33448.449
33881.398
33627.648
33807.602
33672.852
33390.801
32539.184
31519.533
30931.65
30593.268
30259.383
30012.199
29714.518
29772.801
29594.051
29483.4
29764.383
29665.334
29647.85
29566.199
29955.916
29707.533
29537.184
29233.732
29224.717
29414.6
28970.916
29291.133
29154.184
29407.666
29386.65
29478.4
29593.184
29783.6
29404.449
29570.666
29896.65
29697.666
29117.65
29522.666
29823.916
29662.6
29243.051
29507.666
29779.051
29215.4
29628.783
28905.467
29246.25
28884.133
28655.65
28807.4
28704.184
28784.268
28477.982
27997.334
28666.117
28758.133
28406.25
28414.4
28586.584
28335.4
28716.117
28163.268
28365.518
28439.467
28561.051
28543.867
28710.65
28405.801
28546.051
28687.0
28918.518
28508.666
28043.916
28093.133
28357.717
28481.133
28213.051
28373.867
28177.783
28396.732
28153.184
28139.934
28185.383
28099.533
27655.916
27483.467
28155.184
27849.133
27428.316
27292.066
27762.65
27361.0
27398.982
27426.467
27715.85
27390.732
26468.316
27199.666
27678.449
27295.6
27172.584
26819.533
27075.449
27175.268
27421.117
27398.801
27317.783
26967.533
26992.783
26958.666
26368.717
26185.133
25616.449
25940.6
25407.85
25891.934
25418.584
25513.199
26816.518
26622.801
26552.25
27228.6
26998.85
27130.4
26638.051
26469.467
26242.25
26289.268
25992.383
26066.533
26178.85
26177.867
25760.584
25997.133
26650.518
26185.6
25656.916
25991.467
26246.184
26357.066
26013.982
26142.467
26263.383
25946.199
25545.383
25203.533
25574.982
25137.732
25054.316
24641.732
24649.051
24663.934
24016.316
23537.934
23360.449
21902.467
21107.982
20278.199
20378.051
20402.732
20492.449
20776.467
21615.051
22549.533
23077.383
23139.867
23337.65
23994.0
24468.783
24372.066
24032.316
24489.268
24377.117
24497.934
24482.449
24092.199
23789.982
23597.133
24097.717
23972.533
23521.051
24197.801
24105.85
24317.199
24420.584
24279.199
24401.25
24343.0
24123.117
24227.066
24319.85
24552.801
24092.051
24085.133
24501.982
24602.334
24451.25
24516.934
24669.783
24611.4
24550.117
24012.6
24445.383
24395.268
24064.25
23843.467
24129.982
24284.6
24061.383
23588.467
23847.184
24172.6
23517.25
24199.268
24358.117
24314.133
24726.783
24474.334
24543.518
24515.867
24305.717
24455.334
24387.717
24315.0
23937.383
24051.334
24052.85
24128.732
23986.717
24141.334
24329.518
24324.867
24019.051
23801.334
24074.916
23948.199
24143.518
23704.4
24250.85
24035.199
24274.449
24257.934
24331.184
24258.0
23757.518
23490.199
24052.184
23908.801
24116.184
23690.066
23618.184
23685.6
23576.783
23947.467
23672.383
23643.4
23052.383
23131.4
23223.184
23504.268
22626.65
22903.133
23103.982
23085.6
22836.25
22700.066
23136.916
23055.533
22837.316
22993.934
23069.25
23253.533
22541.449
22726.066
23217.65
23262.732
22911.316
22776.066
22913.184
23057.867
22724.518
22696.334
22840.982
22728.867
22197.982
22476.0
22477.982
22294.334
22272.383
22369.0
22074.982
22840.199
22181.783
22093.268
22184.518
22180.4
22080.783
21563.467
22036.449
22099.867
21749.051
21500.666
21990.518
21872.801
21749.584
21203.934
21769.316
21755.867
21661.85
21709.934
21343.449
21609.268
21442.449
20972.199
21253.051
21088.199
21123.051
20636.4
21014.449
20947.0
20276.518
19949.6
20702.051
20510.066
20339.117
20220.199
20480.717
20303.133
19972.316
19877.867
20559.316
20252.268
20097.184
19912.199
20439.316
19997.133
19813.65
19693.334
20330.449
20075.666
19800.117
19774.666
19971.051
19652.732
19254.383
18931.334
19428.518
19519.0
19438.383
19712.867
19822.717
19756.199
19169.982
19793.0
19580.117
19435.4
19413.518
19335.268
19234.184
19447.732
18923.65
18827.4
18127.65
17303.334
16558.983
15760.6
15323.116
15148.134
15113.45
15125.2
16061.316
16623.667
16845.65
17351.0
17621.25
17684.867
17817.584
17725.133
17874.051
17298.666
17274.717
16572.533
17623.65
17573.533
17372.051
17259.334
17658.184
17916.4
18094.316
17803.334
18208.449
18446.666
18080.449
18183.467
18489.25
18534.467
18542.25
18680.666
18815.25
18781.4
18559.65
18220.934
19114.982
18878.533
18822.316
18440.0
19131.25
19268.867
19004.717
19256.533
19285.982
18838.867
19011.518
18698.6
19238.85
19144.666
18995.783
18924.0
18958.584
19145.467
18773.051
19295.934
19278.518
19327.666
19254.184
18874.133
19549.051
19543.268
19130.518
19278.334
19942.584
19707.199
19434.982
19945.666
20182.051
19769.801
19552.982
19630.801
19285.717
19463.533
18946.117
19112.066
19429.717
19353.0
19337.25
19819.934
19466.383
19608.199
18976.25
18813.6
19743.783
19563.666
19425.717
19525.4
19316.25
19425.199
19521.65
19178.0
19234.316
19231.133
19193.316
19164.732
19309.383
18992.732
19039.383
18918.066
19299.449
19039.268
19147.85
19072.6
19495.584
19149.4
19144.584
19043.066
19326.449
19619.066
19560.184
19448.533
19362.449
19221.066
19102.65
19341.801
19517.117
19648.0
19647.184
19217.199
19862.982
19687.467
19680.117
19151.334
19699.584
19620.199
19394.783
19265.0
19386.449
19518.867
19650.584
19519.467
19620.982
19294.268
19444.117
19633.666
19336.85
19450.334
19285.25
19181.732
19296.383
19414.334
19127.717
19099.934
19221.449
19437.6
18532.584
19235.268
19219.65
19195.467
18488.25
18832.199
19190.316
19293.533
19152.25
19201.199
19118.316
19313.801
19029.783
18876.133
19275.383
18995.732
19117.449
18788.6
18987.916
19031.867
18722.051
18597.6
18950.518
18514.6
18523.982
18306.0
18661.85
18548.4
18214.051
18547.801
18511.982
18270.934
18397.117
18549.066
18364.65
18326.6
18079.25
18118.199
18379.117
18063.732
18214.65
17840.334
17920.316
17981.467
17863.717
17936.334
17805.783
17721.199
17669.316
17607.801
17863.584
17802.334
17768.184
16847.533
17149.916
17044.199
16865.383
16290.533
16248.316
16276.0
15904.65
15352.333
15856.65
15687.733
14844.85
15246.533
15119.717
14751.934
14900.184
14345.8
14494.917
14331.4
14045.184
14162.533
14380.717
14284.2
14451.384
13225.667
13960.983
14044.6
13582.184
13899.667
14086.717
14193.333
13944.983
14343.4
14544.517
14576.467
14762.983
15169.866
15123.45
14980.134
15060.45
14834.4
14812.85
15017.0
14961.05
14415.2
14866.983
14729.667
14398.45
13806.4
14177.05
13955.467
13622.717
13547.4
13378.116
13501.667
13265.85
13163.6
13565.85
13568.866
13409.783
13436.267
13538.983
13389.4
13264.983
13199.0
13617.384
13434.066
13105.316
13544.134
13910.917
13679.066
13405.316
13542.934
13463.517
13553.333
13479.45
13373.667
13472.717
13173.8
12630.25
13198.066
13087.85
13207.2
13306.384
12821.533
13343.25
13171.4
12461.717
12763.4
12985.116
12809.6
12896.05
13147.4
13267.05
13261.667
13436.65
13340.066
13460.316
13310.333
13233.45
12999.134
13189.917
13290.134
12989.184
13023.333
13242.983
13243.267
12949.45
13442.934
13459.05
13621.4
13132.917
13360.866
13466.517
13465.0
13641.517
12975.267
13489.05
13349.533
13528.583
13099.066
13809.783
13530.533
13680.116
13300.667
13816.783
13759.8
13456.983
13251.2
13478.05
13228.2
13141.517
13381.467
13312.184
13166.866
12785.85
12795.733
13020.05
13241.667
13066.45
13206.6
13148.116
13026.667
12792.45
13014.333
13088.917
12985.8
13234.783
12651.667
12975.384
13246.667
13176.717
12865.8
12915.717
12484.267
12188.917
12628.467
12539.917
12606.866
11790.717
12330.467
12641.05
12489.134
12197.05
12555.267
12758.316
12381.467
12503.65
12341.533
12586.783
12222.467
11965.717
11935.533
12256.917
12183.6
11764.583
12069.134
12012.783
12199.4
12000.917
12057.733
12147.65
11987.134
11798.05
12029.6
12159.45
12096.533
11959.184
12295.467
12021.45
12112.866
12008.783
11837.934
12007.184
11952.733
11788.85
11688.6
11748.517
11804.667
11486.05
11428.0
11884.184
11870.0
11596.583
11643.333
11868.05
11896.467
11441.184
11512.934
11698.45
11507.6
11289.384
11681.8
11648.783
11430.934
11651.25
11427.533
11482.583
11436.134
11150.783
10811.267
11513.25
11134.866
11391.45
11203.733
11314.85
11087.934
11052.116
10871.733
11207.917
11095.467
10993.85
10712.667
11024.583
11042.733
10873.983
10813.134
11087.85
11078.866
10525.983
10694.066
10973.917
10960.467
10270.184
10425.4
10847.384
10827.0
10703.983
10396.667
10949.783
10811.866
10703.65
10483.066
10654.517
10474.667
10340.85
10483.0
10652.316
10452.333
10267.783
10319.333
10810.65
10762.866
10546.717
10258.533
10359.983
10507.333
10320.917
10132.267
10491.316
10375.8
10348.116
10043.2
10219.717
10290.934
10274.116
10086.2
10302.85
10077.2
10482.983
9807.667
10250.717
10164.6
9949.116
9535.0
10218.05
10191.333
10182.384
9885.533
9947.45
9832.6
9925.316
10063.2
10353.184
9532.066
9829.85
9616.8
9877.116
9255.0
8791.116
8125.933
7852.25
6979.8
6118.917
5466.0
4797.983
4005.267
3610.65
2922.8
3225.717
3130.667
2859.85
3072.067
3984.383
4221.267
4247.783
5262.0
5833.583
6141.0
6482.183
5806.867
6552.117
6175.467
5988.317
5607.667
5395.583
5451.6
5155.917
4945.0
5314.25
5400.667
5351.717
5166.2
5908.05
5701.333
5770.783
6373.867
6439.983
6691.667
6352.717
6880.333
7051.85
7036.067
7050.65
7325.933
7599.117
7671.133
7161.717
7478.533
8039.317
8040.067
7623.517
8134.733
8390.85
8537.332999999999
8467.316
8516.4
8953.917
8949.066
8341.717
8472.4
9165.05
9240.866
9055.05
8820.267
9321.05
9133.467
8942.85
8953.066
9445.917
9212.2
8350.45
9217.4
9385.783
9478.333
9155.316
8945.934
9435.85
9353.6
9148.517
9082.733
9202.983
9313.333
8912.917
8724.134
9640.316
9249.8
9041.783
9083.533
9360.517
9301.0
9161.85
9122.467
9342.05
9303.467
9123.65
9068.733
9388.384
9342.066
9235.45
9104.533
9429.783
9355.667
8786.65
9006.066
9331.583
9240.667
8889.85
8811.533
9199.316
9074.866
9117.917
8861.667
9129.517
9278.066
8966.384
8508.6
9290.783
9176.2
9168.25
9002.066
9476.05
9214.934
9032.517
8828.467
9257.45
9075.467
8610.783
8487.267
9114.116
9048.934
9062.717
8483.2
9161.917
9049.066
8886.517
8982.4
9158.717
9132.267
8913.717
8877.733
9364.65
9172.134
8325.184
8684.467
9268.717
9043.6
8996.783
8869.333
9206.384
9138.6
8675.783
8489.267
9076.05
8894.333
8878.85
8762.267
9091.384
9045.066
8908.65
8426.467
9111.316
9047.267
8718.384
8366.6
8964.25
9102.733
8785.184
8708.866
9050.05
8678.4
8647.184
8765.267
8767.783
8682.8
8544.717
8363.0
8951.717
8776.0
8401.583
8352.2
8793.184
8925.0
8271.583
8319.6
8795.116
8715.866
8749.717
8506.6
8702.45
8644.934
8562.316
8247.667
8888.184
8659.934
8362.184
8335.467
8728.25
8656.533
8440.25
7968.267
8594.65
8541.467
8419.65
7924.733
8704.983
8479.8
7988.45
8410.733
8490.582999999999
8385.467
7964.317
8090.933
8237.717
8386.933
8113.717
8071.533
8351.183
8147.267
8087.85
7912.067
8233.85
8255.6
7766.383
7697.4
8167.917
8177.133
7868.183
7819.0
7868.317
8083.8
7608.05
7760.667
7843.85
7890.6
7703.183
7456.533
8040.183
7882.8
7522.45
7158.4
7738.117
7917.733
7713.65
7393.333
7771.717
7706.8
7013.983
7425.8
7851.783
7493.0
7348.117
7395.8
7633.917
7660.2
7281.917
7148.867
7562.45
7655.933
7498.917
7369.8
7704.917
7497.867
7204.517
6947.0
7554.917
7392.267
7645.85
7104.467
7601.717
7540.333
7033.05
7097.933
7546.25
7405.933
7190.917
7264.067
7528.45
7474.133
7049.783
6990.467
7598.783
7332.8
7168.917
7211.333
7445.383
7305.2
6891.717
6778.333
7130.383
7106.667
6609.583
6713.467
7208.917
7029.2
7193.65
6869.0
7235.85
7059.8
7282.583
6915.867
7113.183
7020.133
6679.317
6676.333
7099.517
7007.333
6530.05
6009.667
6945.383
6977.2
6526.717
6706.333
6960.85
6746.067
6589.45
6559.067
6930.583
6728.867
6513.45
6171.2
6753.25
6818.933
6093.583
6278.6
6809.783
6585.333
6346.383
6127.733
6727.05
6721.133
6609.25
6207.733
6782.583
6683.267
6623.983
6522.4
6714.717
6573.2
5359.317
5834.067
6605.05
6680.933
6299.717
6010.733
6526.983
6681.2
5990.517
6017.933
6446.583
6418.133
5933.25
5964.933
6452.45
6417.533
5772.383
5776.2
6312.383
6290.067
6006.517
6025.667
6246.117
6163.8
5749.65
6129.067
6214.25
6239.667
5723.25
5934.533
6354.65
6115.8
5657.65
5561.333
6140.583
6158.667
5990.783
5465.867
6238.183
6112.067
5433.25
5571.2
