269.7
74.95
-138.7
152.617
456.83299999999997
137.35
212.03300000000002
243.083
244.567
267.75
125.9
-159.45
219.5
215.75
28.299999999999997
-31.183000000000007
358.433
0.28300000000000125
65.833
374.08299999999997
424.3
199.75
465.83299999999997
157.417
283.433
206.95
230.36700000000002
-117.583
203.767
209.95
333.233
22.083
281.367
203.417
252.03300000000002
34.083
558.433
473.75
91.233
-50.783
257.567
132.55
-0.7669999999999959
191.28300000000002
207.233
241.083
152.7
238.75
217.7
245.817
-24.299999999999997
39.882999999999996
614.833
287.817
-6.900000000000006
-253.45
428.83299999999997
445.75
31.566999999999993
52.882999999999996
389.967
449.95
394.967
232.55
422.83299999999997
376.217
160.433
328.483
396.433
394.55
332.3
-127.117
450.567
292.15
41.233000000000004
83.083
383.367
189.417
149.36700000000002
82.883
300.1
505.55
206.96699999999998
64.883
243.567
351.283
36.7
6.016999999999996
239.9
206.483
508.967
6.150000000000006
191.567
222.483
346.967
-54.117000000000004
202.833
257.55
192.567
91.75
414.83299999999997
372.483
-226.5
31.150000000000006
409.5
308.35
226.9
204.817
467.633
300.283
4.233000000000004
274.41700000000003
110.567
328.017
257.767
286.15
419.633
282.35
553.567
-228.65
328.633
376.483
109.767
370.283
387.1
470.08299999999997
262.1
99.083
353.9
248.083
-61.56699999999999
116.75
340.367
304.817
134.433
17.549999999999997
418.567
448.08299999999997
69.567
-238.25
357.3
326.683
90.9
144.417
281.367
427.483
339.633
47.81699999999999
313.433
335.41700000000003
-281.1
-128.317
306.033
213.28300000000002
179.63299999999998
-8.450000000000003
329.367
269.617
54.56699999999999
219.95
409.767
301.35
257.3
-109.517
458.7
406.617
434.83299999999997
159.88299999999998
491.3
290.15
169.3
342.55
403.767
78.283
370.633
-166.78300000000002
134.96699999999998
230.95
10.766999999999996
367.75
592.567
430.017
165.833
-79.717
505.433
161.817
460.5
27.617000000000004
400.3
368.15
322.7
398.15
527.5
351.95
440.367
313.08299999999997
341.3
237.75
391.5
-343.45
399.767
363.883
176.1
144.083
142.1
326.283
475.633
184.683
248.9
313.217
127.433
-197.983
285.967
389.41700000000003
469.9
199.88299999999998
390.83299999999997
308.017
53.900000000000006
-314.517
454.9
242.15
-63.900000000000006
13.483000000000004
264.7
190.017
-1005.633
-89.917
124.833
280.35
241.9
-56.849999999999994
575.5
412.817
264.83299999999997
81.683
264.5
237.95
-106.567
426.283
525.833
277.35
-178.36700000000002
45.95
318.5
320.017
-109.167
354.08299999999997
393.033
273.217
401.033
353.817
332.5
412.817
241.567
185.683
377.367
253.683
413.367
25.950000000000003
402.7
435.017
349.233
-58.917
223.03300000000002
323.283
85.3
-274.983
373.967
347.617
250.1
-124.517
349.16700000000003
335.283
227.433
87.017
363.433
352.483
-152.7
212.28300000000002
338.3
74.217
-138.36700000000002
168.88299999999998
272.1
218.75
312.633
173.35
262.233
525.217
107.033
173.017
383.1
550.217
395.1
172.55
225.03300000000002
286.41700000000003
100.1
502.017
359.633
211.75
-159.96699999999998
104.35
215.63299999999998
300.883
276.633
-10.316999999999993
549.833
558.683
37.167
293.55
377.83299999999997
356.617
233.9
103.483
344.767
390.35
85.767
137.017
312.1
332.283
189.167
306.017
482.633
448.35
408.1
123.883
574.033
187.817
400.233
-128.05
388.967
196.817
-67.1
308.35
352.9
220.417
561.5
413.35
407.7
299.683
654.433
108.017
402.433
320.55
-19.69999999999999
299.08299999999997
659.367
433.75
570.9
-18.717000000000013
470.433
393.88300000000004
421.1
221.283
380.567
562.55
-11.432999999999993
262.683
642.367
365.35
176.767
210.417
387.1
398.217
544.567
207.083
681.967
577.417
730.367
480.08299999999997
737.167
551.283
272.967
384.283
445.233
660.617
829.567
239.14999999999998
758.233
637.283
584.9
731.15
657.567
546.75
413.833
691.75
543.1669999999999
819.617
170.433
343.483
611.7
603.483
616.3
463.083
940.233
611.483
763.033
597.55
741.367
715.617
735.9
374.35
1066.633
518.817
625.633
563.75
901.633
577.4169999999999
751.9
654.483
671.9
937.683
844.3
731.083
676.1
941.75
701.7
511.35
1003.367
806.55
679.767
637.95
631.9
731.95
850.033
721.283
941.967
842.75
629.967
577.283
742.833
855.683
758.9
627.617
970.567
542.883
798.5
545.883
744.167
634.217
815.433
908.683
792.5
526.883
845.033
1022.55
506.36699999999996
931.217
778.9
812.617
853.367
826.417
673.7
1034.017
1219.9
744.817
750.3
1340.95
984.167
1195.75
569.9
752.95
1223.3
1072.483
1204.767
1286.017
822.167
796.55
928.8330000000001
886.0830000000001
1430.7
1248.483
730.633
1202.217
1088.767
1304.35
1341.7
1156.283
1056.633
1406.283
684.767
967.883
1096.767
1263.083
1588.833
1548.617
1467.7
1427.483
1232.1
1344.55
1348.233
1247.95
882.633
1099.883
1436.967
1237.483
1497.567
1066.817
1565.367
1471.75
1566.233
1392.417
1542.967
1462.483
1061.033
1520.083
1381.9
1296.417
1224.1
1376.55
1347.633
1454.35
1355.167
1139.15
1467.633
1242.95
1224.633
1106.95
1559.167
1460.817
1403.633
1482.683
1588.767
1339.817
1308.3
1204.283
1476.433
1504.283
1374.3
1127.683
1620.033
1358.75
1394.233
1394.95
1542.3
1425.017
927.233
1381.283
1438.167
1512.483
1550.9
1720.95
1845.767
1659.15
1685.167
1654.683
1787.967
1856.217
1691.833
1791.15
1775.5
1798.75
1959.767
1800.083
2186.033
1659.15
1242.5
1475.55
1693.367
1977.883
1696.767
1804.35
2166.7
1979.083
1891.833
1820.55
2056.9
2122.483
2137.633
1862.083
2225.7
1898.15
1790.167
1687.217
1725.033
1645.35
1956.567
1285.683
1679.967
1833.15
2071.033
1716.817
2044.033
1935.55
2138.7
1948.35
2015.833
2088.883
2060.9
1984.417
2294.633
1857.75
2404.5
2146.017
2167.967
2089.083
1985.233
2190.817
2413.633
1786.617
1900.567
2233.617
2464.767
2181.817
2256.5
2010.55
2084.433
1966.817
2056.767
2185.683
2162.9
2472.217
2752.367
2029.35
2622.033
2595.483
2479.033
2374.817
2424.7
2294.017
2256.1
2554.217
2499.033
2290.083
2093.1
2202.683
2143.3
2112.617
2441.5
2333.75
2482.1
2705.417
2531.233
2677.617
2896.367
2620.017
2959.167
2787.683
3118.167
2872.75
2721.433
2962.283
2973.9
2858.883
2662.633
2825.483
2642.5
2721.417
2601.633
2764.017
2735.033
2531.283
2185.233
2461.55
2401.967
2404.483
2237.5
2178.35
2428.767
2165.483
2113.567
1817.15
2437.167
1992.883
2336.833
2361.483
2544.033
3051.817
2856.9
3155.95
3010.5
3197.017
3320.833
2933.017
3107.1
3070.083
2756.433
2694.15
2977.167
2821.417
3077.9
2641.617
2911.567
2956.417
2930.233
3114.15
3070.433
3141.75
3310.167
3255.75
3282.5
3276.683
3195.233
2907.15
3242.5
3313.617
3166.5
3395.283
3497.167
3363.883
3231.7
2943.283
3462.7
3353.683
3674.5
3941.75
4051.367
4430.4169999999995
4409.233
4278.4169999999995
4194.767
4134.617
4233.7
3833.417
4391.5
4084.083
4241.367
4170.217000000001
4384.567
3899.15
4060.3
4175.15
4023.633
4089.017
3859.5
3586.817
4185.5
4294.617
4162.9
4362.683
4539.3
4525.017
4428.967
4153.55
4493.433
4439.55
3908.767
4134.217000000001
4080.9
4326.35
4215.767
4463.417
4642.9
4378.75
4253.7
3692.35
3963.233
4057.883
4113.9
3841.55
4261.3
3937.35
3962.233
3735.083
3656.967
3598.817
3529.967
3595.75
3620.767
3749.75
3530.567
3667.483
3410.1
3585.95
3722.567
3868.283
4155.967000000001
4342.883
4460.3
4607.283
4398.5
4468.817
4034.567
4583.617
4373.367
4395.083
4929.433
4654.817
5336.567
5366.75
5288.967
5527.95
6095.967
5591.417
5718.7
5169.75
5338.633
5239.75
4825.367
4540.283
4616.5
4446.35
4249.5
4392.017
4875.833
4509.883
4824.3
4857.55
5365.633
5334.483
5464.1
5202.817
5012.1
4898.017
4490.967
4349.15
4416.433
3998.217
3865.5
3699.75
3770.433
3700.15
3109.033
3459.683
3446.967
3110.35
2791.367
3557.35
3615.5
3756.283
4081.833
3821.0829999999996
4675.3
4906.883
5006.7
4815.75
4920.967
4684.75
4301.167
4456.35
4375.767
4580.75
4550.633
4384.75
4958.433
4600.683
4809.9
4681.617
4853.633
4808.95
4710.167
4180.95
4763.033
4643.55
4802.033
4724.75
4631.1
4651.283
4723.033
4735.483
5426.3
5479.017
5490.967
5754.217
5924.9
5988.95
5960.033
5798.55
6137.633
5888.617
6324.633
5938.683
6375.033
6804.75
6140.567
6370.95
6462.967
6202.083
6183.433
5442.883
5301.967
4706.15
4451.367
3498.483
3321.1
2791.75
2605.233
2615.883
3181.433
3463.083
3831.767
4374.75
4751.7
5000.417
5302.567
5771.35
6079.833
6518.283
6388.967
6371.217
6518.367
5935.017
5802.9
5476.15
5085.367
4265.283
3941.833
3620.417
3596.033
3968.217
4174.633
4750.483
5670.633
5985.883
6196.033
7118.283
7379.1
7519.617
7926.1
7653.55
8390.167000000001
8427.684
8827.567
8564.217
8496.167
8934.884
8693.434
8743.35
8901.033
8751.017
9014.366
8812.684
9461.833
9283.017
9361.167
9188.75
9681.9
9553.616
9365.634
9491.95
10007.434
9821.217
9704.1
9505.017
9668.233
9176.283
9238.233
9406.083
9514.967
9965.35
9676.767
9824.616
9863.434
9539.15
9257.366
9022.483
9218.233
9501.55
9690.634
9573.15
9624.5
9586.283
9532.1
9410.684
9300.566
9268.483
9135.233
9224.55
9648.833
9430.15
9636.7
9334.95
9466.7
9691.483
9441.1
9854.95
10061.5
10009.95
10176.033
10261.95
10350.833
10683.217
10944.5
10756.083
10697.7
10591.083
9937.566
9380.017
9516.833
9471.684
9376.434
9293.55
9615.9
9860.35
10021.233
10709.75
10639.566
11244.483
11207.366
11246.75
11208.634
11645.017
11000.967
11147.75
11581.033
11089.217
11122.5
11333.483
11251.967
11098.083
11693.833
11205.283
11536.967
11472.75
11391.5
11083.616
11362.1
11256.017
11270.366
10621.816
11348.9
11154.283
11157.366
10734.083
11126.7
11513.417
11741.967
11377.017
11620.434
11743.616
11509.167
11507.95
11411.434
10401.75
10831.033
10894.816
10939.9
10482.75
11116.233
10954.483
10987.033
10671.483
10654.634
11022.95
11182.967
11090.95
11186.167
10929.283
10669.967
10649.884
10046.3
10289.083
11062.434
10855.75
10989.3
11378.616
11689.566
11778.816
11964.634
11587.75
11716.366
11879.017
11787.7
11331.15
11103.967
10590.816
10791.967
9980.483
10691.634
10935.816
10570.566
10604.884
11423.366
11381.083
10832.434
10872.884
11753.434
11946.083
11586.634
11445.616
11535.3
11616.616
11311.566
11257.283
11532.566
11322.75
11605.1
11904.55
11616.3
11871.75
12155.366
11255.816
11511.7
11363.684
10972.033
11238.884
10501.967
10783.616
10814.833
11812.616
11695.7
11503.15
11522.366
11040.35
11325.033
11319.816
11614.7
11318.95
11089.767
10525.483
10315.9
9971.816
9560.167
9505.483
8841.1
8683.884
8703.9
8659.884
9201.566
9651.017
10629.9
11314.35
12499.233
12659.283
13753.3
12920.616
12280.833
12780.283
12655.5
12451.884
13223.9
13381.017
13616.033
13420.217
13271.5
12661.017
12163.5
11787.75
12036.7
11978.75
13302.833
12731.684
13371.566
13451.35
13736.566
13797.95
13419.167
14148.616
14383.5
15037.083
14908.9
15077.684
15342.233
15728.35
14603.5
14867.55
14175.366
14537.684
14502.967
14982.816
14351.167
14112.95
13634.7
13403.684
13691.967
13355.35
12451.967
13344.483
13190.566
14097.217
14208.7
14276.283
15198.3
14830.684
14453.9
14758.684
14810.1
14589.083
14590.5
14840.15
15238.033
15710.283
15782.7
15451.616
15570.5
17252.949
15954.167
16019.95
16281.1
15635.083
16305.566
16243.017
16872.301
16257.083
15697.767
16008.75
16260.233
16127.816
15590.033
15548.017
16657.9
17104.684
16761.301
16011.55
16404.7
16196.083
16043.7
15196.35
16111.767
15948.217
15576.833
14863.616
15512.9
15793.283
15822.767
15340.55
16461.767
16503.417
16288.033
16658.883
16814.434
17566.949
16782.166
16580.883
17154.367
16746.617
17090.768
16155.55
16525.366
17321.15
16849.633
16997.283
17048.367
16575.816
16823.633
17288.217
17966.834
17669.416
17609.434
17866.551
17658.834
18100.949
18590.967
18117.416
18033.566
17661.283
17648.967
17092.084
17583.834
17150.816
17534.232
16845.35
16399.7
16610.75
16530.9
16252.15
16842.767
16347.083
16506.301
16639.883
16553.833
16671.949
16524.5
17082.35
17610.1
17995.35
17084.967
17199.283
17246.1
16658.816
17543.367
17144.416
17705.5
17712.482
18119.9
18124.482
18265.434
18525.684
17916.033
17491.617
19244.566
18522.617
18475.967
18766.018
18946.232
17684.018
18478.566
17678.883
18735.834
18416.883
17636.9
18256.883
18775.301
18487.416
18594.566
19619.416
18983.434
18354.018
18125.301
17913.75
17780.566
18391.816
19137.967
18969.217
19705.699
19885.684
20289.367
19739.883
19790.232
20188.35
19990.834
19976.617
19984.367
20088.416
20541.768
20149.018
20859.5
20625.416
20731.434
21244.35
21026.301
20984.482
20503.9
20658.816
20983.768
20530.883
20383.367
20167.416
20929.166
20608.018
21678.434
20857.617
20505.967
21019.75
21178.166
21964.551
22055.5
22145.217
21543.367
21783.883
21206.1
21366.617
21131.699
21588.283
21799.166
23732.217
21871.166
22872.949
23225.301
23415.949
22905.768
24253.482
23669.1
23979.018
24815.768
25538.684
24288.232
24851.018
24294.033
24574.283
26391.768
24709.75
24916.699
24004.283
23954.434
24118.75
24810.1
24662.551
25229.566
26028.35
25428.1
26267.35
26968.967
27713.283
27742.5
27915.35
28750.834
29478.283
28753.1
27336.949
28204.033
28421.883
27597.166
28254.217
28842.768
28851.551
28694.633
29168.617
29799.434
29068.684
30728.1
31414.551
30994.967
30384.551
31564.9
31401.35
31451.166
31124.35
31501.1
31676.482
31428.434
31518.75
31107.166
31403.416
32321.166
33150.816
33552.832
33977.816
35450.699
35714.617
35089.965
35813.949
35878.898
35576.551
35572.434
34599.016
35614.566
34718.816
34710.234
36400.016
36988.832
37266.285
37429.234
37612.016
38412.832
37479.082
37739.5
37213.148
37508.699
37785.215
37219.898
38015.285
38756.301
39187.551
39343.434
39522.816
39960.102
39994.418
39340.168
39646.949
39488.898
39679.949
38944.035
39584.816
39716.633
39854.082
40359.766
39837.75
39667.965
39867.418
39891.102
40005.816
40054.566
40404.215
40161.035
40322.684
40616.367
40369.082
39127.5
38511.285
36704.5
35248.75
34223.699
33890.215
33771.434
34310.551
34265.898
35711.082
37466.301
38032.883
38655.766
38892.684
39113.5
40083.684
41150.965
40769.684
41417.898
41516.617
41032.102
40200.883
39948.699
40131.75
40760.301
41162.418
41631.035
42389.551
43304.234
43890.285
44046.035
44117.352
43347.898
43135.883
42632.5
42952.617
43023.566
43045.75
42947.766
42222.617
41766.633
41528.285
40923.168
40983.75
41341.633
41153.684
42642.832
42955.949
43274.234
43929.285
44194.633
43261.082
43444.766
43030.617
43027.965
43463.75
43791.367
44283.418
45423.832
45285.883
45880.633
45347.816
45286.5
44838.352
44061.965
44284.75
44165.5
44334.418
44132.965
44486.883
45059.234
45356.617
44909.766
44985.285
46059.766
45503.883
45882.898
45204.617
45836.5
45241.082
44213.434
43682.75
43298.035
43202.352
43454.832
43834.285
44338.832
45530.148
45204.832
46102.215
45543.035
45602.949
45309.566
44822.551
44456.699
44015.484
43299.699
43475.617
43466.102
43200.285
43439.965
43417.418
43129.566
43144.551
43051.699
43197.75
43771.566
44208.75
44139.367
44763.684
45454.766
45722.484
45673.234
46018.684
45799.367
45754.883
44877.633
44462.816
43865.699
44237.352
44591.035
44329.684
45251.434
45584.082
46161.832
46462.949
46487.965
46469.352
47376.168
47725.75
48287.633
48439.551
47959.102
47842.352
47481.898
47498.816
46754.766
46553.148
46703.832
46727.418
46359.898
46204.883
45262.168
45853.75
45461.832
45913.551
45707.102
46684.352
47251.766
47940.016
48367.633
48703.75
47598.699
47695.617
47172.168
47179.617
47534.234
47188.285
47110.766
46722.816
47210.035
47585.484
47589.434
47795.418
47854.633
48396.75
48878.367
49807.285
48884.5
48731.75
47946.367
47989.285
47119.168
47080.016
47008.699
46818.352
47462.434
47590.016
45671.234
46974.418
46834.301
46469.352
46668.367
46378.617
46250.832
46583.215
47192.566
47551.816
47525.766
47397.016
47658.234
48436.883
48404.168
48797.949
48449.566
47886.684
46350.168
44704.285
43810.566
42156.148
40355.699
39837.617
40552.102
41709.215
44204.566
44926.148
44315.965
44352.484
44538.832
43959.949
44383.102
43802.148
43246.367
44295.484
45651.766
46643.484
46578.965
47022.148
47230.898
47751.883
48572.234
48078.215
47982.566
48017.418
47167.898
47696.816
48176.699
48162.352
48055.766
48949.684
49428.633
49419.215
49472.234
48676.484
48565.965
48195.949
48368.234
48091.418
47241.301
47051.418
46520.898
47680.816
48521.035
49263.418
48984.766
49733.215
50666.699
51017.082
50418.898
49966.816
50355.633
49656.352
49499.035
48846.016
49530.5
50097.352
49600.434
49274.949
48825.234
47614.016
46926.434
45231.816
43921.633
43564.484
43620.168
44076.684
44656.434
45995.883
46255.5
47686.551
48014.898
48025.816
48787.434
49041.215
49465.766
49686.949
49864.301
50393.617
51243.699
50572.883
50109.434
49236.883
49115.898
48938.016
48870.898
48866.215
48917.367
49624.082
50652.5
50749.949
50822.766
50820.617
50580.367
50351.75
50330.566
50329.215
49138.965
48512.418
48033.965
47354.418
46457.633
45923.418
46286.633
46618.215
47099.234
47619.016
48331.301
48425.75
48212.832
48065.352
48198.102
47848.215
47450.035
47589.082
48075.965
48630.949
48791.301
48886.285
49414.168
50024.418
50007.566
50057.352
49762.5
49555.949
48905.301
48027.215
47675.965
46670.684
45611.234
47019.617
46850.434
47226.75
47456.434
48142.484
48253.699
48654.949
48040.035
48111.949
48504.234
47969.551
47774.035
47631.215
47540.965
47085.215
46345.301
45908.684
46009.035
46077.148
45603.832
44921.949
45199.898
45067.215
44752.035
44775.285
45052.168
45377.418
45641.168
46140.684
46342.301
46811.082
46481.434
46352.816
46823.699
46721.883
45413.301
46172.215
45784.566
45798.949
46026.898
45297.816
45406.633
46373.285
46568.234
47052.418
46871.898
47007.215
46884.766
46623.684
47132.898
46565.551
45979.301
45905.215
46270.035
46796.016
46903.898
46136.016
46298.5
46247.883
45821.965
46065.75
46198.234
46132.883
45861.5
46064.082
45718.965
45907.082
45299.301
45004.484
44835.035
44845.285
45076.832
44625.016
45528.898
45773.75
46321.832
45709.418
45830.102
45866.617
46199.5
46040.551
45764.898
45916.684
45909.566
45690.082
45669.5
45739.484
45391.633
44875.016
45280.633
45451.551
45531.766
45528.816
45687.965
45739.285
45642.633
46068.551
46018.168
46306.285
45390.301
44954.816
45199.699
44596.352
44723.766
44422.883
45032.633
45566.082
45398.168
45289.684
45543.766
45562.418
45851.832
45729.418
45769.699
46122.883
45858.832
45874.082
46070.965
46113.949
46013.5
45808.816
45118.234
45262.484
44502.766
44747.352
44722.898
44665.883
44245.766
44421.082
44362.566
44307.684
44349.168
44777.484
44377.434
45011.148
44786.965
44676.551
44066.832
43674.082
43253.035
43445.617
42963.699
43025.949
42762.234
43360.684
43593.035
43599.016
43428.5
43103.684
44168.766
44453.883
44694.5
44840.949
45398.434
45628.082
44885.367
44609.148
44444.965
44448.617
43631.367
43702.148
43924.234
43983.684
44328.766
44272.082
44690.898
44721.684
44810.832
44537.484
44824.035
44460.484
44116.832
43641.617
44166.832
44330.617
43482.965
44400.148
43977.102
44380.082
44583.699
44022.75
44290.367
43886.082
43076.832
42612.082
43014.301
42811.484
42520.5
42944.352
42997.168
44035.617
43764.832
44433.684
44679.434
44342.285
44275.367
44670.484
44991.035
44460.148
43888.035
43664.949
43636.234
43102.684
42911.5
42810.016
43467.832
43530.816
43430.898
43411.551
44080.566
44122.352
43698.965
43454.617
43450.301
42936.617
42289.699
41774.484
41797.434
41769.082
41364.566
41733.484
42088.168
42703.082
42985.367
43103.883
43416.367
43657.418
44017.102
44017.082
44110.898
43903.684
43739.102
44255.418
43653.699
44115.418
43787.102
43364.285
43884.566
43812.75
44003.766
43585.684
43435.699
43342.352
43310.965
42700.684
42929.168
42560.617
42354.766
42679.082
42289.965
42144.949
42105.699
41980.484
42800.102
43143.148
42243.832
42417.418
42988.699
42842.75
42723.766
43284.418
42704.434
42417.551
42299.766
41467.816
41969.168
41155.883
41342.035
41253.285
41148.699
41773.617
41520.434
41883.75
41734.965
41724.215
42092.898
41950.148
42263.234
42201.684
41752.965
41795.816
41948.367
42153.215
41322.168
41641.883
41801.102
41827.949
41239.832
41744.551
42411.965
41938.949
41718.035
42531.551
42613.766
42507.949
42144.035
41728.949
42323.766
41839.684
42017.5
41971.148
41662.168
41883.285
41823.301
41574.883
41925.035
41622.684
40913.965
41076.418
41382.301
41161.949
40450.168
40510.684
40213.699
40062.082
39852.5
39433.215
40053.367
40113.617
39728.898
40666.816
40643.633
40870.883
40849.367
40487.352
41061.566
40825.949
40499.168
39985.617
40505.301
40710.082
39763.234
38961.352
38224.566
37412.215
36829.367
36165.352
35721.434
35139.816
34680.566
35862.082
36484.633
36571.082
37165.898
37947.215
39158.5
38861.215
39321.168
39104.75
39022.965
39225.617
38756.898
38616.016
38771.699
38750.352
38335.434
38439.285
38604.699
38773.684
38572.633
38269.148
38690.566
38437.016
38442.367
38223.883
38652.434
38625.949
38335.699
38913.082
38700.965
38513.148
38091.566
37833.215
37889.832
37765.75
37736.035
37846.285
37665.5
38053.551
38119.434
37868.016
38050.566
38611.016
38228.168
37989.75
38250.566
38428.285
38254.367
38380.352
38352.5
37894.285
37693.898
37626.551
37776.168
37675.484
36899.832
37309.352
37147.566
37448.551
37271.699
37103.883
37154.434
37319.285
37617.766
37134.883
37332.898
37669.352
37019.234
37323.215
37271.301
37196.418
36648.168
36744.352
36631.965
36665.082
36758.168
36615.949
36497.566
36571.285
35936.832
36250.285
36043.035
36302.484
35821.234
36206.352
36837.5
36446.883
36885.965
36879.148
36761.434
37206.949
37029.699
37004.285
37082.832
36943.484
37149.367
36947.75
37049.898
36800.684
37086.566
36761.883
37256.301
36579.949
36685.301
36482.082
36683.168
36840.215
36352.168
36193.484
36296.234
36293.684
36300.434
36354.816
36478.965
36599.082
36534.633
36416.75
36381.102
35964.75
35549.234
35393.816
35605.035
35113.082
34817.766
34921.352
35361.168
35305.883
34812.898
34921.949
35229.766
35004.016
34767.035
34408.484
34700.699
34471.484
34116.102
33593.949
33959.301
34025.949
33999.5
34323.484
34169.5
34224.617
33584.965
33790.684
33380.766
33315.949
32505.633
32364.018
32391.232
31864.283
31862.967
31169.416
31556.699
31256.15
30637.566
29856.15
29669.033
29798.551
29577.232
28984.482
29231.166
29157.283
29480.367
29583.883
30178.232
30598.018
31440.232
32230.283
32353.434
32535.018
32543.1
32830.684
32624.9
32250.551
32335.5
32045.283
32347.166
32082.35
32434.033
32500.482
32834.768
32793.35
33044.035
32952.684
33338.898
33255.484
32920.168
33226.684
33561.766
33314.551
33030.699
32783.551
33055.834
33007.15
32742.301
32714.283
32791.633
32812.75
33247.832
32420.75
32941.301
32917.551
33035.768
32815.551
33092.5
32846.15
32480.434
32407.617
32556.699
32720.018
32042.5
31901.018
32131.834
31898.617
31769.232
31964.75
32095.301
31787.35
31695.232
31410.949
31375.367
31391.551
31489.834
31436.617
31425.699
31322.949
31399.834
31270.482
31104.566
31097.551
30878.699
30283.883
30720.566
30275.416
30393.768
30359.816
30498.367
30258.883
30409.166
30341.35
30435.033
30755.283
30560.033
30855.018
30650.834
30946.35
30676.367
30157.617
30271.232
30102.883
29906.834
30107.75
29916.834
29975.883
29979.1
29928.75
30330.367
30843.75
30374.1
30934.75
31077.301
30858.084
30971.768
30632.684
30864.232
31033.617
31194.1
31384.084
31460.232
31876.35
31766.434
32155.084
32516.5
32839.949
32292.9
32133.684
32471.566
33052.949
32878.766
33338.816
33536.234
33978.082
33771.301
33904.816
33757.434
33469.484
32651.768
31549.684
30973.834
30692.816
30323.768
30058.482
29754.367
29815.949
29660.633
29590.816
29843.566
29743.217
29786.834
29664.35
30060.166
29826.482
29682.699
29329.416
29262.768
29483.551
29071.768
29382.949
29242.633
29493.35
29475.5
29547.551
29619.967
29859.15
29466.699
29621.35
30000.699
29811.018
29189.566
29538.084
29892.166
29721.75
29375.232
29635.75
29851.301
29280.75
29717.301
28973.15
29345.301
28983.018
28796.033
28910.551
28777.967
28882.416
28573.834
28119.75
28772.033
28848.15
28481.699
28546.75
28619.834
28466.949
28813.232
28282.283
28480.5
28541.551
28702.9
28674.416
28814.5
28526.15
28649.301
28813.482
29023.166
28570.816
28171.633
28193.617
28490.033
28611.684
28302.566
28463.283
28332.033
28490.949
28224.834
28267.816
28297.166
28236.551
27754.9
27589.15
28233.166
27972.018
27498.232
27420.816
27851.834
27480.551
27446.1
27522.883
27801.166
27532.018
26541.166
27326.684
27774.367
27367.949
27314.566
26948.949
27189.033
27256.018
27531.033
27467.084
27357.5
27041.15
27156.768
27096.283
26427.434
26295.15
25717.166
26039.084
25497.566
25974.15
25509.768
25630.75
26943.232
26699.684
26666.967
27351.35
27103.033
27184.551
26722.434
26523.551
26359.1
26371.816
26104.699
26176.883
26237.967
26270.416
25838.9
26106.283
26766.033
26261.75
25755.967
26107.816
26382.633
26473.084
26140.566
26246.551
26354.633
25983.217
25658.699
25293.283
25716.967
25260.816
25205.1
24773.551
24757.033
24830.75
24144.367
23596.15
23456.5
21972.416
21214.566
20357.15
20499.166
20492.551
20594.232
20850.949
21718.967
22625.35
23143.033
23279.283
23426.967
24087.482
24570.768
24495.283
24129.5
24557.949
24488.9
24584.75
24591.232
24201.949
23890.834
23739.551
24237.434
24074.018
23636.633
24311.018
24166.5
24420.75
24522.699
24396.283
24520.768
24484.551
24257.232
24349.551
24443.1
24659.35
24229.434
24229.482
24590.1
24675.482
24548.768
24627.416
24802.768
24733.018
24639.5
24145.551
24545.434
24488.35
24161.301
23984.883
24216.566
24394.15
24162.834
23758.617
23945.834
24309.684
23683.5
24346.018
24479.5
24444.75
24897.1
24594.084
24701.434
24654.35
24454.301
24621.084
24516.1
24434.283
24105.033
24138.15
24167.5
24275.283
24134.633
24233.551
24420.566
24441.684
24171.434
23905.482
24204.1
24101.482
24316.5
23813.217
24356.9
24185.084
24366.9
24401.617
24445.1
24420.816
23918.834
23640.816
24209.633
24036.816
24236.9
23819.75
23714.768
23821.816
23699.5
24064.018
23824.566
23778.617
23221.033
23267.217
23365.301
23611.084
22704.1
23014.15
23237.434
23233.283
22970.566
22846.15
23260.1
23254.15
22986.566
23117.35
23219.232
23359.084
22665.434
22903.75
23363.566
23397.084
23027.967
22879.15
23004.768
23226.018
22865.967
22771.018
22959.967
22885.15
22297.768
22645.217
22618.166
22430.883
22406.834
22538.018
22196.699
22960.75
22344.633
22228.816
22307.768
22337.35
22238.434
21664.018
22190.9
22233.816
21888.9
21605.35
22117.566
22001.482
21867.9
21342.617
21918.834
21893.15
21798.633
21775.217
21443.566
21756.617
21590.1
21130.816
21401.768
21267.416
21236.434
20755.949
21144.232
21032.551
20414.768
20086.816
20830.367
20628.018
20471.033
20311.75
20605.033
20478.551
20123.1
20050.018
20683.633
20386.217
20198.834
20040.75
20537.434
20089.416
19904.166
19819.482
20427.301
20185.617
19930.566
19932.217
20088.633
19806.416
19363.5
19052.816
19528.9
19652.75
19511.301
19848.883
19999.967
19783.883
19251.967
19865.949
19674.768
19580.084
19543.633
19466.75
19372.1
19541.482
18994.301
18902.084
18173.033
17364.217
16580.767
15792.75
15310.566
15104.017
15083.3
15091.55
16078.167
16662.75
16880.367
17393.482
17691.033
17731.283
17879.967
17769.75
17929.301
17344.084
17352.967
16606.15
17661.301
17606.684
17412.301
17335.551
17756.9
17983.416
18154.566
17871.816
18281.768
18509.949
18156.699
18249.416
18621.1
18588.75
18618.834
18782.684
18901.367
18883.816
18641.699
18323.684
19209.566
18982.617
18973.033
18571.15
19245.166
19379.084
19117.434
19309.617
19381.834
18910.35
19116.1
18767.15
19333.434
19226.684
19107.434
19025.416
19036.367
19281.018
18858.301
19449.816
19343.166
19429.949
19423.633
18981.283
19670.5
19667.551
19254.367
19411.416
20107.566
19820.883
19556.1
20038.949
20271.5
19891.684
19671.768
19784.949
19392.967
19572.283
19046.434
19260.018
19572.834
19452.35
19465.301
19953.217
19606.699
19791.816
19077.768
18966.217
19876.834
19657.551
19515.9
19657.416
19435.967
19556.283
19629.301
19321.15
19377.5
19378.084
19343.9
19282.883
19432.633
19100.883
19186.5
19031.617
19447.768
19163.816
19271.033
19214.949
19640.434
19239.416
19248.166
19201.416
19452.434
19712.684
19702.033
19572.482
19510.232
19370.018
19229.166
19516.482
19656.166
19778.883
19780.633
19350.482
20026.699
19832.883
19768.9
19304.217
19872.434
19758.217
19537.967
19391.684
19496.834
19634.35
19765.033
19649.084
19764.834
19456.883
19570.768
19718.816
19471.9
19562.15
19479.166
19345.35
19426.768
19566.35
19300.033
19218.75
19322.633
19609.15
18670.166
19431.15
19427.633
19311.416
18654.633
19005.551
19304.834
19471.018
19292.367
19364.551
19274.301
19436.883
19108.834
18998.283
19395.5
19154.617
19221.367
18884.551
19120.5
19144.883
18841.1
18720.084
19057.367
18635.684
18651.166
18441.084
18850.768
18679.15
18378.367
18647.15
18645.9
18369.084
18527.5
18700.416
18475.9
18396.551
18208.232
18261.482
18553.301
18217.883
18355.033
18002.018
18057.633
18100.883
18002.166
18097.283
17927.768
17830.684
17793.166
17730.75
18006.9
17944.75
17872.301
16945.482
17211.1
17146.883
16997.434
16382.95
16327.1
16374.283
15994.634
15367.35
15915.634
15790.884
14949.833
15309.017
15196.3
14816.017
14952.434
14406.95
14553.566
14363.75
14083.3
14223.35
14449.366
14337.684
14503.5
13278.816
14034.366
14141.15
13639.167
13968.417
14182.967
14265.55
13982.7
14380.217
14625.5
14657.816
14852.967
15250.55
15207.7
15067.017
15161.1
14934.616
14906.033
15098.884
15072.033
14507.283
14969.634
14784.75
14484.366
13901.684
14226.967
14010.017
13695.566
13626.483
13467.366
13552.083
13388.366
13244.483
13645.033
13626.75
13486.3
13507.417
13634.233
13451.35
13369.1
13261.083
13690.9
13516.15
13159.967
13614.483
14001.767
13751.95
13459.434
13649.083
13555.366
13643.483
13609.967
13463.217
13509.366
13295.75
12687.233
13257.283
13121.5
13254.15
13396.566
12914.75
13428.3
13273.283
12548.1
12826.017
13065.1
12915.15
12941.7
13231.083
13339.434
13317.083
13511.434
13440.35
13569.233
13407.75
13337.9
13033.083
13295.9
13359.684
13113.5
13106.684
13346.366
13321.616
13053.233
13487.816
13557.767
13714.283
13258.566
13465.417
13590.167
13574.816
13772.9
13078.55
13567.7
13424.55
13654.7
13206.95
13886.033
13632.616
13764.833
13417.55
13951.634
13883.95
13545.3
13335.55
13589.167
13316.616
13190.967
13456.75
13401.767
13231.816
12915.233
12884.217
13117.7
13311.283
13154.967
13316.417
13276.634
13129.283
12886.1
13111.217
13211.5
13082.75
13354.434
12742.283
13051.366
13334.283
13278.366
12983.884
13017.9
12560.816
12287.9
12731.417
12623.3
12689.483
11879.434
12422.884
12739.7
12576.55
12300.767
12647.684
12855.767
12466.083
12591.366
12439.15
12669.5
12325.15
12049.634
12025.483
12359.9
12301.483
11863.767
12183.95
12134.7
12299.884
12116.833
12175.884
12243.967
12112.017
11891.767
12135.95
12294.7
12166.15
12052.033
12394.55
12101.967
12202.75
12129.7
11927.616
12100.5
12082.816
11898.5
11766.483
11823.434
11911.884
11613.9
11535.283
11969.566
11981.017
11688.9
11725.816
11994.833
11963.616
11525.167
11591.15
11808.967
11601.017
11395.833
11780.217
11723.033
11524.15
11760.1
11519.816
11606.434
11531.283
11239.967
10892.816
11604.167
11241.684
11473.5
11273.017
11386.7
11201.217
11108.366
10967.684
11302.9
11195.417
11084.033
10831.417
11096.5
11134.884
10931.634
10894.017
11189.3
11166.083
10612.434
10779.95
11053.033
11044.684
10338.566
10548.55
10948.033
10895.684
10821.233
10474.55
11036.634
10904.083
10821.967
10541.616
10723.833
10548.95
10439.767
10592.083
10728.9
10536.684
10352.634
10413.816
10873.366
10858.816
10579.3
10365.417
10433.9
10597.684
10408.967
10211.017
10543.3
10463.616
10438.566
10082.15
10286.634
10395.75
10357.9
10159.95
10360.7
10187.483
10584.3
9871.884
10298.7
10241.816
10029.1
9593.15
10312.233
10253.35
10289.767
9937.017
10051.7
9897.75
10024.9
10116.884
10409.366
9631.95
9906.033
9681.684
9951.566
9316.95
8847.033
8155.283
7848.367
6952.817
6083.233
5427.15
4739.3
3949.55
3537.3
2851.017
3130.967
3026.483
2753.7
2986.15
3899.433
4140.55
4176.833
5205.617
5782.7
6098.75
6431.233
5782.483
6525.1
6120.883
5929.233
5562.683
5323.3
5406.75
5097.033
4846.683
5264.967
5342.283
5303.433
5119.55
5860.5
5654.617
5715.433
6337.417
6388.1
6651.283
6364.367
6857.283
7027.567
7027.283
7058.167
7320.55
7595.7
7669.817
7190.033
7462.75
8040.5
8045.417
7666.233
8168.95
8433.967
8578.817
8487.5
8517.684
9013.3
8979.35
8394.5
8538.35
9197.634
9308.616
9099.366
8849.616
9360.9
9180.017
9028.1
9028.35
9507.767
9281.083
8430.767
9325.15
9450.434
9516.75
9192.1
8987.816
9477.5
9421.15
9231.233
9140.15
9280.967
9408.684
8991.9
8824.017
9744.434
9315.217
9123.634
9143.217
9447.233
9355.283
9223.233
9193.884
9407.833
9364.283
9195.7
9158.35
9446.5
9438.884
9315.634
9181.283
9509.167
9438.483
8866.5
9048.616
9403.5
9320.95
8974.233
8876.75
9270.366
9133.616
9176.9
8945.15
9210.5
9338.483
9068.566
8568.95
9351.1
9246.483
9234.434
9065.35
9555.767
9267.884
9080.7
8873.616
9381.033
9141.95
8720.5
8568.15
9187.767
9124.884
9129.833
8541.884
9244.833
9074.884
8976.167
9047.816
9238.634
9206.483
9002.767
8931.35
9449.434
9240.616
8385.167
8759.15
9347.167
9107.816
9062.3
8939.884
9324.566
9222.95
8761.033
8558.75
9137.3
8979.75
8957.5
8839.35
9164.167
9129.816
8991.9
8508.35
9217.033
9128.816
8750.967
8443.684
9025.5
9165.417
8866.167
8765.95
9119.167
8754.083
8731.167
8818.15
8843.167
8738.684
8605.233
8430.816
9016.833
8868.217
8478.634
8424.95
8877.167
9015.35
8317.366
8370.483
8877.833
8773.15
8806.033
8569.816
8789.3
8702.217
8626.167
8323.35
8958.033
8743.95
8453.634
8434.15
8772.167
8677.483
8527.033
8033.282999999999
8652.167
8598.55
8501.3
7960.883
8753.567
8532.417000000001
8064.967
8494.35
8537.567
8465.082999999999
8045.367
8164.95
8327.233
8418.55
8168.567
8140.55
8423.5
8206.283
8190.1
7957.617
8255.1
8294.883
7805.5
7786.283
8285.1
8222.817
7927.7
7885.017
7940.567
8149.017
7673.367
7819.75
7893.433
7919.217
7739.367
7538.683
8089.5
7927.283
7577.833
7238.217
7811.167
7948.15
7768.033
7452.083
7817.833
7780.017
7073.5
7478.35
7923.367
7538.283
7404.967
7466.75
7684.5
7713.683
7337.233
7233.483
7586.367
7699.55
7559.967
7404.083
7740.1
7554.15
7246.033
7005.483
7595.9
7455.017
7674.167
7161.883
7647.967
7601.417
7090.367
7131.15
7602.1
7437.35
7239.233
7328.483
7579.633
7507.417
7089.633
7033.083
7636.367
7375.15
7236.5
7264.217
7505.233
7380.95
6934.3
6841.55
7173.5
7153.683
6635.433
6756.483
7248.5
7072.35
7251.233
6908.55
7262.167
7124.617
7339.7
6939.283
7150.033
7076.217
6729.767
6726.55
7152.3
7066.817
6577.367
6034.35
7002.5
7043.017
6593.833
6769.617
7001.967
6800.083
6642.567
6612.417
6970.1
6768.817
6590.1
6247.283
6822.5
6866.35
6145.1
6329.55
6883.833
6655.617
6411.967
6196.217
6767.3
6747.483
6665.033
6248.417
6808.1
6750.817
6680.833
6567.083
6753.3
6616.017
5376.433
5888.617
6639.633
6725.817
6359.967
6066.35
6587.233
6716.617
6063.9
6064.55
6494.633
6457.683
5991.833
6013.083
6496.1
6480.817
5822.1
5818.617
6355.367
6321.617
6063.3
6048.283
6271.233
6201.55
5810.833
6175.483
6284.167
6289.217
5771.167
6002.35
6382.167
6173.683
5704.633
5597.883
6187.3
6217.15
6049.5
5494.217
6263.567
6146.683
5479.167
5618.95
