269.33299999999997
75.283
-138.733
153.683
440.133
144.417
199.333
240.083
233.133
254.75
126.067
-169.05
209.933
212.817
15.866999999999997
-31.183000000000007
344.2
-8.450000000000003
53.067
369.41700000000003
429.867
190.017
462.467
163.55
277.933
201.817
216.0
-124.45
192.333
205.483
315.2
20.816999999999993
279.267
198.28300000000002
235.2
31.016999999999996
559.6
470.483
93.2
-58.117000000000004
245.0
128.21699999999998
-12.200000000000003
185.483
203.6
234.417
141.2
235.817
212.53300000000002
246.61700000000002
-38.333
39.283
612.067
284.15
-16.867000000000004
-255.983
427.4
445.75
29.066999999999993
36.882999999999996
373.467
434.017
389.133
222.35
417.933
364.75
150.8
319.683
390.933
391.217
318.733
-137.517
438.267
281.483
33.132999999999996
74.35
368.66700000000003
192.35
140.8
67.617
287.467
502.55
199.933
62.68300000000001
227.933
339.95
19.733000000000004
15.349999999999994
236.53300000000002
209.417
498.4
-5.25
183.13299999999998
212.75
336.467
-68.517
191.0
256.95
194.933
89.883
403.533
361.15
-230.46699999999998
25.683000000000007
394.8
303.817
215.333
213.35
465.067
290.817
-5.132999999999996
274.483
99.2
332.41700000000003
242.933
286.35
399.733
289.55
552.667
-229.25
316.33299999999997
371.35
103.867
374.683
378.267
462.883
248.8
103.083
344.8
250.55
-65.533
117.083
328.33299999999997
312.95
116.06700000000001
1.1500000000000057
415.4
441.883
54.733000000000004
-243.983
344.933
320.41700000000003
84.333
141.15
263.66700000000003
417.15
332.533
32.283
290.4
324.75
-291.66700000000003
-139.517
304.4
208.15
167.2
0.6830000000000069
328.33299999999997
272.08299999999997
49.867000000000004
221.35
401.8
301.683
234.53300000000002
-103.383
453.467
405.483
424.0
154.483
491.33299999999997
275.55
146.0
334.883
404.0
83.15
374.8
-167.45
136.333
234.017
0.46699999999999875
364.75
585.267
426.08299999999997
167.0
-82.183
488.66700000000003
158.417
450.0
25.882999999999996
385.66700000000003
366.683
316.2
385.95
509.33299999999997
350.35
427.8
310.55
335.0
225.95
385.067
-349.983
382.067
362.883
167.933
140.483
141.667
321.217
464.2
174.21699999999998
243.333
301.55
114.2
-197.25
270.133
386.283
458.2
184.28300000000002
391.6
297.55
47.333
-313.25
441.4
232.95
-61.2
21.683000000000007
260.133
190.483
-1008.533
-102.517
125.133
277.08299999999997
236.53300000000002
-61.783
562.0
397.55
251.46699999999998
69.283
251.933
226.15
-116.2
426.41700000000003
526.867
275.883
-187.8
39.81699999999999
305.533
314.283
-120.733
358.41700000000003
372.467
260.817
388.067
339.683
316.2
413.017
234.733
184.683
361.2
259.55
405.467
31.816999999999993
402.467
430.017
333.867
-71.85
221.53300000000002
324.95
72.4
-276.05
372.33299999999997
359.15
243.267
-122.917
345.8
339.483
211.4
89.75
358.2
361.08299999999997
-149.86700000000002
207.817
323.6
61.81699999999999
-157.333
162.61700000000002
262.733
222.21699999999998
319.8
168.417
264.067
513.083
97.733
173.483
369.933
534.817
386.4
176.817
222.333
277.817
90.0
489.35
345.33299999999997
217.817
-164.667
104.55
213.13299999999998
291.483
256.933
-2.25
541.667
555.283
29.799999999999997
287.41700000000003
370.6
353.483
231.2
101.683
345.133
388.483
77.4
126.283
289.133
328.217
173.067
299.35
474.533
440.35
404.4
111.15
561.867
180.75
388.0
-129.117
383.067
190.083
-87.733
299.483
339.467
214.083
542.467
410.75
385.533
274.08299999999997
640.0
90.81700000000001
381.2
306.283
-23.532999999999987
289.217
638.933
428.08299999999997
555.4
-34.18299999999999
452.733
377.41700000000003
389.86699999999996
207.083
359.733
537.683
-39.13300000000001
248.883
614.133
346.683
145.4
188.217
359.13300000000004
369.817
530.133
196.817
658.533
551.95
701.0
458.55
702.667
515.617
236.133
353.35
397.6
616.4169999999999
786.0
212.017
717.0
592.15
539.933
682.55
611.867
506.683
354.933
650.4169999999999
504.533
773.017
124.267
286.883
564.6
560.617
565.067
408.417
890.133
569.217
704.067
552.883
685.133
667.4169999999999
683.733
319.283
1015.733
484.15
574.2
512.617
854.2
535.883
703.3330000000001
605.217
608.6669999999999
875.683
780.2
683.95
621.867
868.95
640.933
448.083
949.733
733.0830000000001
626.6669999999999
573.283
566.533
664.75
780.8
656.0830000000001
876.0
781.683
558.6
523.617
680.267
789.617
677.0
577.35
905.933
485.35
738.533
476.283
668.4
570.283
746.133
843.75
727.133
477.35
778.0
963.617
449.4
865.083
707.733
754.283
777.067
762.55
606.2
972.617
1149.333
661.15
684.0
1270.017
913.067
1112.75
491.20000000000005
681.483
1155.667
994.617
1116.4
1197.883
727.267
700.683
818.333
789.617
1322.4
1157.35
630.933
1101.617
996.6
1218.417
1242.533
1073.017
981.4
1325.683
601.667
880.15
1001.733
1181.683
1491.2
1444.017
1369.867
1323.75
1122.6
1223.15
1239.467
1162.95
779.5329999999999
998.017
1344.667
1161.95
1417.4
985.817
1479.067
1386.617
1480.467
1292.417
1455.267
1381.083
973.0
1429.017
1280.6
1202.217
1135.733
1279.817
1255.467
1379.817
1266.533
1056.95
1377.2
1158.417
1137.267
1011.3499999999999
1475.2
1371.617
1304.733
1392.15
1494.6
1236.283
1214.4
1126.75
1380.6
1414.017
1289.867
1060.417
1538.533
1287.483
1320.267
1310.217
1451.067
1333.017
830.133
1278.083
1343.6
1426.817
1453.133
1626.217
1756.533
1558.15
1581.267
1562.817
1693.667
1757.217
1593.6
1682.75
1660.2
1685.417
1848.867
1709.683
2070.133
1556.35
1149.667
1401.75
1602.867
1901.683
1605.067
1720.083
2054.467
1875.217
1791.4
1722.35
1938.667
2004.55
2011.733
1743.15
2118.333
1800.75
1669.133
1585.083
1623.533
1555.817
1849.467
1223.683
1610.067
1741.417
1981.333
1613.75
1931.067
1826.35
2019.267
1839.083
1903.067
1981.95
1948.267
1868.95
2171.4
1748.617
2269.933
2036.417
2049.333
1971.083
1875.933
2080.95
2313.8
1670.617
1779.333
2105.95
2334.933
2068.483
2140.267
1888.083
1982.6
1852.417
1929.933
2071.017
2032.0
2345.617
2602.8
1892.683
2483.267
2453.55
2322.533
2234.417
2299.6
2171.883
2122.467
2427.283
2368.533
2162.35
1959.8
2094.017
2006.267
1989.75
2304.933
2187.55
2342.533
2563.083
2373.733
2509.15
2708.867
2461.817
2802.6
2628.017
2954.6
2729.283
2558.133
2808.483
2803.667
2699.017
2499.133
2656.883
2470.267
2565.75
2442.533
2632.083
2590.333
2387.017
2039.8000000000002
2317.75
2250.8
2281.817
2092.867
2047.8829999999998
2299.067
2057.883
1978.667
1703.283
2300.0
1868.35
2223.2
2227.883
2414.867
2898.083
2685.133
2962.55
2808.4
2998.15
3130.867
2734.617
2925.667
2874.683
2611.6
2518.017
2816.2
2660.483
2905.667
2475.817
2731.933
2794.883
2765.8
2934.417
2867.333
2942.55
3095.733
3040.017
3083.067
3088.35
2990.4
2720.55
3051.333
3094.283
2935.4
3197.683
3272.8
3142.417
3026.333
2745.417
3242.533
3131.55
3439.133
3740.483
3797.733
4152.017
4112.532999999999
3997.017
3915.533
3867.35
3965.067
3557.017
4111.532999999999
3803.35
3969.533
3888.35
4099.267
3629.417
3763.4
3923.017
3757.8
3812.483
3594.733
3308.35
3905.2
4014.55
3860.2
4066.617
4223.067
4226.283
4102.667
3854.683
4199.867
4148.282999999999
3623.267
3850.883
3809.2
4035.217
3914.867
4150.483
4315.2
4072.817
3946.6
3416.483
3686.067
3786.483
3831.667
3573.417
3960.4
3648.75
3696.467
3481.683
3397.6
3361.75
3269.533
3351.417
3369.6
3495.617
3272.533
3403.95
3163.867
3345.417
3458.333
3567.883
3865.267
4006.883
4122.0
4298.0830000000005
4082.267
4176.95
3750.4
4264.883
4043.267
4057.95
4583.4
4278.35
4974.667
4992.083
4895.467
5109.75
5700.6
5199.817
5330.733
4793.483
4959.333
4866.15
4456.133
4232.417
4266.6669999999995
4134.0830000000005
3928.0
4056.483
4525.6669999999995
4168.283
4442.4
4502.35
4972.267
4946.017
5086.533
4827.483
4656.733
4541.683
4166.3330000000005
4027.75
4113.867
3723.683
3579.533
3454.017
3512.0
3449.95
2844.133
3199.617
3183.4
2881.683
2542.867
3315.483
3346.467
3472.083
3788.067
3510.483
4315.3330000000005
4548.217
4618.4
4464.817
4560.133
4325.283
3986.0
4119.282999999999
4057.067
4235.683
4215.4
4039.817
4600.067
4278.283
4441.867
4322.75
4485.467
4433.417
4370.2
3814.683
4420.267
4280.55
4416.533
4359.95
4269.267
4295.0830000000005
4338.0
4326.083
5011.667
5061.617
5043.133
5307.283
5456.267
5528.75
5516.733
5349.283
5674.533
5419.617
5833.133
5450.483
5896.8
6310.883
5632.533
5873.217
5953.533
5737.15
5708.0
4985.15
4888.267
4344.083
4094.933
3204.017
3038.067
2539.617
2360.133
2362.017
2904.667
3182.083
3505.733
4026.617
4345.467
4582.35
4859.0
5297.617
5587.2
5992.283
5872.0
5852.35
6015.133
5453.883
5320.6
5043.15
4689.8
3905.35
3611.933
3329.35
3286.467
3662.483
3809.267
4358.55
5205.2
5488.15
5686.933
6529.283
6787.667
6887.15
7284.867
6980.75
7684.6
7743.417
8131.267
7851.083
7790.667
8246.417000000001
7978.867
8028.283
8176.267
8029.617
8261.0
8081.55
8712.133
8520.35
8642.332999999999
8414.017
8896.066
8747.483
8588.2
8690.483
9212.934
8997.75
8916.267
8724.217
8857.667
8396.884
8488.267
8650.017
8723.333
9161.35
8901.267
9006.684
9051.667
8752.15
8461.0
8233.75
8428.934
8718.15
8897.4
8790.35
8778.267
8783.816
8736.533
8613.417
8529.4
8521.083
8359.467
8437.616
8874.667
8620.017
8852.467
8504.884
8675.533
8873.483
8658.667
9053.684
9221.066
9202.083
9292.667
9380.616
9477.0
9797.483
10050.066
9863.684
9782.066
9722.417
9045.533
8543.283
8692.866
8629.55
8559.0
8476.95
8786.2
9024.15
9149.4
9761.417
9710.733
10309.55
10213.066
10261.217
10244.333
10675.083
10012.6
10164.017
10575.333
10131.884
10163.0
10374.483
10316.733
10133.017
10733.667
10254.75
10541.533
10507.217
10392.934
10141.017
10411.733
10271.684
10272.467
9693.684
10353.533
10202.417
10162.6
9775.816
10162.667
10501.217
10706.066
10356.083
10639.333
10693.816
10526.4
10498.083
10412.4
9436.483
9885.0
9906.35
10011.134
9522.283
10139.2
9969.417
10030.134
9745.816
9736.134
10093.884
10212.267
10131.55
10239.934
9969.684
9739.733
9737.616
9128.2
9397.616
10099.533
9885.483
10036.667
10352.95
10684.134
10766.684
10913.333
10573.884
10694.333
10847.816
10773.866
10354.417
10173.6
9684.55
9857.2
9099.483
9767.333
9978.017
9629.6
9630.35
10437.533
10396.35
9876.934
9900.35
10680.0
10883.75
10589.533
10415.417
10549.8
10599.75
10342.333
10263.217
10517.467
10299.616
10602.333
10902.483
10564.733
10787.95
11105.2
10245.417
10499.2
10332.483
9955.6
10216.884
9526.267
9804.017
9798.066
10747.75
10655.267
10501.35
10471.667
10041.884
10318.6
10302.483
10619.2
10287.017
10040.667
9516.55
9372.066
9089.15
8717.066
8642.017
8033.667
7895.083
7933.6
7900.35
8401.2
8791.684
9674.934
10292.816
11349.0
11499.017
12492.733
11680.75
11151.667
11599.684
11459.6
11317.017
12040.6
12161.217
12362.134
12177.684
12073.733
11469.417
11016.0
10711.884
10907.8
10856.95
12082.533
11555.95
12156.6
12241.283
12520.934
12562.616
12201.6
12936.217
13091.2
13682.417
13556.066
13710.75
13942.2
14286.684
13258.467
13511.017
12893.667
13187.95
13179.533
13594.75
13036.533
12826.217
12411.4
12219.816
12443.0
12156.483
11295.934
12143.417
11987.333
12772.816
12970.6
12994.816
13879.6
13540.483
13174.467
13438.884
13465.733
13260.283
13230.667
13412.15
13831.533
14227.55
14321.134
13968.684
14108.934
15695.95
14444.4
14490.217
14763.066
14181.483
14748.333
14721.35
15314.667
14769.95
14220.134
14539.75
14772.934
14639.15
14150.066
14057.55
15155.667
15550.884
15214.667
14580.217
14953.267
14720.083
14600.134
13774.75
14685.0
14501.35
14189.866
13517.417
14094.733
14332.283
14317.2
13938.616
14918.934
14962.95
14696.733
15102.884
15258.333
15966.816
15262.2
15070.75
15672.4
15209.217
15523.8
14660.75
15019.533
15714.55
15304.934
15405.884
15472.333
15043.483
15287.6
15666.083
16305.733
15993.35
15996.934
16174.417
16015.134
16412.75
16897.533
16462.417
16392.333
16021.283
15996.467
15503.95
15937.2
15561.55
15916.733
15263.483
14873.866
15108.816
14980.934
14701.616
15291.4
14833.417
14919.4
15058.283
15028.8
15074.55
14923.4
15463.95
15968.4
16331.15
15485.134
15567.083
15646.2
15076.483
15892.267
15516.75
16067.866
16051.816
16399.4
16440.55
16569.533
16812.283
16219.467
15814.483
17416.4
16821.217
16718.334
16977.75
17194.467
16062.15
16749.133
16021.417
17003.133
16723.35
16044.866
16565.217
16986.6
16765.883
16849.666
17790.75
17240.268
16649.416
16496.267
16239.884
16127.866
16680.684
17321.801
17238.75
17876.732
18008.949
18376.4
17938.883
17956.133
18364.949
18089.4
18089.084
18084.867
18218.15
18564.467
18259.617
18940.467
18706.883
18835.867
19258.816
19103.732
19056.018
18552.066
18727.217
19010.133
18603.883
18494.533
18270.018
18966.467
18670.883
19637.199
18904.551
18553.732
18987.75
19118.533
19872.283
19933.732
20051.15
19473.666
19706.217
19190.334
19377.018
19141.133
19498.084
19727.867
21490.617
19841.0
20699.816
21053.801
21218.949
20678.732
21984.551
21403.0
21747.883
22484.066
23187.018
21982.934
22526.551
21978.0
22275.283
23921.467
22347.482
22555.666
21717.35
21660.934
21797.75
22436.467
22324.15
22806.666
23528.283
23001.268
23788.35
24406.066
25077.482
25104.199
25234.084
26040.934
26698.35
26070.133
24727.018
25553.732
25735.416
24978.4
25565.949
26156.867
26209.551
25996.6
26463.883
27127.4
26370.217
27834.066
28526.617
28121.934
27536.482
28634.6
28496.482
28494.6
28214.35
28604.6
28755.551
28459.666
28561.35
28147.732
28433.416
29307.801
30032.15
30443.199
30772.684
32152.334
32414.416
31831.533
32493.15
32534.732
32266.617
32295.4
31322.75
32258.4
31513.084
31410.066
33043.285
33580.0
33866.484
33988.668
34175.816
34937.398
34057.418
34314.668
33725.949
34033.734
34311.816
33790.734
34483.082
35192.332
35580.418
35655.535
35858.684
36308.734
36262.551
35745.199
36017.215
35833.934
35944.551
35303.0
35938.352
35990.465
36183.215
36564.867
36066.617
35930.668
36165.215
36231.934
36266.016
36360.934
36684.418
36372.398
36600.484
36817.734
36633.75
35448.535
34904.75
33240.0
31860.15
30926.6
30540.482
30483.268
30956.15
30948.199
32280.617
33895.199
34428.484
35056.934
35159.215
35440.066
36363.617
37335.734
36954.285
37639.535
37697.148
37298.133
36494.215
36228.066
36514.418
37092.199
37368.484
37876.398
38482.215
39364.066
39918.551
40041.867
40125.215
39344.398
39181.016
38695.668
38994.418
39080.133
39019.148
39036.332
38293.148
37870.934
37718.352
37118.133
37244.484
37547.332
37330.75
38752.465
38966.418
39312.133
39981.285
40145.668
39300.816
39488.199
39082.883
39157.266
39539.418
39871.266
40354.215
41347.133
41157.551
41757.199
41238.816
41256.734
40849.016
40055.066
40216.484
40179.465
40360.75
40078.734
40381.352
40974.535
41297.684
40780.199
40926.418
41913.199
41416.949
41785.465
41029.617
41682.801
41125.352
40181.535
39702.148
39313.867
39248.285
39471.0
39757.418
40172.934
41388.352
41095.0
41930.484
41321.332
41393.285
41182.535
40730.016
40400.867
39986.816
39309.0
39468.418
39465.602
39231.551
39454.0
39437.352
39121.199
39253.352
39121.934
39203.484
39757.867
40218.484
40138.602
40663.551
41371.066
41599.082
41563.266
41860.352
41629.133
41566.484
40846.398
40398.082
39865.801
40153.148
40590.602
40305.75
41129.199
41460.285
42103.668
42326.285
42353.934
42262.418
43097.602
43435.215
43968.266
44101.215
43735.332
43535.551
43298.332
43308.75
42556.398
42356.75
42449.332
42459.285
42109.398
42044.285
41144.066
41704.016
41318.867
41718.684
41600.332
42575.418
43054.199
43657.816
44041.332
44338.75
43388.199
43493.215
42913.934
42990.285
43311.602
42964.684
42974.332
42575.816
42985.602
43323.617
43334.734
43570.883
43559.332
44069.418
44543.398
45336.418
44572.0
44391.352
43740.199
43735.148
42896.867
42908.883
42801.199
42586.215
43179.0
43363.75
41546.465
42726.285
42595.801
42262.484
42439.465
42188.617
42053.398
42346.816
42902.602
43245.816
43277.668
43179.551
43322.734
44072.352
44162.734
44427.418
44151.668
43552.418
42222.867
40645.352
39773.266
38301.352
36603.0
36116.684
36808.332
37800.082
40175.199
40830.484
40177.934
40295.215
40574.801
39927.418
40370.332
39831.418
39316.734
40216.352
41446.266
42456.883
42401.535
42810.816
42998.066
43500.684
44277.199
43782.082
43675.734
43738.75
42910.668
43445.418
43896.934
43938.148
43766.332
44560.148
45008.0
44976.551
45056.398
44345.082
44195.332
43895.75
44133.199
43803.352
43031.133
42819.285
42308.602
43393.418
44166.602
44938.352
44626.668
45279.484
46187.801
46555.484
45963.734
45535.551
45922.734
45286.883
45184.0
44496.352
45169.0
45762.816
45195.668
44899.215
44587.465
43427.484
42764.0
41198.617
39950.668
39622.352
39698.266
40114.215
40615.934
41814.215
42076.0
43425.816
43682.332
43790.352
44459.602
44656.285
45105.398
45302.684
45429.734
45932.684
46799.934
46136.883
45774.934
44943.285
44789.0
44645.484
44468.801
44524.082
44539.668
45241.75
46288.801
46325.016
46284.801
46340.418
46216.332
45965.949
45888.0
45900.684
44747.535
44152.082
43828.867
43100.551
42316.465
41828.418
42144.535
42460.016
42926.734
43348.082
44070.266
44152.883
43883.734
43788.418
43900.332
43651.883
43217.266
43339.285
43782.602
44313.75
44436.133
44480.418
45047.465
45622.418
45521.867
45574.551
45356.734
45160.949
44482.133
43716.285
43324.867
42534.352
41488.801
42785.285
42639.734
43001.949
43215.0
43851.684
43900.398
44303.617
43771.398
43825.684
44232.465
43676.082
43580.266
43372.816
43293.133
42954.484
42206.332
41793.883
41912.199
41982.816
41466.734
40823.617
41158.398
41000.215
40703.602
40744.215
41006.398
41293.352
41505.602
41961.949
42159.801
42649.684
42317.734
42191.484
42613.199
42550.285
41360.934
42105.949
41686.867
41727.285
41927.602
41316.016
41365.867
42274.684
42413.602
42887.484
42687.332
42829.352
42752.602
42453.816
42914.734
42415.484
41870.535
41823.816
42169.934
42577.883
42767.066
41978.484
42167.332
42021.617
41675.602
41937.215
42093.133
41921.617
41752.867
41903.75
41645.801
41797.883
41243.668
41009.285
40826.199
40796.148
41032.398
40618.016
41525.668
41728.75
42207.133
41580.215
41757.535
41796.617
42077.535
41918.285
41686.668
41861.75
41810.668
41610.949
41619.535
41680.551
41317.199
40831.949
41279.398
41361.016
41507.266
41410.016
41636.266
41641.285
41471.133
41878.082
41933.133
42165.551
41376.066
40919.617
41169.332
40603.285
40667.668
40435.949
41033.133
41509.684
41375.535
41186.418
41505.199
41486.883
41714.133
41592.816
41664.535
41982.352
41749.0
41778.883
41953.668
41971.352
41847.934
41741.418
41065.934
41209.484
40415.066
40660.215
40766.801
40656.215
40325.734
40442.418
40422.668
40286.949
40369.734
40767.484
40379.332
40994.75
40730.398
40728.551
40146.465
39733.684
39392.602
39544.883
39129.801
39161.484
38784.668
39469.684
39619.199
39643.684
39502.734
39119.215
40210.602
40451.418
40722.602
40792.082
41399.199
41534.016
40893.535
40666.352
40514.535
40479.215
39654.535
39820.016
40022.266
40014.484
40393.066
40319.484
40744.266
40644.285
40753.266
40556.352
40829.801
40487.016
40240.465
39682.949
40329.133
40394.148
39539.867
40434.617
40065.668
40405.551
40600.133
40088.215
40389.199
39954.352
39177.066
38744.484
39207.465
38979.75
38671.066
39064.883
39117.734
40166.816
39831.867
40496.551
40718.535
40416.285
40297.133
40649.551
41044.465
40495.148
39952.602
39737.352
39771.133
39229.352
39030.535
38952.352
39567.867
39632.551
39592.602
39501.016
40141.199
40220.285
39834.668
39551.551
39555.398
39171.418
38471.934
37995.816
38042.602
38048.816
37675.398
37995.215
38359.734
38894.148
39091.535
39246.816
39570.801
39828.883
40177.535
40119.352
40263.066
40063.148
39859.734
40340.148
39725.734
40211.016
39898.199
39439.949
40023.465
39888.816
40107.934
39726.215
39544.133
39498.484
39499.199
38895.285
39064.465
38803.75
38632.332
38857.75
38566.066
38355.617
38325.465
38210.816
38987.266
39283.215
38438.465
38618.816
39176.867
39047.285
38937.801
39432.484
38937.734
38637.684
38519.734
37734.484
38203.0
37474.684
37634.199
37545.418
37498.734
37971.883
37765.199
38101.285
37995.398
37942.883
38277.465
38191.684
38512.535
38431.949
38034.133
38052.285
38257.934
38416.082
37536.668
37891.816
38082.266
38124.684
37474.199
37923.949
38582.934
38203.082
37939.602
38709.551
38816.398
38677.082
38336.602
37984.617
38516.199
38075.484
38236.801
38213.082
37956.535
38086.551
38030.0
37759.016
38092.398
37893.551
37197.465
37364.215
37667.602
37458.949
36845.398
36879.215
36563.535
36401.684
36219.266
35820.285
36402.332
36440.617
36074.332
37010.285
36909.465
37176.285
37079.465
36788.75
37313.332
37129.484
36766.801
36298.484
36760.066
36978.684
36121.867
35375.148
34690.266
34013.285
33443.934
32822.816
32449.199
31864.883
31384.6
32543.883
33111.535
33171.148
33717.801
34418.75
35547.801
35259.082
35693.535
35475.352
35417.801
35638.75
35180.867
35063.617
35178.867
35178.285
34783.266
34871.285
35069.602
35297.75
35035.668
34792.75
35171.332
34918.949
34937.066
34720.418
35146.266
35109.75
34763.332
35289.75
35153.734
34960.484
34580.332
34322.684
34405.332
34303.215
34190.867
34367.082
34182.133
34546.551
34579.734
34343.551
34558.398
35059.883
34772.934
34539.684
34774.934
34901.082
34726.0
34914.883
34792.199
34425.75
34202.332
34130.418
34309.266
34184.148
33495.535
33853.215
33744.133
33947.082
33783.668
33639.949
33762.066
33902.016
34176.535
33739.883
33920.867
34195.684
33629.398
33876.215
33882.801
33775.617
33245.266
33377.418
33249.332
33368.684
33390.668
33293.684
33159.332
33192.949
32604.334
32939.482
32701.199
33025.084
32523.6
32862.883
33477.133
33129.617
33519.398
33478.484
33367.801
33792.617
33582.668
33585.883
33653.602
33501.285
33714.066
33540.816
33682.934
33400.883
33694.535
33407.215
33846.465
33171.148
33327.133
33084.082
33261.934
33445.016
32975.133
32866.949
32945.666
32919.285
32936.532999999996
33016.285
33075.4
33183.484
33132.801
33046.75
32965.133
32654.416
32202.066
32139.75
32355.934
31817.551
31540.0
31685.883
32084.066
32040.617
31555.066
31580.684
31989.6
31794.482
31465.732
31213.084
31523.0
31311.15
30921.4
30438.35
30780.867
30882.084
30844.533
31148.217
31013.066
31009.551
30437.268
30678.35
30289.666
30196.883
29423.199
29360.018
29343.199
28929.75
28920.533
28255.35
28615.6
28308.283
27743.199
27026.15
26910.801
27035.75
26895.801
26252.35
26498.334
26446.949
26676.666
26768.482
27387.0
27747.084
28513.934
29200.482
29328.199
29510.15
29538.533
29795.551
29568.0
29174.883
29325.0
29091.018
29348.801
29101.75
29360.4
29471.283
29780.334
29704.883
29900.801
29814.35
30270.467
30135.482
29842.6
30108.283
30423.867
30215.883
29938.268
29686.949
30061.0
29898.15
29666.066
29600.217
29712.334
29730.551
30146.4
29355.217
29878.066
29870.551
29913.533
29681.883
29974.6
29752.482
29403.533
29416.684
29481.6
29699.018
28973.666
28919.15
29113.334
28851.617
28753.666
28969.551
29051.133
28758.018
28687.133
28463.084
28417.199
28422.018
28520.268
28491.283
28437.934
28422.551
28396.6
28342.883
28146.801
28184.084
27996.732
27473.217
27846.199
27391.018
27508.066
27485.617
27656.066
27395.482
27539.533
27471.35
27481.732
27902.15
27617.934
27955.684
27784.533
28007.75
27792.867
27257.35
27443.066
27291.217
27142.0
27327.482
27191.867
27200.35
27229.801
27107.018
27518.801
27963.35
27532.533
28060.283
28151.732
27939.551
28058.066
27783.816
28027.066
28128.75
28299.533
28474.084
28523.6
28891.217
28774.268
29116.949
29463.0
29765.75
29216.4
29114.75
29452.066
29919.617
29715.334
30198.883
30373.801
30763.949
30561.801
30677.217
30577.801
30310.684
29592.4
28609.949
28080.867
27748.883
27470.467
27217.883
26940.533
27019.883
26895.533
26744.217
26968.732
26878.684
26917.732
26845.816
27233.533
26953.15
26835.4
26470.883
26503.199
26668.416
26269.801
26543.883
26366.0
26646.551
26652.268
26726.617
26806.934
27034.018
26657.801
26794.283
27160.066
26943.617
26400.334
26686.949
27053.334
26881.482
26491.133
26772.283
27028.934
26461.416
26892.268
26212.949
26536.666
26215.949
25978.6
26094.949
25958.732
26059.416
25853.0
25383.15
25989.133
26067.949
25731.867
25716.084
25942.801
25731.416
26102.4
25527.617
25703.268
25784.551
25913.199
25899.018
26014.867
25770.617
25855.801
26028.883
26249.199
25837.883
25420.066
25460.15
25711.199
25850.416
25518.934
25687.416
25532.0
25745.883
25515.801
25497.482
25588.801
25504.949
25079.533
24874.684
25465.199
25297.283
24803.934
24697.816
25173.334
24812.217
24771.4
24846.949
25100.334
24823.75
23853.066
24670.217
25090.133
24654.283
24606.666
24227.816
24522.0
24612.949
24837.334
24782.883
24716.867
24442.018
24431.867
24452.018
23884.801
23733.15
23190.0
23466.75
23035.066
23423.283
22978.0
23048.949
24297.334
24067.551
24061.666
24638.551
24483.199
24584.416
24134.199
23924.217
23753.4
23803.018
23560.867
23595.816
23698.732
23724.15
23294.0
23487.15
24201.732
23720.684
23165.666
23522.217
23785.334
23854.018
23531.268
23670.482
23830.467
23499.551
23134.0
22781.617
23179.467
22766.684
22696.0
22247.35
22288.199
22360.482
21704.666
21235.75
21128.934
19786.018
19070.467
18285.551
18411.0
18438.217
18516.334
18738.551
19509.199
20334.482
20826.732
20862.35
21055.934
21692.15
22141.0
22083.217
21723.4
22185.949
22082.133
22160.35
22189.533
21752.684
21454.934
21352.217
21779.666
21666.551
21225.467
21912.35
21808.467
21978.15
22118.867
22002.816
22114.4
22068.949
21761.467
21934.018
21999.199
22193.883
21759.199
21773.416
22179.6
22260.35
22152.6
22197.35
22332.934
22345.416
22181.133
21673.283
22146.533
22113.018
21770.666
21576.617
21823.666
21971.617
21769.199
21349.75
21579.4
21905.084
21253.268
21919.75
22054.732
21979.15
22432.199
22145.482
22277.4
22226.35
21989.0
22169.816
22100.666
22047.283
21659.4
21737.684
21761.133
21826.617
21735.934
21795.482
21988.133
22043.883
21747.467
21498.217
21855.066
21702.75
21881.133
21445.018
21969.6
21832.883
22008.934
21949.35
22079.801
22002.416
21520.867
21227.551
21822.934
21680.816
21825.732
21467.482
21374.4
21474.416
21385.801
21684.482
21446.199
21429.084
20867.867
20896.684
21012.533
21311.15
20404.268
20700.684
20930.4
20915.018
20688.268
20521.35
20957.066
20885.018
20674.268
20805.482
20849.533
21068.283
20350.801
20583.283
21081.0
21086.217
20726.934
20594.482
20734.133
20903.217
20544.801
20523.949
20673.133
20641.617
20036.066
20382.084
20354.268
20175.217
20131.0
20279.684
19953.934
20695.416
20096.0
19957.084
20092.268
20144.617
20006.0
19451.283
19972.732
20007.217
19714.801
19447.883
19933.133
19815.15
19672.6
19180.684
19708.268
19732.15
19648.4
19683.684
19327.199
19613.018
19437.467
19015.084
19290.0
19109.75
19124.4
18660.617
19058.066
18997.283
18350.133
18069.883
18771.801
18600.217
18396.666
18302.949
18546.6
18400.949
18064.732
18019.949
18651.6
18351.816
18201.666
18025.15
18477.467
18080.283
17900.934
17823.949
18417.867
18203.551
17951.268
17930.217
18076.934
17789.018
17373.867
17109.949
17585.934
17695.283
17595.533
17863.018
18007.268
17870.416
17243.732
17956.35
17702.934
17642.949
17586.867
17501.949
17454.533
17563.551
17125.199
17097.084
16502.866
15773.95
15081.533
14393.217
13990.733
13829.75
13820.333
13762.483
14678.066
15163.55
15316.6
15755.816
16063.733
16111.483
16206.533
16116.816
16251.533
15709.35
15730.2
15007.017
16043.8
15986.35
15750.866
15670.417
16094.866
16287.017
16454.2
16120.35
16547.4
16754.217
16394.6
16481.15
16818.0
16846.883
16832.732
16930.684
17051.533
17079.684
16813.801
16445.018
17354.0
17106.75
17052.801
16653.084
17329.334
17473.75
17174.4
17416.283
17434.801
17015.949
17149.334
16852.018
17382.268
17263.949
17187.066
17109.551
17119.268
17350.617
16951.268
17455.018
17425.467
17486.482
17393.4
17030.617
17734.268
17688.217
17242.6
17392.551
18092.867
17825.551
17559.732
18063.816
18275.133
17939.617
17669.199
17801.75
17460.934
17625.416
17101.533
17282.15
17594.6
17492.283
17504.334
17932.883
17619.133
17758.75
17123.6
16979.217
17877.801
17683.816
17492.133
17637.35
17488.066
17572.482
17701.133
17391.949
17432.467
17404.15
17326.334
17285.617
17456.666
17170.35
17223.533
17105.018
17490.199
17239.551
17341.801
17285.883
17692.334
17272.283
17335.133
17236.684
17479.467
17710.75
17708.199
17604.35
17537.0
17415.75
17271.732
17519.15
17669.867
17732.551
17744.6
17391.75
17988.867
17871.416
17781.334
17315.018
17887.133
17771.684
17537.066
17466.551
17530.867
17673.018
17830.066
17688.684
17780.732
17505.35
17581.133
17792.684
17478.199
17583.15
17473.268
17326.416
17449.199
17539.617
17324.6
17288.482
17408.133
17654.283
16715.066
17485.018
17482.533
17421.75
16706.268
17103.482
17394.867
17519.551
17327.666
17382.684
17348.467
17489.75
17206.199
17066.482
17451.334
17217.684
17308.0
17011.15
17222.666
17239.75
16880.666
16869.217
17182.268
16770.217
16769.732
16589.416
16952.867
16823.949
16468.801
16781.283
16755.334
16526.35
16674.867
16838.684
16654.4
16615.017
16361.267
16399.018
16684.801
16389.884
16504.0
16161.884
16238.4
16313.816
16145.8
16285.35
16106.6
16035.616
15991.4
15932.55
16172.2
16124.15
16070.134
15212.083
15497.0
15428.417
15286.467
14694.083
14638.2
14704.35
14357.733
13787.35
14319.733
14184.884
13348.6
13736.083
13673.2
13329.95
13470.667
12916.083
13091.533
12908.684
12648.134
12788.616
13015.467
12888.884
13051.6
11830.417
12621.533
12675.017
12228.667
12525.616
12766.134
12848.283
12547.467
12960.217
13151.4
13157.616
13342.267
13726.884
13719.934
13528.75
13623.533
13415.884
13374.6
13591.75
13582.8
13013.55
13487.066
13317.017
13023.4
12449.884
12838.267
12613.283
12288.066
12268.483
12092.333
12178.616
11995.267
11863.017
12268.333
12262.35
12104.533
12124.483
12242.066
12088.616
11963.467
11905.217
12315.333
12126.083
11789.6
12233.684
12596.8
12373.017
12071.8
12249.15
12202.134
12240.283
12191.134
12092.283
12180.134
11911.15
11346.066
11918.217
11782.066
11915.55
12023.667
11534.75
12064.8
11956.283
11209.733
11540.95
11736.267
11594.884
11616.934
11868.283
11982.4
11977.15
12146.866
12072.283
12180.267
12025.35
12000.333
11695.35
11952.066
12049.15
11730.733
11800.75
11988.267
11961.55
11696.934
12151.884
12208.134
12321.816
11896.733
12104.217
12222.2
12193.017
12394.2
11701.816
12177.533
12058.55
12245.333
11853.417
12518.6
12252.017
12401.467
11999.083
12550.8
12492.55
12172.066
11965.75
12221.333
11984.283
11883.467
12120.083
12048.533
11923.417
11582.533
11547.417
11814.066
11989.684
11820.333
12004.417
11955.8
11800.017
11573.866
11815.884
11887.0
11772.55
12020.333
11404.35
11755.6
12033.217
11969.6
11678.417
11689.2
11298.616
11025.866
11498.684
11357.533
11421.483
10616.134
11176.217
11487.667
11309.083
11040.4
11368.283
11616.0
11206.35
11371.4
11170.483
11445.467
11088.017
10839.6
10834.083
11135.467
11084.15
10638.467
10954.017
10939.467
11088.684
10895.134
10946.55
11032.733
10860.616
10696.2
10935.417
11062.333
11006.35
10816.467
11164.15
10892.8
11010.884
10907.134
10693.083
10920.467
10869.15
10713.6
10574.684
10638.066
10726.35
10428.4
10322.95
10811.6
10786.95
10503.667
10570.15
10783.6
10816.417
10370.733
10430.417
10651.6
10430.483
10226.8
10655.75
10612.533
10364.95
10612.667
10368.95
10450.533
10395.684
10139.134
9768.483
10466.667
10143.616
10332.0
10176.816
10285.066
10048.483
10025.066
9843.884
10206.733
10117.15
9988.533
9721.283
9983.134
10047.083
9843.866
9815.017
10103.134
10063.283
9549.533
9725.55
10012.333
9997.684
9287.533
9450.283
9889.667
9851.017
9719.134
9392.95
9965.866
9839.017
9753.8
9498.417
9663.8
9507.217
9339.866
9502.083
9681.866
9501.283
9334.934
9375.15
9831.467
9806.483
9582.934
9305.017
9396.2
9563.35
9369.866
9187.35
9528.267
9423.75
9433.467
9115.616
9284.467
9381.55
9352.934
9171.616
9350.733
9184.55
9588.066
8892.884
9348.333
9250.884
9035.333
8588.816
9296.134
9269.083
9291.0
8981.816
9086.533
8909.616
9018.134
9167.417
9437.8
8661.616
8938.934
8733.616
8996.6
8451.616
8041.733
7418.283
7226.8
6435.483
5680.267
5136.283
4527.733
3811.283
3430.867
2799.417
3103.4
3018.617
2723.8
2930.95
3794.0
4002.75
3957.267
4923.15
5421.4
5699.483
5990.333
5358.35
6115.067
5742.017
5586.733
5225.95
5039.467
5142.75
4832.933
4602.017
4977.2
5070.083
5010.133
4793.483
5509.667
5291.417
5311.667
5941.55
5967.733
6202.15
5874.733
6379.75
6522.333
6507.017
6498.133
6749.683
7005.8
7046.817
6570.0
6843.35
7376.2
7385.217
6944.333
7442.617
7681.867
7826.083
7732.333
7747.15
8196.2
8182.883
7556.6
7686.617
8386.0
8481.017
8285.8
8016.55
8533.0
8355.283
8158.6
8147.35
8613.933
8418.15
7571.667
8438.017
8558.867
8683.483
8326.733
8124.283
8626.8
8539.283
8338.4
8243.75
8391.866
8514.15
8083.267
7936.017
8847.267
8441.55
8230.867
8270.217
8569.933
8481.683
8331.867
8329.483
8534.6
8500.884
8295.066
8271.95
8564.733
8538.884
8403.467
8274.217
8600.667
8532.95
7971.6669999999995
8207.884
8500.733
8422.55
8059.2
7998.017
8388.133
8280.883
8305.467
8073.683
8345.867
8447.417000000001
8149.933
7704.35
8508.332999999999
8368.75
8364.267
8189.083
8667.0
8403.217
8236.6
7998.283
8497.133
8293.75
7847.133
7716.283
8339.332999999999
8274.017
8266.667000000001
7686.95
8377.867
8231.95
8079.467
8177.283
8357.733
8348.617
8138.667
8054.15
8567.133
8408.817
7546.067
7907.883
8471.6
8259.883
8217.867
8069.083
8467.733
8362.683
7915.867
7716.75
8272.267
8127.95
8106.6
7981.217
8291.667000000001
8279.883
8123.067
7662.417
8341.467
8285.082999999999
7924.6
7630.217
8224.733
8346.683
8031.533
7964.417
8273.133
7925.017
7897.667
8023.417
8003.2
7942.817
7801.667
7628.95
8159.267
8031.417
7669.2
7586.217
8047.0
8196.617
7492.0
7582.75
8057.933
7988.417
8003.2
7755.15
7972.733
7886.75
7833.867
7529.75
8153.6
7933.35
7638.067
7629.75
7987.733
7897.15
7720.667
7245.75
7866.2
7824.883
7696.867
7193.95
7958.333
7763.15
7270.867
7699.017
7746.867
7682.417
7272.533
7380.817
7552.8
7678.95
7406.133
7377.683
7654.067
7423.55
7425.2
7223.017
7509.8
7552.683
7080.0
7028.483
7489.8
7482.15
7175.333
7153.883
7200.2
7397.217
6920.467
7092.283
7160.2
7204.883
7035.4
6811.417
7370.6
7255.15
6848.267
6523.55
7083.333
7264.55
7062.0
6770.75
7102.067
7076.35
6385.467
6801.817
7226.4
6866.483
6706.667
6756.017
6993.467
7010.35
6656.2
6520.017
6931.933
7032.483
6831.6
6759.017
7063.4
6853.283
6578.667
6326.217
6934.333
6777.75
6989.533
6496.017
6967.333
6938.417
6413.067
6472.617
6924.2
6782.95
6574.067
6659.75
6931.733
6836.217
6421.467
6393.35
6978.333
6716.083
6571.067
6621.217
6851.667
6716.55
6277.067
6183.95
6557.867
6521.55
6001.933
6147.55
6616.867
6444.017
6629.667
6297.283
6627.0
6505.483
6702.467
6320.55
6538.533
6452.35
6097.267
6091.883
6547.0
6450.883
5971.4
5448.083
6394.733
6419.283
5957.267
6165.15
6415.733
6182.417
6034.667
6001.617
6370.533
6200.55
5983.733
5658.35
6227.133
6286.417
5551.8
5730.883
6285.467
6082.15
5813.733
5609.483
6194.467
6174.75
6079.267
5659.75
6254.867
6155.883
6112.933
5973.883
6177.333
6048.817
4828.8
5312.683
6064.667
6152.017
5775.133
5527.15
6023.467
6143.883
5490.4
5511.417
5921.067
5919.15
5427.067
5478.083
5962.933
5922.617
5281.4
5275.617
5817.4
5793.617
5516.067
5526.75
5763.4
5687.55
5263.2
5666.95
5735.667
5770.883
5233.867
5498.617
5859.133
5653.617
5187.067
5090.017
5685.733
5690.55
5516.8
4969.883
5759.6
5634.817
4956.067
5096.617
