285.7
72.683
-122.967
161.017
450.233
138.88299999999998
223.767
244.28300000000002
243.96699999999998
252.817
125.633
-167.65
210.36700000000002
222.28300000000002
31.900000000000006
-33.849999999999994
356.633
1.816999999999993
71.833
372.683
434.9
188.483
468.433
156.21699999999998
284.16700000000003
205.95
224.63299999999998
-117.05
206.03300000000002
205.483
336.5
33.083
297.233
204.75
250.9
26.217
560.3
481.817
97.233
-58.382999999999996
253.5
132.35
-4.832999999999998
201.35
209.63299999999998
238.61700000000002
147.3
233.21699999999998
223.233
253.483
-37.766999999999996
38.68300000000001
616.367
288.41700000000003
-7.900000000000006
-253.45
445.1
442.283
43.766999999999996
47.150000000000006
392.7
441.883
392.033
238.083
424.3
369.35
160.567
333.883
400.3
399.817
330.433
-131.78300000000002
451.433
292.483
36.766999999999996
84.683
391.567
197.417
157.1
66.75
312.1
511.617
203.7
60.417
245.567
352.75
33.56699999999999
18.483000000000004
248.767
213.417
507.567
1.0829999999999984
183.767
222.35
347.433
-59.849999999999994
208.5
264.883
198.567
94.217
420.967
375.017
-224.233
33.55
405.3
309.41700000000003
232.63299999999998
217.017
474.5
289.017
10.566999999999993
285.817
114.9
321.35
256.3
282.883
406.633
291.017
557.433
-221.983
338.233
382.55
115.967
363.15
397.16700000000003
466.75
268.433
101.417
351.9
246.75
-54.833
111.083
346.433
311.95
135.7
7.882999999999996
426.9
452.35
71.167
-237.85
365.967
322.883
89.9
149.683
280.033
417.95
345.767
46.483000000000004
302.367
337.15
-266.767
-139.45
313.83299999999997
206.75
179.96699999999998
-4.716999999999999
335.5
266.017
56.033
229.35
412.567
302.75
254.9
-104.117
464.9
411.75
445.233
162.95
504.16700000000003
286.017
170.1
349.35
411.16700000000003
81.017
374.633
-160.85
147.63299999999998
233.15
8.233000000000004
373.617
593.233
431.283
164.7
-82.583
496.9
154.21699999999998
463.7
29.283
396.633
352.217
331.1
387.617
520.9
358.95
429.967
309.55
340.033
235.28300000000002
396.767
-350.717
394.633
360.017
180.1
144.083
147.7
326.15
480.83299999999997
179.083
253.7
299.883
120.1
-187.583
282.7
394.817
472.567
202.21699999999998
395.767
311.483
55.833
-307.517
444.567
241.88299999999998
-49.43300000000001
22.349999999999994
264.433
194.28300000000002
-1000.367
-89.317
138.167
269.55
253.03300000000002
-56.650000000000006
568.233
400.283
264.367
79.683
265.433
235.083
-108.233
429.017
534.567
277.217
-182.1
44.882999999999996
326.16700000000003
321.15
-108.3
353.483
391.233
258.75
400.5
351.55
341.567
412.75
251.9
186.417
381.633
258.217
419.9
32.75
400.16700000000003
429.15
348.83299999999997
-69.783
229.36700000000002
317.55
88.767
-280.383
380.567
350.08299999999997
266.5
-115.917
351.16700000000003
348.617
222.5
86.417
369.967
355.08299999999997
-155.3
211.35
340.433
70.217
-138.03300000000002
160.61700000000002
268.367
218.817
322.767
174.55
270.233
524.817
107.033
178.15
388.033
546.15
395.83299999999997
176.21699999999998
229.167
291.75
96.633
497.483
362.767
212.21699999999998
-151.167
112.483
224.433
294.883
270.367
-2.5829999999999984
549.967
564.283
37.833
296.683
381.7
353.883
240.167
103.483
346.033
396.883
84.3
137.683
306.367
333.95
189.96699999999998
305.017
481.83299999999997
443.35
413.5
108.817
576.433
188.017
397.433
-136.85
375.767
184.61700000000002
-74.43299999999999
303.15
356.1
211.683
562.167
402.55
404.967
289.283
657.3
98.35
402.433
314.35
-13.5
294.683
663.767
430.75
560.633
-34.583
461.7
387.483
408.83299999999997
225.217
374.233
543.617
-17.167
249.083
643.5
355.95
176.033
199.683
380.9
382.08299999999997
544.9
209.15
674.767
571.817
730.167
463.483
728.9
540.483
266.633
372.683
416.233
636.017
809.7
242.017
752.033
626.75
582.7
710.283
643.967
536.283
392.033
687.483
527.3
803.35
160.5
321.483
599.3
579.217
609.1
447.817
923.3
602.883
765.633
589.0830000000001
731.233
699.95
720.233
344.083
1056.633
510.35
615.9
548.217
890.967
573.283
748.367
657.883
658.633
915.95
830.033
712.883
678.033
919.017
681.433
490.817
992.367
782.55
675.5
624.883
612.433
721.683
832.233
703.883
932.1
831.683
617.167
561.35
725.5
838.017
730.033
623.55
958.833
528.217
794.033
517.35
734.767
623.283
805.367
880.083
774.7
512.75
828.633
1005.617
484.9
912.617
756.033
805.75
840.633
803.083
661.033
1020.883
1209.233
720.283
737.833
1336.283
958.967
1166.75
544.767
728.883
1218.767
1048.217
1195.5
1262.55
791.433
760.283
902.9000000000001
865.0830000000001
1406.367
1222.75
703.0329999999999
1166.75
1065.033
1282.35
1317.367
1123.083
1050.767
1385.883
668.367
943.483
1070.967
1236.083
1558.633
1519.483
1454.633
1393.483
1194.767
1292.017
1318.033
1221.95
841.3
1062.417
1406.1
1221.883
1488.3
1037.883
1536.9
1449.083
1545.5
1364.817
1518.167
1435.15
1037.367
1487.95
1362.5
1266.15
1203.5
1326.417
1310.367
1438.817
1333.767
1114.283
1440.167
1222.017
1194.967
1082.217
1545.5
1434.683
1380.1
1453.75
1565.767
1312.083
1283.633
1192.15
1441.9
1478.217
1352.033
1100.483
1603.9
1332.617
1388.167
1369.35
1509.967
1390.95
910.8330000000001
1343.15
1411.433
1491.617
1510.9
1691.55
1822.3
1626.483
1655.367
1627.083
1752.033
1809.883
1672.9
1747.283
1751.633
1742.35
1926.9
1769.683
2151.433
1628.017
1204.367
1459.217
1665.567
1963.683
1676.7
1772.683
2124.7
1940.817
1860.9
1797.483
2031.033
2071.883
2099.167
1818.217
2199.567
1872.15
1769.767
1647.75
1693.433
1610.683
1926.033
1267.817
1665.1
1801.083
2041.567
1694.017
2016.1
1899.483
2102.367
1904.95
1977.167
2057.483
2033.367
1944.817
2255.433
1833.95
2378.1
2116.883
2135.3
2060.15
1950.167
2161.35
2390.1
1762.017
1878.633
2196.683
2434.967
2138.283
2225.033
1983.483
2064.767
1924.483
2023.5
2160.217
2124.033
2435.417
2695.233
1990.083
2585.233
2568.483
2450.567
2350.35
2402.967
2261.75
2219.3
2525.95
2465.7
2258.683
2055.1
2192.683
2111.9
2085.883
2397.633
2296.417
2456.367
2669.95
2501.233
2623.55
2847.833
2594.217
2915.1
2756.217
3093.9
2860.55
2678.967
2914.683
2936.433
2824.883
2647.367
2784.017
2601.1
2684.617
2545.7
2749.15
2696.433
2493.883
2161.9
2416.217
2366.167
2375.017
2213.3
2148.017
2400.5
2164.95
2096.3
1788.15
2401.833
1986.817
2314.967
2332.083
2533.7
3016.483
2819.5
3114.017
2970.967
3134.35
3285.367
2889.883
3080.033
3012.283
2730.633
2649.217
2941.3
2797.417
3052.767
2602.683
2881.5
2925.417
2917.367
3088.35
3042.767
3086.083
3272.633
3212.35
3265.967
3266.283
3167.633
2881.417
3210.233
3277.417
3101.5
3361.483
3468.367
3305.15
3194.167
2911.017
3441.7
3311.883
3619.567
3918.017
3996.1
4367.282999999999
4380.967000000001
4211.4169999999995
4173.7
4094.883
4194.633
3790.217
4374.1
4046.817
4204.9
4125.35
4342.8330000000005
3866.683
4001.3
4134.35
3989.433
4030.617
3826.367
3538.35
4143.9
4259.35
4112.433
4328.217
4496.233
4476.417
4380.433
4114.617
4460.567
4401.55
3856.7
4082.55
4057.367
4291.817
4161.633
4406.683
4598.167
4335.35
4215.233
3663.75
3921.9
4020.683
4077.167
3807.75
4218.767
3879.683
3922.5
3691.15
3615.3
3576.283
3491.033
3569.95
3608.167
3723.55
3489.633
3621.683
3390.367
3572.15
3706.7
3819.883
4122.233
4298.883
4421.7
4578.55
4360.167
4441.483
3997.1
4549.283
4334.367
4341.35
4895.967
4607.217
5297.767
5327.817
5253.833
5473.017
6072.367
5557.75
5698.7
5123.15
5316.1
5208.483
4781.3
4514.95
4580.567
4432.55
4228.967
4341.417
4838.3
4491.683
4776.633
4829.35
5331.633
5311.483
5456.9
5184.483
4992.633
4862.283
4475.3
4315.883
4378.9
3973.083
3840.367
3695.417
3745.567
3667.15
3090.833
3423.617
3427.7
3086.35
2761.367
3523.617
3591.767
3747.35
4052.7
3797.483
4631.633
4885.817
4957.767
4801.55
4902.833
4650.083
4300.1
4420.217
4358.5
4549.95
4562.5
4374.017
4915.833
4590.817
4781.5
4656.217
4825.033
4786.35
4695.9
4146.483
4754.567
4617.883
4774.633
4676.95
4596.033
4627.283
4685.233
4698.75
5409.833
5451.55
5463.3
5736.883
5903.1
5984.15
5955.167
5764.817
6121.033
5874.55
6300.767
5894.283
6354.9
6822.083
6114.367
6353.683
6441.833
6183.683
6153.967
5415.017
5279.967
4709.217
4427.9
3478.617
3299.167
2767.283
2585.3
2594.417
3149.967
3438.017
3815.567
4347.55
4719.967
4976.083
5295.433
5742.817
6062.367
6489.95
6361.633
6319.083
6482.3
5907.283
5792.833
5474.617
5086.033
4261.55
3929.233
3598.217
3579.367
3952.817
4148.767
4717.083
5647.167
5950.617
6190.433
7088.817
7362.3
7484.283
7907.833
7620.683
8361.567
8397.417
8802.9
8537.55
8465.634
8924.283
8668.233
8731.616
8884.434
8714.55
8996.1
8761.75
9423.7
9274.616
9345.033
9153.95
9681.7
9514.884
9366.7
9461.35
9980.833
9769.417
9706.634
9467.083
9649.3
9151.684
9234.434
9442.35
9508.1
9944.017
9686.233
9780.684
9860.566
9509.15
9225.3
9008.217
9225.1
9524.283
9673.7
9588.684
9607.233
9582.816
9513.967
9390.55
9285.434
9271.217
9096.434
9201.15
9681.434
9415.017
9650.7
9313.483
9467.3
9675.55
9431.434
9848.884
10025.634
10032.15
10156.7
10244.816
10347.3
10684.816
10939.967
10732.35
10687.167
10613.75
9901.967
9360.884
9510.9
9419.417
9351.434
9277.684
9625.3
9851.816
10017.434
10689.95
10630.1
11228.417
11189.033
11243.217
11224.1
11668.017
11015.634
11134.95
11593.833
11103.35
11116.833
11328.35
11276.3
11049.684
11723.233
11220.616
11539.033
11496.75
11387.9
11110.283
11373.233
11244.217
11263.366
10651.55
11329.7
11163.217
11168.033
10754.083
11137.5
11503.884
11737.833
11388.15
11653.967
11740.95
11522.366
11506.083
11418.634
10383.217
10835.1
10871.884
10958.434
10470.816
11096.566
10922.95
10998.7
10695.15
10670.167
11025.017
11194.566
11116.616
11198.167
10961.95
10685.233
10685.15
10061.767
10322.95
11047.233
10858.217
10995.233
11396.816
11693.7
11791.95
11974.033
11617.483
11744.366
11904.884
11818.9
11333.217
11121.1
10622.816
10798.167
10013.15
10699.833
10938.55
10572.833
10598.816
11439.7
11414.217
10877.366
10905.017
11735.833
11923.083
11625.434
11441.417
11559.833
11671.55
11353.9
11267.884
11549.167
11337.083
11622.1
11946.217
11620.7
11879.15
12197.566
11272.616
11534.033
11402.816
10972.767
11253.95
10502.3
10773.283
10838.634
11835.417
11713.233
11535.35
11585.167
11087.95
11347.366
11320.616
11642.434
11313.017
11095.566
10532.35
10340.634
9986.816
9583.9
9506.95
8861.767
8685.417
8723.7
8692.55
9241.767
9656.017
10633.233
11330.55
12547.566
12680.55
13785.366
12926.884
12325.233
12829.616
12696.767
12483.816
13307.5
13385.083
13617.566
13459.15
13321.1
12686.616
12164.1
11838.083
12047.5
11987.15
13331.9
12753.417
13401.767
13462.95
13799.1
13841.816
13438.167
14204.417
14421.167
15084.417
14925.634
15097.15
15399.167
15785.75
14657.033
14913.75
14222.566
14589.884
14578.7
15019.616
14411.833
14175.55
13736.1
13475.217
13749.167
13453.616
12479.967
13380.55
13221.233
14102.417
14292.967
14357.816
15290.033
14892.884
14468.833
14815.083
14864.233
14635.95
14644.767
14904.017
15299.767
15760.616
15822.434
15481.417
15629.434
17364.684
16001.7
16082.816
16368.767
15698.417
16362.233
16297.217
16947.633
16321.417
15750.3
16082.35
16330.767
16194.483
15671.366
15593.217
16728.434
17204.883
16823.566
16085.816
16470.5
16241.55
16122.366
15250.217
16170.434
16010.283
15636.7
14955.616
15589.167
15858.616
15880.7
15419.15
16544.1
16558.083
16363.366999999998
16729.018
16892.5
17676.684
16876.301
16653.883
17268.367
16826.617
17158.9
16246.616
16578.634
17364.416
16918.434
17075.482
17136.1
16628.417
16900.434
17389.949
18032.5
17752.684
17702.699
17960.949
17731.301
18214.617
18686.699
18216.617
18142.768
17714.217
17735.633
17191.35
17672.967
17285.416
17570.633
16923.551
16454.5
16725.551
16614.834
16317.083
16902.9
16410.483
16577.566
16715.15
16615.634
16771.551
16603.367
17193.018
17712.232
18101.283
17166.967
17269.482
17328.834
16743.416
17678.768
17275.617
17842.301
17794.551
18224.367
18216.35
18384.434
18667.883
18053.434
17596.084
19355.301
18666.551
18597.367
18888.883
19070.1
17807.684
18604.033
17787.416
18845.967
18535.416
17758.5
18378.084
18882.367
18626.35
18675.166
19765.617
19111.967
18475.283
18214.967
18008.75
17859.834
18479.75
19318.434
19100.084
19813.434
19993.15
20412.633
19880.482
19957.232
20353.283
20089.967
20140.217
20118.834
20236.949
20686.834
20282.883
21045.1
20756.482
20877.367
21335.084
21160.566
21146.816
20666.967
20781.217
21099.232
20681.018
20530.834
20299.949
21095.434
20756.883
21867.5
21044.35
20601.633
21187.75
21338.834
22117.15
22214.367
22327.617
21708.367
21964.35
21353.434
21495.75
21285.967
21732.15
21878.768
23909.217
22070.967
23019.416
23392.5
23538.283
23042.166
24420.816
23783.566
24176.816
25003.834
25745.816
24460.834
25055.75
24474.9
24783.15
26562.633
24871.75
25124.166
24218.551
24133.834
24271.018
24966.633
24850.684
25415.9
26227.217
25620.566
26439.084
27180.9
27934.75
27932.9
28122.35
28974.434
29724.617
28937.768
27530.949
28403.033
28612.551
27767.232
28456.15
29050.367
29104.084
28858.768
29362.283
30020.301
29269.416
30904.9
31654.883
31196.5
30625.482
31767.566
31585.018
31703.367
31375.949
31733.633
31911.018
31675.834
31719.018
31345.033
31656.283
32568.566
33401.949
33824.898
34203.082
35718.102
36027.883
35373.367
36135.418
36153.035
35857.148
35867.102
34858.883
35906.367
35012.684
34959.965
36644.883
37322.168
37584.352
37686.633
37921.016
38716.301
37802.617
38060.367
37470.215
37784.367
38038.285
37559.434
38284.082
39093.434
39484.082
39646.766
39825.082
40306.699
40276.082
39647.367
39989.484
39795.898
39945.016
39254.234
39935.883
40054.301
40258.484
40687.234
40137.418
39976.965
40192.016
40276.168
40377.617
40384.832
40744.617
40453.434
40660.016
40894.367
40675.148
39411.5
38784.75
37014.102
35432.684
34467.699
34084.352
34030.832
34535.215
34517.234
35968.352
37731.301
38315.215
38973.301
39198.082
39405.434
40450.684
41455.5
41112.816
41813.035
41814.418
41393.699
40549.883
40189.234
40483.816
41148.766
41479.352
42008.965
42706.285
43688.699
44285.082
44391.898
44470.551
43694.832
43533.883
42985.633
43287.551
43416.832
43407.215
43337.898
42574.75
42186.301
41888.148
41307.5
41375.352
41684.234
41449.617
42991.898
43301.949
43675.965
44361.617
44624.898
43599.551
43858.301
43404.148
43411.102
43820.352
44198.035
44666.148
45832.367
45603.684
46285.898
45720.816
45722.965
45228.816
44465.168
44605.418
44576.633
44757.75
44532.832
44795.684
45435.168
45745.285
45280.699
45372.684
46479.434
45913.617
46385.5
45584.148
46192.699
45616.418
44644.699
44059.418
43691.234
43645.816
43838.301
44174.949
44634.035
45929.016
45656.566
46526.617
45988.434
46004.215
45814.367
45275.148
44894.633
44423.352
43658.234
43879.418
43871.102
43541.816
43864.699
43861.551
43517.035
43611.215
43462.832
43614.75
44113.633
44640.617
44589.168
45148.082
45856.168
46124.684
46112.633
46376.484
46241.832
46149.816
45326.766
44833.883
44272.5
44628.883
45020.832
44707.082
45619.367
45935.883
46579.035
46921.484
46918.832
46856.684
47832.566
48168.949
48739.234
48842.75
48490.035
48263.949
47985.832
47973.418
47182.965
46939.949
47135.035
47080.484
46768.102
46662.082
45675.035
46310.75
45897.5
46311.148
46176.102
47179.484
47754.102
48409.617
48805.102
49179.215
48079.898
48190.215
47554.168
47587.684
47963.035
47635.816
47587.234
47195.418
47639.832
48091.684
48029.234
48269.883
48335.5
48864.016
49350.367
50208.816
49383.766
49236.352
48470.5
48451.883
47601.699
47582.285
47484.566
47234.551
47898.832
47989.617
46174.699
47432.949
47306.035
46917.484
47120.633
46827.816
46737.766
46992.215
47661.035
47983.215
48021.965
47875.551
48121.633
48885.352
48979.234
49289.352
48981.434
48335.484
46815.234
45135.418
44200.035
42526.949
40790.832
40226.352
40953.699
42145.418
44648.766
45377.617
44730.234
44804.148
44971.566
44433.285
44840.766
44234.148
43713.898
44703.215
46107.5
47139.016
47045.035
47505.418
47662.898
48253.816
49096.766
48557.418
48480.035
48548.684
47624.168
48239.551
48689.832
48722.883
48520.5
49425.082
49946.102
49931.816
50032.234
49218.816
48998.832
48710.148
48895.035
48561.551
47794.035
47501.285
47002.168
48160.148
49012.832
49820.617
49515.102
50207.684
51186.035
51568.215
50954.301
50482.352
50796.699
50167.016
49997.965
49313.883
50010.102
50606.684
50055.633
49732.883
49346.434
48148.352
47430.832
45677.816
44427.5
43973.684
44131.102
44482.949
45158.434
46443.684
46765.234
48135.551
48485.367
48513.484
49293.301
49533.484
49987.566
50188.617
50372.566
50870.484
51775.102
51113.082
50636.566
49764.617
49608.766
49446.484
49313.367
49372.082
49409.301
50092.016
51202.699
51239.016
51301.699
51199.215
51172.898
50876.551
50857.035
50843.082
49672.832
49033.684
48505.566
47819.551
46940.5
46439.949
46755.633
47109.617
47591.168
48115.949
48860.633
48936.352
48751.035
48540.148
48674.5
48370.215
47969.234
48136.816
48563.566
49128.418
49318.633
49392.816
49930.832
50520.016
50525.035
50551.016
50274.898
50058.883
49395.301
48582.215
48127.102
47177.684
46085.234
47493.617
47378.699
47762.082
47945.898
48661.816
48762.102
49120.75
48578.035
48622.617
48974.5
48442.816
48331.035
48099.883
48019.766
47636.418
46862.434
46340.215
46522.234
46603.883
46060.234
45396.082
45722.898
45568.617
45295.5
45236.082
45497.566
45857.75
46135.434
46652.883
46783.5
47311.082
47043.832
46772.883
47332.5
47215.148
45947.234
46712.617
46214.766
46264.617
46510.633
45803.551
45959.434
46903.148
47118.434
47539.551
47417.367
47524.551
47488.102
47112.551
47685.965
47075.883
46496.168
46427.016
46830.633
47281.418
47468.633
46644.484
46801.434
46747.016
46284.035
46625.148
46751.035
46620.551
46360.898
46556.016
46213.5
46399.883
45830.832
45459.816
45370.168
45363.285
45559.367
45131.75
46054.301
46266.484
46889.633
46203.148
46420.035
46432.883
46686.367
46545.883
46290.566
46464.148
46439.301
46209.816
46210.965
46224.016
45911.035
45398.684
45803.633
45947.285
46068.168
46011.215
46219.566
46249.082
46175.434
46577.684
46594.035
46852.082
45899.566
45410.484
45681.234
45124.082
45190.168
44980.949
45572.766
46084.484
45997.102
45811.551
46148.5
46029.484
46346.234
46243.418
46246.965
46643.082
46377.367
46360.617
46549.367
46612.484
46549.367
46322.551
45615.301
45846.148
44973.699
45203.883
45219.699
45171.285
44773.5
44930.949
44861.898
44842.352
44824.5
45265.352
44903.301
45526.148
45319.965
45209.082
44612.234
44171.949
43800.766
43924.883
43546.5
43621.684
43283.898
43868.016
44115.699
44152.285
43962.102
43553.883
44688.102
44945.484
45294.5
45350.352
45959.301
46099.285
45389.699
45170.352
44935.5
44962.551
44109.566
44175.352
44470.301
44467.082
44887.898
44798.418
45222.766
45184.484
45279.234
45079.352
45299.633
44955.082
44638.301
44163.285
44716.102
44846.148
44026.168
44957.484
44537.633
44893.418
45085.367
44537.418
44838.434
44449.551
43538.367
43065.617
43517.832
43314.684
43021.035
43448.75
43499.633
44580.352
44285.367
45024.352
45178.367
44879.082
44835.168
45196.551
45545.234
44970.148
44420.102
44202.816
44156.633
43578.082
43322.367
43340.016
43927.5
43965.016
43917.168
43898.484
44538.566
44635.551
44209.102
43961.148
43920.566
43533.082
42789.566
42258.082
42267.367
42252.285
41874.832
42176.75
42514.766
43200.484
43474.566
43594.883
43884.699
44217.816
44545.434
44504.352
44622.566
44427.75
44262.965
44780.816
44149.035
44646.684
44320.367
43865.484
44406.699
44383.016
44490.102
44081.082
43914.234
43866.617
43817.434
43228.551
43378.434
43100.684
42898.633
43207.148
42807.434
42647.285
42603.832
42552.684
43325.168
43579.484
42724.234
42896.016
43538.766
43410.352
43289.434
43785.215
43274.766
42935.949
42752.766
42017.148
42478.035
41611.418
41826.168
41720.285
41672.832
42234.352
42024.234
42379.949
42203.367
42226.148
42564.102
42504.684
42801.234
42735.418
42256.633
42331.816
42491.832
42705.551
41837.965
42135.816
42344.633
42343.148
41771.367
42252.285
42968.633
42484.684
42274.832
43099.016
43171.566
43032.883
42705.965
42341.082
42884.832
42364.418
42580.766
42540.352
42194.5
42419.617
42301.168
42049.484
42421.566
42165.148
41435.898
41642.949
41898.566
41657.949
41012.035
41027.352
40730.234
40542.418
40374.898
39988.352
40598.566
40571.148
40198.102
41261.148
41128.234
41407.148
41338.035
41101.418
41618.102
41300.352
41033.434
40518.148
40946.168
41163.551
40296.566
39482.148
38744.102
37948.551
37418.234
36603.883
36241.566
35592.484
35116.699
36340.883
37010.168
36989.285
37670.5
38439.75
39591.102
39355.285
39869.566
39611.949
39583.766
39698.352
39261.633
39108.016
39301.102
39243.148
38781.766
38984.949
39069.234
39291.285
39051.102
38752.484
39145.234
38938.949
38916.699
38764.418
39151.566
39152.484
38796.301
39419.215
39186.832
39023.016
38590.566
38344.684
38393.898
38262.082
38230.699
38367.75
38147.035
38533.684
38634.633
38340.484
38576.035
39102.285
38744.301
38485.684
38800.035
38950.082
38762.5
38941.016
38829.766
38363.285
38198.168
38155.684
38300.566
38170.75
37400.367
37768.949
37604.035
37948.148
37764.434
37556.285
37697.301
37803.285
38175.5
37636.352
37867.102
38166.949
37535.367
37865.617
37798.633
37749.617
37141.102
37250.684
37116.832
37161.418
37295.633
37093.816
37092.766
37062.016
36467.965
36693.551
36548.035
36759.949
36299.168
36672.215
37294.898
36987.551
37443.102
37419.016
37268.102
37733.148
37496.965
37503.684
37565.168
37452.082
37622.301
37478.617
37575.434
37335.082
37608.234
37300.352
37724.965
37079.016
37216.367
36953.816
37196.566
37316.949
36870.699
36697.016
36752.898
36821.484
36800.102
36873.016
36964.965
37068.352
37016.898
36906.352
36873.832
36471.816
36021.367
35901.617
36137.102
35568.285
35286.965
35401.484
35812.367
35797.816
35249.434
35356.75
35674.168
35538.883
35266.898
34904.418
35191.5
35000.215
34610.434
34089.285
34418.301
34508.016
34520.898
34792.949
34698.301
34713.551
34081.035
34267.418
33849.766
33752.016
32970.035
32774.018
32838.1
32328.416
32325.1
31641.416
32010.301
31673.883
31073.9
30261.551
30148.301
30191.482
30030.9
29392.482
29626.301
29584.551
29897.5
29970.75
30638.834
31055.15
31895.633
32744.949
32811.967000000004
33007.883
33049.234
33248.285
33119.9
32725.551
32803.633
32520.816
32797.566
32526.949
32918.5
33015.949
33346.234
33286.285
33508.566
33414.418
33837.301
33722.082
33453.035
33791.75
34064.035
33824.082
33531.5
33233.816
33580.434
33470.352
33249.168
33175.082
33255.301
33308.551
33687.168
32928.617
33423.301
33421.082
33509.699
33311.484
33578.168
33318.551
32921.168
32925.551
33025.633
33194.482
32533.834
32425.018
32655.301
32354.217
32260.166
32442.018
32528.033
32228.084
32155.166
31870.084
31845.434
31865.018
31955.166
31917.75
31874.434
31811.283
31826.633
31726.35
31571.768
31500.617
31363.834
30774.283
31170.633
30707.416
30863.633
30779.283
30946.699
30712.084
30860.834
30836.617
30865.5
31197.15
30958.566
31283.35
31134.232
31432.949
31156.434
30613.883
30722.301
30495.551
30322.232
30486.684
30333.5
30378.283
30438.699
30341.617
30793.033
31300.617
30836.367
31409.217
31540.232
31301.15
31449.232
31093.416
31343.699
31461.482
31655.301
31792.617
31916.1
32349.283
32203.967
32633.816
32987.434
33334.75
32773.301
32659.016000000003
32994.367
33474.949
33364.898
33826.684
34064.699
34469.816
34251.766
34403.484
34288.832
33945.949
33148.434
32060.084
31438.967
31161.35
30857.566
30581.816
30226.434
30316.949
30164.566
30081.816
30321.566
30209.551
30214.367
30167.684
30535.301
30275.482
30096.1
29783.617
29733.768
29947.084
29542.033
29846.217
29699.1
29920.15
29931.5
30021.551
30098.9
30370.551
29951.967
30105.416
30484.5
30302.684
29698.301
30032.283
30384.834
30220.217
29802.967
30069.816
30346.834
29732.684
30139.768
29406.883
29808.9
29452.883
29250.834
29365.684
29216.699
29327.551
29043.301
28584.35
29229.232
29296.283
28922.033
28944.084
29138.566
28870.084
29276.9
28745.949
28924.232
29002.35
29153.5
29142.949
29285.232
28980.949
29086.5
29244.15
29516.5
29054.283
28579.434
28600.283
28913.301
29071.551
28752.633
28926.084
28696.434
28927.551
28718.434
28722.883
28759.768
28687.949
28275.1
27987.283
28681.434
28436.482
27985.434
27865.617
28325.033
27943.018
27936.834
27968.15
28274.033
27946.617
26968.566
27743.551
28210.5
27830.35
27718.434
27380.482
27613.232
27706.018
28000.9
27910.35
27788.166
27460.283
27560.367
27546.018
26898.5
26749.551
26120.1
26418.35
25960.232
26333.949
25953.768
26040.15
27366.699
27160.617
27128.434
27806.416
27600.566
27656.684
27189.834
26995.084
26822.566
26828.617
26524.967
26591.018
26693.834
26674.084
26334.033
26562.416
27204.301
26724.75
26220.768
26534.949
26813.367
26942.217
26548.566
26702.084
26804.033
26434.018
26090.768
25776.75
26116.768
25699.883
25566.699
25193.217
25166.5
25202.018
24516.367
24001.883
23847.166
22311.018
21494.1
20680.416
20798.967
20792.35
20911.434
21190.551
22063.699
22992.617
23532.5
23586.551
23840.232
24477.75
24912.301
24910.75
24491.699
24979.482
24928.699
24987.217
25025.768
24628.883
24306.699
24192.416
24604.367
24502.75
24044.1
24737.15
24623.967
24862.217
24951.367
24843.018
24910.566
24889.217
24646.434
24787.482
24907.9
25072.551
24621.566
24630.617
25056.5
25120.15
24969.768
25045.75
25197.699
25175.551
25026.566
24555.217
25032.5
24912.617
24627.1
24367.75
24590.301
24800.617
24579.699
24131.684
24370.9
24752.217
24053.566
24776.949
24910.9
24871.949
25306.434
24993.018
25100.434
25074.217
24861.033
25035.018
24909.633
24815.949
24484.834
24548.416
24570.566
24657.949
24583.232
24649.084
24845.834
24908.217
24574.699
24330.283
24606.967
24520.084
24693.633
24267.816
24734.967
24600.35
24804.033
24830.883
24862.1
24869.217
24378.967
24060.949
24639.9
24487.482
24683.768
24209.018
24135.699
24202.217
24130.699
24481.883
24195.834
24199.949
23617.566
23653.816
23757.967
24029.684
23151.834
23438.416
23611.232
23660.35
23365.301
23213.816
23675.633
23618.416
23381.566
23541.551
23601.033
23820.75
23061.699
23280.35
23776.434
23821.816
23403.699
23299.883
23398.5
23576.217
23203.566
23203.482
23350.967
23272.482
22714.834
22990.75
22962.699
22875.15
22783.633
22946.816
22625.232
23398.617
22714.1
22621.949
22704.633
22697.949
22599.834
22062.551
22563.699
22633.217
22282.633
22054.416
22493.768
22364.217
22261.301
21733.35
22265.1
22249.816
22207.301
22193.35
21843.232
22135.217
21963.367
21488.15
21790.367
21598.084
21623.232
21110.949
21514.301
21457.75
20810.699
20468.949
21182.367
21009.75
20859.5
20670.283
20984.232
20818.482
20478.232
20410.283
21036.434
20760.15
20591.232
20410.35
20875.967
20466.883
20264.834
20230.617
20794.834
20572.949
20319.232
20261.551
20437.633
20160.617
19733.1
19413.416
19838.033
20020.283
19885.9
20175.551
20309.699
20136.684
19598.033
20265.551
20111.633
19918.684
19906.434
19853.949
19727.566
19921.283
19326.033
19221.75
18471.633
17634.684
16801.5
16005.816
15500.5
15274.15
15285.967
15292.083
16293.833
16896.35
17133.5
17631.217
17947.434
18040.283
18151.1
18040.15
18158.699
17590.15
17590.033
16853.75
17954.566
17874.35
17664.633
17611.084
18017.967
18270.482
18471.5
18124.551
18603.5
18835.684
18471.967
18537.75
18927.434
18947.018
18927.166
19099.684
19240.834
19204.684
18995.367
18674.084
19593.434
19330.084
19268.967
18873.617
19596.033
19716.416
19458.166
19667.283
19726.166
19211.75
19462.301
19121.75
19652.566
19580.283
19471.301
19338.283
19404.1
19643.084
19220.166
19753.084
19713.699
19767.084
19734.5
19328.217
20030.834
20016.217
19629.434
19782.15
20504.699
20168.416
19924.301
20407.75
20634.967
20276.883
20057.301
20110.084
19769.699
19942.018
19447.5
19576.084
19945.033
19787.283
19793.834
20316.084
19963.166
20117.551
19465.166
19325.217
20249.9
20015.482
19858.566
19984.551
19823.768
19886.15
19995.9
19688.084
19730.9
19684.883
19667.566
19645.949
19798.834
19428.883
19534.1
19405.35
19755.166
19530.75
19641.232
19592.416
20003.967
19581.617
19637.232
19532.551
19808.166
20093.949
20077.367
19914.684
19863.834
19732.551
19623.967
19852.35
20013.566
20110.75
20126.5
19737.684
20364.434
20237.551
20153.633
19672.617
20235.566
20117.35
19887.5
19774.217
19844.367
19998.684
20155.633
20017.15
20100.9
19787.684
19920.566
20121.018
19803.166
19910.084
19858.967
19688.283
19805.367
19920.15
19663.434
19584.684
19685.768
19954.684
18991.232
19738.883
19754.033
19676.684
18990.232
19366.018
19699.1
19792.35
19645.5
19732.482
19632.367
19816.018
19495.633
19364.15
19784.967
19526.684
19570.301
19225.551
19461.699
19521.217
19200.434
19097.018
19419.232
19002.084
19012.834
18816.416
19162.301
19034.35
18697.1
18989.75
18998.699
18697.75
18878.768
19036.883
18829.834
18784.283
18542.699
18590.75
18879.967
18548.482
18680.768
18330.75
18410.033
18454.75
18344.367
18440.75
18227.367
18157.949
18119.633
18036.883
18339.367
18292.217
18183.768
17280.217
17534.301
17476.018
17308.566
16678.883
16640.699
16672.283
16274.833
15678.083
16189.1
16017.483
15191.833
15603.15
15472.434
15079.15
15253.033
14654.083
14787.833
14622.55
14361.967
14463.017
14757.967
14590.884
14793.7
13550.217
14268.634
14395.684
13894.7
14198.95
14434.434
14517.283
14244.7
14644.55
14888.634
14917.884
15147.434
15563.017
15528.1
15345.616
15432.3
15226.083
15189.5
15398.483
15368.566
14797.55
15238.366
15058.95
14743.833
14125.217
14488.9
14290.283
13969.434
13874.75
13703.7
13777.35
13619.634
13507.083
13882.233
13897.483
13725.3
13713.616
13822.167
13679.884
13590.1
13494.017
13953.5
13770.616
13406.434
13877.017
14247.033
14017.95
13698.3
13872.483
13846.233
13882.35
13809.566
13705.417
13769.033
13497.483
12934.233
13506.217
13365.634
13490.75
13630.033
13143.75
13670.566
13524.35
12801.833
13060.684
13299.9
13149.35
13170.7
13488.417
13568.9
13567.083
13745.1
13696.55
13817.7
13633.95
13560.434
13286.017
13514.967
13618.884
13345.767
13353.083
13608.1
13600.15
13277.5
13773.884
13815.1
13954.217
13514.566
13721.884
13849.967
13801.816
13994.233
13312.95
13835.233
13662.684
13885.5
13493.483
14160.033
13903.35
14047.233
13656.483
14177.5
14124.417
13778.167
13593.483
13837.9
13582.15
13461.3
13711.884
13649.1
13477.884
13156.833
13117.217
13402.3
13572.684
13418.967
13547.283
13554.9
13353.884
13141.033
13373.75
13469.366
13338.35
13603.434
13016.083
13287.366
13579.417
13531.233
13229.483
13269.967
12802.35
12546.767
12983.616
12855.9
12895.816
12125.233
12671.017
12940.167
12819.217
12531.9
12904.217
13090.033
12708.15
12846.434
12679.684
12906.767
12537.217
12313.167
12263.684
12609.033
12531.95
12091.767
12413.35
12337.767
12522.55
12314.5
12394.017
12476.233
12322.417
12106.967
12329.35
12506.366
12423.684
12305.3
12635.217
12367.7
12413.75
12377.033
12168.684
12340.1
12283.017
12116.9
12004.217
12050.7
12143.15
11811.033
11711.55
12206.3
12211.55
11906.366
11956.816
12202.634
12193.283
11766.5
11833.35
12005.434
11832.083
11617.033
12014.816
11963.434
11733.217
11979.634
11767.483
11827.233
11775.483
11449.967
11120.15
11780.9
11466.55
11679.233
11506.35
11598.1
11393.684
11344.1
11187.083
11515.167
11412.35
11310.967
11042.884
11300.9
11316.75
11162.767
11118.684
11392.233
11392.217
10828.366
11013.35
11292.033
11254.816
10557.7
10745.55
11150.366
11110.217
11045.566
10684.017
11230.634
11110.017
11043.9
10774.217
10925.833
10749.75
10609.033
10769.017
10965.1
10737.017
10575.634
10639.217
11029.1
11088.616
10837.366
10522.884
10641.967
10803.95
10580.967
10430.75
10762.1
10649.417
10628.5
10322.95
10501.167
10588.75
10546.634
10369.017
10576.634
10370.483
10798.7
10097.15
10507.767
10422.95
10237.967
9760.95
10487.7
10462.483
10459.634
10136.217
10237.3
10088.816
10216.967
10329.55
10587.967
9815.483
10084.566
9861.017
10115.9
9479.95
9009.1
8292.017
7966.567
7061.417
6148.967
5452.683
4754.7
3929.683
3513.967
2816.283
3108.567
3015.217
2727.367
2947.817
3890.5
4126.282999999999
4196.033
5220.817
5829.833
6167.283
6506.767
5841.417
6591.9
6184.217
5996.1
5600.217
5368.7
5426.483
5114.567
4884.817
5294.433
5361.683
5335.367
5163.483
5934.967
5706.417
5783.367
6388.283
6461.233
6733.483
6427.3
6930.683
7107.9
7093.417
7155.433
7404.283
7702.9
7772.283
7311.5
7604.15
8151.833
8209.15
7782.633
8312.817
8577.566
8730.616
8656.7
8669.816
9166.366
9138.283
8542.833
8690.55
9382.033
9469.15
9291.033
9048.15
9572.434
9381.217
9197.033
9177.217
9676.1
9482.55
8592.233
9469.417
9627.767
9713.884
9371.233
9152.684
9668.9
9560.616
9402.7
9328.283
9456.434
9595.017
9154.967
8994.217
9910.767
9468.283
9292.434
9289.75
9607.7
9568.684
9396.634
9372.017
9562.434
9560.083
9364.233
9317.083
9642.167
9596.15
9490.833
9358.483
9700.566
9619.35
9056.1
9250.483
9575.9
9504.75
9122.566
9051.95
9440.167
9292.75
9382.9
9111.483
9388.167
9521.217
9221.167
8752.283
9510.434
9422.816
9418.1
9236.616
9717.833
9469.55
9296.033
9058.083
9540.5
9341.217
8873.7
8735.083
9375.366
9281.55
9292.5
8692.616
9426.967
9294.884
9136.833
9220.884
9406.967
9361.483
9156.833
9102.083
9604.1
9446.417
8527.434
8924.15
9497.167
9281.483
9234.566
9103.017
9491.833
9364.616
8907.566
8748.884
9295.033
9142.15
9109.767
9007.017
9314.7
9287.483
9144.767
8702.283
9370.5
9301.884
8939.033
8600.283
9182.566
9344.15
9028.434
8937.616
9285.767
8911.483
8882.767
9008.083
9018.767
8917.884
8792.767
8612.35
9207.033
9051.684
8658.634
8584.884
9052.434
9153.483
8487.9
8557.884
9037.7
8951.616
8979.634
8759.417
8944.833
8854.283
8809.634
8497.75
9145.434
8858.884
8627.634
8588.217
8948.9
8870.684
8698.967
8200.283
8841.7
8755.816
8643.167
8115.282999999999
8926.566
8724.35
8218.767
8650.616
8703.1
8630.35
8190.700000000001
8307.683
8467.633
8595.817
8310.033
8301.883
8585.033
8361.017
8316.433
8112.683
8450.167000000001
8455.417000000001
7982.233
7925.683
8440.832999999999
8390.75
8096.3
8024.417
8100.1
8273.55
7805.633
7962.017
8040.3
8077.75
7916.967
7676.617
8231.433
8097.15
7736.167
7370.817
7953.767
8116.083
7906.567
7599.017
7954.9
7908.283
7236.967
7640.883
8052.833
7678.55
7535.033
7595.95
7833.033
7855.35
7459.5
7353.417
7775.167
7845.017
7675.033
7552.75
7893.7
7700.15
7410.367
7143.617
7754.967
7591.417
7827.3
7307.083
7812.633
7758.35
7233.967
7298.217
7768.7
7583.083
7399.1
7439.95
7755.633
7638.35
7237.833
7186.75
7782.567
7522.75
7380.633
7427.35
7642.9
7501.483
7084.9
6967.483
7341.567
7286.817
6774.5
6895.283
7371.433
7205.55
7400.9
7039.483
7394.567
7251.083
7482.5
7078.017
7310.367
7223.817
6859.967
6848.283
7294.633
7183.683
6708.167
6188.217
7132.833
7163.95
6700.1
6877.683
7134.567
6928.683
6767.033
6732.75
7108.3
6900.95
6703.1
6353.417
6946.1
7002.483
6254.433
6454.883
6991.833
6774.217
6508.567
6299.15
6901.967
6871.55
6788.767
6372.083
6948.9
6868.617
6816.3
6697.483
6898.967
6750.217
5513.5
5999.683
6787.967
6858.283
6467.433
6199.017
6688.033
6827.417
6179.233
6179.283
6621.567
6580.883
6099.233
6148.283
6629.7
6575.95
5946.433
5939.95
6486.3
6440.55
6184.433
6174.95
6401.767
6333.417
5901.833
6296.017
6394.967
6408.683
5866.3
6121.683
6511.833
6282.617
5817.9
5731.75
6290.633
6311.283
6182.9
5602.283
6377.833
6256.35
5581.567
5711.55
