247.367
53.867000000000004
-156.767
133.6
423.7
117.667
190.03300000000002
221.933
217.167
247.933
104.36699999999999
-182.133
192.167
194.333
4.232999999999997
-53.333
323.7
-20.067
56.633
336.4
404.83299999999997
162.867
440.433
136.133
260.83299999999997
188.8
201.1
-151.933
179.03300000000002
182.867
309.567
8.200000000000003
265.233
171.133
220.433
-3.3329999999999984
541.367
463.867
73.43299999999999
-78.06700000000001
228.9
113.867
-29.233000000000004
161.933
174.7
223.067
122.833
202.733
198.833
227.46699999999998
-63.633
21.599999999999994
589.567
245.4
-39.367
-285.2
412.767
418.8
10.5
20.133000000000003
349.433
414.8
361.83299999999997
201.933
382.967
350.467
129.3
302.467
364.1
379.0
302.967
-159.8
417.233
258.6
11.767000000000003
60.067
361.83299999999997
168.4
121.1
44.533
269.83299999999997
478.133
175.167
43.8
211.1
318.6
3.700000000000003
-18.067
217.233
183.53300000000002
470.967
-25.133000000000003
158.96699999999998
193.53300000000002
319.1
-90.467
172.567
239.46699999999998
161.9
66.4
387.633
336.533
-250.7
8.400000000000006
378.83299999999997
283.733
193.3
186.667
444.433
265.467
-22.700000000000003
249.667
68.63300000000001
308.533
228.367
265.267
389.1
270.467
526.1
-248.733
299.967
350.267
83.033
341.2
357.16700000000003
432.6
236.9
79.8
329.367
219.133
-86.167
85.8
310.033
286.4
103.63300000000001
-19.4
395.633
414.4
33.3
-262.267
327.567
285.8
61.1
117.2
253.633
402.8
311.3
13.332999999999998
268.033
309.4
-301.367
-163.46699999999998
276.967
192.53300000000002
131.833
-30.200000000000003
311.433
241.4
33.5
191.933
382.967
277.6
224.9
-126.6
431.7
382.133
410.3
129.733
467.567
252.067
132.5
314.4
373.5
55.266999999999996
344.9
-193.733
111.5
208.267
-17.567
341.0
562.567
396.8
136.96699999999998
-98.733
471.433
131.6
427.567
2.5330000000000013
358.9
340.0
291.1
368.467
499.16700000000003
323.067
395.567
281.733
310.633
206.267
357.767
-373.6
368.433
332.8
148.03300000000002
118.733
116.233
296.267
447.633
150.933
219.233
279.467
90.56700000000001
-220.13299999999998
254.367
366.067
442.367
158.667
365.767
279.0
15.167000000000002
-330.8
416.633
214.8
-96.5
-0.732999999999997
241.433
177.333
-1031.033
-118.333
106.7
250.133
215.3
-77.867
540.233
382.6
234.433
40.333
236.167
212.867
-128.96699999999998
401.467
502.433
258.33299999999997
-214.167
11.0
284.633
300.733
-135.9
326.533
355.9
239.067
367.3
326.933
302.7
391.4
221.833
162.6
350.7
224.46699999999998
382.9
1.7999999999999972
373.233
404.0
309.433
-93.067
193.7
289.33299999999997
54.033
-311.66700000000003
340.967
316.933
231.96699999999998
-144.067
321.367
314.4
191.567
57.6
341.1
335.467
-185.433
180.6
302.567
44.06699999999999
-171.367
134.53300000000002
242.7
194.53300000000002
289.7
140.333
242.1
495.267
76.5
147.0
350.9
508.66700000000003
369.83299999999997
131.2
188.167
261.2
73.167
467.267
334.433
185.4
-182.03300000000002
80.13300000000001
182.96699999999998
266.8
228.767
-37.067
501.5
532.533
2.1670000000000016
253.867
343.1
319.2
199.5
66.667
309.767
349.533
45.5
93.267
254.767
289.2
134.7
262.533
430.5
391.267
353.633
59.667
509.233
124.733
336.433
-200.733
317.767
118.06700000000001
-149.7
243.0
279.16700000000003
140.933
482.9
331.533
308.967
192.667
560.7
5.332999999999998
300.5
219.267
-113.633
202.4
561.767
332.467
464.9
-117.133
350.3
268.8
292.233
98.133
240.9
417.533
-149.96699999999998
115.133
494.5
213.267
17.567
56.8
240.433
248.933
404.033
70.733
539.567
436.467
587.167
331.733
570.967
367.867
73.167
177.933
221.167
417.067
583.7
11.533000000000001
522.433
406.467
351.16700000000003
494.867
429.5
321.133
168.36700000000002
453.067
293.433
552.4
-83.433
81.6
344.1
321.933
345.7
177.53300000000002
656.833
338.533
491.433
320.8
462.16700000000003
427.133
450.3
73.6
774.033
244.46699999999998
346.233
290.33299999999997
634.167
304.8
464.233
344.467
332.767
568.933
469.63300000000004
353.86699999999996
298.9
562.2
339.63300000000004
163.667
665.9
452.6
346.567
280.067
269.5
361.533
476.567
354.0
560.7
462.0
233.767
163.733
311.9
403.13300000000004
288.767
164.6
520.967
105.4
386.433
120.53299999999999
330.433
223.8
386.233
460.467
358.033
100.93299999999999
414.567
606.2
113.30000000000001
527.267
371.5
405.8
428.63300000000004
386.533
214.167
567.467
744.033
236.53300000000002
247.5
828.667
459.167
669.867
38.5
216.39999999999998
651.367
482.667
578.233
635.267
153.36700000000002
113.19999999999999
235.03300000000002
198.33300000000003
741.9
558.733
36.966999999999985
508.4
396.633
631.4
663.633
479.533
392.3
751.8
34.43299999999999
293.2
411.9
556.533
865.9
778.6
691.9
609.933
399.3
493.667
527.7
450.467
88.30000000000001
304.067
672.033
488.6
751.1669999999999
316.067
801.567
708.467
788.767
612.6
749.633
681.467
269.5
728.467
605.5
502.267
436.3
567.6669999999999
564.7
695.4
592.433
360.867
683.1
448.333
394.167
264.6
727.433
610.667
546.967
588.2
708.167
466.0
482.23299999999995
392.79999999999995
684.367
722.6
627.233
382.4
893.567
600.0
642.1669999999999
618.0
753.8330000000001
626.533
111.43299999999999
509.26700000000005
579.567
627.733
651.767
825.2
926.433
730.533
745.767
721.667
844.1
905.933
722.3
767.933
752.167
727.0
901.967
752.133
1144.433
647.2
246.89999999999998
527.667
749.367
1014.667
713.3
786.4
1159.633
939.467
835.367
752.867
965.967
1004.267
1034.7
764.667
1117.3
799.133
736.833
670.133
777.9
744.867
1068.1
432.0
807.767
879.667
1084.233
667.2
955.767
814.933
1025.167
868.2
946.3
1028.6
984.767
911.867
1216.767
741.0
1247.833
991.933
1062.567
1000.067
875.367
1096.2
1339.5
720.933
814.633
1079.467
1309.633
1048.533
1159.033
924.133
980.167
878.933
966.233
1047.8
982.567
1211.4
1442.167
694.5329999999999
1256.967
1227.8
1135.033
1072.467
1166.5
1026.067
977.7
1300.467
1228.833
1027.467
861.833
977.933
955.433
923.0
1240.7
1086.4
1186.433
1349.2
1115.433
1242.8
1447.367
1136.667
1455.167
1276.933
1616.1
1355.533
1188.033
1433.933
1459.233
1373.533
1189.367
1346.067
1182.367
1275.6
1165.233
1381.8
1386.167
1221.067
969.433
1251.533
1200.3
1208.067
1021.433
970.8
1237.3
1018.2
998.833
743.4
1408.567
980.333
1271.433
1193.6
1305.167
1658.667
1345.633
1542.533
1356.1
1499.933
1651.633
1281.0
1522.9
1511.4
1332.5
1262.0
1568.833
1394.4
1648.5
1244.6
1488.633
1515.267
1462.633
1572.867
1518.1
1490.8
1616.967
1527.667
1627.233
1632.133
1541.233
1305.4
1620.967
1614.067
1432.967
1653.0
1761.967
1638.0
1552.9
1258.533
1760.233
1577.4
1826.367
2026.733
2019.233
2304.4
2249.9
2110.133
2056.433
1982.267
2117.767
1719.867
2276.767
1991.6
2145.9
2031.533
2322.433
1837.4
2012.233
2168.667
2102.9
2127.133
1922.5
1604.133
2176.767
2216.867
2074.3
2151.2
2290.633
2229.333
2105.7
1909.1999999999998
2321.167
2299.6
1839.433
2105.733
2083.633
2236.733
2033.3
2194.467
2375.5
2189.6
2114.567
1646.533
1987.967
2101.667
2185.7
1864.8
2256.433
1938.533
2085.033
1934.533
1963.033
1872.867
1783.167
1874.0
1862.3
1947.267
1763.033
1901.067
1722.7
1842.2
1881.9
1876.467
2145.1
2235.4
2283.567
2432.533
2286.9
2395.267
2004.7
2455.867
2214.3
2162.0
2639.367
2244.733
2917.567
2827.2
2634.1
2742.4
3343.767
2826.2
2994.833
2518.6
2762.367
2723.267
2500.367
2332.733
2448.633
2341.533
2120.7
2210.867
2647.433
2206.267
2439.167
2381.6
2805.833
2714.933
2936.767
2739.8
2669.767
2564.8
2347.767
2290.2
2482.167
2152.733
2094.833
2009.867
2134.967
2091.4
1566.033
1936.6
1949.833
1622.467
1315.967
2043.4
1978.5
2020.667
2222.5
1815.333
2557.167
2650.267
2703.7
2535.6
2644.367
2495.133
2224.233
2366.867
2337.7
2498.8
2432.633
2223.733
2757.833
2442.733
2564.1
2468.4
2660.167
2600.333
2545.1
2007.533
2601.167
2426.467
2624.633
2595.933
2472.033
2520.333
2482.967
2419.2
3014.3
2988.867
2875.5
3006.867
3165.7
3253.267
3284.5
3101.467
3430.1
3124.4
3468.9
2994.267
3438.3
3740.0
3121.9
3341.2
3531.233
3351.067
3399.9
2810.6
2868.5
2440.933
2406.433
1716.533
1799.1
1453.6
1360.433
1360.067
1801.7
1949.0
2142.167
2438.133
2610.967
2620.4
2825.367
3109.933
3340.567
3535.467
3417.1
3417.333
3655.7
3159.867
3141.633
3045.933
2842.233
2297.933
2210.833
2006.067
2023.233
2289.6
2315.233
2653.867
3189.5
3223.8
3313.233
3896.067
4108.1669999999995
4037.267
4318.7
4002.733
4632.9
4591.267
5043.7
4646.067
4613.767
4978.467
4739.567
4819.0
4951.633
4747.267
4950.833
4794.733
5400.3
5131.867
5295.433
4968.8
5476.9
5270.533
5135.167
5087.933
5615.1
5414.733
5376.033
5214.0
5372.033
4980.2
5080.033
5239.333
5331.233
5659.333
5455.833
5476.933
5510.033
5334.933
5074.3
4867.467
5155.567
5310.0
5513.3
5394.267
5272.033
5298.867
5363.567
5165.333
5304.9
5225.267
5096.367
5119.267
5564.433
5360.333
5405.967
5188.333
5355.7
5483.067
5333.1
5680.733
5662.167
5676.867
5706.233
5793.733
5787.433
6104.133
6248.433
6097.533
6010.633
6043.0
5610.567
5191.4
5450.433
5396.267
5436.033
5327.867
5468.167
5649.4
5639.767
6074.8
6045.633
6475.6
6350.167
6410.533
6402.033
6699.733
6157.367
6257.2
6735.633
6266.2
6347.567
6496.8
6523.5
6387.933
6866.9
6280.867
6656.167
6573.0
6494.433
6270.667
6559.7
6444.867
6526.433
6045.733
6539.9
6435.8
6288.433
5956.6
6460.233
6641.267
6795.3
6430.6
6716.767
6762.133
6638.633
6652.8
6603.433
5881.4
6332.3
6318.867
6489.167
6011.267
6540.233
6273.533
6472.5
6250.333
6208.367
6467.467
6560.967
6513.467
6550.167
6349.0
6244.167
6216.867
5740.1
5959.867
6595.833
6212.267
6365.5
6534.067
6856.7
6859.333
7127.1
6772.4
6977.367
6973.333
6973.633
6671.6
6646.167
6182.667
6385.3
5781.467
6387.567
6506.533
6174.767
6121.4
6791.7
6751.933
6332.833
6404.267
6963.767
7095.733
6905.9
6746.2
6856.7
6876.2
6775.367
6690.267
6861.5
6759.133
6959.5
7180.467
6842.9
7068.2
7289.033
6545.6
6855.433
6741.8
6384.567
6746.733
6145.7
6377.667
6271.433
7005.733
7063.967
6902.467
6842.9
6515.867
6847.367
6722.667
7094.833
6764.4
6629.1
6189.8
6214.833
6023.867
5753.3
5688.333
5327.9
5320.0
5285.167
5297.067
5604.967
5820.333
6506.9
6837.2
7488.967
7555.133
8275.033
7582.4
7356.967
7607.8
7542.633
7533.4
8063.633
8024.533
8198.1
8095.6
8120.033
7487.267
7341.433
7095.133
7365.833
7172.6
8172.1
7670.067
8219.7
8153.2
8397.633
8420.2
8113.233
8754.866
8706.366
9158.2
9132.233
9190.733
9319.033
9587.934
8879.434
9070.8
8668.7
8782.134
8801.033
9053.2
8813.833
8635.934
8278.3
8208.533
8477.367
8217.733
7511.3
8201.067
8088.033
8519.8
8800.767
8753.467
9426.434
9142.333
8944.566
9118.667
9135.833
8977.533
8898.7
8854.267
9379.767
9618.6
9697.3
9334.6
9505.967
10620.667
9819.7
9765.4
9984.1
9500.667
9893.833
9856.333
10432.833
10069.733
9604.366
9878.467
10075.167
9950.066
9571.767
9419.667
10344.767
10659.467
10346.767
9937.733
10205.767
10006.467
9857.167
9201.0
10050.634
9991.667
9645.1
9175.267
9624.366
9860.6
9788.366
9477.866
10259.634
10283.934
9974.366
10331.6
10446.1
10947.733
10506.033
10338.267
10851.9
10443.866
10621.233
10052.8
10382.7
10890.533
10416.9
10629.6
10632.9
10394.733
10508.967
10818.2
11293.1
10996.333
11045.7
11098.533
11086.167
11305.2
11702.833
11383.533
11392.434
11036.267
11068.5
10683.667
11105.634
10742.667
11123.967
10513.8
10360.167
10506.267
10393.5
10173.267
10786.967
10276.934
10317.3
10345.4
10406.5
10466.667
10275.9
10811.866
11247.5
11411.4
10833.033
10727.733
10946.634
10474.6
11057.233
10682.2
11293.566
11271.134
11449.833
11466.6
11665.967
11808.0
11456.566
10929.4
12200.833
11811.267
11741.233
11789.8
12113.967
11269.0
11737.033
11163.2
11996.3
11825.134
11324.833
11627.8
12046.434
11716.333
11921.167
12465.333
12150.634
11685.333
11649.566
11407.467
11386.233
11738.733
12081.634
12191.066
12670.1
12697.2
12989.634
12695.467
12771.634
13011.733
12781.9
12677.733
12863.033
12896.2
13124.7
12808.467
13435.1
13268.467
13345.967
13677.6
13585.233
13509.0
13089.033
13309.467
13506.9
13175.4
13032.1
12988.2
13467.9
13265.467
13990.1
13424.4
13205.5
13538.4
13603.967
14135.733
14148.566
14217.267
13745.9
14013.8
13685.033
13819.4
13598.233
13773.333
14128.5
15365.267
14323.366
14817.667
15106.566
15171.4
14589.9
15752.8
15314.3
15595.066
16026.033
16565.0
15669.767
16152.134
15715.767
15907.8
17151.566
16061.733
16081.7
15449.267
15572.7
15579.267
16157.7
15978.066
16344.033
16907.934
16401.301
17038.801
17537.033
17987.6
18007.367
18153.4
18730.699
19253.6
18739.768
17769.467
18482.5
18518.334
18088.166
18313.801
18939.768
18876.467
18729.367
19181.133
19583.5
19011.199
20155.033
20569.066
20324.5
19860.4
20719.967
20570.199
20546.566
20353.268
20646.301
20685.199
20579.232
20634.334
20225.633
20497.066
21228.301
21694.066
22108.367
22164.801
23335.566
23470.533
23028.033
23633.4
23651.768
23346.666
23398.1
22590.066
23446.301
22855.6
22664.166
23982.199
24473.967
24676.4
24796.434
24877.467
25536.633
24837.467
25036.834
24559.934
24836.367
25019.133
24527.301
25129.066
25785.699
25996.199
26123.1
26262.666
26605.9
26562.133
26196.232
26410.6
26325.566
26413.066
25823.033
26375.0
26457.367
26489.934
26883.699
26372.066
26492.9
26587.934
26659.5
26622.6
26795.367
27042.6
26734.834
26850.867
27151.633
27014.066
26139.9
25819.268
24451.566
23547.467
22777.033
22535.934
22481.834
22832.801
22726.232
23854.732
25067.367
25389.199
25933.768
25919.801
26187.1
26922.467
27733.699
27298.6
28001.232
27956.6
27790.699
27081.666
26937.967
27164.4
27639.033
27808.6
28177.699
28640.867
29305.033
29720.334
29842.699
29895.334
29200.232
29172.666
28875.699
29063.334
29125.367
29006.934
29141.367
28613.732
28293.566
28174.133
27753.768
27770.268
28091.166
27813.334
29032.434
29103.732
29371.166
29923.0
30148.834
29447.666
29707.566
29214.334
29399.566
29591.066
29923.9
30281.732
31114.434
30900.4
31407.301
31002.066
31107.033
30681.467
30097.166
30284.4
30208.834
30399.6
30184.768
30438.666
30880.232
31076.4
30666.633
30733.199
31700.5
31209.268
31545.768
30805.4
31444.967
31013.133
30298.1
29887.732
29580.967
29498.467
29759.434
29983.6
30302.367
31228.6
30907.301
31677.4
31182.232
31273.666
31077.699
30757.732
30557.967
30186.133
29512.166
29710.066
29799.166
29583.801
29781.566
29723.801
29545.434
29693.0
29485.301
29595.867
30022.633
30404.4
30326.834
30625.334
31345.9
31378.4
31282.232
31566.533
31344.834
31192.199
30673.232
30263.934
29831.166
30117.066
30544.699
30298.0
31110.566
31306.666
31903.633
32155.268
32037.699
31969.732
32646.834
32875.133
33303.234
33438.0
33162.965
32992.801
32803.232
32834.066
32265.5
32096.467
32152.367
32142.533
31891.566
31819.133
31126.232
31684.066
31291.033
31668.133
31632.367
32397.199
32778.5
33316.332
33581.566
33858.934
33077.5
33187.133
32729.367
32808.268
33146.633
32851.268
32922.768
32592.334
32862.168
33160.602
33196.832
33405.0
33350.699
33826.535
34202.5
34879.801
34174.566
34102.199
33541.898
33602.668
32989.035
33000.4
32932.301
32630.934
33253.566
33334.266
31578.766000000003
32763.602
32724.967
32416.801
32671.566
32430.801
32341.5
32500.0
33029.168
33310.398
33314.035
33217.398
33359.035
33958.133
34067.035
34292.266
34046.035
33623.535
32551.9
31252.801
30637.301
29465.467
28148.166
27695.467
28374.633
29084.867
31070.033
31505.732
31035.367
31083.268
31331.232
30784.6
31242.768
30788.666
30330.9
31119.867
32060.301
32826.0
32768.032999999996
33097.266
33296.699
33631.934
34359.832
33917.199
33854.5
33929.734
33150.434
33638.266
34051.898
34120.332
33868.898
34671.066
34970.234
34900.0
34993.102
34403.066
34353.5
34087.133
34316.898
34019.602
33502.434
33297.332
32812.9
33662.668
34336.766
34905.934
34612.102
35279.066
36014.832
36324.465
35730.633
35461.734
35800.898
35272.535
35162.699
34556.867
35247.367
35624.934
35179.699
35013.266
34784.367
33857.398
33322.434
31990.199
31154.232
30730.867
30842.768
31194.801
31621.566
32550.867
32740.699
33812.0
34070.102
34124.0
34597.367
34721.199
35201.367
35335.535
35429.832
35810.602
36569.832
36040.535
35719.566
35052.266
34941.898
34835.465
34686.766
34719.332
34708.766
35325.266
36247.168
36195.066
36219.699
36235.266
36134.5
35889.133
35908.699
35983.465
34958.566
34542.734
34191.898
33746.199
32991.566
32599.467
32916.434
33161.0
33638.102
33915.801
34536.035
34582.332
34255.301
34159.332
34423.832
34097.668
33820.102
33935.398
34324.566
34768.199
34843.102
34915.465
35313.898
35805.199
35742.699
35813.332
35559.633
35491.801
34959.633
34286.602
34154.168
33349.465
32429.434
33564.801
33450.832
33727.668
33953.102
34438.734
34510.699
34863.934
34432.102
34442.266
34857.367
34386.133
34302.234
34156.266
34133.566
33829.465
33238.035
32853.334
32990.166
33036.133
32633.967
31985.867
32326.232
32166.199
31992.367
31888.801
32169.5
32418.732
32551.1
33002.268
33110.566
33522.066
33268.035
33129.867
33561.5
33493.734
32466.768
33165.734
32816.367
32856.467000000004
33016.699
32476.533
32563.566
33275.199
33458.234
33714.066
33688.898
33832.734
33766.434
33514.535
33952.5
33512.801
33091.832
32999.199
33269.965
33670.266
33834.102
33119.133
33341.965
33213.867
32756.434
33013.398
33253.367
33066.602
32898.168
33065.199
32922.232
33142.732
32540.768
32394.133
32398.633
32289.199
32504.768
32058.533
32886.834
33041.465
33500.633
32900.066
33061.102
33165.801
33386.234
33201.266
33020.699
33241.332
33233.699
32977.266
33053.1
33094.6
32732.699
32325.066
32723.166
32879.867
33008.768
32973.268
33087.5
33078.332
32935.699
33239.465
33376.234
33626.867
32917.768
32538.0
32827.768
32255.6
32344.033
32145.533
32624.768
33064.801
32873.367
32678.332000000002
33038.168
33003.934
33279.766
33065.934
33178.367
33438.867
33360.301
33211.668
33456.566
33485.0
33399.5
33275.0
32713.301
32893.666
32088.232
32384.867
32533.1
32489.666
32187.434
32252.199
32229.301
32150.199
32125.1
32527.066
32179.434
32694.732
32477.967
32502.801
32074.566
31741.0
31432.633
31587.6
31264.633
31223.0
30897.232
31473.334
31610.768
31688.199
31551.834
31131.334
32109.1
32279.467
32534.5
32536.666
33077.166
33219.133
32656.301
32528.0
32393.367
32322.6
31543.434
31767.934
31990.434
31937.934
32202.967
32180.199
32540.768
32479.334
32585.9
32340.934
32645.232
32326.467
32118.699
31579.199
32251.566
32308.0
31526.1
32270.4
32013.566
32285.0
32454.5
32039.066
32297.033
31971.066
31234.768
30798.6
31347.033
31143.6
30781.232
31219.6
31221.9
32112.533
31807.834
32381.199
32588.166
32244.066
32176.166
32497.268
32757.166
32321.533
31824.1
31613.133
31655.967
31172.133
31011.834
30860.467
31394.566
31447.6
31403.166
31282.666
31934.166
31940.133
31664.566
31349.268
31483.9
31105.4
30597.166
30159.4
30375.232
30356.4
30007.566
30249.133
30575.768
31060.268
31170.434
31166.867
31470.232
31626.732
31930.5
31862.199
31974.1
31820.066
31666.166
32174.666
31626.834
32031.199
31754.768
31307.732
31862.434
31776.334
31944.834
31515.6
31484.633
31417.732
31433.566
30896.867
31112.5
30866.666
30730.834
30976.467
30776.1
30532.133
30549.232
30358.533
31130.166
31293.533
30632.768
30712.268
31279.699
31166.732
31070.232
31506.334
31162.5
30884.199
30821.967
30143.066
30609.367
29923.801
30080.699
29998.6
30030.301
30501.867
30252.9
30483.0
30505.5
30432.0
30794.232
30713.199
31010.1
30931.4
30547.5
30557.4
30811.434
30925.934
30216.232
30537.066
30765.5
30734.334
30187.1
30603.6
31235.768
30834.4
30580.033
31357.867
31450.232
31327.732
31032.834
30726.0
31276.232
30813.268
31010.699
30980.066
30744.367
30905.732
30839.434
30592.934
30947.1
30710.0
30077.9
30275.199
30528.5
30437.801
29851.301
29900.867
29693.768
29581.334
29398.566
29033.4
29589.699
29582.4
29185.434
30059.334
29905.166
30138.934
30015.434
29730.732
30166.9
29983.268
29548.301
29019.801
29413.967
29502.268
28689.834
27950.199
27345.768
26721.4
26220.9
25683.268
25413.768
24944.934
24533.1
25383.533
25869.768
25860.867
26385.033
27010.732
28061.699
27823.934
28235.033
28124.533
28170.1
28349.066
27911.301
27666.934
27777.166
27732.732
27313.434
27341.732
27512.9
27729.0
27683.633
27549.199
27959.166
27803.334
28027.633
27825.732
28255.367
28111.4
27686.566
28096.6
27806.768
27540.334
27121.1
26744.066
26889.033
26900.066
27027.9
27225.801
27146.699
27540.268
27629.834
27491.0
27762.633
28209.666
27870.699
27568.199
27894.434
28026.199
27930.232
28020.533
27911.166
27517.133
27417.9
27399.934
27662.232
27546.533
26906.834
27313.268
27266.834
27573.732
27368.768
27195.199
27344.699
27471.268
27761.367
27291.934
27561.967
27808.666
27270.633
27580.268
27566.367
27577.199
27067.967
27184.0
27187.566
27204.467
27288.166
27243.0
27173.633
27136.801
26660.301
26968.666
26768.699
27034.533
26585.566
26877.0
27464.633
27114.133
27462.633
27464.533
27359.9
27710.533
27470.967
27573.934
27549.967
27505.199
27733.434
27530.467
27716.301
27406.6
27685.033
27478.199
27894.367
27303.533
27418.566
27163.867
27440.232
27598.467
27205.166
26977.467
27184.033
27118.666
27106.1
27186.066
27288.434
27315.467
27290.9
27222.0
27216.9
26886.801
26571.033
26475.199
26746.1
26316.934
25986.301
26081.533
26512.5
26477.4
26023.566
26087.934
26449.033
26301.0
25934.367
25766.533
26064.367
25927.732
25599.367
25130.199
25434.367
25540.801
25558.768
25749.6
25714.232
25717.467
25183.967
25376.666
25123.699
25016.467
24367.633
24286.133
24340.166
23966.133
24017.699
23384.199
23759.5
23465.4
23009.768
22339.4
22217.434
22419.199
22301.834
21742.467
22058.5
21947.066
22125.768
22187.533
22769.367
23051.0
23722.232
24279.4
24416.9
24557.0
24527.232
24825.867
24611.301
24284.666
24375.5
24189.0
24500.033
24205.934
24475.1
24494.467
24845.434
24750.334
24920.699
24801.6
25281.166
25107.6
24876.699
25136.133
25424.1
25185.867
25005.768
24759.0
25075.967
24986.0
24760.367
24747.4
24855.367
24893.4
25169.1
24448.133
24968.1
25000.867
25032.232
24829.732
25048.834
24881.934
24522.633
24548.867
24689.5
24898.066
24225.5
24163.467
24363.434
24119.066
24041.834
24215.801
24356.434
24067.199
23988.434
23726.6
23763.768
23748.533
23908.566
23875.133
23847.367
23720.0
23783.9
23648.4
23622.768
23638.0
23441.633
22933.666
23330.301
22908.334
23062.166
22995.867
23163.967
22922.666
23085.367
22964.334
23009.166
23327.4
23123.367
23358.268
23249.834
23424.066
23194.367
22625.934
22740.768
22560.199
22350.5
22531.934
22427.633
22356.533
22353.768
22294.133
22791.699
23226.801
22828.301
23283.801
23398.166
23123.334
23284.633
22990.732
23277.834
23348.334
23551.434
23708.801
23797.967
24094.268
23962.834
24279.533
24622.9
24884.666
24356.834
24241.268
24534.699
25004.334
24792.566
25270.334
25406.301
25789.0
25591.566
25722.666
25680.434
25504.133
24911.967
24064.0
23613.166
23307.867
23107.232
22880.334
22776.033
22730.666
22637.699
22518.0
22738.967
22665.199
22651.367
22598.6
23013.367
22800.199
22694.033
22381.4
22462.301
22612.066
22193.566
22483.6
22406.9
22573.732
22547.434
22682.268
22757.232
22909.4
22569.367
22693.133
23051.5
22811.133
22388.9
22687.666
23040.232
22841.0
22477.1
22742.533
22998.768
22468.801
22860.232
22261.0
22641.633
22307.4
22143.166
22288.268
22157.967
22226.066
21982.166
21479.6
22172.967
22279.066
21934.367
21904.732
22138.699
21954.934
22297.9
21769.732
21959.434
22012.199
22114.166
22097.268
22227.232
21974.732
22093.834
22170.533
22495.5
22093.934
21678.1
21736.867
21980.699
22121.6
21752.166
21894.6
21879.232
22033.334
21726.1
21771.268
21846.566
21771.732
21403.033
21210.0
21739.232
21469.732
21066.367
20950.732
21330.033
20929.666
20906.367
20975.6
21185.033
20811.666
19841.633
20506.4
20956.633
20481.199
20438.834
20047.934
20302.566
20362.066
20639.367
20652.533
20560.1
20335.6
20359.033
20419.467
20001.367
19883.533
19440.033
19738.867
19409.834
19812.0
19424.166
19534.801
20737.434
20563.0
20526.566
21049.6
20848.1
20843.4
20319.301
20027.0
19847.768
19853.199
19596.633
19627.0
19778.301
19914.732
19666.367
19989.801
20655.166
20173.934
19737.434
20086.334
20318.033
20385.0
20063.699
20194.467
20322.301
19981.934
19702.768
19329.334
19751.166
19364.801
19233.5
18814.199
18882.566
18961.467
18395.232
17965.133
18002.9
16832.268
16226.967
15530.6
15740.033
15737.733
15864.5
16025.134
16670.634
17364.268
17747.301
17758.666
17928.699
18548.199
19025.834
18930.6
18652.232
19094.268
19019.768
19107.801
19127.834
18766.268
18462.1
18333.133
18803.367
18686.934
18312.566
18957.6
18859.699
19046.867
19150.9
18968.867
19116.699
19114.066
18892.434
18982.533
19121.434
19278.4
18876.566
18845.6
19270.834
19343.0
19239.1
19269.268
19446.566
19408.268
19282.1
18837.6
19270.566
19254.467
18921.5
18748.0
19012.9
19102.732
18958.566
18512.801
18802.166
19092.268
18495.367
19107.934
19285.033
19203.666
19596.633
19314.199
19428.834
19374.867
19193.633
19355.066
19288.033
19236.133
18925.301
18962.467
19064.166
19099.934
18975.699
19086.199
19230.967
19276.934
19016.232
18753.133
19085.301
18950.066
19141.1
18737.268
19241.1
19072.801
19261.768
19221.801
19337.967
19282.934
18814.033
18560.934
19114.232
19009.334
19194.633
18769.6
18742.033
18834.334
18742.5
19057.4
18816.367
18778.334
18288.768
18286.334
18428.1
18705.934
17853.633
18170.4
18364.5
18368.467
18164.232
17999.867
18430.1
18387.066
18107.633
18260.666
18351.301
18544.6
17837.1
18034.533
18545.5
18565.533
18216.699
18096.533
18236.301
18436.6
18086.834
18079.934
18231.566
18145.334
17601.301
17917.666
17945.166
17743.867
17751.699
17805.133
17571.566
18256.6
17651.699
17610.467
17724.232
17749.533
17622.5
17119.533
17591.232
17659.4
17379.166
17125.199
17558.967
17479.268
17373.699
16837.334
17406.1
17367.199
17354.9
17369.133
17019.1
17324.801
17210.033
16730.732
17067.1
16895.066
16901.9
16440.6
16829.5
16748.666
16201.3
15838.2
16613.767
16446.866
16227.167
16158.333
16406.434
16260.333
15950.5
15871.667
16494.634
16199.533
16037.967
15881.667
16375.634
15973.6
15785.366
15716.8
16344.033
16091.667
15835.434
15840.0
16000.366
15710.8
15374.233
15070.066
15538.5
15610.667
15528.1
15809.134
15921.1
15821.866
15197.1
15873.0
15652.3
15584.134
15547.5
15472.2
15395.634
15559.533
15009.9
14907.533
14234.967
13434.6
12621.3
11783.533
11319.033
11115.4
11049.7
11090.8
12076.5
12624.4
12892.434
13352.866
13698.566
13737.934
13863.3
13748.066
13828.7
13250.533
13272.3
12545.2
13618.634
13542.467
13313.3
13263.8
13671.167
13935.134
14056.7
13777.0
14176.967
14415.066
14083.566
14162.267
14548.366
14530.8
14558.366
14647.934
14736.9
14697.8
14462.634
14040.533
14886.967
14573.066
14459.7
13972.533
14610.7
14717.134
14458.233
14600.866
14566.5
14100.4
14193.434
13899.267
14493.9
14369.4
14215.1
14192.934
14301.767
14626.733
14243.9
14758.866
14667.434
14748.6
14690.434
14332.267
15029.167
15045.934
14705.767
14939.8
15692.767
15464.0
15266.967
15795.267
16073.3
15749.267
15533.366
15657.0
15304.233
15458.934
14938.1
15089.467
15318.434
15161.467
15072.1
15460.066
15020.634
15080.4
14441.833
14282.934
15156.167
15030.2
14940.833
15072.267
14952.033
14987.267
15092.434
14781.4
14829.767
14809.6
14769.167
14702.934
14961.434
14621.0
14746.767
14587.934
15018.767
14736.6
14843.366
14784.0
15151.1
14741.333
14818.1
14763.2
15082.967
15340.0
15435.233
15364.733
15288.033
15181.733
15047.233
15238.667
15390.566
15448.267
15457.566
15074.667
15717.566
15568.8
15490.366
15000.6
15528.434
15429.333
15227.233
15142.6
15261.967
15421.934
15524.566
15452.934
15577.167
15295.4
15422.5
15615.066
15363.1
15503.2
15383.833
15196.333
15318.3
15398.866
15168.233
15134.0
15313.1
15532.333
14653.167
15408.066
15487.566
15401.733
14721.3
15078.6
15382.9
15476.134
15350.634
15380.467
15348.833
15463.866
15141.634
15051.2
15447.9
15240.066
15273.167
15011.267
15255.566
15308.866
15009.833
14962.8
15275.767
14875.733
14897.767
14733.8
15078.767
14922.733
14609.967
14927.2
14886.634
14651.4
14775.967
14898.467
14706.434
14706.4
14485.767
14505.267
14781.634
14483.6
14592.1
14210.6
14314.566
14313.8
14176.9
14292.066
14075.434
14021.2
13933.7
13892.8
14148.167
14057.6
13993.033
13009.934
13167.1
12968.267
12648.3
11863.467
11632.434
11556.733
11115.967
10391.533
10951.5
10820.0
10112.3
10568.2
10531.566
10196.533
10381.767
9942.866
10094.033
9907.2
9585.1
9709.4
9907.634
9853.4
9970.967
8672.467
9446.634
9509.267
9090.967
9441.866
9738.3
9898.934
9789.833
10354.6
10713.1
10855.667
11153.1
11553.467
11629.5
11513.733
11643.767
11467.4
11433.833
11624.6
11583.5
11054.066
11456.1
11187.6
10764.1
10073.2
10338.167
10135.733
9759.967
9625.066
9470.833
9574.467
9463.3
9323.333
9723.167
9706.533
9584.9
9510.267
9624.167
9475.866
9405.1
9315.533
9712.1
9531.2
9224.7
9653.8
10055.366
9849.934
9604.7
9803.134
9815.3
9874.667
9843.1
9680.866
9677.233
9388.667
8806.967
9316.934
9231.434
9441.667
9645.366
9260.267
9907.9
9784.533
9041.434
9289.934
9417.167
9213.2
9247.366
9470.866
9669.967
9630.134
9770.967
9743.333
9896.7
9726.667
9667.833
9358.6
9582.167
9724.733
9468.566
9485.0
9686.7
9652.4
9438.7
9976.134
10111.033
10279.333
9928.566
10227.467
10491.5
10481.134
10696.634
9969.4
10463.033
10360.4
10589.9
10194.467
10914.566
10676.866
10851.833
10497.533
11062.7
11002.0
10617.5
10417.667
10628.1
10393.2
10328.967
10573.467
10505.3
10387.333
10051.9
10035.267
10269.5
10418.866
10266.967
10420.333
10372.1
10248.467
10013.5
10274.066
10443.634
10307.267
10622.033
10098.733
10414.566
10667.866
10627.767
10351.2
10424.566
10008.533
9700.5
10155.8
10071.7
10180.2
9379.767
9929.066
10221.3
10074.733
9805.167
10149.066
10432.9
10024.6
10203.634
10093.667
10323.167
9980.533
9743.767
9713.467
10077.5
10017.667
9574.634
9875.4
9884.833
10032.667
9844.366
9896.134
9989.7
9870.866
9671.634
9907.533
10058.634
9939.934
9816.5
10165.333
9891.366
9982.134
9926.967
9750.4
9910.9
9898.866
9747.9
9611.467
9689.566
9780.533
9458.767
9403.134
9875.5
9867.533
9553.566
9596.2
9869.3
9866.6
9446.434
9537.934
9750.9
9521.066
9304.434
9730.6
9688.434
9494.0
9710.634
9471.0
9550.033
9488.934
9255.1
8877.267
9555.1
9219.066
9444.434
9279.667
9375.967
9214.066
9162.3
8998.2
9363.434
9235.4
9148.233
8851.8
9144.233
9167.134
9003.967
8996.667
9250.5
9211.733
8697.1
8905.066
9172.033
9147.066
8451.566
8657.066
9047.233
9036.333
8933.634
8552.134
9128.967
9029.733
8948.033
8698.333
8864.033
8689.733
8575.634
8716.2
8899.7
8676.6
8493.767
8536.066
9003.5
9018.2
8776.033
8507.333
8624.233
8731.533
8571.967
8399.8
8718.566
8643.4
8619.1
8296.6
8522.9
8599.6
8555.7
8389.333
8591.5
8386.333
8819.7
8088.0
8543.9
8483.333
8270.634
7848.6669999999995
8561.9
8505.934
8544.767
8234.134
8309.1
8151.799999999999
8287.832999999999
8409.0
8692.233
7915.0
8174.567
7974.0
8219.3
7617.867
7142.767
6471.133
6205.033
5340.267
4503.767
3897.0
3259.633
2517.067
2159.1
1507.867
1812.433
1710.0
1413.567
1563.933
2424.633
2615.4
2606.033
3593.067
4125.3
4400.533
4723.167
4083.5330000000004
4826.367
4425.6
4249.1
3874.667
3629.5
3684.533
3403.567
3172.133
3554.1
3633.867
3613.7
3398.933
4149.567
3948.467
3990.1
4598.467
4645.5
4918.867
4602.167
5101.0
5303.033
5304.067
5321.3
5603.8
5925.5
6001.2
5563.7
5824.667
6377.567
6425.6
6020.033
6521.333
6803.367
6961.533
6851.767
6894.0
7343.967
7337.0
6755.3
6876.533
7571.3
7669.133
7497.233
7228.533
7759.233
7577.4
7388.633
7383.6
7884.633
7698.667
6829.3
7699.933
7838.367
7938.8
7587.967
7433.733
7908.567
7810.067
7656.7
7528.2
7695.433
7816.4
7394.3
7270.733
8169.033
7787.333
7572.767
7577.067
7914.033
7809.667
7669.1
7646.733
7846.1
7797.733
7623.033
7602.267
7913.3
7881.8
7737.567
7639.4
7939.5
7865.933
7307.433
7525.067
7834.833
7760.933
7427.5
7354.867
7736.9
7622.267
7693.233
7452.333
7707.1
7833.667
7526.833
7048.733
7862.367
7748.267
7719.9
7544.733
8012.1
7780.6
7585.967
7368.933
7845.833
7647.8
7203.167
7073.4
7690.367
7638.067
7654.033
7076.733
7739.3
7616.4
7484.967
7536.2
7748.3
7678.867
7521.7
7424.667
7954.633
7769.333
6916.3
7276.467
7838.767
7627.6
7608.9
7457.533
7843.833
7748.333
7275.9
7090.333
7659.367
7530.933
7503.633
7375.0
7682.967
7641.133
7498.033
7033.333
7721.367
7659.933
7311.7
6986.533
7583.233
7710.267
7428.7
7357.2
7680.5
7324.4
7279.3
7417.2
7421.7
7348.733
7188.967
7013.0
7582.967
7405.933
7029.967
6981.867
7440.567
7579.2
6875.433
6973.0
7435.567
7343.4
7364.367
7170.4
7368.367
7267.867
7174.167
6862.533
7486.367
7242.733
6969.567
6938.467
7284.167
7204.933
7017.833
6554.0
7199.833
7103.533
7021.833
6489.133
7257.633
7061.133
6587.7
6988.533
7044.633
6963.8
6513.433
6616.133
6763.633
6859.467
6593.033
6588.867
6868.633
6652.467
6636.3
6455.6
6776.633
6805.533
6323.367
6298.4
6793.767
6767.667
6454.5
6435.8
6504.367
6673.867
6237.833
6394.667
6460.233
6520.667
6324.5
6098.533
6667.7
6534.933
6172.167
5866.533
6419.7
6621.2
6429.233
6169.933
6536.1
6519.133
5831.1
6256.467
6659.3
6298.467
6121.3
6199.8
6413.367
6464.4
6072.5
5906.133
6315.767
6389.733
6185.433
6070.067
6326.167
6122.2
5814.433
5564.067
6193.233
6017.667
6245.767
5791.0
6298.033
6275.267
5757.833
5819.933
6331.767
6165.0
5951.033
6052.933
6292.433
6245.467
5806.967
5763.867
6365.167
6117.667
5982.967
6034.8
6270.633
6111.133
5687.633
5567.067
5921.3
5887.6
5357.3
5483.133
5958.367
5796.133
5967.967
5651.133
5976.233
5815.667
6039.433
5654.067
5905.7
5818.067
5475.1
5457.8
5901.567
5782.267
5316.1
4776.467
5738.1
5793.4
5338.5
5544.133
5774.7
5567.667
5429.833
5376.467
5755.1
5557.4
5385.767
5042.8
5622.833
5692.2
4985.833
5163.2
5715.3
5528.333
5290.767
5075.933
5678.967
5681.0
5577.033
5150.2
5745.3
5643.0
5590.567
5484.333
5683.5
5525.933
4299.3
4809.933
5557.567
5668.867
5285.433
5039.2
5519.767
5666.333
5001.1
4996.933
5432.233
5407.067
4916.767
4955.933
5445.233
5409.6
4760.767
4759.933
5283.433
5256.867
4974.1
4982.067
5208.767
5115.467
4703.233
5081.2
5171.9
5189.933
4675.233
4884.533
5263.3
5023.467
4542.233
4459.267
5032.967
5042.0
4888.3
4299.2
5076.433
4939.4
4281.567
4391.933
