265.617
68.417
-149.117
142.55
448.817
123.283
200.017
229.28300000000002
235.15
260.483
110.283
-174.517
201.35
208.817
16.683
-48.517
331.883
-6.049999999999997
49.15
356.55
407.617
177.683
456.017
141.617
267.95
202.35
214.817
-131.11700000000002
191.55
199.75
318.683
20.349999999999994
274.283
200.21699999999998
226.35
18.349999999999994
546.55
459.35
85.683
-72.85
239.35
112.75
-17.783
177.483
199.083
227.95
137.21699999999998
219.28300000000002
206.15
240.35
-46.849999999999994
35.68300000000001
605.283
272.817
-17.183000000000007
-266.05
425.683
431.08299999999997
15.75
30.816999999999993
365.35
425.15
379.08299999999997
222.88299999999998
401.08299999999997
366.817
146.15
318.883
386.217
387.883
326.683
-151.05
435.817
271.55
22.816999999999993
69.017
373.683
183.88299999999998
134.55
67.883
299.75
484.017
191.15
53.55
221.95
337.617
23.683000000000007
11.950000000000003
234.017
198.417
497.15
-6.917000000000002
171.95
211.88299999999998
334.017
-71.117
184.617
247.817
188.28300000000002
86.083
404.41700000000003
356.55
-241.38299999999998
26.617000000000004
394.95
293.55
208.817
195.21699999999998
453.75
277.95
-9.450000000000003
260.55
91.083
312.08299999999997
238.683
274.217
389.683
277.883
534.017
-241.983
317.817
369.08299999999997
101.017
351.55
367.817
457.35
246.28300000000002
87.817
336.017
245.75
-72.983
100.95
319.483
299.817
123.083
-3.7830000000000013
400.683
441.017
51.283
-243.45
338.35
303.817
83.817
135.083
257.217
407.35
327.55
37.81699999999999
286.483
319.08299999999997
-295.383
-146.85
294.15
196.61700000000002
148.683
-12.650000000000006
315.55
253.483
42.95
204.95
396.017
291.41700000000003
227.083
-124.783
443.817
394.217
421.817
145.21699999999998
474.817
271.017
145.95
326.15
396.217
76.75
358.217
-171.38299999999998
126.883
222.017
-0.18300000000000693
359.217
576.817
419.08299999999997
157.483
-91.65
486.283
147.61700000000002
444.883
27.617000000000004
375.017
353.08299999999997
301.55
376.95
519.283
349.15
406.75
294.017
326.617
220.28300000000002
364.41700000000003
-359.783
377.217
344.08299999999997
165.817
137.483
136.75
312.41700000000003
460.41700000000003
175.15
235.017
299.15
108.617
-203.11700000000002
265.017
370.95
457.483
179.75
379.683
296.617
31.883000000000003
-326.717
427.15
231.21699999999998
-66.183
10.016999999999996
247.083
189.21699999999998
-1022.783
-101.783
116.35
267.15
232.75
-68.717
553.683
389.283
253.483
65.417
256.017
225.28300000000002
-127.317
422.617
513.95
273.08299999999997
-195.583
36.349999999999994
303.283
315.15
-124.05
337.817
373.483
247.15
383.55
334.55
315.483
401.617
227.617
169.617
361.283
244.95
390.41700000000003
21.483000000000004
393.217
424.15
331.35
-76.65
218.75
300.95
67.55
-287.783
350.15
336.217
250.683
-127.717
336.08299999999997
329.283
200.817
68.68299999999999
343.683
348.817
-163.983
188.35
323.817
59.882999999999996
-154.05
149.21699999999998
253.483
215.61700000000002
300.41700000000003
164.28300000000002
246.75
506.41700000000003
87.15
154.35
362.283
522.283
368.15
147.55
207.55
265.95
80.35
485.683
333.15
205.017
-161.517
97.483
203.417
274.017
248.083
-21.316999999999993
520.617
547.283
13.417000000000002
272.017
354.617
330.617
204.083
83.217
318.35
363.283
60.617000000000004
113.95
285.017
316.35
162.95
280.41700000000003
452.08299999999997
418.08299999999997
382.35
82.35
541.15
150.21699999999998
365.08299999999997
-162.71699999999998
344.017
147.417
-117.917
264.217
309.017
172.21699999999998
513.083
362.817
343.617
230.417
600.417
46.68300000000001
337.017
248.417
-72.85
242.483
596.617
378.08299999999997
502.017
-74.717
403.283
321.75
338.55
142.683
284.017
477.617
-100.31700000000001
176.283
556.283
279.61699999999996
81.35
111.15
297.483
301.483
457.617
129.55
600.35
493.35
634.55
389.75
636.75
442.08299999999997
165.817
258.15
305.217
508.217
672.283
100.017
615.217
495.817
437.817
583.75
511.61699999999996
408.61699999999996
251.617
553.75
385.483
659.817
9.817000000000007
165.817
453.95
428.88300000000004
446.017
284.08299999999997
770.35
443.017
598.817
427.817
573.55
532.95
562.017
188.15
887.35
350.08299999999997
469.75
390.217
738.95
408.55
586.817
467.283
461.217
714.95
605.4169999999999
508.083
449.883
705.217
487.75
295.617
796.15
599.617
483.35
417.817
411.55
510.75
622.817
498.75
721.4169999999999
625.617
385.817
329.417
485.35
589.883
481.083
364.083
700.483
282.017
557.483
291.883
503.817
402.15
562.75
650.283
538.017
279.483
598.483
786.35
275.283
703.283
535.4169999999999
588.817
598.817
568.483
407.017
768.283
933.617
446.95
449.483
1059.75
677.0830000000001
888.883
263.683
436.017
894.817
728.817
840.883
910.55
431.75
410.01700000000005
525.483
490.15
1031.35
844.283
319.15
781.55
693.283
920.817
957.283
765.35
689.083
1038.083
319.817
589.217
696.283
855.95
1169.683
1113.083
1014.75
957.283
749.617
859.617
877.95
793.35
427.01700000000005
646.617
996.15
829.15
1090.283
651.483
1138.883
1042.217
1118.75
939.817
1102.617
1010.35
599.417
1076.217
940.217
855.017
775.55
931.95
907.35
1031.817
926.483
709.617
1034.283
789.617
758.017
635.15
1117.35
988.283
935.55
984.283
1106.15
861.283
863.817
765.617
1051.75
1083.883
957.083
719.683
1204.283
941.55
988.35
965.683
1102.15
970.683
475.217
910.683
959.35
1022.617
1049.083
1216.95
1344.55
1154.017
1160.017
1141.15
1267.683
1327.617
1162.283
1226.883
1213.15
1200.75
1376.083
1235.083
1612.617
1098.617
693.017
967.4169999999999
1179.017
1438.55
1159.817
1255.417
1610.883
1408.417
1308.95
1247.95
1471.55
1509.483
1529.617
1268.217
1631.483
1309.617
1222.35
1135.417
1216.75
1159.35
1476.95
838.017
1212.883
1312.017
1534.083
1147.017
1454.217
1329.283
1537.483
1360.883
1431.217
1515.017
1490.75
1402.35
1701.617
1250.75
1776.883
1537.083
1576.283
1498.617
1390.15
1595.55
1830.817
1214.75
1315.617
1604.217
1836.283
1581.683
1659.35
1409.883
1479.95
1375.217
1461.883
1567.017
1516.15
1801.017
2045.683
1314.15
1888.217
1856.217
1748.817
1679.817
1737.683
1605.95
1565.483
1865.483
1812.483
1626.817
1422.55
1552.883
1491.083
1468.217
1788.95
1659.683
1786.683
1976.617
1765.683
1900.083
2101.483
1826.217
2139.483
1980.017
2315.95
2069.217
1888.95
2135.75
2150.417
2049.483
1865.217
2036.283
1862.417
1934.883
1816.35
2010.283
2017.817
1828.817
1531.55
1801.683
1750.817
1768.483
1575.15
1520.283
1780.883
1559.95
1512.283
1254.817
1875.75
1444.75
1749.683
1725.817
1873.217
2293.417
2043.683
2299.483
2102.15
2283.617
2418.75
2056.883
2253.483
2234.083
2004.417
1925.417
2206.75
2054.283
2300.75
1889.417
2144.017
2188.883
2141.55
2282.217
2229.017
2251.683
2389.683
2324.95
2398.083
2396.75
2300.017
2047.417
2374.217
2418.55
2229.283
2455.217
2567.817
2422.35
2322.35
2023.683
2547.55
2402.617
2672.417
2921.75
2945.75
3286.683
3264.217
3105.883
3046.283
2983.95
3095.683
2702.217
3257.35
2940.75
3118.417
3026.483
3285.417
2791.15
2952.95
3097.55
2977.883
3033.283
2813.95
2516.217
3104.283
3172.417
3039.883
3172.15
3313.55
3269.817
3160.483
2943.15
3307.017
3277.95
2779.15
3027.75
3005.883
3188.683
3046.35
3231.483
3418.95
3209.75
3090.817
2591.017
2884.283
3015.95
3068.017
2755.017
3173.683
2854.15
2940.75
2767.35
2728.083
2662.817
2591.417
2658.017
2683.883
2770.75
2581.15
2718.95
2495.483
2649.617
2745.95
2800.95
3075.283
3204.75
3262.817
3437.017
3250.95
3360.35
2941.083
3422.683
3210.217
3184.95
3693.817
3338.95
4017.35
3993.15
3869.283
4039.75
4618.282999999999
4088.083
4232.4169999999995
3719.617
3935.35
3878.617
3542.95
3349.217
3427.35
3319.283
3088.017
3208.683
3677.883
3268.417
3517.417
3518.483
3968.75
3918.483
4096.217000000001
3863.017
3749.617
3614.75
3348.55
3239.95
3369.083
2997.817
2908.683
2785.483
2877.617
2827.817
2284.75
2619.95
2642.617
2315.417
2002.683
2755.683
2729.417
2824.15
3066.683
2728.417
3516.95
3667.55
3742.75
3584.683
3681.417
3506.417
3167.417
3329.883
3252.55
3435.083
3399.35
3219.35
3757.283
3439.017
3588.15
3493.017
3659.283
3607.283
3533.95
3014.683
3580.083
3430.083
3616.283
3555.483
3459.15
3501.35
3500.75
3472.883
4114.15
4131.0830000000005
4076.683
4263.15
4415.15
4501.75
4507.283
4328.483
4649.817
4393.95
4772.417
4336.417
4779.75
5138.15
4472.817
4721.75
4852.75
4660.95
4670.883
4009.617
3980.483
3493.883
3331.217
2536.283
2488.883
2062.883
1930.883
1921.15
2429.95
2650.817
2905.817
3305.883
3592.35
3699.483
3953.417
4316.483
4568.75
4886.683
4765.617
4760.35
4951.35
4416.15
4357.683
4166.617
3858.75
3210.217
3002.15
2771.15
2736.95
3058.083
3166.15
3610.283
4301.483
4491.35
4637.617
5369.35
5601.75
5605.15
5941.017
5651.55
6337.75
6365.883
6797.283
6432.217
6396.683
6772.883
6538.417
6602.883
6742.483
6580.217
6786.35
6620.75
7230.75
7025.017
7151.817
6906.817
7368.55
7201.55
7066.283
7076.417
7620.217
7396.617
7346.883
7170.75
7333.883
6897.35
6993.15
7155.55
7258.35
7617.75
7370.683
7448.75
7497.617
7245.95
6970.217
6745.55
6995.083
7250.417
7420.75
7301.683
7248.083
7250.817
7249.883
7085.417
7100.95
7076.217
6913.55
6980.55
7436.883
7214.217
7346.483
7075.217
7225.817
7404.55
7213.283
7593.417
7662.483
7660.083
7721.95
7832.283
7879.35
8205.217
8376.75
8209.817
8150.683
8134.55
7572.417
7101.15
7306.817
7263.417
7251.817
7141.35
7360.283
7575.083
7621.017
8192.883
8130.55
8655.417
8568.017
8604.35
8576.816
8972.417
8358.684
8471.816
8930.616
8459.017
8534.816
8723.017
8643.55
8509.017
9037.75
8522.417
8886.55
8820.884
8712.083
8486.083
8748.35
8634.75
8673.15
8138.483
8726.083
8551.616
8515.884
8137.950000000001
8578.75
8858.217
9035.816
8672.283
8970.55
9038.35
8857.083
8860.884
8816.884
7909.217
8386.35
8394.35
8512.683
8039.15
8611.816
8410.75
8552.15
8267.283
8234.55
8545.684
8669.684
8605.15
8647.417
8465.15
8253.817
8238.283
7695.35
7930.017
8620.483
8319.017
8478.217
8730.483
9077.35
9102.55
9301.884
8969.95
9117.483
9220.55
9158.083
8764.217
8692.15
8180.283
8407.683
7714.95
8341.95
8536.55
8191.683
8136.217000000001
8905.75
8877.483
8362.55
8414.017
9110.616
9286.483
9067.616
8889.884
8984.217
9035.15
8848.017
8791.083
8990.55
8817.083
9085.35
9334.35
9008.884
9276.017
9509.616
8700.95
8993.95
8864.95
8480.95
8801.95
8135.217000000001
8391.083
8327.417
9199.884
9156.684
8999.417
8973.283
8570.483
8889.283
8813.816
9178.083
8863.616
8654.55
8168.950000000001
8085.95
7836.95
7507.217
7413.883
6940.35
6851.617
6855.817
6817.55
7238.217
7579.683
8386.082999999999
8864.884
9752.083
9903.816
10767.884
10031.684
9629.417
9974.15
9871.684
9769.017
10434.75
10500.483
10705.217
10538.884
10479.35
9908.884
9558.55
9283.55
9526.15
9352.083
10519.75
9982.684
10564.017
10574.816
10854.616
10861.083
10554.55
11233.417
11307.616
11871.483
11737.816
11869.417
12071.684
12370.55
11501.017
11700.684
11214.217
11455.75
11413.017
11782.816
11390.35
11157.017
10759.483
10602.083
10862.217
10596.884
9766.283
10592.417
10430.417
11067.283
11277.95
11279.616
12071.017
11739.75
11490.083
11706.55
11740.616
11550.417
11511.35
11626.017
12076.95
12434.083
12482.816
12155.017
12288.15
13696.417
12682.017
12666.017
12883.483
12338.417
12863.15
12813.417
13368.483
12911.75
12439.083
12731.816
12911.684
12816.083
12344.283
12242.083
13258.017
13650.15
13301.283
12763.483
13068.283
12856.616
12733.15
11982.217
12835.95
12731.75
12404.217
11791.283
12336.684
12605.95
12575.417
12197.55
13131.417
13173.884
12895.55
13262.417
13387.684
14028.55
13453.55
13234.083
13799.884
13374.55
13612.55
12859.417
13198.95
13824.616
13407.55
13594.95
13612.283
13246.616
13436.95
13816.55
14383.816
14100.616
14061.417
14221.283
14105.55
14484.483
14895.15
14532.816
14499.417
14114.283
14143.483
13653.35
14124.017
13755.684
14121.95
13466.95
13137.816
13369.35
13268.616
13001.95
13577.816
13097.417
13206.35
13276.017
13290.55
13349.417
13182.684
13725.017
14197.95
14491.684
13740.816
13765.75
13871.217
13329.884
14080.884
13708.55
14261.15
14257.417
14537.95
14556.15
14753.884
14947.616
14482.217
14008.083
15468.75
15008.95
14888.15
15055.684
15299.55
14290.75
14881.017
14195.75
15134.083
14899.75
14274.417
14722.283
15205.884
14902.15
15044.75
15832.884
15377.217
14822.017
14691.55
14438.083
14388.417
14840.684
15371.483
15383.283
15953.75
16075.616
16392.75
16001.217
16076.95
16387.35
16159.884
16119.483
16179.083
16307.083
16576.551
16279.815999999999
16929.883
16732.551
16825.35
17212.217
17047.949
17029.018
16580.482
16760.283
17006.551
16643.75
16499.217
16385.55
16971.283
16713.75
17623.416
16909.482
16642.35
17073.283
17192.35
17789.816
17877.084
17962.15
17445.684
17694.482
17245.416
17371.35
17162.816
17446.684
17746.816
19276.15
17849.949
18622.217
18921.816
19071.482
18555.15
19759.816
19255.816
19555.684
20176.949
20808.482
19747.416
20299.084
19783.15
20049.482
21523.949
20186.75
20294.551
19498.15
19555.75
19664.15
20260.684
20125.75
20559.217
21248.75
20673.217
21442.816
22014.217
22605.75
22639.551
22805.551
23489.551
24066.617
23491.949
22323.416
23095.018
23284.217
22581.551
23040.416
23618.75
23614.283
23474.883
23898.482
24461.551
23790.084
25197.482
25737.949
25419.084
24901.416
25894.35
25757.949
25763.018
25509.684
25892.018
25995.551
25792.35
25841.416
25462.551
25750.416
26577.15
27229.551
27606.416
27834.416
29156.684
29400.883
28862.283
29523.35
29552.018
29303.482
29316.617
28378.482
29323.217
28625.551
28492.283
30008.617
30519.084
30810.283
30889.15
31047.018
31793.617
30946.949
31186.217
30687.816
30969.816
31174.949
30650.283
31344.684
32054.35
32388.084
32500.084
32676.75
33095.148
33060.684
32572.283
32858.15
32699.949
32830.617
32189.482
32756.617
32873.35
33015.684
33429.883
32930.082
32856.018
33046.883
33123.883
33123.617
33229.75
33553.551
33230.352
33415.285
33667.418
33496.484
32483.816
31987.217
30427.35
29253.617
28380.283
28075.949
27996.482
28438.816
28355.018
29634.684
31086.617
31518.75
32170.949
32213.75
32502.416
33362.949
34268.484
33880.148
34565.215
34603.016
34287.352
33481.082
33267.949
33520.016
34044.285
34345.082
34788.484
35386.551
36180.684
36661.148
36831.082
36864.551
36150.418
36066.551
35597.082
35928.949
35988.816
35929.352
35932.617
35313.418
34912.418
34727.551
34218.016
34241.816
34572.082
34369.016
35725.484
35928.484
36217.75
36861.684
37099.148
36219.816
36457.082
36018.949
36115.148
36448.75
36771.215
37187.949
38207.016
37960.418
38578.617
38076.148
38103.883
37673.816
37004.352
37194.949
37115.016
37283.215
37077.352
37298.215
37850.418
38155.484
37718.816
37817.684
38843.484
38304.617
38720.215
37953.883
38588.016
38113.082
37243.352
36728.949
36388.816
36301.617
36561.215
36851.684
37277.016
38412.816
38054.285
38856.816
38407.148
38429.883
38217.418
37749.684
37504.551
37121.684
36423.684
36581.684
36612.617
36382.949
36624.816
36559.684
36287.016
36455.418
36291.75
36371.215
36856.082
37292.148
37205.75
37694.949
38408.75
38581.816
38569.418
38857.148
38663.082
38587.617
37860.551
37458.484
36963.016
37270.949
37640.215
37393.949
38228.949
38485.617
39055.949
39352.75
39327.285
39288.285
40048.016
40388.75
40916.617
41025.418
40705.551
40514.418
40286.148
40264.949
39617.148
39409.551
39572.352
39529.016
39203.148
39169.75
38277.816
38855.949
38468.883
38864.551
38825.617
39672.75
40138.215
40701.215
41092.215
41422.215
40456.551
40605.551
40087.082
40096.883
40454.816
40117.352
40129.418
39766.484
40106.883
40523.418
40474.418
40700.883
40709.352
41216.883
41660.883
42461.418
41656.883
41561.016
40916.215
40927.418
40184.883
40185.816
40061.684
39835.215
40465.418
40582.75
38731.617
40007.816
39932.684
39588.148
39817.016
39526.285
39412.684
39664.285
40225.082
40562.816
40561.883
40490.551
40646.484
41379.484
41461.082
41714.816
41386.949
40951.285
39640.684
38147.484
37343.816
35908.75
34398.016
33854.684
34531.148
35540.949
37757.016
38387.551
37776.285
37855.484
38143.484
37527.418
37953.684
37431.617
36954.816
37854.352
38986.484
39939.684
39860.484
40243.215
40423.75
40910.016
41709.551
41208.148
41119.215
41177.484
40378.352
40868.352
41377.352
41404.285
41137.016
42035.617
42439.352
42382.551
42479.082
41830.016
41647.684
41368.816
41617.215
41326.551
40610.75
40373.352
39895.551
40914.949
41615.285
42356.215
42112.617
42729.816
43639.285
43920.816
43382.551
42931.684
43359.016
42745.082
42591.016
41967.016
42629.883
43179.883
42699.215
42404.215
42093.684
41024.949
40413.484
38904.883
37742.75
37344.148
37500.949
37870.617
38388.418
39534.016
39771.816
41048.949
41365.016
41356.617
42038.617
42216.082
42651.016
42831.285
42968.215
43478.484
44293.75
43676.75
43281.352
42496.75
42371.148
42226.215
42117.352
42098.418
42163.883
42853.816
43818.285
43846.551
43832.684
43915.285
43782.949
43521.949
43513.418
43571.418
42394.949
41891.082
41540.551
40825.352
40106.484
39558.418
39936.75
40214.215
40690.949
41071.75
41772.551
41903.484
41601.418
41527.148
41674.949
41359.883
41022.418
41148.484
41579.949
42059.949
42223.016
42304.285
42783.551
43332.551
43283.418
43379.684
43048.016
42945.352
42296.484
41561.016
41271.75
40342.949
39401.816
40661.816
40569.551
40920.285
41056.352
41710.215
41803.949
42203.816
41626.082
41689.816
42012.816
41621.484
41485.352
41282.617
41204.418
40892.551
40213.148
39787.75
39894.484
39972.352
39508.016
38833.418
39182.684
39021.75
38782.418
38758.484
39041.816
39327.883
39489.949
39974.484
40108.75
40596.148
40318.75
40154.082
40604.285
40538.551
39342.418
40136.883
39702.148
39776.617
39958.082
39301.484
39484.215
40256.352
40456.949
40866.551
40713.016
40873.684
40781.082
40483.418
41020.551
40483.418
39941.016
39852.285
40210.148
40647.816
40840.816
40129.949
40265.082
40194.082
39692.816
40011.883
40184.617
40068.148
39846.215
40037.148
39775.285
39968.484
39379.148
39152.285
39029.285
39003.418
39233.816
38809.484
39702.949
39873.617
40390.352
39773.352
39917.352
39957.617
40238.148
40086.215
39846.883
40059.551
40061.484
39742.418
39782.617
39908.551
39524.418
39047.352
39501.352
39620.352
39726.883
39662.883
39852.215
39939.617
39745.75
40094.215
40246.551
40450.617
39682.352
39199.484
39441.016
38904.949
38992.215
38764.75
39318.484
39820.016
39624.883
39492.883
39824.75
39745.816
40045.148
39883.617
39997.484
40249.883
40110.617
40052.684
40290.285
40292.617
40197.285
40063.816
39420.418
39614.285
38806.285
39071.352
39140.148
39025.418
38764.551
38879.148
38828.883
38734.285
38805.082
39205.418
38789.551
39343.418
39145.352
39049.551
38594.215
38228.883
37832.285
37997.484
37625.285
37660.75
37302.148
37927.617
38093.883
38172.285
38023.352
37621.816
38679.352
38917.418
39202.883
39254.949
39798.285
40009.418
39310.883
39146.484
39008.75
38993.352
38159.215
38302.148
38544.082
38486.016
38820.148
38778.082
39234.418
39137.684
39241.285
39053.484
39316.148
38971.418
38690.082
38215.949
38818.617
38860.082
38051.484
38965.148
38572.617
38900.816
39125.082
38596.215
38864.617
38506.816
37717.148
37328.285
37782.215
37575.617
37209.016
37701.484
37722.484
38697.285
38436.949
39094.949
39264.949
38944.484
38844.75
39214.016
39567.684
39052.75
38517.816
38318.484
38318.484
37782.617
37581.484
37608.215
38121.75
38211.484
38147.684
38105.75
38702.148
38745.016
38360.148
38104.148
38108.617
37707.352
37086.352
36587.684
36715.949
36692.215
36318.883
36647.418
36987.215
37501.484
37732.617
37794.617
38128.816
38377.215
38763.617
38659.816
38791.148
38616.215
38411.082
38957.816
38369.816
38791.285
38497.148
38035.418
38640.215
38521.949
38665.418
38361.418
38193.816
38128.418
38081.285
37584.484
37745.148
37447.352
37315.617
37522.016
37257.883
37050.352
37044.285
36887.949
37672.285
37977.816
37176.352
37291.285
37858.551
37770.75
37714.883
38153.617
37673.418
37374.484
37333.551
36489.285
37042.75
36194.148
36402.617
36309.949
36294.016
36788.082
36595.75
36885.75
36836.082
36745.684
37099.082
37036.082
37326.816
37296.418
36827.285
36886.352
37100.816
37267.617
36442.148
36760.352
36939.352
36988.484
36380.816
36854.215
37494.551
37102.484
36803.617
37590.082
37758.883
37577.484
37304.418
36877.285
37478.418
36997.148
37186.016
37116.148
36911.215
37011.684
36966.617
36770.484
37055.215
36842.551
36140.883
36379.082
36681.418
36469.75
35814.148
35909.75
35552.215
35502.082
35295.949
34847.684
35462.215
35493.816
35105.215
36074.016
35918.949
36185.551
36122.352
35824.082
36364.484
36134.949
35739.949
35280.148
35718.684
35895.016
35072.484
34281.418
33614.883
32933.816
32380.35
31780.416
31391.883
30780.35
30405.684
31428.75
32019.084
32086.551
32654.018
33317.352
34439.883
34191.75
34652.215
34483.949
34438.148
34624.75
34164.285
33975.352
34181.148
34094.082
33696.617
33784.016
33943.75
34131.883
33958.418
33750.082
34150.148
33954.352
33954.551
33819.148
34185.816
34165.215
33773.684
34304.684
34161.551
33912.352
33523.75
33248.285
33308.215
33234.816
33240.352
33380.484
33195.484
33606.484
33660.617
33475.949
33695.082
34187.75
33850.484
33580.016
33901.551
33993.75
33888.215
34024.285
33891.551
33526.285
33329.418
33309.75
33502.082
33388.816
32652.214999999997
33046.883
32947.282999999996
33214.617
33049.482
32902.418
33025.684
33094.484
33418.285
32984.551
33192.285
33402.484
32904.418
33177.148
33174.285
33065.416
32546.551
32654.816
32594.551
32614.617
32717.482
32610.684
32535.35
32514.15
31927.684
32256.217
32035.551
32345.482
31914.816
32237.949
32773.816
32469.416
32844.883
32837.15
32736.084
33184.949
32892.949
32993.949
32988.285
32902.418
33147.084
32919.016
33080.416
32785.949
33031.949
32811.684
33252.949
32619.482
32726.018
32459.416
32766.283
32867.551
32451.018
32254.482
32365.416
32401.35
32357.684
32437.416
32537.684
32608.416
32563.217
32505.15
32476.416
32081.283
31689.816
31598.283
31815.551
31345.684
31014.551
31169.617
31584.217
31527.018
31094.15
31109.15
31499.551
31308.883
31016.084
30712.416
31038.949
30865.15
30460.75
30016.482
30359.283
30431.617
30399.217
30674.018
30569.617
30541.816
30034.883
30215.283
29862.35
29744.816
29045.217
28895.15
28974.551
28537.816
28535.217
27865.084
28216.816
27923.15
27353.283
26639.949
26527.482
26655.883
26489.75
25855.35
26162.084
26081.018
26377.084
26393.684
26989.684
27378.482
28154.551
28832.084
28964.217
29129.684
29158.883
29416.883
29232.018
28866.816
28954.15
28719.35
28994.617
28762.883
29087.551
29103.283
29433.75
29380.883
29565.217
29492.883
29906.482
29771.35
29508.883
29786.084
30122.482
29868.482
29636.482
29348.283
29729.949
29623.551
29389.684
29365.949
29401.816
29449.018
29844.15
29054.283
29563.35
29594.617
29609.35
29472.617
29664.949
29468.018
29115.482
29064.551
29202.15
29417.684
28741.617
28639.416
28859.75
28593.283
28519.816
28712.35
28800.283
28580.949
28450.217
28210.617
28141.084
28181.018
28287.35
28223.018
28241.084
28146.949
28140.551
28072.551
27976.217
27967.949
27752.617
27213.617
27622.416
27181.217
27284.883
27263.482
27425.084
27208.416
27345.551
27263.35
27320.217
27631.816
27410.217
27754.018
27539.018
27795.482
27569.283
27056.949
27188.482
26929.816
26798.018
26995.883
26891.617
26900.684
26878.551
26816.75
27229.883
27697.75
27282.684
27786.217
27907.816
27660.949
27816.283
27505.883
27737.75
27908.018
28045.15
28185.684
28297.551
28648.684
28541.15
28944.75
29233.15
29577.949
29023.949
28886.018
29197.949
29745.883
29514.551
30047.75
30193.217
30575.018
30395.416
30497.482
30392.949
30193.35
29464.15
28439.883
27921.018
27655.883
27293.617
27083.75
26851.551
26891.084
26735.949
26664.482
26860.75
26809.416
26786.416
26773.617
27108.75
26898.018
26777.018
26432.883
26446.084
26631.35
26191.816
26488.75
26382.883
26598.75
26601.883
26706.35
26740.482
26965.883
26598.217
26752.15
27119.883
26894.482
26368.816
26687.482
27061.482
26809.217
26469.883
26747.617
27039.416
26440.816
26913.75
26187.883
26538.949
26200.018
25990.217
26118.018
25990.617
26127.482
25808.482
25340.75
26043.283
26099.617
25802.684
25794.283
25961.018
25781.551
26052.75
25526.75
25760.551
25825.283
25916.684
25934.684
26061.35
25836.883
25919.684
26052.883
26307.551
25920.416
25482.551
25534.75
25749.084
25904.15
25600.482
25788.75
25639.217
25819.617
25585.883
25566.283
25631.617
25570.15
25159.15
24912.018
25544.35
25325.551
24840.551
24741.416
25166.883
24832.018
24765.15
24874.15
25121.416
24837.883
23854.883
24576.617
25027.883
24594.217
24556.684
24180.949
24456.283
24500.018
24754.883
24732.551
24664.75
24363.883
24373.551
24410.551
23899.482
23718.018
23189.018
23476.217
23018.482
23447.617
22974.617
23121.217
24422.018
24163.084
24133.883
24779.883
24594.75
24641.15
24140.684
23968.617
23741.217
23763.15
23527.816
23548.684
23677.949
23726.949
23326.35
23625.75
24290.949
23828.75
23326.684
23629.949
23926.018
23969.617
23667.482
23764.283
23872.551
23606.35
23256.35
22855.551
23354.084
22863.217
22775.35
22353.482
22403.551
22472.684
21827.949
21369.084
21300.283
19944.35
19203.018
18435.416
18569.283
18595.15
18669.416
18915.15
19650.416
20494.35
20924.551
21020.617
21231.684
21875.217
22299.018
22263.684
21937.283
22402.084
22242.883
22370.018
22363.217
21953.883
21651.551
21516.283
21997.018
21867.684
21472.816
22136.283
22018.15
22237.551
22349.75
22199.217
22311.617
22292.617
22043.15
22139.416
22263.816
22434.084
22032.018
21979.416
22405.283
22461.217
22384.684
22418.35
22560.018
22591.15
22442.084
21940.684
22400.684
22336.684
22039.949
21825.018
22064.084
22236.283
22046.684
21625.883
21867.883
22190.949
21558.816
22210.75
22383.816
22283.018
22683.816
22429.551
22525.551
22505.816
22254.75
22458.416
22370.217
22323.949
21961.15
22049.617
22067.617
22136.283
22027.35
22099.684
22316.018
22322.816
22050.551
21797.416
22098.35
21986.883
22206.551
21740.416
22272.416
22088.35
22263.949
22312.949
22397.018
22288.551
21810.283
21556.084
22082.35
22011.883
22136.949
21771.75
21690.617
21801.217
21693.283
22005.684
21759.283
21757.283
21197.883
21200.75
21339.482
21634.018
20752.75
21008.883
21245.416
21226.75
21012.482
20862.283
21279.684
21252.551
20998.217
21116.018
21232.684
21438.15
20686.084
20909.084
21410.949
21445.482
21082.949
20943.283
21048.551
21255.482
20830.15
20859.15
21041.15
20933.283
20390.617
20672.617
20685.617
20524.617
20455.883
20645.35
20324.217
21036.217
20456.949
20341.482
20421.551
20510.217
20357.15
19816.084
20308.283
20376.018
20090.416
19793.15
20259.35
20155.816
20034.084
19530.416
20097.816
20086.018
19994.217
20029.15
19669.949
19963.816
19790.018
19380.617
19619.084
19469.816
19454.15
18993.816
19440.551
19336.75
18727.551
18364.949
19133.35
18972.35
18723.482
18658.75
18907.283
18789.883
18407.617
18295.816
18997.75
18720.883
18523.416
18353.617
18843.35
18440.75
18279.617
18169.949
18792.018
18579.35
18271.482
18297.551
18430.816
18142.949
17757.684
17455.482
17954.617
18040.816
17963.35
18244.551
18392.949
18237.283
17644.816
18290.816
18079.617
17975.816
17958.816
17849.75
17777.684
17933.75
17431.217
17375.684
16688.417
15867.483
15120.017
14388.017
13893.483
13756.283
13673.217
13683.95
14655.283
15156.483
15415.283
15860.283
16213.95
16239.816
16350.017
16278.217
16388.816
15827.884
15819.684
15123.95
16170.95
16127.616
15909.217
15810.95
16218.616
16450.017
16621.483
16276.684000000001
16733.75
16974.217
16607.816
16706.883
17064.416
17075.283
17089.883
17194.35
17315.883
17306.75
17047.283
16674.75
17582.816
17297.617
17257.551
16837.482
17510.816
17652.15
17417.617
17598.551
17581.617
17132.482
17305.018
16927.018
17537.416
17438.416
17282.551
17219.482
17275.617
17510.816
17136.551
17643.018
17596.35
17685.75
17626.551
17206.416
17903.684
17889.018
17516.949
17706.217
18369.217
18174.217
17932.283
18426.217
18667.416
18311.684
18064.949
18169.15
17839.35
18007.75
17499.75
17669.35
17941.75
17808.551
17813.617
18240.283
17856.617
17974.018
17346.551
17192.283
18100.35
17904.816
17800.283
17885.551
17777.551
17835.283
17932.018
17631.217
17694.15
17659.283
17602.217
17563.018
17741.15
17434.084
17522.482
17407.883
17742.482
17527.283
17640.15
17567.617
17949.75
17529.816
17629.482
17528.283
17780.416
18043.617
18075.949
17949.617
17906.35
17766.084
17649.416
17891.816
18016.416
18163.018
18154.416
17757.217
18433.018
18258.283
18195.551
17664.15
18211.35
18151.883
17906.949
17815.816
17921.482
18073.283
18186.949
18067.617
18182.217
17885.551
17968.018
18178.684
17912.551
18017.084
17925.15
17738.75
17889.816
17957.75
17732.15
17670.75
17831.018
18068.816
17128.617
17886.15
17941.883
17874.084
17158.217
17516.217
17842.949
17930.816
17809.816
17813.816
17787.551
17931.283
17596.084
17511.15
17915.482
17611.018
17758.283
17427.482
17657.949
17683.35
17357.283
17329.35
17631.482
17222.816
17204.816
17062.482
17402.684
17262.883
16920.482
17241.482
17230.084
16990.482
17092.816
17254.684
17046.482
17027.617
16811.15
16849.084
17151.283
16811.617
16923.15
16590.482
16648.482
16725.551
16588.416
16690.616
16474.684
16415.55
16354.616
16357.217
16579.75
16519.55
16452.35
15548.684
15778.15
15685.616
15457.816
14807.616
14718.283
14684.417
14296.217
13662.483
14204.684
14054.884
13202.283
13638.95
13572.217
13205.15
13372.283
12829.884
13008.283
12809.15
12527.083
12602.35
12871.95
12764.95
12920.95
11667.884
12428.816
12525.616
12054.684
12398.15
12648.684
12738.017
12516.816
12976.35
13233.684
13303.884
13524.884
13955.217
13956.816
13787.483
13902.616
13708.816
13661.95
13856.616
13828.083
13266.417
13737.417
13507.283
13154.35
12537.15
12888.083
12646.75
12335.616
12214.083
12069.083
12142.55
11977.483
11888.816
12286.283
12254.483
12145.217
12111.017
12197.55
12102.35
11986.55
11920.417
12310.95
12119.417
11813.35
12243.217
12626.35
12412.75
12123.283
12288.483
12253.816
12323.616
12274.884
12147.884
12195.55
11941.35
11375.684
11902.083
11767.017
11962.55
12062.217
11654.15
12199.55
12067.083
11337.75
11605.217
11810.616
11638.884
11679.884
11959.616
12074.483
12067.616
12216.483
12139.35
12309.017
12112.017
12073.35
11760.35
12013.55
12099.15
11847.75
11868.35
12103.417
12055.283
11789.417
12308.95
12363.283
12537.95
12052.684
12316.217
12482.55
12460.55
12696.483
11982.017
12466.283
12344.15
12570.684
12139.417
12862.417
12604.283
12737.55
12341.884
12910.217
12835.75
12510.95
12334.483
12549.217
12331.75
12230.483
12471.15
12390.75
12237.017
11914.35
11872.083
12153.15
12282.15
12161.35
12298.684
12246.017
12127.083
11901.15
12122.95
12225.816
12100.55
12377.616
11800.684
12131.217
12393.083
12337.217
12046.884
12089.083
11633.417
11370.55
11824.15
11739.483
11791.884
10985.684
11537.884
11835.15
11687.15
11421.483
11759.95
11991.15
11593.95
11740.35
11606.616
11852.75
11478.816
11237.816
11209.75
11512.417
11476.684
11043.083
11358.35
11307.884
11495.217
11302.616
11357.083
11432.95
11286.75
11109.35
11346.816
11474.75
11383.616
11254.55
11596.884
11313.083
11411.684
11328.283
11148.017
11316.884
11321.75
11124.017
11005.75
11074.35
11151.483
10864.884
10736.017
11213.55
11223.417
10921.816
10990.017
11199.15
11226.15
10787.55
10862.95
11077.684
10853.35
10648.083
11042.55
11028.017
10816.55
11015.95
10789.483
10865.884
10803.684
10523.283
10147.55
10856.017
10530.483
10765.017
10579.017
10681.95
10453.684
10405.684
10245.884
10635.95
10474.017
10392.884
10119.217
10399.483
10447.55
10243.95
10202.217
10497.75
10478.283
9956.217
10119.283
10385.616
10385.017
9665.35
9866.417
10267.816
10255.95
10123.417
9797.816
10365.483
10236.35
10143.083
9904.417
10064.616
9895.35
9745.217
9914.217
10088.75
9904.75
9715.483
9761.483
10198.816
10196.816
9985.35
9695.083
9785.684
9937.884
9786.816
9572.35
9906.417
9823.083
9825.55
9468.483
9662.15
9773.55
9715.75
9547.95
9722.283
9549.616
9955.684
9253.283
9690.017
9624.684
9412.35
8992.884
9698.083
9658.55
9673.483
9338.217
9441.15
9314.816
9416.083
9522.95
9813.816
9022.35
9316.417
9086.95
9355.283
8767.083
8294.417000000001
7618.75
7367.15
6498.017
5649.883
5020.817
4354.683
3578.683
3188.95
2503.217
2799.417
2704.883
2424.883
2631.683
3508.55
3733.083
3742.617
4769.95
5315.017
5642.417
5959.95
5309.95
6069.883
5684.683
5503.017
5129.15
4897.483
4962.883
4660.283
4420.683
4801.35
4901.55
4870.483
4659.75
5382.617
5208.55
5249.683
5873.483
5903.483
6175.75
5856.217
6355.283
6541.483
6526.683
6553.75
6847.017
7096.95
7182.683
6714.55
6988.95
7533.483
7561.95
7137.483
7642.483
7926.55
8042.217
7948.75
8012.217
8459.75
8462.283
7852.683
8012.017
8675.083
8771.483
8578.616
8320.35
8868.017
8661.15
8475.816
8470.816
8956.017
8761.017
7899.950000000001
8773.017
8905.884
9019.75
8665.884
8445.15
8950.884
8898.283
8696.884
8596.35
8777.483
8869.417
8457.283
8301.55
9213.35
8822.483
8599.35
8644.283
8929.95
8857.483
8706.083
8687.017
8889.483
8831.816
8647.017
8647.417
8940.35
8929.35
8777.95
8672.884
9011.017
8929.15
8361.816
8574.55
8873.283
8814.55
8444.15
8378.816
8766.017
8634.417
8670.95
8455.55
8691.017
8839.55
8537.15
8080.017
8863.884
8759.95
8728.816
8575.417
9022.55
8793.083
8609.816
8377.483
8855.35
8661.217
8219.35
8069.282999999999
8698.616
8638.217
8616.95
8037.683999999999
8737.684
8625.684
8476.083
8558.217
8741.616
8716.35
8538.217
8446.816
8952.816
8785.15
7907.0830000000005
8283.15
8846.55
8628.816
8635.283
8465.884
8840.283
8733.017
8301.083
8096.35
8664.217
8487.816
8487.15
8355.75
8673.217
8654.35
8503.017
8053.0830000000005
8688.083
8655.75
8291.75
7993.35
8566.75
8731.283
8378.883
8324.417000000001
8674.616
8281.683
8245.883
8386.082999999999
8405.883
8289.417000000001
8157.817
7975.15
8558.082999999999
8401.617
8038.75
7949.617
8427.017
8563.55
7859.35
7949.217
8393.082999999999
8319.283
8360.75
8109.55
8331.217
8237.817
8193.883
7885.283
8521.75
8260.75
7977.95
7949.083
8336.017
8240.15
8074.217
7591.217
8226.017
8138.55
8009.617
7507.083
8289.217
8102.95
7605.483
8013.55
8101.283
8002.217
7587.617
7679.483
7829.95
7959.017
7706.483
7681.15
7967.683
7718.883
7706.683
7525.483
7817.75
7832.683
7358.55
7324.15
7807.283
7786.817
7487.15
7428.617
7491.35
7694.283
7218.283
7402.083
7451.283
7483.417
7326.817
7117.15
7655.483
7505.483
7131.15
6819.483
7381.683
7558.617
7346.55
7071.483
7430.15
7393.417
6717.75
7123.15
7552.017
7177.483
7007.75
7066.483
7307.617
7322.083
6970.483
6822.283
7229.217
7320.95
7132.55
7022.217
7326.683
7144.15
6830.617
6564.883
7204.55
7006.217
7259.417
6769.083
7231.95
7191.283
6695.417
6756.55
7237.283
7084.75
6872.483
6932.35
7210.217
7162.75
6724.15
6681.217
7284.883
7014.083
6882.15
6922.083
7157.483
7002.283
6578.217
6470.283
6854.35
6781.35
6300.35
6395.417
6869.817
6707.217
6880.15
6565.95
6885.15
6739.883
6967.95
6592.883
6805.017
6729.217
6363.217
6352.417
6816.883
6687.75
6209.683
5685.95
6657.95
6671.817
6223.683
6424.483
6655.483
6452.35
6311.817
6262.283
6604.55
6434.817
6248.017
5898.083
6458.15
6539.75
5803.683
5958.017
6563.417
6337.617
6080.883
5876.017
6471.15
6449.95
6348.683
5943.817
6521.883
6444.95
6396.95
6255.95
6441.75
6319.617
5109.283
5600.75
6347.15
6446.15
6047.75
5766.017
6312.283
6420.15
5803.817
5790.017
6186.55
6171.683
5701.75
5722.95
6211.35
6174.283
5544.617
5540.75
6077.883
6036.483
5757.683
5771.017
5980.417
5902.75
5492.817
5893.95
5986.217
6008.15
5473.617
5711.617
6090.883
5871.817
5393.35
5296.883
5881.617
5906.75
5740.95
5186.617
5963.683
5828.75
5145.417
5273.217
