261.7
61.650000000000006
-149.5
150.05
443.433
127.65
200.833
228.71699999999998
225.9
248.25
118.63300000000001
-168.75
205.567
211.38299999999998
17.1
-44.083
348.633
-12.617000000000004
61.233
351.383
418.5
176.25
460.767
144.917
272.3
195.71699999999998
220.433
-127.883
193.833
182.71699999999998
317.3
20.783
271.967
180.25
233.433
6.850000000000001
546.7
462.65
84.367
-67.883
244.1
125.983
-24.967
171.183
192.36700000000002
232.05
140.567
220.383
216.7
236.583
-50.033
28.382999999999996
598.967
257.91700000000003
-14.766999999999996
-272.35
434.433
429.183
27.967
32.917
375.9
423.25
381.5
223.183
407.033
362.383
151.233
314.45
377.5
380.517
320.367
-152.21699999999998
439.83299999999997
286.85
27.033
70.65
379.83299999999997
182.65
129.7
60.45
287.9
488.983
199.03300000000002
45.516999999999996
225.9
336.58299999999997
21.566999999999993
2.516999999999996
236.3
200.917
487.83299999999997
-17.549999999999997
184.167
212.05
338.83299999999997
-74.617
191.96699999999998
238.85
194.167
88.183
398.1
355.517
-230.03300000000002
16.783
393.433
291.58299999999997
215.03300000000002
189.65
457.7
275.183
-10.632999999999996
270.91700000000003
93.433
317.717
241.767
272.25
396.767
273.117
543.633
-245.683
316.367
354.05
97.167
351.517
382.1
442.983
239.3
88.917
337.83299999999997
233.78300000000002
-73.767
99.45
326.1
298.91700000000003
121.1
0.5829999999999984
410.033
425.85
50.367000000000004
-258.817
350.3
311.58299999999997
69.367
125.917
267.433
408.91700000000003
324.5
31.917
277.233
315.717
-286.7
-152.417
298.1
194.917
156.5
-15.483000000000004
328.567
255.317
49.43300000000001
202.183
399.1
285.65
240.633
-115.417
449.1
397.45
427.3
148.65
477.7
260.517
156.767
332.65
397.033
76.05
360.1
-168.75
127.567
225.25
-0.03300000000000125
349.317
577.967
417.317
155.433
-95.483
499.233
143.25
445.233
12.849999999999994
384.233
348.383
309.633
375.183
511.3
348.517
420.033
293.983
326.3
217.05
380.1
-360.75
382.5
348.65
166.567
136.11700000000002
136.63299999999998
309.317
465.433
162.383
241.96699999999998
284.05
107.167
-200.28300000000002
263.367
377.317
461.033
173.183
379.7
288.85
37.367000000000004
-322.08299999999997
436.433
231.45
-69.167
5.983000000000004
262.3
184.583
-1006.3
-103.95
120.233
254.65
234.167
-70.217
550.233
396.517
253.3
61.31699999999999
260.1
224.85
-116.767
409.117
515.433
263.05
-203.833
21.183000000000007
304.433
308.85
-121.9
340.783
376.367
235.183
383.3
326.717
316.83299999999997
396.717
237.633
171.383
363.1
238.11700000000002
396.433
23.583
391.9
415.117
325.9
-87.083
219.1
303.117
67.767
-294.41700000000003
368.5
329.183
260.033
-135.21699999999998
342.7
324.783
212.96699999999998
71.317
354.7
341.45
-161.767
190.983
322.567
56.650000000000006
-156.7
144.85
254.96699999999998
204.517
303.967
158.25
261.967
509.117
79.63300000000001
164.71699999999998
368.567
523.183
374.83299999999997
154.85
214.833
261.58299999999997
85.233
482.317
337.433
199.517
-165.36700000000002
97.517
196.167
274.45
244.633
-16.549999999999997
525.7
538.183
8.299999999999997
274.45
363.367
329.58299999999997
213.03300000000002
83.317
319.83299999999997
364.117
67.167
112.983
276.367
303.783
156.63299999999998
278.517
455.3
407.117
379.633
74.45
526.167
139.11700000000002
353.633
-181.28300000000002
329.767
141.71699999999998
-114.9
252.317
299.367
170.05
499.9
347.45
335.3
214.917
581.433
32.516999999999996
330.433
231.317
-79.3
229.71699999999998
578.033
369.05
492.1
-100.95
393.567
301.183
312.967
118.917
262.367
456.45
-123.5
156.05
532.767
252.38299999999998
64.1
103.917
271.7
268.117
439.9
104.917
578.567
469.91700000000003
622.167
360.117
612.033
415.45
128.233
223.383
273.83299999999997
473.58299999999997
649.567
70.18299999999999
584.1
449.85
405.567
545.117
479.767
376.183
219.767
502.317
348.767
617.383
-23.167
130.05
414.7
394.517
406.1
246.05
716.7
394.85
561.3
397.183
537.233
499.85
527.1
151.65
848.1
312.183
425.967
360.45
711.033
373.717
545.167
419.183
415.033
665.05
564.033
446.183
390.767
663.317
433.433
254.117
754.767
558.183
449.233
378.85
364.433
455.05
580.1
443.383
674.433
558.783
352.633
282.383
432.233
528.117
414.633
288.917
653.033
228.317
508.367
232.45
454.367
340.25
511.767
589.717
484.1
218.183
528.3
720.9169999999999
214.5
637.383
498.9
531.9169999999999
550.9
505.117
356.033
698.517
871.633
384.917
399.1
979.9169999999999
613.433
824.85
199.16699999999997
362.783
831.3
649.117
765.3
832.25
354.23299999999995
323.45000000000005
441.63300000000004
407.04999999999995
954.033
756.583
245.5
713.85
602.967
826.917
867.633
683.983
600.167
938.983
235.567
505.317
627.833
767.317
1087.233
1016.85
932.7
860.317
659.033
738.783
780.633
692.117
336.1
547.983
909.433
720.65
995.633
542.917
1057.9
945.45
1042.5
849.783
1001.833
926.183
531.767
986.317
856.5
758.317
691.433
823.517
820.7
944.317
837.633
616.583
938.167
707.783
666.833
533.183
1000.5
881.717
832.7
873.65
1006.833
751.25
761.833
662.85
950.433
976.45
879.567
626.183
1132.033
856.717
897.167
861.65
1012.9
886.05
390.567
815.583
868.633
911.317
940.967
1111.183
1241.033
1042.983
1060.967
1029.717
1168.7
1219.183
1056.3
1093.917
1104.7
1084.05
1262.233
1106.85
1499.9
985.317
581.567
851.317
1078.433
1335.917
1059.367
1144.85
1490.9
1284.383
1204.9
1119.583
1351.367
1381.117
1421.833
1126.517
1498.633
1186.183
1096.367
1025.783
1104.7
1038.917
1380.7
738.717
1119.233
1201.117
1433.5
1019.117
1343.3
1200.983
1403.567
1237.183
1319.967
1385.65
1360.967
1281.05
1571.167
1123.117
1663.033
1393.85
1454.7
1375.383
1283.367
1479.917
1710.033
1091.783
1197.1
1487.517
1717.433
1446.117
1537.5
1287.117
1373.233
1262.25
1352.033
1437.383
1381.9
1658.45
1904.033
1156.517
1742.9
1710.25
1600.7
1531.917
1614.567
1473.05
1425.167
1735.45
1680.7
1481.85
1298.767
1415.117
1365.833
1342.717
1668.3
1531.383
1641.167
1831.85
1617.167
1750.983
1960.033
1667.717
1986.167
1813.983
2154.033
1898.05
1754.833
1979.383
1984.5
1907.583
1731.767
1886.317
1716.1
1798.783
1671.7
1870.783
1872.033
1699.117
1411.167
1677.917
1635.833
1650.65
1454.967
1411.917
1674.3
1433.517
1407.833
1134.183
1772.833
1341.383
1660.367
1603.45
1749.833
2162.583
1903.433
2128.65
1939.367
2091.983
2258.367
1877.583
2098.5
2075.65
1857.7
1766.25
2080.9
1916.183
2171.7
1748.517
2017.833
2042.65
1994.633
2130.783
2087.233
2078.383
2220.767
2161.783
2237.233
2246.983
2157.967
1890.983
2206.633
2227.45
2065.167
2296.783
2390.167
2266.983
2165.633
1881.317
2406.833
2228.783
2508.967
2750.183
2749.967
3083.583
3054.967
2906.517
2854.3
2766.317
2898.433
2495.783
3062.833
2754.317
2914.3
2822.05
3086.167
2600.983
2762.367
2919.583
2815.5
2837.45
2651.7
2326.983
2912.433
2978.583
2846.767
2962.65
3119.3
3072.65
2968.567
2732.783
3122.7
3103.45
2607.233
2844.917
2825.033
3003.917
2828.9
3032.85
3226.233
2997.117
2905.767
2386.65
2723.967
2837.65
2910.433
2593.917
3016.233
2670.783
2780.1
2613.917
2585.633
2515.517
2443.233
2523.65
2524.5
2609.65
2411.5
2566.05
2352.967
2493.583
2583.167
2614.717
2894.3
3020.183
3089.567
3248.45
3086.567
3162.85
2754.233
3246.917
3043.3
2997.383
3501.567
3126.85
3807.567
3776.717
3642.833
3784.317
4373.8330000000005
3848.783
4023.833
3512.583
3740.5
3671.25
3357.833
3157.317
3249.167
3140.317
2931.3
3028.717
3494.5
3090.25
3325.967
3304.917
3782.5
3721.317
3901.3
3660.45
3568.3
3446.117
3178.367
3064.517
3229.9
2847.05
2767.7
2637.383
2755.5
2703.317
2148.967
2499.717
2518.3
2190.517
1876.3670000000002
2610.65
2604.5
2674.183
2930.767
2591.183
3361.5
3511.917
3575.7
3396.983
3498.367
3340.25
3013.9
3176.117
3113.633
3287.45
3251.367
3046.45
3606.9
3264.717
3411.5
3315.85
3510.7
3429.183
3377.367
2845.05
3443.967
3274.317
3451.9
3413.183
3298.9
3341.517
3324.433
3296.25
3943.5
3933.25
3873.1
4070.05
4218.967000000001
4310.25
4297.7
4132.782999999999
4451.9
4190.45
4560.567
4110.383
4573.567
4922.717
4260.633
4508.45
4675.567
4456.583
4478.3
3831.783
3810.1
3319.917
3185.567
2402.317
2378.233
1959.917
1814.633
1813.917
2314.567
2522.917
2792.567
3172.783
3428.9
3516.717
3771.433
4126.717000000001
4403.833
4700.25
4580.233
4558.65
4763.5
4229.183
4182.433
3996.183
3695.633
3068.25
2889.7
2633.783
2614.7
2933.983
3015.3
3438.25
4152.5
4301.717
4437.233
5141.717
5374.433
5384.317
5722.833
5415.85
6094.633
6097.917
6529.433
6182.05
6132.767
6518.983
6307.967
6346.983
6495.3
6322.85
6548.233
6377.65
6983.233
6774.317
6887.967
6648.983
7126.967
6935.983
6780.833
6803.25
7335.967
7131.117
7098.767
6879.917
7056.3
6611.583
6727.9
6882.317
6985.833
7337.85
7134.967
7181.783
7233.433
6981.917
6738.3
6522.317
6749.7
6966.783
7171.367
7036.583
6981.5
7014.45
7010.5
6824.717
6874.1
6817.85
6683.767
6722.25
7180.633
6952.65
7086.367
6789.583
6964.3
7128.917
6964.567
7335.25
7415.433
7389.65
7457.3
7573.717
7607.9
7937.517
8141.567
7952.517
7880.1
7851.117
7306.633
6834.45
7064.7
6985.517
6997.167
6854.917
7115.3
7308.317
7351.633
7876.517
7842.367
8335.317
8273.233
8331.25
8307.167000000001
8664.783
8066.567
8195.85
8651.367
8167.85
8251.633
8429.583
8439.7
8260.183
8827.7
8260.717
8625.5
8566.917
8457.7
8196.116
8473.767
8337.317
8413.767
7873.117
8425.567
8279.317
8227.167
7857.5830000000005
8280.832999999999
8566.45
8739.233
8386.983
8667.9
8740.983
8550.233
8575.05
8515.566
7651.05
8135.233
8121.783
8252.167000000001
7788.65
8336.167000000001
8116.183
8282.9
8032.117
7978.967
8289.983
8423.233
8342.45
8402.9
8216.317
8033.567
8004.383
7469.033
7711.983
8369.433
8078.9169999999995
8209.9
8473.917
8807.233
8833.05
9066.167
8720.917
8872.5
8931.05
8929.9
8544.384
8467.7
7934.983
8159.233
7465.85
8113.7
8275.517
7953.1
7902.517
8672.767
8641.983
8142.567
8177.383
8890.366
9054.45
8821.967
8651.717
8745.767
8798.25
8623.634
8512.517
8739.1
8569.717
8817.7
9073.983
8762.7
8961.517
9244.7
8432.184
8702.033
8583.65
8224.967
8562.65
7914.833
8140.783
8111.5
8960.184
8932.634
8756.316
8732.233
8330.85
8662.033
8553.184
8944.167
8581.983
8414.366
7915.517
7887.9
7609.717
7300.767
7204.05
6746.433
6674.05
6669.367
6637.717
7070.3
7366.05
8185.9
8631.116
9493.634
9621.116
10448.434
9714.65
9343.634
9684.65
9596.5
9474.316
10129.767
10185.384
10377.1
10231.85
10197.9
9600.65
9289.167
8987.45
9242.634
9094.05
10213.566
9714.517
10302.434
10297.983
10599.7
10606.05
10308.7
10952.116
11063.366
11572.316
11474.434
11555.65
11789.5
12051.583
11212.767
11396.316
10924.833
11090.917
11117.233
11444.583
11057.833
10831.25
10470.5
10325.983
10587.9
10334.517
9530.767
10340.05
10201.366
10811.717
11016.033
11001.45
11838.5
11474.116
11186.634
11403.65
11437.366
11263.517
11206.9
11292.85
11731.033
12085.316
12145.833
11810.384
11929.566
13308.116
12285.366
12317.983
12519.1
11982.517
12480.7
12429.65
13051.634
12556.05
12055.767
12359.116
12599.233
12465.316
12002.1
11876.517
12950.634
13311.717
12965.366
12450.45
12773.767
12543.45
12443.967
11667.983
12552.167
12424.25
12096.233
11484.717
12034.967
12269.316
12216.233
11852.717
12753.1
12802.983
12543.634
12915.116
13069.233
13667.316
13137.3
12914.384
13492.033
13051.583
13333.233
12578.45
12927.5
13549.116
13096.1
13236.783
13294.9
12896.116
13115.9
13435.85
14028.1
13718.717
13724.167
13854.85
13765.233
14084.316
14537.967
14154.85
14116.967
13726.517
13754.366
13311.316
13795.9
13392.917
13774.767
13156.116
12834.634
13023.65
12915.9
12637.05
13255.634
12773.25
12863.767
12922.65
12936.767
12990.517
12831.1
13330.184
13858.366
14132.85
13412.767
13388.25
13522.767
13029.983
13728.634
13357.384
13927.366
13914.116
14205.7
14179.116
14365.3
14554.184
14086.033
13610.65
15111.5
14598.717
14499.5
14694.717
14967.167
13947.917
14561.7
13862.116
14779.033
14554.184
13936.566
14363.316
14827.167
14516.316
14674.233
15403.983
14976.033
14445.316
14320.434
14115.316
14028.033
14481.583
15038.833
14990.116
15590.5
15654.717
15993.434
15595.316
15666.434
15999.25
15737.634
15665.184
15769.033
15839.384
16164.767
15871.717
16520.634
16337.717
16446.1
16838.184
16694.033
16633.25
16202.566
16369.717
16630.967
16214.45
16083.634
15989.85
16534.301
16287.45
17181.232
16497.316
16195.967
16607.05
16720.367
17350.982
17396.566
17474.449
16956.9
17200.85
16791.367
16956.85
16746.033
16999.25
17345.367
18827.982
17469.033
18157.449
18435.434
18586.65
18021.166
19298.717
18749.699
19059.85
19657.033
20251.184
19223.834
19709.65
19219.5
19494.783
20913.9
19650.25
19738.434
18976.584
18987.633
19099.316
19693.301
19594.25
19996.301
20649.717
20135.232
20844.982
21464.1
21980.584
22022.9
22160.717
22882.633
23504.383
22892.768
21723.584
22478.5
22632.717
22041.367
22435.916
23063.033
23068.449
22886.301
23344.383
23925.5
23239.982
24608.5
25156.25
24833.5
24279.783
25295.834
25098.783
25115.768
24873.717
25182.166
25243.383
25080.301
25163.916
24766.633
25034.783
25854.5
26455.982
26901.367
27078.25
28388.9
28577.916
28080.967
28701.916
28713.699
28394.383
28494.699
27580.25
28539.699
27806.584
27681.566
29216.449
29745.033
29998.85
30118.232
30213.184
30960.768
30173.717
30417.367
29915.783
30160.633
30362.717
29899.1
30509.916
31257.9
31546.916
31714.699
31812.117
32210.699
32215.184
31718.5
32010.184
31825.232
31918.85
31305.1
31856.85
31978.301
32079.717
32479.033
32019.783
32016.9
32122.316
32184.166
32237.449
32344.1
32675.584
32376.9
32491.783
32779.367
32549.25
31541.166
31108.449
29550.967
28398.051
27510.033
27184.383
27208.367
27570.051
27497.834
28720.383
30184.633
30644.982
31265.699
31335.518
31630.232
32446.25
33392.168
33002.582
33697.102
33749.25
33451.301
32675.051
32490.834
32712.85
33280.965
33479.383
33928.566
34456.984
35272.898
35776.582
35882.367
35961.516
35228.766
35092.715
34708.301
34909.918
35003.5
34910.918
34996.5
34343.449
33937.898
33808.184
33303.633
33326.582
33698.566
33413.516
34771.965
34967.051
35276.367
35857.117
36154.766
35317.984
35595.035
35118.449
35257.102
35522.648
35873.035
36272.715
37217.434
37045.715
37620.633
37152.316
37142.434
36782.25
36055.566
36317.051
36184.035
36346.715
36154.5
36420.715
36915.832
37188.715
36785.434
36810.383
37872.832
37345.984
37727.102
36932.785
37598.035
37059.184
36231.566
35734.582
35367.965
35280.785
35547.102
35804.785
36175.766
37327.449
36945.699
37766.316
37254.965
37301.184
37114.566
36665.648
36418.633
35988.383
35350.832
35528.984
35586.699
35333.918
35545.699
35488.051
35218.434
35404.516
35250.367
35345.918
35851.102
36224.582
36183.434
36615.449
37377.633
37474.184
37404.234
37701.117
37453.898
37337.184
36604.965
36202.516
35730.301
36024.449
36481.035
36260.984
37090.301
37399.051
37987.965
38277.715
38236.234
38094.918
38903.301
39169.383
39658.832
39782.582
39511.367
39306.648
39075.434
39056.449
38393.102
38229.984
38320.5
38311.715
38026.965
37941.648
37075.5
37664.316
37295.5
37731.316
37631.434
38532.715
38921.102
39559.582
39943.633
40257.449
39348.301
39469.184
38962.5
39022.984
39343.832
38992.715
39047.766
38704.918
39011.766
39346.715
39399.699
39616.316
39596.168
40075.449
40564.035
41288.984
40548.434
40375.715
39821.168
39805.449
39053.633
39099.918
39020.035
38729.316
39320.965
39461.984
37625.766
38850.516
38764.832
38477.383
38660.5
38385.582
38293.633
38504.715
39147.301
39399.785
39424.301
39312.715
39439.633
40100.984
40268.367
40513.184
40199.434
39745.184
38448.234
36943.051
36267.434
34816.383
33320.301
32812.051
33455.035
34438.117
36625.5
37236.715
36690.898
36737.785
36981.301
36429.117
36819.965
36298.516
35868.766
36685.582
37868.633
38787.785
38645.699
39080.383
39327.234
39676.516
40547.301
40006.918
39927.633
39995.785
39176.633
39716.785
40124.566
40194.918
39976.102
40818.051
41193.168
41121.449
41217.234
40509.715
40468.699
40118.715
40407.234
40039.051
39429.035
39193.918
38712.566
39682.648
40388.965
41098.316
40820.367
41491.383
42320.699
42647.25
42091.566
41725.316
42036.5
41502.918
41427.367
40745.984
41451.035
41967.051
41438.566
41149.648
40872.301
39810.582
39251.168
37709.918
36660.5
36277.316
36359.035
36712.852
37192.102
38316.117
38527.102
39765.852
40041.965
40105.516
40699.699
40962.184
41374.699
41525.852
41646.965
42110.852
42898.566
42301.918
41984.301
41117.184
41046.5
40922.383
40827.566
40753.449
40835.234
41472.648
42480.434
42483.852
42491.301
42471.715
42401.566
42186.383
42165.965
42155.25
41118.5
40577.648
40190.234
39579.449
38769.965
38318.316
38660.102
38961.785
39402.699
39782.582
40461.035
40493.316
40294.434
40148.516
40349.566
40001.648
39660.566
39774.852
40207.766
40712.449
40846.633
40880.184
41332.766
41957.516
41841.898
41918.449
41628.898
41473.785
40937.633
40186.117
39904.566
39052.25
38073.5
39300.715
39214.168
39526.316
39702.965
40291.715
40418.234
40780.648
40304.234
40304.852
40740.434
40224.383
40117.965
39946.516
39859.633
39494.852
38882.5
38446.184
38593.168
38649.25
38150.301
37496.383
37823.766
37683.449
37412.766
37373.117
37648.301
37901.383
38136.832
38557.449
38739.633
39197.918
38982.035
38734.25
39226.434
39151.852
38047.766
38832.785
38450.5
38433.984
38621.766
37998.516
38088.633
38928.582
39137.434
39423.383
39365.699
39457.449
39430.832
39141.184
39619.766
39092.383
38597.5
38568.383
38863.102
39299.648
39485.832
38738.582
38927.035
38808.25
38334.234
38620.051
38776.633
38679.918
38465.301
38661.25
38389.898
38621.852
38047.035
37792.25
37769.898
37662.852
37894.766
37505.715
38340.434
38555.852
39005.832
38383.852
38603.965
38608.648
38918.168
38771.316
38522.035
38722.316
38691.766
38482.383
38503.832
38522.648
38178.766
37738.516
38116.566
38277.852
38410.566
38370.715
38521.035
38477.516
38386.832
38784.383
38874.234
39092.449
38304.766
37826.582
38145.965
37590.582
37696.234
37427.184
37960.633
38435.648
38294.832
38114.715
38489.301
38401.184
38683.898
38489.582
38569.965
38944.918
38716.633
38647.184
38865.234
38938.449
38829.766
38667.918
37998.301
38212.785
37429.234
37678.25
37732.566
37653.449
37371.5
37451.383
37454.102
37387.918
37404.766
37756.449
37368.566
37968.918
37767.766
37751.582
37217.102
36841.516
36495.434
36649.852
36281.898
36264.316
35953.102
36537.785
36697.434
36773.852
36611.699
36276.582
37282.699
37435.516
37774.898
37812.516
38345.898
38542.383
37861.898
37722.449
37569.234
37517.984
36746.5
36861.316
37108.766
37091.984
37409.898
37373.051
37842.5
37710.648
37820.566
37617.785
37920.102
37579.785
37305.5
36799.316
37396.102
37484.852
36712.633
37508.715
37186.965
37503.648
37723.5
37213.316
37478.965
37111.449
36334.633
35922.25
36346.566
36132.316
35810.301
36240.051
36249.699
37199.316
36925.566
37539.117
37736.699
37428.918
37327.766
37688.984
38018.434
37540.984
36992.832
36748.316
36757.766
36225.184
36015.832
35883.051
36520.434
36531.383
36519.168
36430.316
37035.699
37073.449
36776.168
36502.316
36536.102
36161.648
35598.699
35122.984
35248.367
35277.117
34864.5
35155.051
35471.168
35973.648
36197.102
36252.383
36575.633
36728.184
37113.301
37045.117
37203.035
36935.918
36779.434
37306.051
36703.168
37158.25
36815.5
36394.785
37037.766
36893.984
37046.766
36625.984
36524.832
36477.852
36478.5
35900.184
36101.168
35846.051
35711.301
35920.582
35634.5
35446.648
35475.367
35265.582
36087.766
36318.715
35528.035
35687.051
36218.367
36113.648
36055.434
36562.316
36078.301
35773.051
35681.035
34949.984
35460.301
34729.918
34859.5
34731.984
34760.5
35279.117
35020.168
35363.449
35306.168
35181.449
35611.301
35550.918
35795.035
35770.449
35289.699
35364.184
35568.832
35724.715
34961.633
35288.516
35457.832
35478.582
34890.699
35346.184
36010.301
35590.051
35371.102
36134.449
36246.102
36091.316
35798.168
35407.852
35955.035
35521.582
35732.102
35678.648
35461.035
35591.316
35489.035
35307.582
35641.434
35390.785
34669.434
34935.852
35209.367
35020.984
34426.699
34454.715
34178.301
34081.984
33900.898
33484.852
34005.633
34075.984
33727.699
34615.25
34459.168
34742.852
34624.898
34300.051
34770.102
34603.648
34148.566
33651.184
33994.434
34102.051
33263.035
32451.85
31762.699
31047.65
30498.1
29888.717
29514.9
29018.783
28547.768
29514.316
30072.367
30138.051
30682.5
31392.584
32474.566
32236.25
32771.166
32644.518
32641.232
32789.184
32281.033
32091.916
32277.566
32156.184
31748.232
31828.051
31943.834
32216.316
32106.301
31938.117
32393.232
32219.051
32299.768
32176.184
32576.768
32441.383
32016.033
32486.449
32245.633
31957.982
31511.301
31127.584
31256.301
31261.117
31324.834
31544.717
31415.768
31802.25
31947.033
31741.65
32050.166
32475.65
32202.566
31918.916
32183.367
32323.717
32211.566
32286.783
32203.033
31801.383
31647.834
31653.117
31849.232
31744.25
31096.5
31497.916
31442.367
31668.783
31516.434
31344.25
31471.5
31606.117
31887.166
31429.717
31703.1
31983.117
31419.768
31704.184
31731.566
31638.117
31144.699
31265.117
31220.5
31282.449
31351.5
31226.65
31143.699
31141.584
30612.9
30927.184
30738.967
30987.383
30563.699
30893.25
31457.367
31134.916
31526.5
31460.25
31358.367
31748.449
31559.434
31609.717
31626.633
31533.518
31752.232
31534.85
31759.9
31459.916
31657.5
31415.717
31930.5
31265.717
31373.5
31145.316
31386.9
31563.25
31120.9
30957.184
31095.434
31073.982
31019.033
31131.449
31169.301
31288.051
31218.967
31184.051
31155.301
30819.25
30428.5
30317.717
30531.301
30077.85
29742.834
29891.717
30322.699
30275.65
29771.566
29851.051
30214.5
30007.65
29714.301
29499.65
29806.166
29611.051
29242.566
28749.449
29162.834
29219.85
29203.232
29443.117
29333.367
29352.584
28809.633
28984.584
28666.434
28534.982
27863.033
27734.117
27826.1
27400.916
27391.5
26751.717
27138.768
26838.051
26253.166
25551.184
25450.768
25585.916
25422.301
24878.383
25142.967
25089.916
25319.967
25379.717
25964.834
26301.449
27051.434
27678.383
27820.633
27959.383
28010.1
28282.25
28034.434
27702.051
27818.9
27574.85
27882.9
27640.65
27893.699
27946.051
28264.9
28232.584
28410.834
28349.916
28740.301
28630.051
28353.232
28647.916
28972.768
28691.449
28408.566
28202.65
28543.768
28442.85
28234.566
28157.518
28229.699
28299.85
28679.5
27906.051
28400.033
28434.584
28480.633
28249.982
28481.166
28299.518
27970.1
27957.051
28087.1
28280.584
27598.166
27498.383
27722.367
27403.449
27374.367
27602.383
27697.633
27391.316
27314.033
27031.518
27000.166
27048.051
27191.768
27137.65
27102.834
27029.982
27067.033
26911.316
26841.9
26823.316
26612.566
26104.518
26588.834
26078.518
26201.768
26165.117
26321.699
26061.25
26226.166
26121.449
26171.232
26484.051
26264.232
26609.25
26439.301
26613.051
26429.232
25847.65
25973.699
25730.518
25557.9
25758.383
25586.633
25548.25
25578.566
25507.982
25956.967
26463.65
26002.768
26578.982
26675.232
26381.584
26545.301
26246.051
26532.9
26617.85
26809.166
26951.117
27030.301
27402.65
27285.699
27623.982
28025.5
28264.65
27748.768
27611.051
27965.967
28402.65
28203.566
28702.383
28866.301
29273.85
29057.301
29201.584
29099.768
28958.717
28225.434
27266.717
26776.166
26481.783
26242.166
25968.117
25794.566
25807.584
25693.166
25555.051
25803.566
25662.717
25681.633
25669.916
26016.033
25779.316
25707.5
25360.117
25379.5
25591.25
25134.834
25440.584
25280.633
25544.584
25509.232
25651.916
25725.1
25901.982
25501.1
25698.051
26076.434
25859.65
25302.768
25614.584
26028.166
25850.316
25439.367
25716.518
25976.166
25403.117
25828.166
25187.982
25536.633
25196.051
24994.033
25150.184
24981.5
25083.449
24813.301
24318.316
24979.166
25082.449
24764.232
24763.717
24944.768
24774.518
25073.5
24570.916
24789.434
24888.25
24953.566
24965.518
25108.834
24801.184
24971.1
25075.051
25345.834
24872.184
24509.9
24488.518
24794.434
24912.184
24609.1
24729.717
24628.232
24825.25
24606.232
24530.916
24620.566
24578.117
24154.967
23915.783
24495.434
24219.65
23772.301
23653.383
24056.699
23691.982
23634.166
23719.717
23975.367
23641.783
22640.367
23285.051
23726.033
23241.518
23206.9
22801.65
23061.699
23125.916
23418.232
23404.717
23342.566
23041.518
23125.834
23115.316
22655.967
22511.051
22007.699
22334.449
21953.768
22361.717
21958.1
22092.85
23388.1
23170.051
23161.301
23704.117
23520.834
23504.518
22945.367
22695.518
22473.967
22483.449
22216.367
22280.982
22425.699
22546.051
22269.768
22559.717
23248.434
22775.25
22277.566
22618.184
22911.967
22937.316
22580.9
22752.449
22850.633
22529.449
22201.367
21859.25
22246.633
21799.65
21691.633
21273.383
21315.566
21371.717
20765.434
20307.383
20252.768
18941.383
18296.566
17498.316
17679.232
17725.65
17799.5
18016.25
18727.434
19545.584
20037.5
20048.316
20260.834
20880.117
21313.9
21297.25
20954.834
21449.316
21342.834
21406.65
21463.232
21077.449
20753.834
20626.65
21128.768
21027.65
20604.5
21245.518
21144.367
21367.518
21473.5
21329.584
21442.5
21475.584
21191.967
21285.383
21415.5
21612.85
21175.1
21177.449
21553.434
21675.584
21542.367
21609.117
21733.166
21738.051
21623.434
21107.982
21605.367
21537.85
21190.1
21026.449
21268.1
21427.184
21212.367
20792.383
21040.967
21369.051
20740.5
21383.316
21498.033
21433.783
21873.768
21619.584
21685.9
21673.25
21503.232
21595.982
21553.9
21487.184
21154.367
21236.449
21273.033
21300.584
21224.967
21316.316
21523.9
21510.449
21262.967
20974.25
21321.566
21187.717
21399.768
20985.65
21489.166
21280.316
21503.834
21482.982
21580.633
21552.584
21058.566
20742.316
21339.232
21234.717
21385.301
20972.184
20933.033
21019.584
20900.699
21276.449
20993.566
20987.316
20452.434
20501.25
20569.033
20856.584
20003.9
20285.051
20498.301
20490.184
20279.232
20129.117
20523.1
20459.65
20232.301
20391.85
20483.768
20678.982
19970.633
20163.051
20642.9
20699.584
20310.5
20182.783
20358.301
20549.518
20117.699
20150.316
20290.967
20216.117
19665.9
19972.117
19982.033
19796.584
19782.033
19914.117
19590.633
20334.117
19723.967
19594.316
19738.1
19731.184
19645.633
19085.117
19636.166
19639.65
19331.367
19092.449
19566.699
19452.25
19315.434
18795.316
19395.699
19354.117
19310.967
19304.316
18984.1
19221.383
19126.434
18658.518
18974.967
18780.316
18829.232
18326.25
18728.9
18628.051
18049.566
17708.383
18473.367
18267.717
18103.566
17991.65
18236.768
18121.25
17743.9
17664.25
18332.633
18051.184
17852.1
17703.25
18222.834
17791.584
17571.166
17500.316
18111.699
17901.449
17668.1
17620.65
17808.166
17491.051
17151.1
16812.316
17329.834
17369.85
17318.967
17565.85
17681.566
17555.449
16991.834
17644.051
17441.367
17341.25
17310.434
17207.85
17149.301
17260.25
16739.434
16638.316
15923.1
15092.517
14247.566
13426.85
12937.833
12744.384
12668.7
12697.45
13698.434
14264.45
14561.9
15032.783
15368.833
15418.316
15548.434
15441.184
15523.3
14988.45
14964.233
14266.65
15318.3
15223.783
15019.366
14947.65
15404.1
15603.65
15781.7
15495.25
15911.167
16174.25
15823.3
15875.05
16275.967
16263.184
16288.033
16409.316
16485.833
16403.517
16207.366
15805.116
16659.833
16343.583
16238.366
15775.05
16440.033
16533.116
16278.434
16417.45
16399.033
15942.583
16045.1
15753.116
16305.3
16169.717
16011.434
15985.316
16113.1
16409.45
16028.833
16538.783
16488.233
16556.583
16544.434
16159.184000000001
16842.768
16852.982
16468.834
16733.916
17474.834
17279.184
17057.768
17594.982
17868.367
17520.449
17266.033
17357.982
17058.566
17212.25
16676.699
16813.051
17078.367
16890.584
16824.1
17240.25
16860.633
16914.982
16265.366999999998
16128.25
17011.768
16829.051
16753.699
16873.316
16732.566
16768.65
16888.434
16540.25
16619.434
16609.051
16530.634
16510.117
16695.366
16397.45
16488.366
16368.849999999999
16786.833
16461.384
16608.434
16524.116
16915.3
16507.717
16564.167
16488.25
16835.633
17134.783
17157.033
17076.051
16968.566
16858.717
16751.166
16957.916
17121.033
17227.316
17203.367
16848.184
17504.434
17325.717
17266.367
16774.518
17314.232
17202.316
16968.367
16882.783
17007.633
17135.184
17325.9
17187.584
17309.367
17022.65
17171.5
17353.383
17107.633
17203.65
17130.1
16917.449
17040.033
17145.051
16888.834
16863.584
16996.367
17264.117
16371.033
17096.117
17135.5
17090.051
16377.232
16748.316
17050.232
17164.449
17029.9
17046.916
17010.166
17136.518
16856.166
16718.982
17118.1
16903.117
16991.834
16664.85
16888.033
16936.25
16629.166
16564.85
16908.301
16504.517
16492.033
16339.184
16682.566
16545.85
16200.434
16502.85
16480.7
16235.983
16361.3
16494.917
16323.833
16304.917
16071.233
16076.25
16395.033
16065.517
16165.9
15809.384
15861.167
15878.85
15771.9
15877.85
15665.9
15556.717
15493.767
15465.25
15722.967
15646.783
15577.1
14558.45
14733.9
14536.316
14217.033
13455.783
13212.033
13123.983
12663.7
11956.583
12474.5
12369.583
11590.566
12056.184
12024.566
11671.384
11807.634
11373.983
11528.634
11306.25
10970.5
11069.85
11348.233
11201.517
11404.233
10093.783
10850.634
10952.517
10509.366
10842.517
11152.1
11310.917
11178.767
11714.917
12073.566
12219.05
12505.767
12940.85
12999.1
12888.917
13020.366
12834.783
12776.233
12956.517
12960.767
12392.184
12776.566
12516.517
12074.434
11363.583
11677.9
11447.65
11065.033
10940.384
10770.9
10875.517
10756.5
10612.717
11022.7
11039.316
10873.434
10826.583
10921.7
10789.917
10709.5
10617.45
11023.967
10862.184
10528.9
11002.45
11357.3
11172.783
10951.3
11096.05
11092.967
11143.45
11117.9
10947.65
10971.233
10645.583
10072.634
10591.717
10531.033
10738.983
10910.566
10536.05
11140.233
11013.05
10267.366
10503.917
10657.7
10446.25
10503.233
10762.45
10895.167
10890.384
11067.833
11003.316
11152.7
11024.717
10941.566
10596.583
10846.5
10960.65
10704.1
10750.384
10930.167
10922.85
10693.566
11219.583
11338.967
11512.384
11144.7
11439.05
11665.434
11648.517
11884.033
11166.05
11674.566
11538.917
11780.033
11376.717
12076.1
11847.116
12034.434
11663.05
12245.3
12143.783
11804.967
11613.116
11810.767
11579.05
11462.366
11719.25
11654.566
11526.184
11215.434
11186.517
11419.366
11583.517
11421.833
11579.05
11526.033
11373.116
11179.167
11415.05
11530.1
11427.05
11747.7
11196.25
11480.967
11784.05
11715.967
11427.184
11476.566
11068.184
10777.9
11240.116
11160.366
11226.384
10447.9
10980.25
11252.366
11106.05
10875.634
11205.45
11463.9
11054.65
11249.033
11100.65
11329.5
11001.116
10748.3
10709.717
11065.1
11025.116
10600.9
10866.45
10849.833
11014.717
10870.566
10887.45
11002.434
10836.65
10662.634
10860.983
11029.967
10919.917
10818.3
11175.184
10877.634
10981.717
10867.9
10701.316
10897.9
10855.384
10674.967
10569.85
10646.7
10727.783
10424.1
10331.316
10835.366
10806.783
10508.9
10573.783
10825.233
10802.583
10407.566
10443.65
10670.233
10432.983
10228.233
10638.184
10612.9
10392.583
10613.5
10405.517
10464.1
10377.783
10141.634
9764.184
10459.233
10104.05
10366.9
10169.917
10286.434
10080.917
10055.366
9876.517
10225.767
10106.05
9986.5
9720.116
10036.167
10050.917
9889.1
9836.917
10114.434
10083.517
9559.767
9742.384
10039.967
9989.917
9309.434
9494.917
9909.767
9843.917
9751.033
9414.783
9991.033
9872.717
9799.1
9539.116
9706.233
9542.917
9404.366
9553.85
9714.366
9526.783
9354.366
9389.65
9836.767
9841.583
9620.366
9351.583
9446.7
9562.717
9420.967
9242.384
9567.967
9474.783
9456.967
9118.45
9320.634
9407.717
9360.366
9191.65
9392.7
9181.783
9620.9
8897.184
9392.634
9277.983
9051.967
8641.983
9352.167
9295.05
9308.967
8991.384
9103.434
8938.783
9059.434
9192.25
9472.1
8683.05
8959.634
8748.184
9016.967
8411.583
7917.567
7180.65
6901.767
6020.85
5118.1
4485.917
3809.767
3022.05
2630.967
1960.317
2254.567
2143.583
1867.3
2057.117
2949.967
3144.917
3181.7
4195.5830000000005
4759.433
5069.45
5397.633
4761.05
5491.433
5106.183
4882.7
4512.25
4285.567
4326.65
4053.433
3807.45
4205.433
4283.383
4261.433
4063.117
4808.833
4613.917
4661.1
5271.983
5351.767
5596.983
5299.233
5803.917
6010.167
5998.783
6025.5
6301.717
6636.3
6678.65
6249.567
6514.717
7085.233
7101.383
6716.767
7218.85
7510.5
7664.783
7545.767
7591.783
8057.233
8065.85
7489.5
7616.983
8310.9
8392.383
8228.233
7967.65
8480.567
8308.983
8131.433
8115.517
8620.433
8416.383
7565.767
8427.183
8567.3
8687.917000000001
8334.967
8111.85
8626.167
8544.917
8353.3
8294.45
8432.033
8551.85
8129.8330000000005
7953.517
8874.5
8469.117
8263.967
8269.383
8621.5
8532.384
8392.767
8351.783
8563.566
8510.316
8359.3
8320.384
8635.033
8598.05
8472.7
8346.25
8650.566
8574.25
8047.9
8235.45
8565.9
8485.583
8135.9
8066.65
8461.567
8325.05
8366.7
8151.583
8389.433
8516.582999999999
8209.832999999999
7775.517
8524.433
8454.717
8411.967
8250.783
8744.9
8442.383
8286.5
8066.983
8577.7
8340.117
7904.567
7742.05
8394.567
8328.717
8340.033
7744.983
8440.233
8304.783
8166.633
8243.05
8428.567
8374.917000000001
8191.567
8123.117
8637.7
8453.317
7590.433
7985.317
8545.5
8315.317
8299.233
8122.65
8525.433
8399.117
7952.967
7758.85
8331.367
8180.45
8163.3
8045.183
8369.567
8323.25
8195.033
7728.917
8386.7
8335.05
7981.7
7666.917
8259.5
8378.317
8054.7
8004.517
8334.033
7968.25
7944.633
8051.783
8053.967
7991.25
7836.5
7661.783
8252.3
8056.317
7701.5
7643.383
8079.633
8212.183
7511.767
7634.383
8097.633
8007.783
8052.7
7811.45
8007.9
7911.85
7856.1
7527.65
8134.5
7922.317
7616.033
7571.983
7937.033
7889.183
7706.5
7192.85
7838.9
7782.917
7638.833
7150.317
7926.5
7715.783
7226.967
7650.583
7700.1
7590.917
7173.567
7256.85
7395.1
7530.917
7263.833
7223.65
7515.5
7289.25
7279.3
7101.717
7410.5
7435.317
6962.767
6930.983
7440.5
7402.25
7085.033
7046.317
7121.9
7304.383
6852.767
7032.983
7097.767
7125.85
6949.833
6740.317
7293.167
7159.05
6756.767
6465.05
7030.367
7200.45
7030.9
6762.183
7104.633
7095.383
6421.433
6819.917
7225.633
6877.383
6711.1
6751.717
6997.967
7033.783
6653.567
6475.383
6885.1
6977.117
6788.233
6639.717
6923.233
6715.583
6408.1
6137.717
6783.5
6590.517
6858.3
6396.383
6878.633
6832.183
6339.367
6395.117
6886.233
6722.65
6539.7
6610.65
6879.1
6789.117
6411.767
6333.983
6944.833
6667.05
6522.033
6583.517
6834.767
6666.117
6243.3
6127.917
6466.9
6429.983
5927.833
6050.517
6497.9
6342.85
6526.567
6168.45
6554.5
6386.517
6581.167
6213.117
6460.767
6362.25
6016.1
5995.517
6453.3
6329.983
5843.633
5347.183
6287.3
6314.117
5862.167
6051.45
6295.567
6090.583
5950.567
5935.783
6285.3
6076.517
5913.033
5544.917
6134.967
6208.517
5483.1
5671.117
6207.767
6035.717
5791.5
5583.783
6165.167
6157.783
6083.9
5660.85
6233.167
6157.983
6097.833
5949.05
6160.367
6018.983
4806.167
5311.983
6049.433
6131.05
5775.767
5511.117
6019.767
6137.183
5492.5
5489.983
5903.5
5868.85
5409.833
5441.45
5922.633
5864.717
5237.7
5236.383
5764.567
5713.717
5439.1
5454.583
5679.367
5615.25
5176.033
5573.65
5651.7
5682.85
5150.233
5365.25
5720.033
5501.583
5049.7
4929.183
5517.567
5521.183
5347.367
4784.917
5566.767
5437.85
4757.567
4861.117
