277.35
69.683
-130.317
154.28300000000002
453.75
133.483
198.15
245.417
236.417
259.883
115.75
-175.78300000000002
206.75
210.083
14.417000000000002
-45.917
356.41700000000003
0.4170000000000016
51.817
364.817
423.817
187.817
455.35
146.95
278.817
191.75
224.35
-123.65
192.21699999999998
199.417
332.08299999999997
17.882999999999996
280.017
195.61700000000002
232.417
24.349999999999994
558.55
473.283
97.283
-58.117000000000004
241.88299999999998
127.683
-6.316999999999993
179.417
200.083
235.95
141.817
234.95
210.15
246.417
-36.783
32.882999999999996
622.017
283.08299999999997
-16.849999999999994
-256.25
433.017
437.217
31.816999999999993
42.016999999999996
379.817
432.017
380.35
232.75
417.41700000000003
364.08299999999997
158.083
316.95
389.55
393.41700000000003
323.017
-143.45
440.35
285.217
34.283
85.35
368.817
190.15
137.417
62.55
300.35
496.617
206.083
64.483
236.75
341.283
25.016999999999996
14.150000000000006
238.083
202.483
488.217
-8.516999999999996
186.61700000000002
217.21699999999998
346.08299999999997
-62.717
194.95
255.61700000000002
190.417
94.15
410.41700000000003
370.017
-223.65
35.217
400.35
298.817
220.15
204.55
457.217
282.017
5.483000000000004
270.883
104.083
319.41700000000003
254.683
280.35
400.41700000000003
278.41700000000003
551.817
-232.38299999999998
326.35
373.817
107.15
368.75
385.95
453.75
253.28300000000002
102.617
350.683
244.15
-65.117
108.55
332.95
299.617
126.15
10.216999999999999
410.883
445.817
51.617000000000004
-241.45
356.017
313.95
84.617
138.75
270.15
422.35
328.55
37.217
289.41700000000003
325.95
-285.117
-144.11700000000002
310.55
206.017
167.95
-8.716999999999999
331.883
260.217
51.083
213.28300000000002
403.617
288.95
247.483
-108.183
455.017
411.883
430.35
156.083
488.483
280.617
153.35
343.683
402.617
74.55
369.683
-160.517
130.28300000000002
230.55
5.216999999999999
367.283
592.417
421.55
167.15
-76.85
500.75
154.55
454.683
30.217
388.75
361.217
317.217
383.55
529.083
354.283
431.283
307.217
333.683
234.35
381.217
-353.58299999999997
379.55
354.683
172.817
137.35
147.75
313.683
469.617
172.083
243.88299999999998
308.217
113.417
-204.317
280.41700000000003
385.95
461.55
190.683
393.817
304.817
43.016999999999996
-313.317
442.15
232.817
-70.317
16.882999999999996
259.283
187.21699999999998
-1015.783
-98.983
121.217
266.35
245.61700000000002
-69.183
560.617
398.883
266.283
71.883
257.08299999999997
227.417
-113.517
428.75
524.683
273.817
-185.78300000000002
30.816999999999993
309.55
325.95
-113.05
349.217
371.95
255.35
390.217
341.35
325.817
407.617
237.15
177.817
369.41700000000003
246.95
410.41700000000003
25.083
402.15
429.283
343.283
-71.85
220.15
312.283
78.017
-275.25
360.617
346.55
256.75
-127.183
351.283
332.15
214.483
82.617
358.95
344.283
-154.45
203.483
335.217
76.083
-155.05
165.35
268.75
209.483
317.483
171.28300000000002
267.15
515.883
101.55
166.75
373.41700000000003
533.217
381.017
170.35
225.017
280.35
90.617
497.95
350.95
208.417
-160.25
103.217
213.95
287.483
262.217
-11.716999999999999
541.95
559.55
37.150000000000006
289.617
376.217
359.41700000000003
234.28300000000002
98.283
345.41700000000003
394.08299999999997
88.817
132.683
293.617
329.95
187.95
315.883
480.55
443.017
408.283
115.083
575.883
188.88299999999998
402.017
-126.917
395.41700000000003
199.817
-76.583
309.683
347.883
219.217
565.483
411.61699999999996
411.41700000000003
288.217
670.283
111.483
405.217
323.217
-8.25
300.88300000000004
659.617
433.55
560.15
-18.849999999999994
479.61699999999996
395.95
418.483
232.417
380.217
570.283
-13.11699999999999
271.35
651.817
373.817
180.083
202.35
385.95
390.75
550.283
218.083
689.15
580.95
734.217
478.217
738.883
556.75
272.883
385.217
436.95
660.4169999999999
815.0830000000001
253.61700000000002
760.4169999999999
632.15
575.217
720.15
652.75
556.35
394.817
689.75
543.55
812.55
172.95
330.217
619.217
597.95
623.55
456.883
937.283
613.75
759.75
590.55
745.0830000000001
709.217
737.0830000000001
375.617
1059.483
522.617
626.95
551.017
896.95
570.283
757.75
644.35
666.35
930.883
836.817
738.75
677.417
940.417
701.817
504.417
1004.15
791.55
687.817
633.55
618.083
735.75
853.617
721.15
942.55
838.083
621.483
570.683
744.217
849.75
731.683
627.15
962.817
545.35
797.083
533.483
739.35
636.217
810.083
909.017
786.55
523.817
835.35
1007.15
504.95000000000005
928.883
758.817
804.35
836.95
813.55
663.217
1020.483
1203.35
728.75
744.217
1334.883
963.283
1184.883
555.417
753.683
1223.683
1066.083
1187.483
1275.817
818.017
780.617
903.4169999999999
878.817
1407.683
1233.017
710.883
1180.283
1061.417
1286.75
1320.75
1149.617
1059.217
1399.017
677.017
950.017
1074.15
1251.617
1571.683
1523.217
1460.15
1404.217
1218.75
1318.483
1329.817
1234.017
868.2170000000001
1084.083
1428.15
1236.083
1497.417
1047.817
1564.15
1457.15
1552.017
1378.883
1525.483
1453.483
1036.817
1501.15
1381.283
1277.95
1202.617
1351.683
1329.683
1443.15
1351.017
1114.817
1459.417
1236.683
1198.617
1080.083
1554.483
1459.95
1398.883
1468.55
1580.95
1323.683
1294.417
1215.683
1451.217
1493.75
1365.617
1108.15
1599.75
1339.15
1387.817
1368.35
1515.55
1410.683
905.883
1353.35
1421.95
1501.35
1518.35
1692.417
1824.15
1646.35
1662.217
1622.75
1759.017
1838.683
1683.083
1758.417
1743.283
1765.817
1931.283
1777.95
2163.417
1633.617
1221.617
1452.083
1668.817
1973.217
1686.017
1784.017
2146.417
1944.15
1874.683
1791.55
2032.083
2090.617
2098.95
1826.15
2193.217
1883.817
1761.483
1647.883
1693.35
1620.017
1933.283
1280.217
1671.683
1805.35
2041.217
1693.15
2007.483
1901.417
2094.083
1922.017
1993.55
2059.817
2034.75
1937.083
2258.817
1830.15
2360.55
2108.283
2135.617
2053.55
1950.75
2148.55
2399.283
1756.617
1880.95
2181.417
2431.35
2155.75
2220.083
1967.95
2041.683
1922.55
2031.75
2136.55
2122.75
2435.083
2696.95
1990.5500000000002
2581.95
2566.817
2424.55
2329.75
2381.55
2251.75
2219.883
2523.617
2446.55
2249.817
2042.15
2162.083
2099.083
2075.017
2393.283
2281.083
2445.883
2658.217
2478.483
2615.083
2838.483
2574.417
2904.95
2744.75
3068.683
2822.083
2661.283
2910.95
2918.283
2822.283
2615.883
2765.017
2558.95
2660.617
2540.15
2715.883
2682.083
2484.95
2140.017
2405.817
2340.417
2355.483
2193.017
2140.15
2378.883
2144.883
2065.817
1783.483
2384.283
1951.15
2292.75
2312.417
2511.283
2996.683
2787.483
3083.75
2944.75
3122.417
3258.95
2875.683
3045.15
3007.75
2718.017
2607.617
2901.35
2767.017
3009.817
2581.55
2837.617
2919.617
2867.75
3053.35
3008.75
3068.883
3233.55
3183.683
3230.35
3224.95
3137.883
2850.017
3189.15
3250.483
3077.617
3323.683
3420.35
3267.817
3161.95
2868.483
3390.217
3269.55
3582.683
3867.883
3950.683
4317.75
4312.282999999999
4172.017
4121.683
4026.617
4139.95
3739.017
4306.017
3988.95
4132.217000000001
4065.083
4304.483
3800.15
3958.817
4101.817
3939.817
3988.883
3775.683
3486.95
4094.95
4189.4169999999995
4065.55
4253.483
4422.75
4421.417
4292.95
4052.2830000000004
4396.55
4333.017
3803.75
4006.15
3980.083
4223.4169999999995
4100.617
4340.417
4527.483
4258.017
4131.017
3588.95
3845.75
3947.483
4000.15
3746.75
4156.883
3824.883
3866.017
3644.55
3550.95
3507.15
3418.217
3505.017
3540.617
3645.15
3419.017
3567.883
3338.283
3505.35
3649.55
3754.417
4047.95
4206.55
4338.417
4509.617
4291.617
4358.75
3916.483
4445.883
4241.55
4260.017
4816.883
4504.55
5207.817
5223.283
5148.083
5368.017
5967.35
5452.083
5574.483
5015.883
5185.35
5097.283
4668.617
4424.883
4476.883
4334.4169999999995
4138.617
4246.15
4749.35
4394.55
4655.617
4713.15
5231.35
5197.617
5313.75
5056.15
4887.417
4762.883
4370.617
4203.55
4312.0830000000005
3894.617
3750.483
3612.417
3653.683
3591.283
3012.95
3362.483
3345.017
3014.55
2696.417
3460.617
3523.283
3643.883
3968.617
3687.75
4529.683
4760.083
4848.75
4670.883
4784.483
4539.15
4186.55
4308.55
4245.75
4434.617
4425.283
4244.617
4806.017
4468.35
4658.283
4546.15
4705.95
4674.55
4585.683
4051.817
4632.817
4509.483
4660.017
4570.617
4476.35
4507.217
4559.817
4597.55
5283.817
5321.617
5319.683
5562.15
5738.217
5821.95
5781.683
5604.083
5955.75
5707.283
6114.35
5738.75
6192.017
6615.283
5937.15
6162.417
6238.15
6012.417
5979.617
5246.75
5126.417
4569.217
4296.883
3393.817
3219.617
2689.35
2509.35
2524.017
3068.35
3347.55
3714.55
4242.35
4610.883
4825.817
5125.283
5568.617
5883.95
6294.15
6161.017
6176.883
6318.15
5733.95
5614.683
5300.017
4921.683
4128.35
3810.883
3515.883
3493.883
3857.217
4020.95
4590.35
5480.75
5773.15
6010.95
6883.483
7131.217
7273.95
7683.017
7398.817
8073.883
8142.483
8550.283
8279.816
8219.617
8638.083
8378.083
8436.95
8597.75
8431.417
8693.684
8480.083
9128.283
8988.483
9057.616
8865.483
9367.75
9198.417
9039.083
9131.884
9662.217
9453.55
9362.417
9172.083
9316.816
8838.816
8941.35
9120.417
9205.283
9594.884
9396.083
9477.417
9534.75
9179.684
8912.75
8697.816
8903.35
9174.884
9353.217
9240.75
9251.15
9266.017
9197.017
9053.15
8988.483
8960.283
8795.95
8880.017
9329.017
9105.15
9319.017
8992.283
9136.283
9375.15
9127.15
9524.017
9674.417
9670.083
9770.017
9865.35
9962.816
10295.283
10569.483
10370.017
10301.417
10216.283
9517.816
9048.017
9176.083
9135.15
9049.884
8951.283
9283.95
9533.616
9665.417
10317.95
10225.55
10836.816
10793.483
10819.35
10819.15
11261.884
10605.283
10729.083
11138.083
10695.75
10756.017
10922.75
10843.55
10664.684
11271.15
10793.884
11106.417
11035.417
10958.417
10670.95
10953.616
10819.816
10838.483
10232.684
10924.55
10706.15
10773.684
10330.684
10707.616
11101.616
11281.816
10956.616
11201.55
11298.017
11042.35
11076.684
11003.217
9988.55
10450.017
10481.35
10543.816
10052.283
10683.483
10506.017
10574.083
10282.616
10248.35
10625.816
10764.95
10712.884
10771.483
10528.017
10258.15
10256.417
9645.55
9905.616
10630.616
10415.816
10560.15
10954.15
11240.95
11329.75
11526.417
11138.684
11266.15
11433.217
11347.35
10904.15
10694.217
10190.884
10395.684
9604.083
10301.15
10508.95
10152.616
10184.35
10992.884
10943.283
10413.35
10464.55
11275.816
11470.684
11167.55
10986.684
11084.417
11187.884
10892.417
10820.283
11088.684
10862.417
11143.684
11483.35
11143.816
11416.95
11717.816
10829.15
11080.283
10944.35
10529.884
10807.884
10051.95
10327.884
10386.616
11379.15
11263.017
11086.55
11053.417
10589.417
10885.684
10879.15
11197.083
10859.616
10632.017
10079.417
9906.75
9581.884
9216.75
9129.083
8455.883
8347.15
8345.883
8330.683
8847.816
9273.15
10215.684
10862.483
12022.684
12161.217
13202.684
12381.884
11816.884
12270.217
12147.017
11956.884
12730.217
12865.483
13038.884
12898.017
12783.95
12154.75
11675.083
11340.217
11554.483
11494.15
12780.017
12213.017
12854.283
12888.417
13192.75
13225.684
12853.35
13620.616
13793.15
14406.017
14306.217
14434.283
14720.217
15096.283
14012.283
14283.483
13618.884
13965.017
13931.616
14360.816
13768.884
13580.017
13126.75
12911.884
13177.417
12868.884
11917.083
12836.483
12670.684
13518.217
13660.75
13707.95
14610.083
14210.283
13844.017
14174.15
14208.884
13993.217
13974.283
14212.283
14622.217
15087.55
15149.15
14818.217
14937.417
16608.483
15308.217
15374.684
15629.35
15054.483
15645.55
15599.15
16197.283
15582.816
15046.816
15385.017
15603.684
15475.884
14956.55
14865.417
15955.816
16460.95
16084.017
15392.15
15760.55
15537.083
15423.217
14537.884
15454.616
15323.35
14949.616
14261.684
14895.35
15180.15
15159.684
14719.217
15803.75
15831.884
15591.684
15965.816
16120.75
16857.15
16118.35
15898.616
16489.816
16069.75
16380.083
15471.283
15848.083
16575.75
16149.017
16297.217
16363.483
15900.017
16138.55
16574.35
17255.217
16969.617
16932.617
17128.283
16933.482
17364.084
17857.217
17393.684
17296.816
16896.75
16909.482
16400.75
16880.949
16482.482
16822.217
16132.417
15711.017
15947.083
15849.55
15537.75
16173.083
15661.083
15805.95
15932.483
15866.616
15992.75
15850.017
16399.217
16866.95
17265.35
16377.55
16497.816
16538.417
15954.684
16821.551
16437.75
16988.617
16989.35
17353.15
17369.416
17518.684
17784.816
17227.816
16760.551
18463.15
17808.018
17702.35
17968.75
18210.883
16960.949
17703.283
16945.75
17958.684
17672.15
16974.283
17501.15
18035.617
17692.482
17840.018
18822.482
18207.816
17628.018
17400.816
17153.883
17033.018
17621.35
18299.75
18197.018
18887.949
19077.482
19450.084
18918.75
19006.416
19401.35
19169.35
19173.35
19146.949
19271.084
19706.75
19310.949
20008.482
19771.15
19871.416
20353.949
20159.684
20160.684
19644.217
19772.816
20063.816
19624.084
19541.883
19359.949
20068.949
19735.283
20821.75
19995.551
19671.217
20164.217
20275.684
21016.617
21127.283
21215.617
20627.35
20845.018
20320.084
20489.684
20264.816
20661.684
20870.217
22736.15
20979.551
21897.416
22228.482
22420.416
21925.482
23276.217
22679.551
23019.084
23778.217
24515.816
23292.551
23822.75
23289.551
23559.084
25262.35
23705.816
23907.35
23028.482
22960.283
23116.416
23772.75
23653.949
24164.75
24922.551
24365.482
25128.416
25881.75
26539.75
26601.35
26763.217
27532.084
28302.283
27550.35
26172.816
27062.684
27236.816
26416.75
27002.684
27626.617
27668.883
27505.084
27972.217
28533.949
27853.084
29427.15
30132.416
29749.482
29129.018
30259.283
30095.084
30137.617
29832.084
30236.883
30384.217
30140.551
30229.217
29791.551
30116.482
31035.617
31798.084
32201.084
32584.217
34030.418
34271.617
33670.75
34388.551
34375.016
34126.949
34143.484
33111.484
34145.352
33326.816
33266.016
34910.082
35465.215
35795.082
35888.215
36110.816
36885.352
35974.684
36247.949
35687.949
35972.082
36243.352
35692.551
36488.016
37213.551
37599.352
37690.016
37899.016
38345.418
38341.082
37758.082
38107.484
37923.75
38054.883
37381.352
38028.285
38108.949
38356.082
38736.418
38233.617
38047.684
38275.949
38362.949
38417.418
38473.016
38775.148
38513.418
38745.883
38952.75
38667.148
37569.215
36951.949
35242.883
33799.75
32851.217000000004
32464.018
32427.15
32929.684
32855.352
34265.883
35970.016
36480.352
37102.148
37310.215
37502.949
38440.215
39472.215
39093.684
39789.75
39804.75
39385.551
38565.082
38239.75
38518.949
39150.75
39468.949
39979.082
40622.082
41572.148
42118.883
42238.684
42356.551
41597.684
41418.949
40891.285
41236.551
41372.816
41309.75
41262.352
40553.148
40137.418
39872.684
39318.816
39302.418
39684.285
39434.215
40992.148
41241.285
41585.75
42186.418
42430.816
41497.551
41749.883
41339.883
41350.684
41731.949
42104.883
42547.617
43552.816
43426.816
44094.082
43536.484
43509.082
43072.082
42302.016
42472.75
42426.617
42585.418
42395.684
42635.551
43195.949
43560.215
43058.816
43178.816
44296.816
43720.949
44188.883
43409.285
44023.684
43425.949
42454.418
41959.016
41606.418
41532.082
41739.148
42069.816
42490.949
43725.883
43453.215
44319.016
43745.082
43785.684
43583.816
43045.75
42713.816
42296.352
41646.082
41770.082
41766.484
41472.617
41750.148
41677.285
41415.816
41482.215
41402.816
41482.148
41979.551
42454.352
42416.75
42882.418
43696.215
43917.816
43914.617
44197.816
43975.75
43927.551
43135.215
42662.484
42124.016
42444.418
42854.816
42572.816
43420.617
43767.949
44405.617
44603.883
44671.883
44622.949
45467.082
45843.215
46380.082
46529.551
46119.949
45991.285
45702.684
45669.816
44929.418
44654.484
44880.285
44876.684
44488.016
44448.016
43442.418
44070.484
43659.352
44079.75
43964.082
44867.883
45448.949
46083.285
46447.617
46790.883
45748.816
45858.684
45307.215
45321.016
45660.684
45297.148
45255.75
44894.285
45299.285
45726.215
45740.215
45934.484
46012.617
46516.484
47043.484
47856.016
47023.75
46843.684
46113.215
46115.551
45327.484
45286.883
45169.418
44906.617
45590.418
45753.484
43902.082
45122.75
44985.551
44631.285
44879.352
44564.883
44420.816
44728.484
45379.418
45681.551
45654.883
45604.215
45761.484
46537.684
46572.082
46955.684
46638.215
46040.949
44552.352
42927.082
42077.352
40474.484
38744.551
38271.148
39017.617
40057.75
42540.551
43228.484
42548.215
42628.418
42844.352
42249.816
42659.215
42099.949
41573.418
42549.684
43827.148
44819.883
44767.285
45173.816
45410.949
45932.949
46717.352
46262.883
46119.617
46196.684
45334.816
45843.75
46333.949
46413.484
46158.816
47096.082
47590.082
47515.949
47605.352
46857.352
46675.816
46343.484
46556.617
46182.684
45456.016
45240.352
44720.418
45831.684
46636.016
47369.617
47125.148
47823.148
48745.285
49106.684
48493.617
48047.082
48463.148
47759.75
47634.75
46935.816
47615.75
48224.883
47637.949
47411.551
47028.75
45770.75
45167.148
43506.418
42276.883
41814.617
41977.883
42381.551
42912.352
44223.016
44483.418
45879.816
46126.816
46253.617
46946.148
47174.816
47628.949
47810.285
47970.684
48488.215
49407.949
48620.551
48256.684
47364.418
47242.016
47065.016
46971.484
46953.352
47076.684
47777.883
48805.617
48853.75
48871.352
48865.082
48731.484
48481.285
48446.816
48474.285
47258.285
46661.148
46216.551
45523.215
44689.617
44160.285
44505.617
44850.617
45344.684
45772.016
46542.352
46581.352
46401.418
46181.484
46392.082
46056.016
45603.551
45803.352
46256.75
46811.883
46992.016
46962.285
47553.75
48120.082
48104.551
48148.016
47865.949
47683.215
47025.75
46208.484
45791.816
44896.148
43836.352
45215.484
45081.016
45460.617
45653.215
46218.684
46394.352
46808.016
46234.75
46273.75
46643.816
46109.285
45932.949
45798.484
45732.418
45313.883
44574.949
44197.016
44279.484
44327.352
43827.551
43167.684
43523.883
43330.016
43067.484
43025.082
43304.883
43610.082
43885.352
44350.215
44472.082
45050.684
44751.883
44522.684
44972.418
44902.418
43604.949
44408.816
43990.484
44086.285
44299.016
43569.352
43752.551
44614.949
44840.75
45226.082
45122.617
45187.949
45194.684
44817.082
45322.016
44805.016
44249.617
44168.617
44510.816
44923.551
45164.215
44362.551
44540.016
44489.551
44028.016
44303.617
44456.949
44319.418
44095.148
44314.352
43981.816
44133.285
43561.684
43256.816
43133.75
43113.617
43378.551
42864.215
43854.082
44035.352
44576.215
43901.883
44076.684
44092.883
44415.617
44302.016
44015.883
44162.285
44131.016
43952.883
43927.352
43984.148
43636.082
43188.215
43560.484
43669.285
43803.883
43760.684
43961.352
43976.75
43827.418
44264.215
44273.816
44529.285
43684.75
43224.617
43469.285
42884.082
42970.082
42708.484
43253.215
43842.617
43703.484
43562.883
43866.148
43768.285
44055.949
43949.883
43976.352
44370.484
44188.883
44105.883
44317.75
44385.082
44253.285
44067.484
43409.148
43586.016
42711.082
43000.883
43041.551
42973.016
42551.484
42725.285
42669.949
42585.148
42649.617
43024.016
42734.215
43319.016
43068.684
42974.617
42425.949
42000.949
41619.418
41762.551
41397.75
41387.949
41082.949
41721.816
41896.816
41956.484
41792.484
41428.215
42503.816
42770.082
43020.418
43148.75
43697.418
43917.684
43217.75
42958.148
42838.418
42760.617
41887.418
42019.016
42271.484
42260.418
42621.883
42540.551
43049.816
42965.684
43031.949
42838.75
43088.75
42767.816
42461.684
41935.617
42530.949
42659.75
41813.551
42682.617
42312.75
42664.816
42890.352
42362.551
42591.352
42245.352
41462.418
40955.816
41395.418
41216.148
40868.215
41337.215
41363.883
42371.484
42094.352
42831.883
43042.75
42683.418
42643.285
43009.617
43342.016
42791.484
42281.082
41990.148
41992.949
41443.082
41255.418
41224.684
41814.016
41850.148
41821.551
41801.148
42402.148
42434.617
42047.816
41813.551
41826.215
41361.484
40677.816
40156.816
40198.148
40214.016
39781.684
40165.617
40476.816
41057.016
41368.484
41483.285
41819.285
41988.215
42456.082
42337.949
42483.551
42258.883
42112.883
42628.75
42012.418
42497.082
42131.883
41687.082
42294.148
42184.352
42350.484
41974.551
41809.617
41727.949
41721.148
41109.75
41299.285
40952.551
40768.551
41144.484
40754.684
40565.816
40545.617
40395.75
41207.352
41475.285
40678.082
40824.484
41395.148
41267.148
41184.883
41658.617
41181.75
40871.285
40740.016
39908.082
40388.082
39580.949
39755.016
39665.883
39619.016
40177.352
39955.352
40262.082
40183.684
40118.75
40482.816
40359.418
40710.684
40635.949
40176.352
40210.016
40395.75
40567.148
39776.617
40056.949
40249.949
40284.418
39683.082
40124.617
40840.484
40382.949
40146.285
40954.285
41041.285
40934.352
40546.816
40149.551
40715.816
40255.215
40439.484
40419.75
40116.551
40291.684
40200.816
39941.949
40323.684
40044.148
39378.883
39530.816
39780.082
39584.816
38913.082
38956.016
38695.016
38538.215
38350.016
37903.617
38506.684
38483.551
38163.285
39184.883
38998.082
39338.352
39266.617
38973.949
39443.816
39304.285
38927.082
38429.148
38916.684
39063.082
38248.484
37437.684
36691.285
35983.617
35426.949
34712.75
34378.418
33749.215
33253.75
34495.484
35113.215
35141.883
35693.617
36410.082
37600.684
37332.617
37805.816
37620.617
37541.75
37714.484
37243.75
37176.418
37285.215
37249.816
36777.684
36921.684
37107.148
37261.082
37080.285
36749.418
37184.484
36936.352
36933.883
36717.352
37170.285
37139.215
36772.215
37340.551
37208.352
37005.148
36607.285
36370.617
36366.551
36262.352
36234.883
36401.816
36176.949
36546.484
36605.082
36378.816
36599.883
37090.418
36807.352
36502.949
36768.148
36934.75
36838.484
36974.148
36847.215
36401.684
36235.016
36141.617
36323.148
36205.418
35413.551
35858.816
35703.883
35970.016
35809.352
35685.418
35768.016
35873.148
36185.816
35750.883
35918.684
36187.418
35644.883
35896.816
35827.684
35814.215
35274.75
35336.551
35254.215
35298.816
35329.082
35238.285
35184.352
35151.617
34534.484
34822.016
34606.551
34902.75
34430.617
34795.75
35387.215
35086.285
35509.883
35448.148
35299.352
35816.684
35568.148
35569.418
35618.352
35543.148
35724.285
35503.883
35699.082
35395.816
35643.418
35389.215
35851.949
35179.883
35285.684
35089.082
35282.684
35463.75
34965.352
34831.148
34877.418
34919.016
34883.148
34924.551
35038.285
35172.016
35139.949
35022.883
34980.352
34577.684
34161.215
34054.285
34247.883
33749.215
33439.484
33588.082
33977.484
33932.883
33494.484
33546.352
33880.418
33647.352
33393.082
33089.082
33385.949
33196.416
32751.217
32296.617
32628.816
32737.416
32655.684
32973.416
32864.883
32818.084
32330.684
32449.949
32098.283
32007.018
31246.551
31083.35
31151.283
30677.684
30640.949
29947.018
30375.482
30006.551
29392.217
28608.617
28513.816
28589.949
28452.684
27809.217
28079.75
28003.949
28312.949
28383.15
29051.283
29412.084
30199.949
30970.15
31099.617
31265.217
31261.018
31501.883
31285.617
31003.75
31091.018
30792.217
31041.482
30846.75
31181.217
31244.816
31550.35
31500.816
31712.883
31650.551
32107.551
31924.217
31673.283
31918.482
32258.416
32010.684
31718.816
31494.684
31855.482
31731.416
31450.482
31379.75
31553.283
31551.217
31906.35
31169.416
31682.883
31622.883
31723.35
31526.283
31774.949
31579.416
31167.949
31178.949
31285.15
31503.75
30767.35
30608.617
30875.482
30627.75
30538.482
30751.018
30801.482
30544.15
30433.018
30181.283
30141.551
30164.883
30217.617
30204.35
30187.883
30109.684
30095.217
30033.15
29901.283
29852.75
29676.217
29097.551
29535.217
29095.551
29204.883
29208.217
29268.15
29063.883
29198.018
29137.416
29193.35
29534.416
29322.617
29667.018
29474.283
29688.75
29492.617
28961.617
29073.551
28933.816
28745.283
28950.883
28843.084
28834.816
28880.551
28785.084
29187.883
29658.217
29182.084
29738.684
29876.75
29643.283
29793.551
29488.416
29692.416
29878.084
29978.75
30160.217
30250.883
30630.684
30512.883
30952.684
31226.684
31576.617
31062.883
30893.949
31203.75
31753.883
31546.617
32049.883
32241.15
32651.018
32430.018
32525.35
32420.883
32160.75
31365.684
30308.551
29764.816
29461.15
29093.551
28867.018
28621.084
28661.816
28567.35
28433.283
28636.684
28548.883
28576.949
28534.084
28855.283
28615.617
28476.684
28153.75
28096.15
28344.018
27894.416
28186.551
28041.949
28284.15
28306.949
28403.816
28471.883
28701.416
28298.617
28426.949
28777.684
28610.617
28017.883
28350.35
28723.416
28542.084
28182.283
28433.084
28727.217
28108.217
28538.551
27826.617
28162.816
27840.551
27610.416
27730.949
27616.816
27699.15
27398.283
26961.482
27611.018
27706.949
27347.416
27325.75
27495.35
27297.684
27661.949
27141.416
27334.416
27370.816
27530.35
27501.15
27613.084
27383.883
27502.75
27599.15
27862.018
27434.084
27019.617
27040.35
27296.283
27442.617
27191.551
27292.35
27211.816
27387.084
27136.482
27103.15
27160.35
27104.35
26687.084
26471.416
27109.283
26816.883
26346.883
26317.018
26745.482
26347.283
26336.482
26447.684
26703.816
26404.217
25400.617
26218.482
26617.283
26235.283
26193.018
25813.816
26062.15
26120.416
26388.883
26344.018
26251.018
25923.35
25991.217
25960.416
25380.816
25225.75
24672.416
24952.018
24497.217
24915.084
24444.949
24493.482
25830.416
25589.084
25616.416
26216.15
26027.084
26064.482
25658.949
25447.35
25262.816
25279.949
25034.15
25066.551
25139.084
25196.482
24784.949
24998.617
25644.75
25182.217
24662.551
24976.949
25276.482
25365.35
25041.15
25206.416
25276.75
24907.617
24609.617
24306.551
24618.816
24220.15
24154.283
23725.482
23702.15
23784.283
23114.816
22656.217
22511.35
21102.217
20306.15
19504.15
19655.684
19700.617
19755.684
20006.416
20788.949
21691.416
22213.816
22249.75
22466.551
23095.416
23565.15
23462.15
23129.416
23593.217
23489.482
23594.883
23592.75
23206.75
22864.816
22772.416
23200.217
23059.084
22637.684
23340.018
23216.217
23424.816
23554.018
23397.084
23518.883
23474.35
23255.217
23316.617
23400.949
23649.416
23177.949
23173.684
23559.416
23645.084
23565.75
23590.949
23806.816
23743.084
23640.217
23072.816
23534.949
23502.283
23157.217
22962.949
23231.416
23356.283
23179.15
22729.551
22958.217
23328.283
22654.084
23308.35
23490.617
23386.018
23816.084
23546.551
23680.482
23623.15
23419.684
23590.883
23494.617
23430.217
23083.551
23189.283
23154.75
23257.35
23126.416
23211.816
23445.283
23447.75
23152.883
22914.018
23206.482
23094.416
23241.416
22807.35
23367.816
23163.551
23383.684
23331.018
23446.416
23374.217
22887.482
22644.217
23183.482
23032.883
23251.15
22827.617
22737.75
22827.416
22719.018
23091.617
22812.018
22802.75
22211.617
22318.551
22357.283
22634.684
21798.949
22037.217
22261.816
22261.617
22020.416
21897.416
22265.949
22255.416
21998.35
22152.416
22265.883
22399.684
21681.217
21958.283
22378.217
22445.883
22086.35
21958.75
22056.551
22263.949
21874.217
21867.018
21996.75
21905.217
21373.217
21679.217
21638.816
21476.15
21472.684
21599.35
21279.35
22008.084
21410.416
21272.551
21382.551
21387.75
21281.684
20730.75
21298.482
21282.551
20974.018
20748.75
21207.084
21070.684
20956.617
20436.018
20982.551
20989.617
20865.684
20908.283
20563.617
20830.617
20712.084
20227.617
20509.416
20349.816
20343.018
19874.15
20269.75
20199.551
19571.018
19228.949
19961.684
19787.949
19588.416
19474.15
19735.883
19642.816
19234.816
19176.816
19838.883
19502.283
19347.018
19196.35
19707.084
19249.084
19057.217
18983.816
19570.018
19359.617
19105.883
19072.217
19246.217
18936.15
18532.217
18243.949
18747.217
18806.482
18724.416
19009.416
19122.684
19004.35
18418.883
19083.35
18875.416
18734.816
18716.283
18661.482
18560.018
18701.217
18208.883
18125.15
17469.75
16709.616
15992.75
15283.283
14806.283
14637.483
14630.217
14576.217
15546.616
16058.616
16283.417
16717.283
17062.949
17087.617
17193.217
17099.684
17241.482
16702.883
16682.617
15971.883000000002
17019.684
16964.75
16736.949
16675.217
17065.949
17302.283
17454.416
17179.816
17589.283
17807.084
17433.684
17516.084
17877.416
17862.018
17899.084
18027.75
18138.551
18158.15
17898.551
17547.482
18440.617
18203.883
18163.949
17761.217
18412.551
18585.684
18327.416
18503.883
18529.084
18107.883
18263.217
17955.949
18504.75
18361.35
18276.217
18199.416
18216.084
18453.482
18031.283
18570.816
18594.75
18611.949
18562.816
18172.217
18837.617
18795.551
18405.416
18562.949
19240.551
18957.084
18697.816
19218.35
19442.084
19076.482
18825.283
18935.283
18586.416
18800.684
18261.684
18409.551
18728.018
18639.018
18639.35
19093.617
18737.949
18897.018
18258.35
18135.684
19049.617
18821.949
18661.551
18816.949
18640.018
18707.75
18806.75
18518.617
18561.416
18532.949
18483.551
18409.482
18577.883
18276.217
18362.018
18224.15
18600.816
18344.883
18489.35
18384.75
18839.15
18427.551
18453.684
18372.75
18645.75
18884.551
18848.883
18735.416
18647.35
18530.416
18445.949
18658.482
18784.084
18932.883
18917.416
18528.283
19161.283
19028.883
18940.084
18417.416
19002.217
18929.949
18695.949
18577.551
18670.949
18770.217
18952.816
18853.949
18920.75
18664.684
18727.018
18941.551
18644.551
18770.551
18609.482
18459.15
18591.35
18706.35
18430.018
18395.15
18502.75
18790.018
17856.15
18595.416
18557.084
18509.482
17819.949
18206.816
18532.949
18644.949
18479.75
18501.816
18459.617
18605.416
18301.018
18195.35
18593.883
18350.949
18427.018
18113.949
18348.816
18341.949
18049.617
17937.883
18247.684
17864.482
17840.551
17694.084
18040.75
17899.883
17547.084
17857.617
17850.15
17594.35
17745.816
17892.15
17675.949
17662.35
17439.617
17454.482
17770.35
17464.75
17625.482
17217.018
17303.35
17374.15
17223.018
17307.084
17153.283
17093.816
17023.283
17010.482
17212.416
17185.816
17144.283
16189.815999999999
16493.95
16418.816
16241.95
15670.684
15604.35
15670.15
15292.616
14711.083
15227.083
15054.95
14236.483
14651.684
14541.083
14166.95
14307.35
13755.483
13907.55
13735.15
13475.15
13601.15
13849.017
13697.217
13886.017
12633.35
13423.95
13516.417
13044.083
13321.75
13545.017
13651.95
13357.017
13764.417
14031.75
14001.017
14204.684
14600.417
14566.483
14435.417
14500.75
14287.816
14273.816
14462.616
14428.75
13874.35
14339.816
14183.884
13832.884
13287.15
13627.083
13420.15
13095.483
13039.217
12879.684
12967.017
12782.884
12650.684
13038.217
13060.55
12883.95
12909.15
13011.884
12871.684
12760.083
12673.083
13089.083
12932.816
12615.483
13036.55
13397.217
13176.55
12881.616
13033.483
12997.616
13047.217
13002.884
12867.083
12913.884
12690.816
12116.217
12697.816
12535.15
12681.017
12817.884
12326.017
12845.283
12696.616
11972.75
12296.616
12475.816
12356.95
12422.483
12638.884
12759.55
12771.95
12938.616
12875.75
12966.884
12832.283
12751.417
12459.35
12680.483
12807.95
12482.816
12541.75
12790.35
12751.283
12483.816
12944.816
12969.35
13119.75
12679.417
12891.95
13002.884
12989.816
13186.35
12449.217
12972.884
12865.616
13043.684
12632.884
13316.75
13024.417
13195.083
12817.75
13362.283
13286.217
12953.017
12771.75
13008.017
12759.684
12623.283
12886.684
12813.816
12691.55
12320.35
12345.75
12592.816
12763.15
12579.816
12763.35
12702.55
12543.283
12358.75
12548.684
12659.283
12514.217
12804.75
12199.884
12492.483
12771.684
12735.95
12427.217
12443.417
12021.95
11749.083
12189.35
12094.35
12170.283
11377.283
11944.55
12199.483
12076.75
11753.684
12110.75
12332.017
11922.884
12060.15
11894.616
12143.35
11787.75
11551.083
11522.35
11863.15
11802.15
11347.35
11638.083
11651.15
11763.884
11617.15
11637.95
11743.616
11554.684
11383.35
11615.35
11777.217
11675.483
11551.483
11863.616
11622.283
11709.35
11613.55
11406.083
11563.884
11565.616
11391.083
11282.75
11334.75
11411.217
11110.816
11022.017
11473.816
11499.283
11183.017
11229.75
11453.283
11458.75
11035.283
11109.95
11306.816
11114.75
10891.15
11299.684
11252.283
11031.483
11282.816
11058.35
11120.616
11065.217
10759.75
10434.417
11104.95
10752.95
11016.816
10802.15
10917.483
10723.55
10675.283
10495.483
10865.15
10734.217
10642.283
10381.35
10622.35
10665.75
10480.816
10431.95
10731.217
10700.417
10179.017
10350.55
10651.083
10593.017
9898.95
10058.017
10510.75
10462.15
10354.55
10017.95
10604.417
10454.95
10379.35
10136.816
10294.884
10109.884
9947.417
10118.616
10312.884
10080.884
9916.083
9977.55
10400.483
10404.283
10173.884
9914.55
10020.017
10151.35
9955.083
9781.684
10120.483
10035.816
10000.884
9681.217
9850.15
9982.15
9908.083
9750.884
9958.35
9722.616
10175.616
9472.483
9907.684
9811.217
9591.75
9169.083
9892.35
9855.616
9882.55
9547.15
9633.083
9481.55
9601.616
9712.35
10000.884
9216.816
9515.15
9305.884
9538.283
8956.55
8510.616
7866.217
7643.283
6799.017
5925.617
5335.35
4709.283
3939.483
3557.55
2879.483
3186.15
3093.683
2824.817
3023.95
3916.883
4141.0830000000005
4146.55
5146.75
5681.75
5973.283
6298.283
5626.55
6385.35
5996.35
5843.417
5479.683
5253.683
5351.217
5049.083
4804.15
5195.75
5256.817
5228.15
5038.083
5790.15
5551.35
5617.15
6230.083
6266.683
6510.017
6199.75
6675.617
6873.283
6847.683
6837.683
7111.55
7386.95
7438.683
6964.95
7248.617
7778.483
7778.883
7364.217
7892.483
8150.283
8285.082999999999
8203.95
8204.35
8707.283
8642.283
8054.616
8197.684
8884.95
8952.95
8787.884
8507.616
9044.616
8831.217
8646.483
8692.884
9119.55
8940.283
8050.282999999999
8935.95
9079.884
9163.816
8824.75
8652.15
9119.483
9041.483
8842.483
8741.283
8897.35
9015.283
8578.884
8439.616
9359.083
8936.017
8742.283
8762.616
9081.55
8969.75
8834.15
8829.684
9040.616
8994.35
8814.684
8771.616
9082.15
9049.616
8935.283
8794.483
9128.217
9043.217
8480.616
8699.017
9016.15
8917.15
8553.55
8487.55
8903.283
8773.017
8811.95
8569.55
8836.95
8960.017
8672.75
8218.217
8974.217
8858.15
8854.816
8679.217
9180.283
8906.417
8720.95
8515.017
8969.283
8787.217
8345.483
8225.15
8819.417
8767.75
8746.083
8184.884
8863.283
8730.15
8602.75
8668.55
8865.483
8835.884
8642.55
8569.083
9073.55
8866.95
8045.282999999999
8371.616
8955.483
8731.616
8741.616
8547.884
8942.15
8859.75
8385.417
8213.417
8742.816
8621.483
8579.417
8458.483
8803.816
8766.816
8621.95
8123.217000000001
8816.217
8764.417
8402.55
8068.950000000001
8668.283
8813.884
8503.483
8444.017
8757.816
8374.617
8330.417000000001
8489.417000000001
8473.883
8398.35
8266.35
8088.616
8662.417000000001
8515.083
8112.483
8049.55
8519.217
8649.017
7947.483
8040.417
8517.15
8429.35
8476.817
8231.283
8427.883
8350.417000000001
8283.35
7972.75
8624.883
8358.017
8092.55
8092.283
8416.017
8339.483
8166.95
7700.017
8325.283
8249.683
8129.217
7623.683
8387.75
8222.75
7710.083
8132.15
8217.95
8121.55
7709.417
7804.283
7983.95
8093.417
7839.95
7808.883
8067.95
7860.817
7845.683
7642.483
7947.35
7959.75
7491.35
7463.75
7934.417
7894.217
7607.817
7566.35
7614.15
7799.55
7335.75
7505.817
7578.283
7619.217
7441.083
7217.35
7781.017
7650.417
7247.083
6913.35
7497.283
7657.75
7442.15
7160.817
7483.017
7471.017
6787.617
7190.15
7616.15
7248.55
7078.483
7132.95
7390.283
7437.35
7028.483
6911.35
7293.55
7395.617
7250.15
7157.083
7457.217
7253.483
6959.95
6702.017
7350.283
7155.55
7392.417
6840.35
7362.15
7285.683
6784.35
6837.95
7317.75
7152.617
6960.083
7022.217
7302.35
7214.417
6800.083
6748.683
7358.817
7091.95
6969.017
6977.883
7210.417
7084.283
6660.95
6553.217
6909.95
6868.017
6361.35
6491.283
6974.683
6806.283
6986.483
6646.283
6977.617
6848.95
7037.95
6665.283
6865.483
6798.617
6456.017
6449.55
6890.083
6764.417
6303.083
5772.017
6756.483
6765.95
6310.483
6494.55
6756.683
6524.35
6380.083
6356.35
6710.283
6504.417
6344.55
5964.283
6527.683
6590.083
5871.217
6037.95
6599.483
6406.95
6143.483
5935.883
6516.217
6498.617
6415.083
6002.217
6585.217
6487.617
6412.483
6303.217
6505.35
6366.75
5137.483
5637.35
6399.083
6470.95
6080.35
5820.683
6332.017
6444.083
5814.883
5819.217
6236.15
6195.617
5744.55
5756.817
6261.95
6222.883
5587.483
5599.817
6117.483
6070.417
5814.95
5824.817
6058.017
5970.95
5558.283
5963.15
6025.15
6068.35
5533.083
5762.083
6154.35
5918.883
5476.883
5381.15
5950.883
5968.55
5825.95
5283.95
6036.35
5910.483
5245.817
5359.817
