276.267
72.95
-127.133
157.35
460.2
147.15
219.13299999999998
246.75
253.067
272.75
135.267
-162.983
210.667
216.483
28.799999999999997
-35.117000000000004
352.8
-1.183000000000007
69.533
371.217
437.733
194.95
466.933
161.35
286.8
209.35
241.333
-114.183
203.0
206.417
330.2
30.349999999999994
291.8
203.21699999999998
252.733
30.417
564.533
475.75
98.133
-55.650000000000006
257.8
133.417
0.46699999999999875
186.683
219.267
241.35
159.267
237.61700000000002
225.933
241.88299999999998
-37.266999999999996
46.483000000000004
624.533
290.35
2.733000000000004
-254.71699999999998
449.733
451.41700000000003
38.667
49.68300000000001
385.133
451.683
396.2
233.95
426.867
379.95
168.267
326.35
402.533
399.017
339.467
-133.25
455.133
291.217
45.400000000000006
92.15
383.2
198.88299999999998
149.13299999999998
75.083
303.933
509.75
212.46699999999998
75.483
255.6
352.883
39.266999999999996
19.083
252.0
211.483
505.33299999999997
9.216999999999999
183.13299999999998
217.21699999999998
348.733
-56.18300000000001
202.733
264.817
208.933
92.817
419.067
376.817
-220.13299999999998
28.816999999999993
409.6
306.75
234.733
218.017
474.0
291.08299999999997
5.867000000000004
282.817
108.133
323.95
254.333
286.217
422.533
290.55
567.467
-217.583
334.467
381.283
112.867
361.217
401.533
460.283
271.867
110.017
359.467
249.683
-61.06699999999999
113.817
338.733
312.883
139.53300000000002
19.683000000000007
417.067
446.683
65.667
-230.65
358.533
322.75
95.333
142.21699999999998
287.0
429.883
334.4
51.417
300.733
330.41700000000003
-278.267
-134.78300000000002
311.66700000000003
211.683
170.267
-2.6500000000000057
342.933
271.95
63.06699999999999
224.483
412.933
311.283
261.8
-106.65
462.267
407.283
440.6
157.28300000000002
495.067
285.883
163.667
346.817
420.067
80.217
378.267
-159.11700000000002
148.667
230.88299999999998
16.933000000000007
376.017
604.267
435.217
166.4
-78.917
500.533
161.55
467.067
28.349999999999994
404.933
367.41700000000003
329.33299999999997
388.95
535.333
362.15
440.733
310.817
336.533
238.15
394.867
-350.91700000000003
403.2
359.55
183.8
146.21699999999998
150.6
332.75
480.733
178.61700000000002
248.46699999999998
309.08299999999997
117.467
-193.11700000000002
280.2
388.483
475.66700000000003
197.817
396.8
312.41700000000003
50.867000000000004
-316.783
454.533
237.417
-58.06699999999999
28.417
273.067
204.417
-1009.667
-89.383
138.53300000000002
280.017
253.333
-56.117000000000004
580.4
410.883
257.6
65.817
267.467
246.083
-96.4
439.08299999999997
540.867
280.217
-178.8
40.882999999999996
324.733
330.617
-105.8
352.95
388.2
264.08299999999997
401.733
360.95
332.867
412.41700000000003
257.533
189.483
378.533
259.883
417.6
30.217
404.467
436.617
350.6
-67.117
227.067
315.08299999999997
86.8
-276.91700000000003
392.733
342.08299999999997
266.933
-119.25
358.6
344.617
229.933
92.417
373.267
357.41700000000003
-151.86700000000002
213.15
340.33299999999997
73.483
-140.53300000000002
160.75
270.267
214.95
314.867
167.417
275.267
525.75
107.333
177.21699999999998
390.267
544.75
396.733
174.88299999999998
235.13299999999998
279.08299999999997
109.867
505.95
363.6
211.88299999999998
-144.0
114.483
217.333
298.08299999999997
274.66700000000003
0.016999999999995907
549.4
570.417
45.733000000000004
302.017
376.867
351.683
240.4
110.35
347.067
387.15
92.533
139.017
304.467
330.75
187.8
309.283
484.8
441.41700000000003
412.533
114.75
571.533
189.883
396.733
-129.65
383.533
190.61700000000002
-79.733
299.617
354.6
213.15
557.333
402.217
397.0
279.15
647.6
97.21700000000001
394.467
304.95
-14.067000000000007
290.283
650.467
429.35
559.2
-22.583
467.66700000000003
376.283
408.6
217.283
362.0
544.55
-28.13300000000001
252.217
630.8
341.55
159.067
192.483
369.933
371.08299999999997
534.933
192.017
677.867
563.483
718.2
460.61699999999996
727.067
528.217
252.533
356.483
409.4
630.883
810.933
223.817
748.533
615.95
572.467
716.4169999999999
632.733
536.217
387.533
669.683
525.467
797.15
147.39999999999998
311.15
595.6669999999999
579.75
599.267
432.75
915.2
588.55
739.267
579.95
719.3330000000001
686.817
725.467
345.883
1038.267
512.683
599.533
538.617
877.533
558.95
740.0
631.017
639.067
904.617
825.8
703.083
653.067
906.883
677.8
474.15
981.733
771.4169999999999
667.133
614.283
606.933
707.283
829.067
693.75
917.867
817.35
596.467
543.817
704.733
819.017
709.6
598.617
934.267
509.75
779.933
515.55
712.6
606.55
783.933
867.017
752.867
489.01700000000005
808.533
988.283
481.467
902.217
747.133
793.55
813.4
792.483
647.267
1004.35
1176.667
701.35
718.0
1301.283
934.6
1148.55
516.133
722.683
1191.2
1022.283
1156.867
1234.75
773.0
740.95
870.467
835.217
1376.2
1189.883
665.533
1148.35
1034.0
1243.75
1275.933
1092.417
1008.933
1355.217
633.6
915.417
1037.867
1191.417
1536.067
1475.683
1409.667
1357.017
1161.6
1280.75
1279.0
1187.417
812.4670000000001
1033.883
1372.2
1200.217
1448.2
995.883
1504.067
1406.95
1511.2
1334.283
1474.933
1399.15
997.267
1453.617
1317.267
1229.483
1164.867
1300.417
1281.0
1400.817
1296.4
1080.55
1400.733
1184.883
1157.133
1039.083
1506.733
1399.417
1343.8
1408.55
1527.067
1271.617
1238.2
1146.817
1412.6
1436.417
1315.933
1076.217
1562.6
1287.417
1348.467
1333.017
1471.133
1356.95
869.267
1293.15
1375.333
1440.35
1461.933
1646.683
1772.933
1575.417
1594.2
1574.75
1714.133
1768.817
1618.933
1701.683
1688.867
1712.417
1870.533
1705.95
2093.733
1561.55
1156.067
1418.083
1617.467
1911.417
1623.733
1730.817
2073.533
1895.15
1801.533
1733.283
1972.2
2012.017
2043.333
1767.083
2129.467
1822.817
1701.4
1598.883
1642.6
1566.283
1890.6
1229.883
1629.133
1743.683
1981.333
1640.15
1944.8
1841.017
2034.6
1856.883
1927.867
2002.483
1983.067
1905.483
2195.867
1767.35
2290.8
2044.55
2078.867
1998.283
1904.067
2091.683
2330.067
1701.217
1810.6
2141.217
2359.733
2076.95
2163.867
1906.55
1983.0
1873.883
1970.8
2091.283
2056.2
2381.15
2637.8
1932.8829999999998
2521.333
2488.75
2352.8
2270.75
2322.2
2180.35
2156.867
2460.683
2391.867
2180.417
1981.867
2117.083
2041.267
2010.683
2345.667
2228.683
2384.067
2599.617
2410.133
2541.817
2770.133
2502.083
2828.333
2670.083
3013.467
2768.017
2601.533
2835.283
2853.333
2735.75
2551.867
2700.417
2529.467
2617.75
2465.667
2662.75
2633.8
2411.35
2100.867
2362.017
2295.733
2310.883
2139.6
2072.883
2342.333
2084.417
2023.4
1736.017
2346.0
1923.017
2259.733
2259.883
2457.733
2930.083
2737.333
3029.95
2883.0
3066.283
3189.267
2804.017
2991.933
2940.017
2655.6
2579.417
2859.733
2705.217
2964.2
2513.417
2802.533
2855.283
2839.4
2989.017
2959.0
3002.883
3176.6
3114.617
3168.133
3163.817
3085.867
2777.483
3133.2
3195.683
3032.467
3267.617
3366.933
3233.083
3105.467
2801.883
3330.467
3217.617
3517.8
3822.15
3882.2
4260.0830000000005
4268.0
4084.817
4039.4
3971.35
4065.6
3663.217
4250.733
3926.483
4085.733
4019.817
4227.133
3729.017
3888.133
4029.817
3874.133
3925.217
3709.133
3419.883
4036.0
4129.883
4004.667
4210.017
4377.267
4354.617
4242.4
3989.75
4328.2
4271.683
3760.933
3974.15
3942.2
4176.15
4048.8
4273.283
4485.133
4213.282999999999
4093.667
3547.617
3822.6
3923.217
3959.133
3682.883
4115.4
3767.55
3827.2
3604.417
3525.8
3465.617
3408.0
3469.883
3497.933
3612.617
3401.0
3526.55
3289.667
3479.883
3615.667
3722.217
4023.267
4164.75
4285.333
4455.35
4250.6
4303.617
3887.933
4444.217000000001
4210.267
4221.95
4753.933
4457.283
5166.8
5168.883
5105.667
5337.817
5918.333
5390.683
5555.467
4985.883
5173.8
5068.017
4679.067
4399.483
4454.667
4303.817
4108.0
4224.217
4721.667
4356.95
4652.667
4682.683
5192.8
5151.817
5310.667
5029.617
4860.8
4731.75
4372.733
4189.15
4289.3330000000005
3869.283
3736.6
3604.55
3646.8
3590.217
2990.867
3330.683
3325.8
3011.417
2697.0
3459.617
3524.867
3631.95
3965.667
3696.017
4519.6
4753.283
4844.8
4684.217
4770.733
4534.817
4174.067
4314.95
4263.133
4436.617
4417.133
4269.483
4825.4
4469.35
4647.933
4544.35
4695.8
4650.017
4570.0
4032.1499999999996
4648.267
4505.683
4637.2
4585.483
4500.267
4527.017
4575.0
4560.817
5263.6
5312.217
5326.267
5593.95
5757.0
5829.817
5801.133
5612.017
5971.4
5731.017
6124.0
5741.683
6221.267
6629.483
5948.467
6200.817
6280.6
6031.083
6000.4
5270.75
5139.667
4571.083
4315.267
3371.15
3229.533
2695.083
2508.6
2526.883
3067.133
3347.617
3737.533
4260.0830000000005
4608.933
4852.217
5151.133
5610.75
5919.2
6321.817
6210.333
6204.55
6324.733
5747.15
5650.0
5338.883
4946.867
4142.55
3832.533
3512.55
3495.4
3863.283
4038.733
4608.283
5511.933
5795.217
6048.667
6913.417
7188.533
7315.75
7705.467
7441.417
8172.467
8197.283
8599.067
8323.283
8270.866
8695.55
8489.0
8495.684
8658.6
8507.95
8767.2
8560.684
9220.733
9025.75
9181.267
8933.684
9452.6
9307.816
9144.333
9212.55
9768.6
9531.483
9465.6
9249.684
9417.733
8927.017
9023.4
9201.417
9266.6
9732.616
9457.667
9579.017
9646.667
9284.35
9011.733
8781.217
8994.533
9270.75
9434.066
9366.017
9366.333
9376.417
9301.866
9160.95
9069.934
9057.616
8915.733
8995.483
9449.8
9206.684
9449.934
9087.083
9241.134
9460.95
9237.267
9632.483
9812.866
9803.15
9914.6
10016.017
10099.733
10449.217
10680.6
10510.083
10438.066
10345.483
9688.134
9156.75
9281.2
9220.816
9151.467
9062.884
9362.866
9609.083
9779.333
10433.684
10357.6
10994.95
10925.934
11017.75
10964.2
11414.35
10741.467
10883.417
11329.2
10839.417
10896.2
11074.684
11007.934
10803.483
11435.333
10953.616
11292.267
11221.75
11143.934
10866.95
11127.533
10982.816
10999.134
10414.75
11086.134
10922.283
10929.066
10531.083
10921.4
11267.75
11490.733
11134.017
11408.0
11499.483
11300.6
11281.017
11198.4
10158.217
10642.066
10639.35
10739.2
10250.884
10889.467
10705.283
10765.267
10458.15
10468.134
10830.35
10941.667
10872.217
10985.4
10725.684
10460.2
10445.417
9825.8
10116.017
10822.733
10613.55
10767.4
11118.15
11438.6
11533.217
11722.4
11357.217
11482.2
11659.217
11579.333
11080.95
10911.0
10394.083
10595.733
9796.95
10472.4
10689.95
10347.4
10382.55
11206.934
11166.017
10616.866
10672.55
11519.0
11696.684
11395.733
11181.483
11313.934
11404.616
11126.667
11043.483
11311.8
11074.283
11396.134
11714.483
11381.467
11654.684
11957.4
11058.55
11297.733
11141.684
10745.533
11029.95
10263.667
10564.483
10593.134
11600.616
11474.2
11305.483
11326.4
10844.35
11120.2
11101.017
11434.2
11112.417
10885.333
10302.95
10134.667
9811.55
9384.733
9322.483
8674.8
8519.75
8535.867
8520.684
9042.134
9488.15
10448.2
11113.217
12299.4
12443.55
13526.533
12682.35
12082.333
12564.95
12443.667
12228.684
13020.533
13150.75
13372.934
13170.816
13067.6
12402.083
11957.467
11586.95
11814.667
11724.283
13061.6
12504.217
13138.2
13201.083
13507.2
13548.017
13158.934
13924.616
14146.533
14761.55
14653.2
14815.684
15099.6
15460.083
14377.733
14622.816
13952.533
14333.35
14296.8
14748.083
14139.667
13934.217
13460.4
13238.083
13487.934
13184.283
12228.2
13147.483
12975.934
13884.017
14004.533
14040.15
15012.4
14593.684
14221.333
14549.283
14577.6
14365.083
14366.267
14610.483
15033.6
15513.75
15568.0
15205.35
15368.134
17028.482
15707.733
15814.417
16034.533
15401.483
16046.134
16024.75
16615.6
16033.616
15454.467
15778.75
16027.134
15883.35
15371.667
15285.15
16391.4
16847.75
16469.866
15796.684
16180.267
15947.35
15773.8
14945.616
15856.866
15698.35
15360.2
14667.35
15285.866
15539.017
15589.6
15163.884
16261.333
16268.55
16052.2
16442.083
16588.133
17354.15
16551.4
16301.684
16935.133
16480.017
16857.732
15940.35
16311.667
17045.35
16627.4
16756.018
16822.268
16338.816
16589.667
17057.416
17721.732
17435.15
17389.268
17605.15
17406.801
17874.684
18383.732
17910.084
17805.268
17392.084
17456.334
16882.949
17362.268
16984.018
17306.133
16624.283
16178.667
16428.616
16325.333
16024.75
16596.667
16124.417
16296.934
16437.283
16342.267
16462.217
16320.533
16892.551
17386.6
17789.75
16854.533
16953.684
17047.199
16429.017
17359.533
17001.084
17500.199
17518.684
17888.934
17930.35
18052.467
18355.883
17726.467
17276.15
19038.4
18336.084
18263.801
18554.35
18790.533
17498.217
18264.801
17471.416
18553.666
18206.15
17465.199
18075.084
18562.666
18300.217
18382.934
19441.018
18771.4
18197.416
17950.133
17701.551
17605.334
18174.949
18967.533
18804.684
19515.199
19664.684
20104.934
19533.217
19586.4
20009.217
19800.199
19780.684
19777.732
19887.15
20328.133
19980.482
20640.801
20388.35
20535.533
20977.684
20831.334
20769.816
20277.066
20446.15
20729.334
20334.816
20170.666
19970.217
20716.934
20408.75
21485.268
20706.684
20304.467
20822.816
20966.6
21774.084
21889.666
21958.416
21354.467
21593.018
21010.467
21185.949
20954.0
21389.283
21567.268
23491.283
21706.199
22645.217
22990.0
23173.018
22651.467
23986.416
23452.732
23792.018
24590.0
25334.018
24066.467
24661.949
24102.666
24389.949
26158.4
24520.15
24743.666
23820.084
23761.934
23913.617
24572.0
24476.416
25035.934
25780.15
25222.4
26041.883
26780.0
27505.816
27448.268
27665.018
28541.0
29251.35
28541.334
27058.482
27978.0
28188.217
27330.268
27987.084
28582.467
28688.75
28428.0
28904.617
29549.0
28832.617
30426.268
31110.482
30715.666
30107.684
31286.0
31116.482
31188.801
30901.551
31252.533
31426.283
31195.934
31249.416
30841.199
31192.816
32108.066
32892.15
33330.535
33692.684
35209.602
35425.484
34876.668
35586.75
35599.535
35319.949
35368.934
34305.418
35334.535
34496.418
34493.867
36131.082
36741.0
37067.75
37138.266
37363.215
38206.133
37233.352
37456.133
36948.816
37227.066
37521.148
36939.133
37737.285
38513.801
38877.215
39088.801
39249.215
39661.867
39679.484
39063.066
39444.75
39244.867
39372.949
38730.133
39392.285
39468.398
39663.883
40097.535
39584.75
39414.801
39689.883
39693.066
39776.617
39833.465
40177.617
39886.668
40098.75
40338.867
40092.75
38890.668
38301.484
36419.801
34993.816
33968.133
33570.285
33522.398
34075.684
34022.0
35454.016
37266.867
37823.082
38439.668
38631.949
38888.332
39903.949
40870.0
40531.082
41185.734
41207.148
40788.398
39934.352
39631.199
39878.215
40535.602
40898.75
41428.465
42046.418
43094.332
43656.148
43787.801
43856.551
43077.734
42902.016
42389.801
42738.949
42836.133
42838.617
42757.332
42009.684
41529.332
41370.285
40710.934
40797.883
41163.332
40923.285
42438.199
42739.816
43109.266
43727.617
44023.535
43035.484
43244.801
42799.082
42859.602
43244.551
43612.602
44075.215
45193.266
45053.75
45621.734
45115.816
45047.734
44580.484
43846.199
44013.816
43964.734
44140.484
43915.266
44235.617
44787.133
45157.016
44679.199
44753.484
45877.668
45312.949
45770.199
45026.418
45688.266
45034.484
44089.801
43548.148
43075.602
43061.016
43318.199
43676.418
44139.934
45376.285
45100.602
46000.816
45382.801
45420.883
45172.465
44682.551
44323.867
43852.949
43141.0
43324.148
43308.801
43031.082
43256.602
43266.352
42995.199
43045.352
42838.668
43078.285
43562.867
44008.816
44040.734
44527.082
45292.734
45579.016
45500.0
45883.484
45645.602
45574.816
44734.934
44252.816
43672.199
44069.484
44409.332
44143.75
45036.602
45333.215
45985.734
46306.883
46282.535
46261.684
47218.934
47575.484
48116.133
48235.883
47871.066
47688.082
47430.133
47381.285
46594.398
46356.418
46556.734
46590.016
46187.668
46114.684
45137.602
45737.684
45282.801
45775.684
45629.602
46600.816
47141.066
47744.016
48213.332
48588.684
47510.066
47567.949
46965.133
47048.883
47406.801
47080.484
47010.535
46626.352
47044.133
47444.082
47452.066
47690.148
47794.398
48255.082
48730.266
49621.484
48809.066
48648.684
47886.266
47858.551
47065.602
47022.551
46947.734
46643.285
47376.066
47460.684
45594.934
46875.215
46753.602
46384.551
46609.535
46316.883
46188.867
46497.082
47089.535
47419.617
47491.734
47379.352
47551.602
48336.551
48406.0
48717.684
48422.867
47842.883
46331.0
44641.215
43674.465
42070.617
40278.332
39790.75
40520.934
41672.75
44182.934
44866.082
44234.066
44309.883
44449.199
43908.883
44265.668
43719.949
43218.199
44218.148
45569.801
46572.484
46473.602
46900.551
47121.465
47669.016
48540.066
48026.148
47910.266
47931.285
47121.668
47672.816
48095.0
48143.883
48008.133
48921.215
49410.133
49341.082
49433.0
48671.082
48501.668
48144.551
48398.066
48032.215
47222.734
47014.215
46545.0
47627.016
48501.801
49291.816
48952.867
49655.082
50631.801
50978.484
50359.867
49902.75
50257.668
49604.418
49435.602
48777.883
49456.668
50073.148
49576.602
49135.285
48763.668
47562.617
46857.602
45147.75
43887.133
43498.418
43547.332
44052.816
44592.398
45951.484
46238.398
47627.352
48002.332
48016.949
48738.266
48968.551
49427.266
49644.418
49838.535
50341.883
51280.668
50518.016
50099.066
49193.285
49088.266
48915.148
48823.535
48816.617
48830.398
49591.75
50674.266
50760.418
50743.668
50741.285
50611.867
50351.215
50301.133
50289.617
49092.867
48423.75
48036.199
47345.148
46454.199
45887.816
46264.266
46640.75
47105.535
47631.215
48301.801
48425.484
48247.535
48043.352
48186.465
47833.883
47462.867
47577.215
48053.133
48607.352
48813.801
48892.082
49410.398
50036.75
49981.734
50086.418
49733.934
49578.551
48824.0
48078.75
47650.266
46716.75
45579.602
46999.949
46874.934
47257.215
47461.668
48123.148
48264.602
48656.285
48067.934
48152.551
48540.734
47939.484
47788.266
47627.75
47477.535
47130.082
46429.398
45888.148
46062.199
46188.75
45605.535
44970.816
45273.602
45138.285
44805.066
44801.551
45083.0
45375.352
45678.0
46202.684
46319.332
46831.883
46568.465
46351.215
46828.734
46724.949
45496.332
46218.617
45744.199
45763.551
46035.0
45341.684
45484.266
46443.949
46642.734
47078.016
46908.668
47040.215
46992.668
46643.617
47138.398
46594.352
45983.332
45942.148
46320.934
46776.617
46988.867
46167.418
46333.465
46276.949
45843.602
46128.285
46254.535
46144.484
45911.398
46131.684
45775.668
45926.484
45352.602
45002.949
44913.602
44875.148
45120.934
44683.816
45575.734
45889.949
46417.934
45735.016
45915.332
45934.75
46233.602
46113.285
45844.266
46037.551
45955.199
45764.883
45756.398
45775.016
45422.0
44937.684
45345.066
45531.215
45620.734
45541.816
45760.0
45775.285
45707.0
46150.75
46139.133
46394.484
45460.465
45036.215
45263.867
44627.484
44805.801
44484.75
45099.066
45634.418
45471.133
45359.551
45694.668
45601.016
45982.801
45793.684
45842.801
46243.484
45975.332
45924.551
46150.465
46204.617
46083.133
45908.352
45157.934
45402.285
44583.266
44791.816
44815.266
44735.418
44407.668
44517.75
44445.266
44365.883
44464.0
44866.816
44488.465
45109.285
44895.602
44728.617
44196.734
43816.816
43394.465
43516.883
43075.266
43169.285
42819.602
43481.484
43724.0
43674.949
43556.0
43157.949
44251.332
44594.617
44850.0
44911.816
45551.465
45677.949
44961.668
44738.016
44539.535
44509.617
43673.465
43794.082
44051.465
44071.617
44432.199
44328.352
44799.332
44783.215
44908.199
44672.551
44880.199
44514.215
44246.0
43710.551
44299.734
44402.082
43585.535
44454.484
44081.734
44481.148
44638.734
44125.148
44407.398
43999.215
43159.398
42716.215
43167.535
42930.75
42573.734
43052.816
43119.801
44208.148
43863.199
44628.016
44793.535
44451.352
44426.934
44712.684
45118.801
44507.617
43978.734
43751.352
43771.199
43172.484
42993.133
42948.617
43530.332
43594.082
43533.266
43443.551
44152.199
44218.215
43790.199
43539.883
43534.801
43059.418
42422.734
41824.285
41899.801
41848.684
41465.0
41822.949
42132.602
42795.949
43117.133
43167.285
43551.465
43777.816
44095.332
44110.352
44271.801
44047.082
43860.199
44345.016
43713.934
44210.285
43889.066
43459.082
44041.602
43875.75
44104.465
43718.215
43531.133
43452.617
43451.734
42839.883
42962.867
42700.148
42500.066
42798.684
42446.668
42231.285
42225.668
42088.617
42931.867
43195.684
42366.199
42549.215
43093.066
43032.285
42903.602
43354.75
42897.801
42519.148
42375.199
41591.418
42107.734
41254.285
41482.535
41346.617
41304.801
41876.285
41632.602
41989.684
41865.934
41792.684
42200.199
42120.484
42426.332
42342.016
41863.602
41969.883
42103.801
42315.285
41468.801
41796.816
41977.734
42006.551
41404.668
41886.617
42605.934
42142.949
41914.133
42686.75
42778.867
42679.418
42329.332
41956.082
42477.801
42045.484
42214.066
42177.949
41916.332
42058.352
41957.199
41728.75
42067.867
41817.215
41095.199
41270.215
41532.801
41316.352
40687.801
40682.082
40351.133
40230.617
39987.668
39613.816
40223.266
40291.352
39920.133
40902.684
40780.133
41071.148
41028.602
40712.285
41241.332
41030.285
40659.0
40192.883
40610.668
40856.418
39976.867
39152.418
38362.668
37585.816
37026.734
36331.016
35893.734
35290.215
34792.734
36035.148
36676.734
36722.352
37307.266
38133.816
39314.934
39028.148
39493.465
39302.418
39205.934
39390.285
38920.266
38786.883
38942.266
38917.816
38446.0
38623.484
38762.0
38978.816
38720.398
38421.816
38886.266
38594.082
38581.934
38442.352
38848.668
38803.484
38472.602
39074.285
38885.535
38714.949
38237.602
38031.082
38042.133
37945.484
37885.398
38018.883
37804.066
38197.082
38315.133
38048.016
38287.535
38751.352
38415.066
38171.617
38456.398
38620.484
38504.465
38612.418
38476.668
38080.551
37895.602
37834.551
37942.734
37884.016
37096.133
37487.215
37346.934
37602.148
37454.133
37270.816
37400.066
37523.148
37834.801
37352.418
37529.602
37845.418
37230.066
37525.215
37499.199
37427.215
36828.801
36936.285
36840.0
36902.484
36917.0
36796.949
36781.668
36782.684
36111.602
36483.082
36228.332
36492.551
36023.266
36387.016
37029.668
36632.617
37105.332
37100.684
37000.934
37427.285
37197.133
37245.75
37262.602
37119.816
37335.535
37145.484
37315.465
37055.082
37322.066
37061.551
37436.535
36795.883
36916.133
36707.883
36923.602
37037.285
36587.398
36425.816
36497.199
36577.148
36548.332
36592.352
36633.668
36769.684
36722.332
36632.418
36573.867
36171.352
35745.398
35605.016
35843.734
35321.148
34983.332
35125.883
35607.668
35521.551
34985.602
35108.418
35444.602
35225.148
34956.801
34652.684
34912.398
34719.352
34362.535
33804.484
34166.133
34253.75
34210.199
34486.949
34375.934
34411.75
33797.398
34016.75
33604.133
33550.484
32726.667999999998
32565.084
32552.533
32078.084
32059.334
31402.883
31780.066
31437.75
30821.867
30054.35
29902.934
29957.283
29818.268
29166.684
29451.533
29383.949
29650.334
29801.217
30437.6
30752.15
31660.133
32414.551
32589.934
32791.217000000004
32764.666
33013.15
32836.0
32478.35
32570.934
32268.416
32557.934
32318.949
32680.732
32778.883
33068.334
32993.082
33229.602
33163.684
33571.066
33442.285
33178.734
33522.617
33843.465
33576.016
33232.266
33023.816
33358.398
33210.949
32995.602
32994.883
32998.133
33096.617
33455.066
32680.016000000003
33211.535
33198.484
33260.734
33103.75
33349.602
33077.949
32702.867
32634.35
32768.334
32997.75
32236.533
32190.15
32370.6
32094.617
32028.268
32205.816
32321.801
32057.15
31895.801
31650.816
31600.732
31626.816
31731.066
31681.15
31635.133
31603.018
31621.533
31499.15
31318.467
31318.35
31113.199
30572.15
30958.533
30510.15
30632.268
30589.217
30718.467
30486.883
30636.334
30616.217
30611.0
30977.283
30722.934
31061.482
30875.334
31198.084
30930.0
30380.949
30534.133
30272.084
30044.867
30259.416
30140.268
30169.217
30219.0
30143.883
30585.6
31119.018
30593.666
31201.482
31309.666
31111.684
31194.0
30835.684
31088.0
31256.15
31414.533
31617.617
31694.268
32096.949
31950.0
32429.217
32741.732
33055.684
32545.0
32433.75
32735.0
33305.484
33128.398
33622.883
33808.266
34224.617
34017.066
34196.551
34019.465
33732.215
32959.0
31843.482
31276.4
30898.949
30573.4
30342.883
30072.666
30117.551
29942.0
29864.949
30125.0
29989.084
29975.801
29971.416
30315.467
30081.084
29897.801
29602.084
29561.6
29762.482
29342.533
29660.416
29507.934
29738.949
29678.0
29824.816
29948.199
30131.018
29730.066
29895.217
30281.6
30059.551
29503.801
29835.883
30171.334
29978.15
29639.867
29858.883
30142.0
29563.617
29982.467
29271.75
29573.268
29271.283
29052.268
29152.883
29059.066
29117.416
28830.666
28381.217
29038.666
29110.217
28769.4
28766.551
28887.467
28734.15
29094.934
28573.816
28750.934
28808.883
28953.533
28943.816
29056.867
28759.084
28942.934
29050.416
29356.066
28923.084
28473.934
28461.217
28743.268
28888.949
28621.334
28769.949
28553.4
28773.482
28533.533
28606.283
28598.6
28534.883
28059.0
27842.217
28505.467
28235.684
27812.199
27684.018
28128.334
27741.617
27685.467
27807.283
28090.334
27808.416
26824.133
27587.416
28041.066
27608.416
27588.066
27161.084
27465.0
27551.684
27803.268
27763.217
27611.533
27276.684
27408.334
27415.15
26747.533
26544.684
25982.066
26298.416
25790.533
26203.018
25808.268
25859.883
27244.4
26971.949
26952.801
27632.684
27393.867
27466.416
27037.867
26799.15
26617.666
26667.684
26339.0
26414.883
26486.6
26559.084
26130.0
26396.684
27033.666
26540.482
26061.867
26357.684
26673.133
26744.883
26397.732
26514.018
26645.467
26291.883
25943.199
25545.217
26001.199
25524.084
25454.133
25041.75
25006.199
25044.416
24363.533
23859.75
23697.6
22171.217
21373.801
20526.816
20647.867
20699.883
20777.4
21018.949
21903.4
22854.15
23381.666
23458.949
23678.732
24338.35
24833.4
24758.816
24359.334
24906.816
24767.0
24844.684
24873.4
24463.949
24135.199
24005.018
24460.4
24315.617
23894.934
24582.416
24445.0
24693.283
24763.334
24676.283
24798.666
24765.949
24532.199
24630.35
24730.801
24965.684
24466.268
24470.482
24853.732
24994.018
24830.6
24919.15
25072.801
25028.551
24891.6
24394.416
24879.0
24805.816
24469.867
24245.617
24510.133
24643.816
24442.467
24028.75
24234.533
24598.684
23965.268
24655.482
24798.533
24711.416
25184.666
24876.75
24984.732
24944.617
24701.334
24908.15
24766.268
24684.15
24383.0
24465.617
24458.666
24523.35
24377.6
24512.217
24706.732
24760.551
24409.268
24204.018
24487.533
24368.482
24523.533
24137.684
24589.467
24446.15
24676.6
24647.35
24735.732
24718.75
24214.0
23941.551
24467.0
24307.551
24464.6
24093.482
24037.4
24120.482
23964.133
24381.684
24089.0
24059.018
23491.199
23594.416
23645.801
23906.416
23046.0
23296.416
23529.0
23481.684
23229.6
23090.416
23526.867
23478.684
23274.6
23408.816
23454.334
23685.084
22947.4
23202.283
23669.732
23695.75
23293.732
23200.883
23304.666
23458.617
23129.467
23075.883
23245.133
23168.816
22609.268
22876.15
22888.666
22681.217
22669.4
22803.35
22506.867
23268.084
22601.268
22504.35
22597.732
22630.283
22502.867
21934.949
22440.801
22483.949
22170.268
21894.217
22362.666
22286.217
22126.268
21611.482
22205.867
22167.816
22073.934
22078.617
21738.334
22047.883
21870.467
21411.416
21628.666
21491.416
21507.0
20959.217
21417.268
21341.75
20687.934
20352.35
21076.066
20882.883
20703.0
20575.949
20832.199
20738.084
20374.732
20306.482
20970.0
20663.15
20444.533
20314.816
20825.334
20365.018
20179.533
20091.551
20665.6
20448.75
20215.334
20159.283
20366.4
20041.15
19625.533
19341.816
19817.934
19912.949
19769.6
20078.617
20212.867
20077.416
19488.334
20159.684
19953.4
19830.35
19784.934
19711.883
19626.6
19796.482
19261.867
19102.018
18394.199
17499.684
16715.133
15908.684
15393.866
15175.083
15167.934
15208.083
16158.866
16778.416
17038.334
17504.816
17888.6
17896.949
18069.666
17923.617
18074.666
17472.75
17504.533
16749.883
17843.934
17747.416
17555.199
17491.551
17923.268
18158.15
18309.732
18024.35
18466.0
18734.816
18369.801
18458.084
18840.199
18818.949
18858.867
18989.084
19133.732
19116.617
18882.732
18549.283
19478.6
19221.283
19191.934
18761.018
19458.133
19584.283
19368.867
19579.416
19567.801
19139.551
19343.867
19008.084
19565.533
19489.482
19349.066
19234.883
19282.867
19531.018
19082.6
19686.684
19656.133
19671.684
19631.066
19176.816
19923.4
19904.617
19497.934
19677.283
20339.0
20089.018
19867.666
20378.949
20560.6
20199.75
19927.867
20059.217
19678.6
19841.482
19371.0
19500.416
19807.6
19732.15
19742.4
20219.018
19845.133
20006.416
19363.4
19210.949
20134.467
19881.684
19777.4
19899.084
19710.6
19802.217
19881.867
19565.883
19615.199
19647.482
19580.4
19546.949
19674.199
19346.084
19457.732
19273.217
19707.4
19405.684
19554.334
19490.617
19881.199
19528.084
19522.801
19441.018
19734.934
20015.283
19996.533
19845.617
19768.732
19635.217
19581.268
19778.018
19877.133
20028.217
20032.268
19614.816
20285.0
20116.15
20080.801
19608.482
20122.0
20036.084
19800.199
19695.35
19788.066
19899.217
20070.133
19935.75
20008.867
19754.551
19799.0
20018.684
19701.467
19834.35
19712.133
19586.75
19692.4
19835.949
19570.268
19495.883
19612.732
19880.084
18893.066
19656.217
19679.867
19589.416
18909.867
19298.084
19642.467
19704.018
19556.6
19624.551
19567.867
19699.883
19434.6
19299.684
19694.732
19418.617
19518.4
19158.883
19422.6
19446.482
19129.934
19036.816
19347.334
18895.949
18964.066
18759.883
19108.666
18958.75
18612.867
18955.018
18903.066
18654.018
18794.066
18931.551
18768.199
18702.482
18520.732
18504.75
18864.066
18453.816
18615.4
18270.75
18322.4
18377.816
18269.066
18355.482
18192.732
18113.283
18035.732
18031.551
18263.666
18207.482
18117.801
17179.617
17462.0
17358.684
17206.6
16583.084
16522.533
16608.017
16148.934
15598.816
16090.4
15945.417
15124.066
15492.616
15389.0
14955.417
15144.2
14554.217
14699.733
14548.017
14262.134
14384.884
14640.0
14499.35
14669.267
13401.417
14200.8
14284.417
13805.066
14107.483
14341.134
14432.15
14172.8
14587.95
14792.0
14858.684
15067.0
15476.35
15450.6
15284.55
15386.4
15179.35
15104.333
15336.95
15279.134
14723.884
15178.6
15006.217
14670.934
14060.884
14427.934
14206.816
13857.934
13763.616
13616.4
13709.217
13542.733
13447.217
13802.0
13794.217
13648.2
13642.616
13771.467
13613.283
13542.866
13446.884
13860.333
13673.884
13341.6
13795.816
14184.467
13914.55
13685.6
13806.083
13737.0
13856.616
13756.333
13639.217
13701.667
13444.083
12872.667
13432.283
13288.8
13428.083
13568.2
13083.417
13576.267
13436.417
12726.533
13043.816
13221.267
13062.884
13128.667
13403.75
13501.6
13515.15
13689.0
13607.017
13753.066
13568.217
13488.134
13208.15
13423.267
13517.75
13249.667
13293.483
13503.733
13507.483
13232.6
13680.217
13734.333
13865.017
13437.467
13666.217
13778.866
13766.55
13968.267
13243.75
13760.6
13629.75
13838.467
13435.083
14130.8
13864.35
13979.267
13602.217
14177.733
14066.083
13751.134
13566.417
13763.866
13526.816
13421.733
13650.35
13599.0
13470.75
13084.2
13084.283
13359.467
13498.017
13327.4
13516.283
13490.533
13325.95
13084.0
13301.884
13419.667
13287.15
13566.6
12973.684
13234.0
13531.083
13467.6
13160.283
13200.066
12747.884
12483.934
12911.417
12835.6
12882.283
12057.6
12628.884
12916.533
12769.017
12512.333
12831.417
13047.2
12633.616
12799.733
12608.017
12857.866
12533.75
12260.8
12227.017
12544.8
12473.217
12065.333
12352.017
12307.467
12473.884
12308.733
12341.283
12456.333
12303.283
12092.467
12325.017
12487.0
12372.684
12223.0
12595.616
12294.667
12403.15
12294.6
12115.35
12258.733
12253.217
12089.467
11956.283
12018.866
12096.616
11802.467
11705.75
12173.134
12178.483
11884.6
11948.15
12158.934
12178.35
11711.2
11778.75
12006.4
11785.95
11576.8
11954.283
11921.8
11704.217
11940.134
11747.283
11770.533
11704.75
11453.533
11078.95
11742.866
11433.483
11661.4
11424.283
11567.533
11349.017
11301.6
11134.816
11486.4
11374.417
11261.8
11000.417
11263.934
11319.55
11117.267
11090.684
11359.467
11341.616
10778.0
10989.35
11269.467
11220.083
10512.4
10678.417
11109.467
11076.884
10962.2
10642.217
11197.333
11064.884
10984.733
10743.884
10905.467
10742.283
10566.0
10745.283
10887.134
10727.217
10514.934
10570.217
11025.667
11021.15
10786.8
10511.884
10606.333
10763.816
10566.6
10371.35
10704.267
10626.884
10600.333
10277.483
10464.0
10570.95
10525.667
10350.55
10515.333
10325.483
10775.066
10063.217
10492.8
10394.55
10192.934
9751.884
10459.6
10410.483
10437.267
10106.417
10232.4
10064.55
10210.467
10287.684
10591.066
9771.884
10069.0
9829.15
10103.533
9454.483
8952.8
8273.95
7933.533
7029.35
6125.467
5418.617
4694.667
3890.283
3471.067
2777.017
3063.467
2955.35
2688.133
2905.483
3842.133
4075.617
4136.933
5188.217
5788.867
6117.683
6438.467
5814.35
6550.933
6131.017
5920.6
5540.417
5317.933
5377.35
5076.667
4834.683
5222.533
5326.617
5298.333
5087.617
5852.6
5644.883
5716.933
6359.217
6418.733
6650.483
6370.0
6889.683
7063.8
7079.15
7087.667
7390.283
7659.933
7716.817
7282.6
7558.683
8124.4
8170.683
7745.667
8267.95
8547.467
8692.616
8609.667
8641.217
9126.0
9127.283
8503.2
8680.15
9370.8
9435.884
9257.8
9008.616
9511.267
9336.283
9161.467
9183.75
9655.866
9439.684
8583.733
9458.55
9587.733
9676.283
9350.2
9121.684
9627.134
9552.816
9366.2
9289.017
9432.066
9562.616
9135.333
8963.616
9899.934
9501.483
9275.733
9267.75
9610.533
9499.55
9376.934
9361.75
9538.333
9522.283
9341.934
9325.55
9610.934
9588.417
9451.667
9337.217
9662.866
9557.283
9023.8
9235.217
9547.667
9473.483
9100.134
9013.483
9429.667
9291.417
9346.667
9099.55
9339.4
9492.684
9178.934
8709.15
9499.333
9409.884
9380.6
9205.884
9724.2
9437.884
9257.2
9027.884
9522.533
9293.884
8858.066
8696.816
9354.066
9273.816
9266.8
8670.35
9363.0
9240.017
9095.533
9205.483
9374.733
9356.217
9130.134
9107.483
9596.2
9391.55
8543.866
8925.217
9498.733
9237.95
9232.2
9068.217
9466.467
9338.616
8888.533
8707.684
9275.4
9123.95
9111.4
8960.884
9317.267
9249.283
9133.267
8664.217
9338.4
9271.884
8901.866
8614.417
9170.8
9314.616
8997.333
8926.083
9271.934
8872.35
8862.866
8965.816
8979.066
8895.35
8744.066
8580.35
9162.6
9009.083
8629.733
8531.017
9005.333
9142.417
8455.467
8524.15
9001.733
8930.684
8949.467
8728.616
8940.667
8850.083
8775.934
8484.083
9106.533
8848.483
8587.4
8552.75
8915.2
8837.417
8656.467
8173.282999999999
8807.134
8758.95
8620.134
8107.683999999999
8889.134
8684.75
8197.267
8620.55
8689.267
8591.684
8176.532999999999
8272.15
8462.0
8555.417000000001
8314.733
8246.35
8557.067
8342.483
8303.6
8097.683
8403.8
8425.883
7971.867
7906.95
8399.733
8367.217
8073.467
8005.55
8070.267
8247.217
7800.667
7955.683
8002.4
8065.15
7888.133
7670.283
8206.933
8055.483
7684.2
7368.017
7926.133
8089.217
7880.133
7576.083
7940.2
7886.417
7202.133
7626.083
8034.2
7651.417
7516.067
7560.417
7806.267
7851.883
7452.133
7320.817
7742.733
7820.883
7667.533
7558.75
7867.933
7680.083
7397.867
7114.483
7770.4
7550.55
7819.467
7285.217
7779.8
7719.883
7212.333
7270.083
7734.2
7555.417
7354.6
7434.95
7715.133
7635.35
7232.6
7161.283
7782.933
7495.75
7348.467
7384.75
7628.467
7468.817
7053.6
6950.617
7306.267
7266.817
6737.8
6885.35
7347.2
7197.817
7372.067
7038.883
7394.067
7241.35
7449.6
7055.75
7286.467
7194.75
6842.067
6845.683
7260.067
7153.017
6690.2
6175.083
7111.733
7146.75
6702.733
6871.35
7111.6
6899.617
6750.2
6713.083
7095.067
6872.283
6679.067
6358.15
6917.467
6982.95
6250.533
6415.35
6974.733
6770.617
6483.867
6301.75
6881.6
6836.417
6772.6
6343.95
6929.133
6851.083
6791.067
6667.15
6878.8
6741.683
5508.467
5989.55
6769.467
6828.883
6439.133
6187.75
6689.0
6826.35
6192.0
6161.683
6583.6
6556.75
6082.0
6134.883
6603.933
6564.483
5927.333
5933.083
6466.933
6415.35
6142.667
6170.55
6389.133
6301.95
5892.0
6280.55
6391.667
6380.75
5864.067
6120.217
6476.0
6262.95
5798.267
5686.083
6289.6
6307.683
6136.067
5582.75
6359.667
6240.217
5552.467
5683.683
