280.783
85.35
-128.417
164.683
458.983
151.88299999999998
219.38299999999998
254.817
243.71699999999998
271.75
133.983
-161.78300000000002
212.983
214.75
32.31699999999999
-14.183000000000007
352.983
13.082999999999998
76.183
378.683
432.517
198.15
476.91700000000003
164.483
288.983
207.75
227.78300000000002
-114.783
200.183
219.28300000000002
343.91700000000003
30.349999999999994
296.117
202.15
255.25
44.349999999999994
572.517
496.41700000000003
96.317
-46.849999999999994
257.183
143.417
0.8499999999999943
196.95
220.983
250.61700000000002
164.71699999999998
248.35
226.517
255.75
-30.549999999999997
51.68300000000001
634.05
303.55
-1.3499999999999943
-234.85
444.383
453.55
41.25
56.349999999999994
394.25
447.017
405.517
251.417
434.85
381.683
163.983
332.95
407.117
407.283
340.85
-129.25
462.91700000000003
293.883
50.650000000000006
96.817
388.117
204.88299999999998
155.85
77.15
313.983
502.55
222.05
78.417
253.983
354.817
43.25
30.150000000000006
256.183
211.017
520.383
12.683000000000007
203.78300000000002
230.017
359.983
-55.849999999999994
212.917
264.883
213.583
106.35
422.45
371.95
-218.88299999999998
50.349999999999994
416.383
316.817
231.78300000000002
220.683
478.25
297.683
14.716999999999999
298.08299999999997
108.317
336.217
261.58299999999997
287.55
415.91700000000003
299.95
567.383
-211.983
338.317
392.08299999999997
125.65
371.617
402.45
476.95
266.85
115.75
362.383
258.08299999999997
-53.217
124.483
348.317
321.41700000000003
144.583
20.483000000000004
425.25
459.41700000000003
69.117
-225.25
365.05
340.283
105.583
157.55
285.91700000000003
438.41700000000003
349.183
63.55
315.317
343.483
-265.35
-125.65
320.983
221.15
175.917
9.216999999999999
347.317
277.883
61.25
237.083
415.317
310.683
257.85
-98.85
472.05
427.41700000000003
441.65
174.817
504.783
286.95
172.65
356.283
418.85
89.883
383.117
-151.917
151.45
244.417
13.049999999999997
389.883
599.317
438.95
168.517
-69.917
508.45
169.417
462.45
29.283
404.783
370.683
335.717
403.75
538.383
364.617
441.05
327.75
346.983
240.683
399.45
-337.717
411.45
374.483
191.317
148.817
144.71699999999998
336.817
479.85
183.817
257.25
322.483
132.317
-181.05
291.717
399.683
478.117
202.28300000000002
407.717
321.95
57.25
-316.05
454.25
247.483
-47.283
31.217
276.383
205.417
-1004.55
-87.583
129.517
291.35
253.917
-46.983000000000004
578.983
413.017
269.05
84.817
274.85
242.15
-101.483
440.883
533.05
289.08299999999997
-181.15
57.349999999999994
322.91700000000003
347.017
-98.283
376.483
390.91700000000003
275.15
402.983
351.483
335.45
429.08299999999997
257.45
191.417
388.45
262.217
424.91700000000003
41.882999999999996
408.05
447.08299999999997
351.783
-61.849999999999994
237.78300000000002
333.15
89.517
-275.783
381.65
362.817
274.783
-114.183
361.717
359.017
242.317
95.483
369.783
368.283
-142.817
216.817
349.65
82.417
-129.61700000000002
174.417
276.983
223.28300000000002
326.717
180.75
280.983
537.083
115.983
186.55
395.183
547.283
399.117
180.35
221.25
285.15
109.65
519.95
364.317
231.683
-144.017
124.483
220.517
302.75
281.383
2.75
552.783
569.75
28.382999999999996
299.35
379.383
366.41700000000003
244.517
110.817
343.85
389.683
89.317
135.88299999999998
309.117
346.483
189.05
316.483
487.91700000000003
452.283
410.983
124.35
564.25
195.15
392.05
-128.65
374.91700000000003
187.417
-70.083
306.55
353.38300000000004
225.75
549.917
402.283
396.983
292.15
659.983
115.21700000000001
393.85
321.35
-19.817000000000007
302.08299999999997
657.383
434.483
570.183
-19.38300000000001
474.05
400.283
417.58299999999997
229.417
376.45
564.883
-23.417
259.217
642.45
368.017
180.583
209.217
381.38300000000004
389.75
548.183
203.283
677.583
578.683
724.183
480.683
727.183
552.283
260.85
383.283
432.517
652.15
827.717
251.08300000000003
750.983
626.15
585.25
727.75
652.85
551.0830000000001
394.65
685.4169999999999
533.85
815.283
158.64999999999998
335.817
608.783
602.95
622.05
455.817
946.45
608.017
774.183
610.55
739.983
718.15
745.25
364.15
1071.117
529.95
626.9169999999999
561.483
907.5830000000001
583.55
769.25
662.217
676.117
945.283
853.317
753.083
695.917
942.417
702.317
530.483
1009.25
803.15
689.9169999999999
644.617
635.583
747.083
857.117
733.683
955.383
850.083
636.183
591.75
756.85
867.083
759.05
639.683
987.85
565.95
822.117
548.95
759.183
652.883
837.383
929.417
804.317
546.217
855.85
1044.75
524.917
945.217
802.183
848.017
866.45
844.35
694.917
1063.817
1241.85
766.15
771.317
1366.15
995.917
1221.95
580.25
794.617
1256.65
1094.883
1242.25
1318.217
858.8499999999999
828.883
954.983
925.683
1465.583
1283.35
754.7829999999999
1230.483
1117.517
1336.55
1366.717
1173.683
1110.983
1444.217
714.25
996.3499999999999
1124.383
1294.15
1636.983
1580.95
1518.717
1475.417
1285.05
1381.217
1390.783
1300.617
923.45
1124.417
1467.717
1287.883
1544.45
1106.15
1611.317
1509.417
1619.317
1429.95
1592.917
1512.617
1112.45
1570.283
1432.25
1336.15
1267.783
1410.55
1381.917
1518.617
1409.117
1184.35
1518.317
1305.617
1286.05
1154.883
1625.183
1533.35
1457.117
1553.35
1648.983
1392.817
1379.45
1275.883
1537.383
1562.817
1420.317
1183.55
1683.983
1403.283
1460.983
1446.217
1589.917
1483.283
984.25
1422.15
1501.717
1577.017
1593.25
1780.617
1908.65
1736.017
1742.45
1729.283
1854.583
1929.083
1781.383
1866.55
1850.783
1870.883
2044.25
1884.817
2252.65
1742.283
1304.917
1575.75
1763.983
2071.683
1779.583
1895.95
2245.983
2065.017
1995.717
1916.35
2150.583
2206.75
2211.317
1953.35
2296.517
1988.283
1857.383
1752.75
1800.45
1711.617
2021.317
1376.35
1776.65
1910.283
2134.983
1801.217
2132.717
2021.95
2217.317
2035.15
2107.25
2178.617
2154.45
2074.483
2377.65
1952.483
2496.983
2244.483
2262.45
2175.683
2078.383
2272.483
2517.983
1871.417
1988.117
2323.817
2569.917
2286.817
2350.783
2106.95
2176.717
2060.75
2147.183
2300.283
2258.783
2580.483
2859.85
2158.817
2748.717
2723.817
2593.517
2504.617
2545.25
2429.817
2374.183
2673.35
2600.317
2409.683
2202.917
2327.95
2256.183
2211.55
2556.317
2462.417
2604.783
2832.55
2665.317
2803.083
3019.65
2771.283
3092.317
2929.417
3265.65
3035.217
2858.65
3102.483
3111.183
3005.017
2813.383
2958.083
2775.583
2865.35
2726.983
2909.35
2871.983
2671.483
2326.517
2564.217
2517.85
2526.217
2360.717
2298.95
2553.85
2306.017
2224.65
1930.8829999999998
2535.45
2103.283
2456.717
2475.283
2697.183
3174.817
3004.383
3330.283
3164.983
3355.483
3499.383
3102.017
3253.85
3217.15
2914.05
2825.683
3115.05
2982.083
3223.05
2782.95
3067.65
3112.35
3108.05
3278.15
3253.517
3306.617
3481.317
3447.15
3487.783
3476.083
3380.917
3097.217
3427.783
3514.683
3357.383
3614.817
3686.517
3541.017
3408.65
3142.683
3667.783
3562.017
3871.25
4197.35
4298.183
4689.817
4678.517
4529.55
4450.783
4380.683
4477.65
4065.95
4646.783
4343.95
4468.25
4405.683
4628.05
4144.217
4293.117
4439.017
4258.05
4304.817
4080.317
3808.017
4422.25
4559.15
4413.917
4631.683
4828.05
4812.35
4689.517
4433.283
4764.583
4688.283
4141.65
4371.083
4334.05
4574.15
4456.983
4744.75
4918.65
4641.75
4499.05
3957.2169999999996
4213.85
4321.017
4350.5830000000005
4094.55
4529.717
4195.017
4198.9169999999995
3953.817
3859.25
3814.817
3738.317
3807.883
3859.45
3972.217
3739.85
3896.35
3629.85
3830.95
3976.717
4113.083
4431.85
4596.817
4730.45
4893.417
4675.717
4757.017
4317.783
4879.15
4646.25
4697.35
5224.65
4952.617
5666.783
5711.683
5651.317
5918.283
6477.983
5982.95
6091.65
5559.15
5690.45
5593.883
5123.717
4843.483
4898.583
4742.617
4538.917
4682.617
5186.517
4828.617
5151.25
5207.75
5721.05
5716.417
5832.85
5549.617
5350.917
5215.017
4807.85
4638.017
4689.317
4271.0830000000005
4101.782999999999
3947.683
3984.117
3921.017
3318.583
3661.95
3654.917
3314.95
2991.183
3775.217
3846.25
3998.417
4333.9169999999995
4120.017
4979.917
5251.15
5332.05
5180.883
5263.983
5000.483
4629.65
4755.017
4679.05
4898.35
4892.45
4733.283
5283.583
4958.483
5150.317
5026.283
5187.917
5131.683
5030.25
4504.217
5125.85
4994.15
5128.717
5027.083
4948.983
4971.817
5041.983
5085.75
5811.85
5859.417
5889.25
6177.75
6343.717
6425.883
6382.583
6211.75
6563.983
6341.75
6767.783
6383.35
6855.983
7325.483
6611.117
6891.15
6924.983
6678.883
6627.917
5846.217
5688.783
5106.883
4742.717
3771.55
3536.183
2993.75
2775.983
2803.217
3357.583
3687.35
4086.45
4666.083
5087.183
5387.417
5704.45
6193.883
6524.517
7002.95
6843.517
6855.95
6966.583
6388.017
6237.183
5866.617
5444.25
4599.55
4213.117
3877.083
3833.25
4239.15
4441.983
5092.883
6053.983
6412.817
6701.65
7678.283
7906.717
8103.017
8568.517
8251.483
8992.583
9078.017
9458.783
9209.15
9147.517
9610.083
9371.384
9398.283
9543.65
9416.884
9704.717
9475.55
10147.85
9997.15
10070.65
9902.55
10426.983
10269.816
10077.184
10254.616
10788.45
10541.017
10460.983
10242.35
10402.25
9898.217
9977.583
10160.75
10259.184
10722.15
10453.85
10595.884
10646.917
10271.15
9970.85
9770.816
9940.65
10287.283
10422.25
10336.483
10379.517
10347.083
10265.05
10158.816
10002.45
10000.684
9840.05
9937.283
10415.316
10154.884
10423.783
10048.35
10195.85
10438.283
10192.717
10611.083
10809.45
10831.15
10950.85
11069.283
11208.517
11532.017
11816.917
11611.75
11547.116
11443.95
10694.717
10122.55
10206.917
10169.616
10048.717
9973.884
10375.783
10636.95
10836.917
11546.417
11465.85
12122.15
12084.05
12145.684
12081.65
12582.616
11892.116
12059.684
12463.116
11995.283
12044.25
12268.483
12163.583
11960.95
12625.384
12147.083
12475.85
12396.15
12343.65
12043.884
12281.983
12134.816
12132.583
11509.083
12235.517
12054.017
12093.583
11647.55
11995.65
12443.283
12638.783
12289.684
12551.517
12676.417
12423.384
12417.017
12327.384
11238.15
11674.384
11728.017
11801.25
11298.816
11990.316
11803.35
11842.384
11542.283
11515.983
11920.283
12059.05
11998.75
12098.717
11839.283
11541.384
11508.35
10889.25
11144.684
11936.517
11769.55
11903.517
12308.35
12646.45
12736.483
12909.65
12555.95
12665.517
12806.884
12755.116
12257.083
11998.384
11478.884
11647.917
10838.95
11541.384
11806.616
11439.583
11487.217
12377.116
12337.95
11690.316
11786.483
12705.316
12913.15
12563.783
12363.684
12471.184
12603.75
12257.917
12153.75
12436.316
12227.217
12503.517
12845.15
12565.583
12815.283
13109.316
12158.283
12435.116
12292.283
11840.517
12129.616
11366.517
11682.95
11746.65
12802.083
12644.116
12466.95
12498.517
11977.95
12210.25
12213.017
12543.05
12232.684
11967.116
11360.283
11125.316
10747.75
10320.983
10266.75
9526.783
9369.816
9392.25
9375.616
9944.517
10437.75
11438.45
12233.684
13540.05
13720.083
14852.783
13999.55
13290.517
13854.816
13676.517
13446.616
14278.783
14473.35
14684.85
14488.15
14321.45
13675.083
13093.65
12743.684
12958.45
12932.55
14347.25
13773.017
14429.316
14532.15
14868.316
14951.55
14528.316
15353.616
15623.05
16270.283
16109.184
16292.95
16608.783
17032.416
15849.517
16072.417
15341.583
15743.283
15711.717
16206.483
15504.05
15257.217
14810.384
14529.017
14777.583
14477.083
13494.583
14474.816
14316.783
15332.083
15405.783
15516.884
16494.184
16056.083
15639.116
16021.483
16039.783
15766.083
15797.384
16128.551
16503.717
17004.684
17052.449
16709.684
16825.717
18661.35
17243.85
17337.018
17587.783
16958.551
17614.783
17577.35
18243.85
17550.684
16972.117
17289.15
17543.85
17412.018
16888.85
16828.551
18018.518
18535.617
18120.65
17410.15
17781.916
17556.551
17414.85
16480.018
17446.25
17245.482
16856.383
16135.75
16780.518
17093.75
17091.25
16600.816
17791.717
17848.617
17645.25
18016.018
18187.383
19087.617
18178.518
17957.684
18620.584
18185.15
18550.65
17543.482
17873.184
18676.482
18258.518
18386.283
18447.717
17911.816
18179.184
18691.949
19419.916
19134.416
19060.051
19370.416
19070.117
19583.949
20144.25
19614.283
19501.982
19112.416
19088.916
18546.684
18995.982
18597.949
18947.449
18253.416
17737.982
18004.617
17886.783
17568.816
18179.383
17700.283
17885.518
18028.018
17895.717
18062.15
17908.982
18508.15
19022.117
19470.217
18469.449
18609.883
18653.316
18033.816
19023.316
18620.551
19146.449
19171.482
19604.717
19602.883
19761.117
20048.949
19401.916
18987.15
20796.916
20076.816
19969.916
20332.684
20568.316
19167.15
20040.051
19157.75
20273.449
19918.816
19095.783
19770.949
20288.982
20001.75
20102.85
21302.684
20548.316
19888.416
19645.051
19414.617
19208.25
19889.816
20744.25
20552.217
21363.584
21514.283
21969.184
21375.684
21401.117
21850.949
21631.518
21652.416
21610.85
21723.551
22245.051
21829.416
22628.117
22337.217
22462.916
22991.15
22802.65
22781.416
22250.717
22351.416
22685.449
22268.283
22117.65
21851.617
22665.85
22349.15
23469.717
22587.883
22189.316
22760.684
22862.916
23755.617
23880.518
23996.551
23292.982
23609.084
22967.916
23125.75
22861.65
23456.416
23553.717
25705.684
23645.25
24741.084
25121.051
25362.283
24816.449
26208.883
25592.25
25954.15
26827.449
27641.018
26329.916
26891.018
26287.518
26631.084
28458.449
26667.684
26944.25
26021.816
25888.584
26083.283
26804.184
26684.018
27244.383
28102.816
27518.449
28384.551
29172.584
29982.482
29951.783
30174.482
31088.184
31833.018
31116.65
29520.482
30490.717
30674.617
29804.449
30502.283
31245.584
31240.75
31055.783
31581.949
32264.916
31476.883
33217.648
33985.816
33547.582
32886.082
34089.918
33931.148
34013.184
33672.484
34048.715
34242.684
33955.449
34032.484
33627.051
33954.484
34886.449
35814.215
36255.852
36671.75
38262.184
38545.484
37845.383
38629.684
38659.918
38391.816
38456.648
37356.816
38408.984
37508.484
37499.184
39318.082
39901.785
40282.883
40366.785
40637.352
41439.648
40480.75
40759.184
40166.016
40447.184
40841.949
40179.918
41048.816
41814.051
42237.148
42396.918
42619.617
43077.25
43078.617
42407.715
42745.215
42529.051
42679.684
41947.648
42677.617
42764.648
42973.148
43444.117
42954.418
42671.918
42920.148
42987.715
43101.684
43105.785
43481.75
43271.984
43449.352
43688.984
43388.551
42097.516
41443.484
39505.25
37909.484
36798.984
36437.883
36277.516
36901.285
36929.117
38397.148
40288.449
40933.551
41633.117
41857.617
42110.25
43154.949
44267.516
43886.352
44597.516
44692.816
44230.516
43404.75
42989.184
43324.352
43943.051
44376.082
44856.316
45613.352
46652.117
47233.148
47382.25
47520.082
46681.918
46446.285
45914.785
46228.148
46327.117
46307.949
46214.918
45407.816
44960.918
44696.684
44022.449
44138.352
44442.918
44253.816
45868.918
46233.352
46579.715
47314.352
47505.715
46503.883
46743.117
46285.148
46345.984
46774.684
47136.715
47644.816
48810.449
48680.418
49308.785
48811.816
48768.516
48260.883
47418.785
47576.016
47567.582
47724.816
47456.25
47774.352
48453.918
48769.883
48258.918
48361.082
49480.383
48931.816
49409.383
48590.883
49233.383
48585.082
47529.785
46970.684
46547.184
46455.816
46740.648
47077.016
47587.516
48904.75
48629.25
49493.684
48911.582
48922.082
48680.984
48149.617
47732.051
47218.883
46559.316
46743.484
46710.383
46392.082
46658.715
46694.617
46311.117
46435.75
46267.516
46416.148
46990.582
47465.551
47503.516
48082.617
48846.117
49150.285
49061.449
49385.617
49164.918
49073.484
48191.918
47745.883
47144.516
47485.082
47962.785
47618.883
48530.852
48936.684
49599.582
49921.082
49936.852
49824.215
50859.715
51155.215
51818.25
51913.418
51457.918
51298.551
50992.383
50982.418
50152.785
49880.418
50100.383
50092.285
49727.184
49604.684
48587.117
49204.816
48768.984
49301.617
49105.117
50119.617
50684.715
51437.352
51845.316
52237.418
51099.582
51179.551
50609.984
50619.551
51009.051
50616.082
50559.184
50203.016
50702.582
51103.082
51053.785
51302.75
51387.117
51934.551
52409.316
53293.082
52399.316
52218.418
51486.852
51481.75
50593.918
50573.082
50466.648
50139.684
50894.449
51054.215
49162.785
50360.082
50199.648
49815.418
50086.918
49822.617
49607.383
49962.418
50574.648
50910.816
50920.852
50836.883
51090.316
51872.816
51951.449
52259.75
51885.984
51258.418
49677.984
47997.148
47001.316
45199.75
43316.516
42778.215
43529.648
44770.148
47433.383
48173.418
47490.316
47559.617
47747.582
47181.816
47598.184
47001.352
46432.648
47476.418
48934.516
50008.148
49932.852
50422.883
50630.918
51199.352
52043.316
51488.617
51346.648
51432.617
50569.117
51061.016
51588.117
51619.551
51458.117
52396.883
52914.582
52914.551
52944.184
52154.016
51907.715
51605.016
51807.184
51454.949
50625.852
50340.352
49856.117
51096.684
51911.582
52766.082
52456.316
53167.617
54152.184
54552.148
53948.918
53453.684
53831.715
53164.949
53019.449
52300.75
53009.051
53637.418
53069.316
52719.816
52241.648
51024.617
50293.383
48512.883
47140.25
46706.418
46774.516
47279.148
47807.582
49208.418
49549.051
51008.215
51320.715
51433.484
52208.582
52393.215
52904.715
53088.75
53287.852
53860.484
54741.516
54005.949
53542.785
52679.816
52503.316
52310.484
52215.184
52288.148
52261.449
53037.418
54148.715
54256.082
54213.449
54200.016
54090.184
53820.352
53716.25
53694.484
52473.383
51820.484
51355.582
50611.75
49719.25
49203.684
49553.25
49900.352
50382.051
50923.016
51675.449
51766.75
51582.316
51448.215
51540.648
51143.684
50755.648
50893.148
51348.852
51945.684
52120.852
52200.285
52804.184
53342.352
53316.582
53408.617
53124.715
52888.816
52175.449
51313.484
50880.715
49944.617
48763.051
50240.484
50104.25
50476.684
50655.316
51442.883
51525.648
51990.352
51315.316
51463.082
51807.449
51283.816
51067.25
50902.551
50775.516
50410.285
49628.918
49103.352
49228.984
49273.352
48737.582
48059.285
48374.117
48192.484
47832.184
47887.684
48144.184
48502.484
48759.184
49345.215
49510.648
50001.016
49729.516
49502.949
50059.582
49926.484
48621.449
49427.215
48949.449
48959.883
49210.184
48538.684
48644.785
49612.617
49800.184
50279.617
50138.852
50206.148
50163.184
49824.352
50339.516
49833.285
49194.852
49139.082
49478.051
49978.75
50146.449
49387.75
49470.449
49375.285
49005.715
49282.816
49362.984
49291.684
49050.516
49282.148
48849.648
49085.883
48469.582
48101.75
47953.184
47968.883
48215.449
47723.75
48690.785
48962.75
49564.582
48821.215
49029.383
49077.75
49362.984
49222.816
48975.25
49155.352
49008.715
48830.285
48806.316
48857.285
48500.715
47990.082
48416.449
48581.75
48651.051
48627.551
48812.918
48847.816
48764.316
49229.082
49193.648
49471.148
48470.383
48045.617
48292.785
47723.949
47780.184
47481.484
48109.715
48756.684
48529.117
48454.883
48780.918
48697.285
49017.715
48839.016
48851.449
49241.352
49050.449
48977.551
49171.25
49219.082
49105.582
48921.617
48091.383
48356.082
47558.918
47792.551
47796.715
47721.816
47285.852
47443.816
47366.184
47333.148
47354.449
47799.148
47394.184
48052.949
47810.852
47744.816
47043.984
46691.816
46253.715
46360.215
45893.852
45964.148
45670.516
46342.883
46560.449
46529.816
46343.648
46079.082
47195.184
47457.484
47703.852
47848.352
48438.648
48686.285
47943.184
47664.684
47444.051
47434.816
46614.918
46686.883
46929.918
46931.883
47316.449
47226.016
47750.582
47691.75
47809.785
47528.418
47856.648
47486.484
47140.582
46569.949
47210.852
47323.75
46480.918
47446.352
46983.918
47403.551
47558.051
47046.684
47278.648
46878.684
45992.449
45485.949
45934.785
45707.883
45386.516
45870.816
45865.051
46982.484
46687.715
47449.75
47613.918
47296.484
47223.184
47654.684
48023.184
47336.418
46798.051
46545.551
46514.117
45954.816
45741.648
45694.684
46326.051
46341.285
46308.25
46282.684
46920.25
46994.949
46525.25
46309.215
46241.383
45851.883
45120.984
44608.816
44608.715
44530.617
44145.516
44492.082
44864.184
45482.617
45792.316
46002.684
46284.984
46574.816
46993.383
46895.082
46999.316
46808.484
46601.516
47142.285
46470.582
47014.352
46688.051
46161.484
46733.648
46657.418
46862.25
46473.148
46278.184
46125.148
46110.25
45516.418
45643.316
45357.148
45070.984
45490.949
45071.383
44893.352
44856.184
44735.551
45567.051
45890.418
45006.449
45185.949
45801.516
45666.352
45541.117
46075.215
45519.117
45201.816
45007.648
44241.215
44693.051
43816.684
44059.449
43934.215
43876.117
44436.418
44218.715
44591.949
44491.984
44437.617
44776.582
44698.816
45103.117
44991.285
44480.316
44584.148
44739.984
44948.148
44050.984
44396.082
44555.051
44648.418
44007.648
44484.484
45180.383
44754.949
44484.918
45346.617
45420.785
45320.684
44973.582
44536.418
45140.582
44632.418
44809.383
44774.883
44486.852
44708.148
44520.117
44302.617
44692.117
44444.418
43716.984
43858.285
44160.25
43889.617
43256.383
43270.352
42936.051
42731.75
42578.184
42078.148
42746.516
42760.949
42397.648
43411.016
43361.984
43564.148
43590.648
43265.082
43797.383
43547.75
43214.117
42699.016
43139.516
43353.352
42424.648
41617.285
40742.051
39945.551
39373.516
38618.215
38128.25
37530.684
37004.25
38331.684
38974.984
39072.684
39673.852
40455.684
41745.449
41410.285
41952.715
41726.617
41613.449
41827.551
41362.582
41213.949
41389.715
41371.215
40891.582
41056.352
41161.918
41419.617
41072.852
40845.816
41256.715
41042.484
41019.715
40831.082
41253.184
41238.816
40877.715
41491.684
41277.184
41115.148
40632.051
40423.418
40382.117
40278.148
40287.316
40367.285
40147.648
40551.75
40622.984
40388.949
40568.117
41170.215
40812.449
40507.215
40833.184
41008.016
40818.582
40966.816
40797.316
40409.418
40208.316
40151.949
40337.383
40203.883
39422.25
39714.082
39638.117
39961.016
39717.516
39556.551
39677.117
39817.418
40086.516
39651.016
39840.852
40173.418
39499.316
39799.082
39729.648
39697.148
39024.516
39211.082
39056.051
39178.016
39192.449
39085.816
38972.184
39004.082
38353.449
38689.75
38439.715
38708.148
38203.715
38589.352
39213.648
38884.816
39382.516
39320.215
39191.715
39662.75
39467.25
39469.285
39519.852
39331.816
39584.117
39395.352
39499.383
39259.484
39482.25
39300.484
39690.449
39032.551
39130.184
38880.551
39117.516
39249.418
38766.852
38600.418
38731.051
38794.148
38692.715
38827.215
38825.383
38980.949
38901.383
38881.949
38756.516
38334.016
37887.383
37793.148
38012.449
37442.016
37127.117
37244.816
37686.449
37656.016
37157.984
37179.285
37590.785
37378.883
37131.449
36752.816
37047.25
36813.551
36345.449
35848.75
36254.25
36274.949
36244.582
36585.883
36443.449
36499.484
35820.715
36067.883
35631.852
35507.949
34750.582
34534.082
34552.582
34091.215
33983.852
33372.484
33731.449
33344.352
32673.25
31881.416
31727.518
31787.35
31562.518
30950.883
31192.449
31140.15
31473.982
31580.482
32186.184
32640.15
33560.785
34403.285
34580.918
34717.684
34769.25
35015.016
34844.715
34416.617
34501.582
34217.883
34503.516
34300.883
34682.316
34730.883
35060.918
35027.418
35241.918
35132.148
35637.051
35498.816
35243.516
35534.352
35836.852
35566.215
35204.051
34975.352
35336.582
35230.617
35010.648
34941.75
34977.852
35090.418
35420.715
34646.285
35251.516
35158.816
35216.25
35076.418
35294.918
35055.551
34620.383
34646.352
34746.785
34930.148
34215.449
34084.949
34325.984
34027.285
33905.785
34106.684
34230.516
33928.215
33807.785
33576.883
33485.316
33488.883
33593.117
33556.148
33516.984
33426.617
33441.984
33373.816
33180.717000000004
33166.949
32945.184
32403.551
32769.85
32314.15
32432.117
32440.15
32513.65
32331.617
32419.518
32412.482
32440.117
32793.416
32575.449
32894.416
32798.184
33024.75
32708.717
32182.883
32222.85
32036.75
31776.184
32052.617
31904.316
31879.416
31955.65
31896.617
32345.518
32908.617
32390.117
33004.35
33069.916
32830.551
32999.117
32659.217
32920.25
33080.352
33241.852
33440.148
33498.918
33966.883
33851.117
34315.148
34639.449
34952.816
34443.582
34336.816
34601.516
35246.352
35068.184
35612.883
35757.785
36224.75
36013.648
36132.082
35999.316
35670.816
34772.984
33684.418
33053.117
32751.084
32355.916
32107.416
31794.184
31869.684
31682.85
31644.816
31815.65
31754.15
31772.25
31740.816
32092.982
31859.084
31660.184
31363.949
31273.982
31518.816
31081.518
31397.283
31216.117
31481.617
31464.85
31597.75
31677.584
31934.883
31506.449
31682.482
32026.184
31830.883
31211.117
31562.482
31899.85
31724.949
31357.783
31648.816
31915.584
31288.75
31712.717
31003.482
31348.316
30977.949
30744.117
30847.15
30766.518
30825.816
30473.449
30046.75
30710.916
30809.15
30418.518
30442.35
30633.916
30389.482
30764.65
30202.551
30407.117
30456.617
30681.65
30644.883
30728.982
30477.617
30650.518
30745.283
30998.25
30579.283
30125.518
30101.949
30423.25
30588.949
30233.65
30432.084
30241.184
30471.283
30210.518
30250.35
30220.383
30211.551
29695.117
29487.949
30139.316
29910.617
29392.85
29305.217
29769.449
29355.883
29382.85
29457.617
29727.982
29420.283
28459.518
29214.018
29657.65
29283.35
29147.85
28801.816
29045.449
29160.15
29406.184
29343.15
29262.316
28885.883
29013.449
28991.35
28292.316
28129.416
27507.85
27782.35
27308.783
27710.35
27247.717
27421.217
28793.449
28639.018
28542.383
29239.35
29018.383
29075.018
28571.982
28373.75
28169.518
28155.684
27885.383
27935.35
28069.916
28099.283
27705.717
27957.416
28583.584
28114.084
27533.982
27852.75
28180.117
28231.75
27874.316
28021.084
28123.518
27817.883
27469.316
27067.416
27466.383
26994.684
26950.982
26516.416
26458.184
26440.084
25782.051
25254.416
25002.25
23444.416
22589.051
21727.217
21879.916
21877.15
21960.383
22235.018
23151.117
24137.018
24701.051
24832.75
25037.916
25708.684
26207.584
26167.551
25758.518
26277.551
26187.717
26305.217
26294.85
25903.949
25525.184
25405.018
25840.117
25709.482
25310.783
26013.684
25886.184
26150.684
26201.449
26113.283
26232.316
26195.416
25924.783
26014.018
26164.584
26376.75
25890.316
25876.217
26285.449
26403.617
26295.184
26372.15
26493.383
26481.617
26426.25
25814.416
26308.584
26197.217
25868.717
25666.35
25880.584
26061.15
25879.982
25422.482
25653.051
26006.816
25393.316
26050.15
26187.117
26127.283
26615.051
26293.15
26395.25
26358.684
26107.982
26288.15
26193.783
26150.084
25744.117
25849.883
25867.449
25917.416
25764.117
25910.35
26112.717
26184.35
25814.25
25600.684
25881.518
25747.416
25954.584
25509.883
26031.383
25854.949
26069.051
26085.35
26145.584
26120.15
25625.117
25324.217
25883.916
25701.217
25896.717
25483.283
25368.85
25503.35
25349.717
25727.482
25429.449
25470.617
24850.584
24948.15
24946.518
25259.35
24314.518
24610.084
24844.916
24836.75
24610.518
24463.15
24846.449
24832.684
24634.184
24767.684
24793.982
24994.684
24287.717
24531.15
24995.584
24959.217
24642.85
24494.15
24605.449
24804.35
24428.85
24406.617
24509.117
24449.684
23847.85
24173.217
24155.316
24005.617
23920.717
24082.75
23764.65
24549.084
23862.316
23734.551
23831.982
23895.883
23780.85
23198.617
23678.518
23753.35
23399.051
23186.217
23635.117
23523.551
23401.783
22876.217
23448.184
23399.551
23290.051
23344.217
22967.584
23191.084
23064.25
22629.15
22856.584
22696.15
22703.584
22204.816
22604.383
22541.217
21845.982
21548.816
22280.518
22061.018
21840.916
21735.35
22012.25
21878.283
21517.316
21446.883
22088.383
21832.416
21637.184
21452.551
21921.783
21493.084
21320.85
21180.75
21835.717
21603.617
21323.449
21280.35
21466.584
21127.35
20730.982
20428.482
20884.316
21025.684
20909.916
21184.283
21312.717
21223.617
20595.051
21256.217
21046.65
20935.816
20917.584
20841.217
20714.85
20928.35
20296.916
20159.482
19313.051
18378.949
17536.783
16678.018
16126.316
15909.884
15848.517
15903.017
16956.449
17613.283
17908.916
18460.018
18779.518
18817.15
18966.518
18864.482
18968.982
18385.217
18405.051
17683.018
18696.051
18683.217
18492.916
18426.883
18873.783
19095.416
19281.65
19003.217
19463.717
19722.949
19318.916
19456.15
19840.184
19818.35
19830.982
20032.883
20180.316
20094.217
19908.717
19586.684
20480.117
20258.617
20223.383
19843.018
20507.65
20651.617
20470.449
20662.617
20672.916
20143.416
20400.117
20091.35
20651.717
20521.084
20422.449
20289.816
20360.65
20604.018
20189.449
20724.084
20685.982
20743.283
20713.85
20330.018
21027.117
21003.416
20564.783
20820.15
21450.717
21176.416
20911.051
21452.883
21676.85
21278.617
20982.383
21112.084
20795.916
20920.416
20393.65
20605.084
20901.85
20815.482
20836.316
21343.018
20923.85
21077.75
20453.117
20318.084
21205.117
20996.816
20863.982
20980.018
20786.051
20863.15
20955.184
20675.416
20729.85
20729.283
20666.316
20617.084
20758.65
20388.018
20497.916
20354.35
20721.584
20464.217
20583.916
20516.883
20952.184
20574.15
20575.383
20494.217
20808.85
21041.416
21029.584
20930.217
20833.051
20689.283
20618.584
20851.684
20972.85
21129.35
21130.982
20754.15
21387.25
21244.816
21158.916
20701.816
21193.518
21139.018
20857.051
20760.617
20831.783
20963.551
21100.916
20998.217
21063.518
20779.084
20843.518
21105.75
20783.85
20902.617
20798.916
20689.551
20743.717
20891.617
20650.717
20559.35
20658.982
20949.949
19954.449
20734.684
20714.117
20669.018
19956.518
20329.949
20668.051
20811.949
20603.717
20691.217
20615.117
20770.482
20482.916
20295.15
20727.584
20470.15
20543.65
20202.617
20420.518
20488.949
20139.584
20085.217
20384.584
19931.018
19969.051
19740.816
20110.449
19958.084
19645.518
19914.482
19897.982
19623.15
19791.25
19922.35
19742.316
19706.617
19491.051
19496.551
19779.717
19479.084
19594.383
19226.883
19281.982
19388.217
19232.051
19309.084
19150.717
19065.35
18995.65
19008.75
19219.982
19172.883
19096.85
18113.551
18417.85
18329.551
18118.051
17467.283
17420.916
17468.15
17030.518
16426.617
16979.316
16801.217
15920.316
16315.884
16193.25
15756.217
15922.384
15352.283
15476.917
15279.75
15042.65
15146.217
15403.384
15267.816
15441.983
14190.017
14978.25
15034.816
14583.184
14855.616
15077.45
15177.15
14908.917
15352.283
15562.583
15688.95
15829.65
16281.017
16263.85
16105.017
16160.25
15955.083
15922.85
16106.75
16076.65
15511.884
15958.116
15789.283
15422.917
14806.616
15124.717
14941.616
14615.583
14517.417
14364.25
14448.217
14265.983
14151.95
14534.917
14532.283
14378.65
14389.684
14520.25
14341.816
14266.116
14144.684
14588.583
14406.816
14068.184
14540.884
14905.983
14644.15
14352.65
14533.483
14495.65
14525.95
14439.116
14357.483
14380.316
14163.15
13547.05
14127.417
13999.184
14130.55
14273.983
13800.15
14294.717
14169.616
13389.45
13709.884
13916.65
13773.083
13806.917
14108.55
14220.316
14205.75
14395.65
14333.15
14471.45
14268.15
14229.717
13906.417
14162.65
14249.15
13952.917
13998.083
14208.316
14204.816
13948.917
14390.684
14443.983
14597.884
14161.917
14359.483
14505.583
14482.083
14657.583
13945.017
14483.983
14335.017
14539.717
14147.083
14810.583
14543.95
14716.517
14303.75
14894.116
14799.417
14447.25
14224.15
14468.783
14241.75
14121.384
14362.75
14301.85
14164.616
13779.85
13768.217
14020.983
14174.75
14026.45
14200.616
14161.25
13976.417
13771.65
14005.75
14096.384
13965.083
14262.917
13645.217
13921.85
14199.684
14175.384
13843.283
13882.917
13445.217
13132.45
13572.35
13460.917
13502.684
12727.316
13282.816
13572.517
13425.35
13145.316
13498.616
13717.717
13323.816
13434.116
13272.083
13501.917
13185.95
12893.917
12863.15
13179.65
13126.816
12658.983
12981.616
12952.05
13105.283
12910.717
12970.483
13076.717
12918.017
12687.783
12940.083
13112.45
13020.017
12867.917
13218.417
12899.783
13019.55
12944.65
12730.017
12888.917
12863.75
12689.917
12594.217
12602.45
12705.017
12392.717
12318.75
12755.45
12776.217
12513.116
12513.35
12750.917
12755.083
12331.316
12382.816
12572.316
12390.283
12155.85
12550.884
12538.45
12291.95
12510.917
12316.75
12366.116
12324.35
12005.05
11634.217
12347.25
11986.083
12213.85
12017.083
12125.05
11946.55
11887.983
11720.217
12038.517
11932.816
11840.917
11559.884
11811.517
11840.417
11662.783
11629.884
11903.717
11917.75
11345.85
11510.217
11784.717
11769.017
11094.116
11251.017
11655.917
11643.083
11522.45
11194.083
11747.783
11619.616
11535.184
11259.017
11447.783
11248.55
11116.384
11277.217
11407.583
11254.15
11033.45
11130.816
11574.45
11556.217
11321.116
11057.616
11124.116
11284.083
11121.583
10923.417
11222.316
11166.684
11109.116
10801.483
10967.25
11090.35
11014.116
10852.017
11039.25
10845.283
11293.25
10550.083
10979.583
10935.483
10676.517
10290.684
10956.517
10924.083
10934.25
10637.483
10706.116
10563.083
10687.85
10776.483
11063.45
10258.15
10547.184
10350.95
10569.85
9903.35
9362.517
8626.684
8249.917000000001
7285.817
6302.45
5553.95
4793.917
3942.683
3494.917
2785.617
3075.583
2956.35
2698.65
2911.55
3845.717
4120.15
4203.917
5301.55
5944.517
6290.617
6656.383
6006.017
6771.983
6319.217
6123.383
5698.95
5437.05
5510.35
5173.917
4965.617
5359.317
5446.083
5417.183
5245.883
6013.117
5824.617
5884.117
6531.417
6607.583
6881.417
6604.183
7124.483
7329.85
7332.017
7348.65
7657.95
7942.317
8032.75
7573.517
7885.417
8458.25
8500.817
8117.450000000001
8639.616
8910.85
9066.083
8998.184
9032.417
9543.116
9509.35
8930.717
9088.35
9763.717
9858.75
9653.184
9424.884
9950.316
9781.417
9580.45
9583.483
10056.783
9877.283
8989.717
9881.884
10019.983
10103.95
9799.316
9528.283
10084.517
10019.35
9833.316
9715.95
9891.384
10012.483
9571.517
9406.283
10337.85
9922.217
9716.116
9700.483
10068.384
9965.15
9814.717
9783.816
10003.316
9983.083
9774.65
9759.017
10053.717
10033.684
9899.983
9787.283
10130.783
10042.15
9495.45
9670.616
9997.917
9903.283
9541.65
9453.55
9829.85
9717.15
9767.717
9540.35
9807.583
9895.816
9617.517
9147.283
9925.85
9822.95
9823.384
9646.483
10132.316
9862.684
9692.05
9483.217
9935.583
9730.95
9268.917
9137.083
9773.85
9667.816
9678.783
9106.217
9782.917
9678.15
9548.184
9628.884
9803.25
9793.95
9564.184
9507.283
10044.45
9824.55
8938.05
9333.283
9919.517
9699.816
9652.316
9497.283
9877.25
9759.884
9296.384
9124.684
9695.783
9549.616
9534.717
9389.95
9746.116
9697.616
9553.983
9091.55
9772.05
9693.884
9337.45
9003.684
9594.25
9734.283
9416.517
9339.884
9681.983
9280.217
9265.717
9389.75
9408.917
9301.55
9151.583
9020.884
9560.184
9395.283
9018.384
8976.017
9421.184
9555.483
8847.717
8912.417
9407.717
9329.816
9359.983
9124.283
9320.783
9237.217
9180.05
8888.95
9511.316
9250.884
8965.184
8956.283
9308.65
9246.75
9066.717
8557.217
9181.184
9136.15
9023.05
8499.55
9280.184
9088.684
8568.583
9030.684
9074.45
8977.884
8554.116
8676.417
8817.116
8958.15
8689.25
8654.684
8956.717
8741.083
8695.917
8480.217
8787.184
8799.884
8317.85
8283.55
8775.65
8730.217
8451.45
8383.616
8419.05
8628.15
8157.383
8335.082999999999
8365.65
8435.082999999999
8231.45
8026.95
8595.85
8446.683
8054.717
7726.35
8263.65
8451.35
8247.25
7934.417
8287.783
8239.15
7547.717
7978.217
8379.05
7981.017
7855.117
7910.883
8143.717
8197.75
7796.85
7690.55
8084.783
8175.217
7980.983
7887.95
8233.783
7994.75
7737.85
7453.283
8071.383
7894.217
8148.717
7635.75
8119.317
8073.083
7554.983
7608.283
8071.583
7902.35
7697.65
7788.017
8044.85
7983.217
7540.717
7504.483
8119.383
7828.483
7707.917
7753.217
7944.783
7821.617
7367.25
7253.417
7616.25
7578.483
7049.317
7181.95
7665.183
7534.75
7684.317
7345.483
7686.317
7562.35
7793.583
7388.417
7608.183
7516.15
7167.517
7157.417
7577.117
7483.217
6997.65
6474.617
7423.85
7448.55
6996.717
7181.617
7430.717
7211.15
7071.65
7018.483
7389.05
7174.817
7001.25
6655.883
7212.983
7252.35
6530.917
6719.95
7280.25
7056.283
6807.917
6587.217
7180.117
7153.683
7077.317
6648.55
7210.85
7159.283
7081.917
6970.283
7174.983
7026.95
5784.917
6300.683
7049.45
7130.15
6722.717
6456.55
6994.917
7105.617
6450.917
6438.417
6874.85
6848.283
6379.317
6411.283
6888.65
6860.417
6209.517
6199.75
6725.717
6697.617
6439.717
6437.15
6681.45
6580.817
6154.25
6540.55
6641.117
6658.55
6133.917
6386.35
6741.783
6534.75
6058.583
5965.283
6549.117
6577.483
6396.917
5858.683
6638.183
6496.15
5833.983
5963.083
