271.7
66.583
-136.833
162.45
445.5
147.517
211.1
235.383
230.633
258.717
119.833
-154.683
202.167
205.71699999999998
19.299999999999997
-33.81699999999999
350.033
-0.15000000000000568
57.7
362.91700000000003
422.567
184.183
470.767
149.317
278.633
212.05
230.433
-125.017
200.833
205.78300000000002
319.9
27.316999999999993
278.83299999999997
204.317
233.433
31.516999999999996
552.567
475.517
89.567
-63.483000000000004
252.9
127.517
-14.099999999999994
179.583
196.433
232.38299999999998
140.767
234.583
208.433
246.183
-40.632999999999996
37.31699999999999
609.433
290.183
-14.233000000000004
-259.617
430.3
435.517
30.299999999999997
34.45
390.567
434.117
384.3
236.65
419.5
373.85
149.767
320.983
386.567
399.117
331.367
-133.483
434.9
283.383
30.099999999999994
74.383
381.7
182.517
142.36700000000002
70.917
293.367
500.65
197.767
62.917
230.567
348.05
19.099999999999994
17.382999999999996
241.03300000000002
200.183
491.567
-0.15000000000000568
185.03300000000002
214.78300000000002
339.9
-63.283
203.96699999999998
263.45
187.03300000000002
95.583
407.967
365.517
-227.233
31.049999999999997
394.16700000000003
292.45
221.567
218.45
467.567
287.183
3.766999999999996
273.983
103.9
323.45
244.5
286.85
398.433
282.45
546.3
-235.35
322.967
370.317
89.233
370.983
386.767
456.383
257.3
109.85
355.967
242.65
-73.5
105.517
338.16700000000003
312.383
137.7
5.716999999999999
410.367
450.517
52.766999999999996
-236.817
357.367
319.517
89.1
140.11700000000002
271.83299999999997
422.85
336.967
48.516999999999996
291.83299999999997
324.25
-279.9
-137.15
304.633
201.85
167.63299999999998
5.25
324.433
268.25
49.43300000000001
216.45
397.033
296.983
252.1
-105.017
449.233
408.25
426.567
153.983
482.7
275.85
152.1
339.317
403.233
74.317
365.83299999999997
-161.483
135.833
223.317
8.5
363.91700000000003
586.1
425.517
161.233
-79.35
489.1
155.11700000000002
448.633
22.25
393.767
353.45
324.7
388.517
521.1
349.317
420.5
310.783
328.433
228.183
386.16700000000003
-347.75
391.033
356.65
169.233
137.183
139.96699999999998
315.45
474.967
181.583
241.03300000000002
299.45
116.233
-189.61700000000002
268.83299999999997
384.117
460.16700000000003
189.71699999999998
391.7
311.383
42.099999999999994
-313.017
436.5
241.38299999999998
-62.632999999999996
10.183000000000007
262.1
189.25
-1018.167
-97.017
123.033
268.45
242.9
-63.483000000000004
556.033
401.85
255.03300000000002
67.25
258.1
218.11700000000002
-114.5
436.05
524.233
283.183
-189.833
40.117000000000004
314.3
328.317
-115.767
354.783
370.367
265.58299999999997
386.233
345.58299999999997
319.767
405.45
240.96699999999998
183.317
365.967
255.517
413.233
28.25
401.433
431.783
330.633
-72.55
221.7
319.983
75.833
-280.683
367.9
344.58299999999997
248.167
-133.28300000000002
345.16700000000003
332.717
210.833
80.983
363.367
355.317
-157.167
212.583
329.7
72.65
-149.03300000000002
158.65
264.633
207.983
312.567
164.11700000000002
257.7
523.25
85.9
168.45
373.5
530.383
385.83299999999997
163.917
218.03300000000002
283.25
92.967
501.383
364.967
219.65
-151.5
104.917
217.833
285.65
259.1
-2.6170000000000044
537.633
566.917
31.566999999999993
292.517
376.83299999999997
354.983
235.96699999999998
104.25
341.5
398.717
90.9
144.983
302.567
339.45
183.36700000000002
308.85
484.9
456.383
417.433
121.183
579.3
202.517
399.033
-123.68299999999999
394.967
205.45
-72.1
305.45
361.767
232.117
562.5
426.983
404.36699999999996
296.783
671.9
122.78299999999999
410.433
328.183
-2.766999999999996
312.85
670.833
447.983
577.233
-2.75
473.63300000000004
405.85
429.767
250.583
382.567
577.917
-7.032999999999987
278.85
653.5
385.45
189.3
217.317
389.83299999999997
412.85
560.167
219.783
689.433
597.383
731.233
488.38300000000004
750.167
560.85
279.767
399.983
452.5
669.9169999999999
842.367
273.45
769.633
651.783
603.633
736.983
662.767
572.383
415.367
710.45
548.033
823.383
184.5
351.717
632.3
615.117
632.367
463.783
951.033
625.85
779.567
612.45
755.567
721.85
750.3
379.45
1073.633
549.05
643.9
576.85
911.367
587.183
766.633
667.45
671.767
945.383
855.5
769.983
705.167
957.05
717.5
523.583
1014.1669999999999
816.117
690.233
644.517
633.167
745.583
857.433
744.25
965.367
861.25
638.7
595.25
758.167
878.317
764.633
655.117
995.167
554.183
813.9
562.783
755.033
648.65
828.567
922.25
800.233
550.117
862.767
1038.05
519.767
940.25
791.833
829.517
851.1
839.85
689.5
1043.717
1233.433
751.583
761.833
1349.85
981.833
1206.717
585.5
771.983
1250.367
1100.117
1228.633
1318.317
840.5
829.383
931.8330000000001
923.983
1441.033
1278.45
742.5
1212.85
1110.567
1322.717
1360.233
1185.783
1090.033
1430.05
702.7
985.05
1116.7
1285.783
1608.767
1560.583
1501.967
1448.917
1259.5
1365.583
1375.567
1283.117
913.567
1119.25
1451.3
1286.917
1530.1
1095.25
1607.567
1507.183
1593.5
1419.783
1562.433
1499.983
1084.9
1547.517
1407.7
1315.65
1254.233
1393.917
1369.633
1495.183
1395.367
1172.05
1498.5
1274.65
1242.767
1142.25
1612.1
1501.583
1430.9
1524.183
1623.7
1363.383
1343.1
1235.517
1513.633
1536.983
1401.367
1156.45
1632.233
1388.45
1414.433
1417.65
1576.167
1462.383
955.767
1399.65
1475.367
1554.85
1575.367
1757.65
1875.3
1691.717
1722.833
1688.317
1814.767
1888.783
1726.767
1826.783
1811.767
1835.183
2005.367
1849.317
2212.433
1699.317
1264.9
1530.183
1720.1
2032.45
1744.367
1856.317
2187.1
2017.183
1935.633
1865.783
2092.633
2160.783
2169.9
1893.25
2266.167
1933.45
1822.633
1706.517
1759.233
1682.783
1982.233
1325.783
1717.233
1859.917
2094.633
1750.85
2072.9
1958.917
2159.7
1975.583
2055.967
2120.117
2103.433
2021.317
2311.367
1877.717
2431.1
2180.05
2205.167
2116.583
2004.833
2217.45
2443.7
1818.983
1943.5
2249.517
2494.033
2206.917
2268.033
2044.983
2099.567
1995.383
2078.767
2224.05
2184.167
2508.917
2762.167
2089.717
2651.3
2625.65
2501.367
2411.45
2452.633
2325.983
2283.767
2579.45
2521.167
2327.517
2109.7
2231.45
2161.9
2136.05
2457.1
2349.25
2500.833
2732.917
2560.167
2691.117
2907.767
2664.783
2971.1
2831.983
3159.433
2902.25
2762.433
2974.917
2985.167
2883.183
2703.7
2851.25
2662.5
2730.45
2612.1
2813.85
2765.767
2546.25
2193.967
2474.783
2399.3
2424.45
2234.5
2185.583
2444.233
2202.05
2113.833
1827.983
2442.233
2007.983
2342.833
2359.05
2556.167
3062.85
2868.433
3161.717
3026.3
3210.917
3323.567
2960.25
3123.1
3064.25
2775.1
2698.983
2964.1
2833.117
3081.433
2646.983
2904.767
2978.383
2939.833
3131.983
3088.167
3139.183
3334.433
3280.383
3300.433
3299.783
3210.567
2914.383
3259.5
3308.583
3155.567
3421.517
3504.033
3358.383
3234.167
2952.317
3480.567
3337.783
3654.367
3962.25
4052.767
4424.45
4413.1
4270.317
4193.5
4130.782999999999
4235.1669999999995
3808.117
4397.433
4079.45
4220.1
4148.983
4384.1669999999995
3884.317
4025.167
4193.117
4004.233
4075.25
3837.3
3562.45
4178.767
4287.183
4147.8330000000005
4348.45
4512.433
4504.917
4382.1
4153.25
4483.1
4427.5830000000005
3886.233
4091.25
4078.7
4308.65
4177.767
4420.45
4605.9
4337.317
4214.5
3682.383
3935.033
4047.383
4080.167
3805.117
4227.567
3911.25
3935.767
3703.45
3614.3
3587.85
3489.567
3555.583
3589.633
3709.917
3501.833
3634.383
3376.033
3559.917
3697.5
3821.783
4116.367
4288.85
4396.5
4578.783
4349.7
4459.717000000001
3984.9
4539.65
4327.3
4336.917
4882.9
4594.783
5272.167
5299.983
5228.7
5459.917
6058.233
5535.917
5672.967
5123.65
5278.9
5186.517
4758.567
4485.917
4551.433
4416.783
4201.033
4317.783
4823.433
4474.85
4752.233
4778.983
5299.033
5282.183
5413.567
5120.25
4951.167
4833.85
4446.233
4288.517
4362.9
3956.45
3793.7
3644.183
3712.3
3642.383
3052.3
3395.717
3397.3
3075.517
2743.633
3498.783
3553.167
3695.583
4021.367
3769.05
4594.233
4831.65
4907.233
4759.117
4838.167
4592.383
4227.033
4386.383
4298.7
4500.183
4467.833
4316.117
4878.033
4533.783
4703.433
4578.917
4781.567
4722.783
4644.567
4084.117
4711.9
4565.65
4695.367
4631.65
4541.033
4560.317
4608.9
4637.917
5327.833
5393.05
5386.567
5640.25
5797.5
5884.383
5847.233
5671.117
6015.633
5777.25
6188.633
5805.383
6264.033
6685.65
6001.767
6249.183
6316.1
6054.783
6050.567
5310.317
5184.7
4610.917
4363.167
3410.117
3261.1
2720.45
2533.233
2555.783
3093.967
3375.917
3731.833
4259.9169999999995
4629.833
4903.717
5178.167
5628.25
5941.9
6363.45
6229.433
6223.183
6353.367
5798.983
5657.167
5357.183
4960.1
4172.25
3844.5
3536.383
3506.3
3886.383
4053.5
4620.117
5509.433
5813.383
6059.3
6928.25
7202.167
7324.983
7741.633
7434.85
8166.5
8214.45
8594.7
8342.517
8308.1
8709.384
8491.033
8518.45
8651.3
8519.517
8770.767
8570.05
9207.3
9061.783
9127.366
8935.116
9432.967
9277.384
9126.033
9226.65
9736.833
9514.983
9456.3
9212.316
9386.167
8933.65
8969.167
9192.116
9243.7
9665.65
9430.3
9517.184
9604.3
9264.184
8982.1
8777.85
8970.3
9230.05
9415.767
9307.583
9329.7
9305.116
9241.167
9104.65
9023.7
9006.65
8837.1
8931.917
9388.3
9146.783
9340.767
9032.717
9174.233
9393.05
9174.967
9546.65
9755.967
9748.45
9843.7
9925.45
10029.167
10360.316
10627.366
10418.384
10352.033
10288.384
9615.5
9077.517
9199.767
9165.85
9084.5
8981.384
9316.233
9565.517
9706.233
10366.116
10263.434
10906.316
10835.167
10892.583
10855.167
11286.05
10619.7
10758.45
11187.833
10721.384
10771.366
10961.184
10892.366
10720.316
11354.7
10814.517
11139.1
11088.116
10999.033
10721.917
10972.967
10850.184
10857.634
10266.25
10950.833
10760.583
10760.3
10359.783
10713.366
11127.783
11293.967
10974.116
11227.033
11310.583
11110.3
11094.85
11018.1
10007.583
10450.3
10454.783
10551.1
10095.583
10694.434
10537.384
10589.566
10295.583
10276.233
10631.05
10773.5
10704.717
10797.566
10535.45
10273.5
10288.717
9645.167
9928.384
10641.167
10425.783
10581.9
10967.116
11279.7
11356.717
11515.9
11168.116
11294.033
11418.717
11338.634
10911.583
10687.967
10204.184
10377.1
9604.184
10286.7
10517.783
10175.5
10189.783
10995.9
10969.316
10390.767
10468.983
11256.767
11493.384
11155.566
10970.983
11101.3
11181.384
10891.5
10814.384
11082.233
10856.917
11134.5
11457.717
11152.9
11398.983
11677.833
10792.917
11051.634
10880.783
10512.233
10769.917
10053.9
10342.983
10350.366
11353.717
11208.566
11076.783
11057.3
10588.25
10865.833
10847.583
11171.366
10831.316
10623.5
10062.05
9885.833
9579.583
9191.967
9094.116
8447.367
8326.25
8356.033
8334.117
8826.434
9263.983
10187.833
10847.184
11991.033
12124.384
13183.566
12341.65
11798.767
12225.717
12093.634
11916.783
12670.167
12824.316
13043.767
12839.316
12745.366
12096.116
11624.3
11281.517
11539.434
11424.783
12748.7
12180.05
12809.1
12870.85
13163.967
13220.184
12830.434
13584.116
13763.167
14390.316
14229.566
14415.184
14662.366
15017.25
13975.634
14198.983
13576.434
13891.384
13854.634
14285.85
13721.1
13511.45
13089.233
12843.717
13101.833
12784.983
11867.634
12788.983
12631.767
13462.384
13607.1
13638.983
14569.167
14166.05
13776.167
14106.717
14168.634
13932.85
13930.233
14171.85
14548.634
14963.116
15064.5
14706.983
14861.167
16457.25
15203.7
15263.65
15501.566
14927.65
15527.767
15480.05
16082.7
15525.917
14928.5
15256.517
15505.5
15393.717
14862.833
14754.583
15897.833
16342.583
15986.9
15306.384
15641.1
15428.45
15291.167
14473.717
15390.5
15238.583
14833.7
14183.05
14779.033
15033.316
15060.5
14624.517
15691.566
15716.65
15482.566
15873.983
16027.167
16796.051
16042.9
15832.583
16367.1
15986.45
16294.767
15400.65
15750.634
16470.783
16039.434
16161.717
16215.566
15776.45
16012.233
16448.583
17093.301
16834.316
16792.967
16961.783
16792.301
17234.65
17693.967
17242.184
17198.768
16762.65
16809.1
16247.316
16753.566
16354.384
16680.033
16014.917
15593.5
15849.65
15740.233
15408.983
16006.9
15557.517
15687.967
15790.05
15742.167
15868.25
15703.3
16230.917
16734.3
17115.783
16225.566
16350.916000000001
16405.634
15823.05
16678.301
16294.315999999999
16838.9
16797.783
17202.166
17213.449
17367.033
17625.383
17023.768
16603.25
18259.967
17629.25
17572.768
17823.916
18025.9
16827.916
17546.232
16781.383
17803.5
17518.449
16779.434
17342.982
17843.834
17554.916
17637.566
18670.383
18041.1
17438.518
17235.633
16978.383
16891.768
17486.982
18125.367
18027.117
18727.434
18846.117
19245.699
18784.717
18819.768
19215.449
18994.566
18960.184
18942.768
19044.316
19463.367
19091.982
19835.967
19627.316
19703.967
20173.383
20010.5
19934.449
19456.5
19584.25
19885.834
19484.65
19335.1
19140.449
19834.967
19528.117
20572.834
19732.184
19435.566
19933.117
20054.9
20804.184
20875.033
20988.117
20389.834
20592.783
20109.1
20255.316
20011.434
20431.584
20644.768
22482.518
20760.301
21651.117
22006.434
22201.518
21638.232
22992.85
22412.1
22721.316
23494.768
24189.449
22971.1
23574.85
23007.166
23261.184
24960.1
23412.65
23570.232
22731.25
22676.1
22836.383
23475.834
23356.25
23876.367
24649.783
24010.301
24847.316
25553.434
26200.518
26239.633
26413.85
27192.166
27913.85
27250.566
25835.717
26699.434
26927.982
26171.367
26753.449
27327.5
27362.25
27140.166
27639.65
28259.834
27574.383
29098.301
29798.717
29357.699
28778.916
29901.5
29756.449
29779.633
29496.65
29864.1
29969.584
29791.434
29831.117
29417.9
29695.65
30631.768
31379.184
31779.9
32135.449
33610.301
33828.984
33231.434
33889.715
33929.367
33673.715
33721.367
32753.449
33719.434
32893.717000000004
32835.168
34488.516
35037.168
35347.25
35454.766
35675.582
36395.301
35501.582
35788.434
35181.25
35529.434
35757.25
35226.566
35994.715
36696.832
37126.715
37180.699
37413.715
37851.766
37845.051
37281.898
37509.648
37336.234
37445.117
36815.965
37439.25
37556.699
37706.383
38159.035
37644.449
37484.633
37725.785
37780.699
37862.184
37889.965
38232.715
37970.699
38124.117
38436.965
38145.316
37038.566
36445.984
34702.367
33322.383
32321.232
31959.717
31917.834
32425.184
32352.232
33712.117
35390.301
35902.918
36538.035
36679.316
36936.102
37936.383
38902.832
38539.918
39205.633
39256.984
38813.766
38026.648
37716.168
38050.852
38584.434
38940.449
39467.035
40099.316
40967.699
41518.316
41630.699
41724.25
40957.699
40821.051
40273.566
40630.184
40669.965
40638.918
40646.832
39907.918
39493.766
39269.715
38654.5
38695.383
39119.234
38826.184
40345.566
40610.516
40922.301
41629.117
41832.5
40840.852
41083.434
40645.852
40767.633
41100.516
41462.367
41898.715
42964.434
42788.25
43373.301
42890.184
42870.965
42436.316
41645.434
41836.184
41771.168
41962.984
41721.633
42055.785
42558.434
42884.316
42428.566
42495.715
43588.434
43026.984
43476.5
42677.648
43308.5
42754.582
41785.566
41258.516
40845.5
40780.383
41077.035
41365.516
41818.699
43005.785
42689.434
43568.316
43012.898
43033.648
42851.367
42347.25
41978.234
41547.918
40849.898
41081.582
41054.102
40757.051
41010.102
40986.785
40730.102
40843.25
40696.965
40747.918
41301.035
41759.383
41728.832
42230.383
42974.367
43212.648
43192.367
43486.785
43305.965
43217.984
42403.699
41958.117
41448.566
41788.582
42173.102
41846.316
42735.434
43072.785
43698.898
43962.184
43946.898
43895.316
44769.234
45133.051
45654.301
45771.383
45387.566
45242.383
44905.301
44905.516
44154.168
43918.449
44090.301
44071.117
43717.434
43664.383
42731.832
43352.449
42957.566
43383.383
43240.168
44111.918
44635.234
45308.852
45735.168
45976.648
45011.699
45086.383
44560.234
44523.582
44938.168
44561.582
44509.5
44140.051
44534.832
44942.449
44950.832
45192.582
45212.699
45702.316
46168.898
47063.449
46222.832
46030.785
45313.832
45336.051
44526.168
44516.715
44424.434
44150.051
44805.699
44937.184
43055.301
44313.383
44156.832
43820.852
44058.234
43778.051
43623.633
43879.383
44478.566
44832.051
44818.168
44759.918
44920.168
45704.051
45742.699
46077.918
45779.434
45185.516
43763.832
42143.184
41250.766
39686.316
37981.035
37513.648
38232.566
39296.184
41731.234
42385.051
41778.566
41799.316
41998.035
41404.785
41882.965
41363.918
40772.434
41706.184
43034.234
44006.785
43922.832
44375.316
44491.965
45069.383
45843.5
45365.918
45207.699
45313.25
44472.832
45006.516
45459.566
45512.516
45296.965
46233.25
46661.102
46642.051
46731.699
45957.984
45839.832
45435.715
45664.965
45327.184
44643.898
44373.117
43829.234
44983.383
45746.633
46538.582
46242.301
46928.516
47852.367
48183.516
47625.566
47192.184
47540.035
46899.516
46724.434
46094.449
46733.301
47371.516
46794.633
46553.984
46108.699
44978.852
44306.168
42690.582
41449.898
41039.051
41180.898
41561.117
42151.965
43350.785
43582.434
44962.918
45308.5
45344.449
46055.766
46215.918
46697.699
46936.449
47015.102
47577.715
48443.898
47743.785
47332.168
46491.984
46382.766
46180.648
46078.766
46059.582
46108.102
46884.316
47851.234
47916.582
47989.766
47955.715
47852.035
47522.852
47511.633
47510.117
46373.102
45760.184
45378.898
44657.051
43803.367
43266.516
43639.301
43938.785
44408.367
44848.383
45587.035
45695.582
45417.633
45277.785
45473.965
45146.918
44723.367
44851.852
45307.102
45847.051
46043.5
46036.984
46601.832
47144.918
47103.102
47204.449
46924.699
46708.25
46052.301
45261.648
44912.633
44039.984
42941.367
44272.383
44156.102
44480.117
44659.965
45333.918
45462.301
45807.316
45266.566
45372.383
45709.102
45189.25
45072.5
44880.918
44724.434
44416.785
43674.035
43218.184
43357.234
43459.852
42970.035
42228.051
42588.035
42438.184
42125.566
42160.117
42467.367
42749.516
42950.898
43474.984
43576.633
44050.25
43805.301
43633.184
44119.766
44016.184
42784.633
43536.117
43108.699
43151.316
43358.102
42741.316
42812.965
43716.449
43924.102
44295.25
44155.699
44292.852
44219.766
43924.25
44403.633
43881.852
43343.102
43244.648
43585.301
44070.582
44181.102
43469.785
43650.633
43558.516
43130.035
43432.449
43529.168
43420.984
43158.434
43365.785
43041.766
43219.582
42672.699
42365.715
42238.301
42203.582
42440.832
41995.051
42858.035
43130.25
43693.168
42999.184
43171.832
43209.051
43490.035
43362.117
43074.965
43293.648
43255.234
43009.918
43030.367
43021.051
42675.102
42243.117
42615.234
42789.383
42901.699
42836.117
43001.5
43006.449
42899.566
43300.785
43354.434
43549.316
42728.5
42303.449
42539.832
41956.051
42044.168
41799.715
42385.168
42895.117
42716.832
42562.918
42877.367
42836.316
43163.301
43017.051
43033.102
43390.785
43178.367
43147.184
43336.301
43392.184
43289.367
43126.117
42448.5
42632.316
41789.898
42027.117
42073.035
42010.316
41666.633
41831.117
41723.367
41696.715
41721.301
42100.316
41740.566
42403.984
42089.301
42063.918
41486.566
41065.516
40705.234
40841.918
40475.434
40472.25
40166.566
40798.516
40945.5
41012.984
40872.566
40541.785
41532.766
41785.316
42124.699
42144.051
42720.965
42890.316
42189.5
42016.715
41827.566
41804.316
40956.102
41126.785
41322.035
41361.25
41679.367
41600.918
42140.035
41996.648
42093.234
41888.117
42175.832
41766.25
41490.965
40993.117
41608.566
41734.184
40851.301
41864.648
41399.035
41780.918
41941.434
41417.051
41647.5
41309.852
40474.766
40006.117
40499.699
40262.383
39972.102
40397.117
40471.766
41465.984
41144.965
41844.715
42048.766
41739.184
41629.566
41996.785
42376.633
41835.582
41321.699
41045.918
41076.832
40532.715
40392.5
40256.785
40899.367
40964.184
40903.699
40832.117
41452.898
41559.984
41116.633
40932.25
40876.234
40465.852
39780.566
39289.316
39359.102
39320.852
38876.5
39249.918
39608.434
40214.715
40451.566
40555.383
40940.633
41111.715
41470.102
41387.648
41538.5
41358.648
41140.633
41697.715
41053.434
41502.715
41212.566
40790.516
41348.832
41251.383
41436.832
41088.984
40848.633
40788.449
40741.832
40206.051
40339.367
40098.715
39839.102
40210.582
39892.035
39625.984
39629.367
39517.25
40270.832
40563.316
39719.102
39849.25
40421.367
40322.051
40220.102
40727.648
40210.035
39927.449
39798.102
38991.715
39462.766
38701.316
38817.965
38801.918
38746.367
39240.715
39040.633
39302.785
39282.832
39194.715
39555.367
39474.25
39769.301
39712.715
39201.766
39282.984
39432.766
39623.516
38799.832
39159.516
39310.5
39318.449
38722.234
39193.516
39826.633
39412.852
39147.766
39996.582
40064.035
39948.582
39608.234
39208.316
39719.832
39287.785
39510.035
39431.449
39144.5
39376.648
39214.766
39021.383
39327.5
39045.449
38361.168
38587.918
38886.434
38682.316
38010.566
38056.785
37790.367
37598.117
37408.699
37015.582
37609.965
37667.785
37262.301
38218.648
38083.434
38363.516
38321.035
37975.316
38522.367
38327.715
37987.898
37471.984
38001.5
38147.25
37336.965
36579.449
35891.234
35135.648
34593.965
33935.648
33555.301
32962.916
32541.768
33678.715
34307.633
34302.316
34902.965
35555.785
36738.102
36474.051
36884.434
36752.648
36614.434
36837.051
36395.168
36244.184
36451.234
36408.516
35951.434
36129.648
36253.898
36457.852
36195.434
35927.715
36325.566
36056.449
36039.633
35975.25
36296.832
36280.316
35942.633
36478.582
36326.234
36179.383
35766.5
35511.051
35572.898
35448.648
35397.633
35498.25
35320.965
35633.449
35712.898
35509.516
35763.035
36213.316
35890.566
35612.852
35909.102
36042.449
35912.434
36063.25
35966.367
35475.785
35401.035
35330.715
35434.965
35293.316
34629.699
34961.984
34842.102
35101.449
34881.699
34779.316
34801.234
35030.516
35327.699
34856.648
35049.5
35291.785
34714.035
34997.184
34989.234
34867.25
34310.168
34474.984
34371.633
34384.117
34427.035
34349.316
34286.898
34261.383
33699.102
34012.582
33786.5
34051.383
33584.699
33959.785
34506.301
34192.715
34628.102
34594.25
34454.434
34829.383
34636.367
34628.25
34684.035
34568.582
34799.699
34664.051
34753.766
34473.117
34740.301
34475.785
34963.168
34267.648
34385.633
34139.25
34378.699
34543.25
34064.102
33904.25
34004.367
34026.383
33987.168
34070.117
34142.434
34246.648
34203.965
34103.785
34064.301
33695.051
33297.832
33160.051
33372.035
32903.982
32532.633
32723.383
33108.367
33019.85
32567.5
32608.184
32985.367
32792.717000000004
32485.102
32179.316
32495.967
32286.65
31888.633
31433.117
31790.633
31865.916
31854.566
32090.717
31977.768
31983.85
31432.699
31646.25
31249.434
31149.184
30383.033
30267.316
30331.967
29877.916
29818.9
29159.25
29530.967
29199.916
28574.367
27899.85
27759.301
27865.051
27663.301
27059.65
27349.166
27257.916
27501.5
27614.65
28213.367
28615.783
29394.5
30110.518
30275.768
30415.982
30434.367
30704.982
30495.367
30126.717
30226.633
29981.117
30226.834
30023.184
30377.633
30380.982
30693.834
30671.383
30869.166
30779.85
31230.9
31043.916
30785.699
31096.85
31384.166
31130.383
30865.434
30670.783
31005.633
30853.916
30601.834
30553.982
30632.301
30671.316
31107.1
30276.316
30812.699
30804.982
30852.566
30671.717
30932.699
30707.184
30343.166
30329.518
30399.967
30576.916
29919.633
29842.717
30025.967
29766.316
29700.768
29888.518
29983.699
29714.117
29611.033
29333.783
29282.434
29320.117
29390.166
29400.316
29329.1
29240.449
29300.566
29195.117
29059.633
29046.584
28834.633
28298.117
28724.1
28262.717
28414.9
28349.65
28538.633
28267.184
28376.566
28380.316
28388.033
28744.65
28486.033
28826.449
28686.1
28914.584
28693.166
28178.383
28344.434
28161.316
27979.367
28226.25
28113.9
28098.383
28104.699
28010.65
28397.9
28898.383
28414.967
28959.117
29080.5
28867.316
28986.434
28695.584
28908.5
29020.783
29159.9
29340.916
29430.033
29776.449
29719.166
30102.184
30423.232
30665.449
30165.967
30051.184
30362.367
30949.85
30681.566
31185.184
31344.434
31782.584
31504.967
31639.316
31545.566
31237.449
30536.768
29490.449
28986.1
28598.117
28350.699
28057.717
27787.5
27876.584
27738.566
27604.518
27846.1
27727.783
27761.967
27697.449
28068.633
27807.65
27652.633
27367.783
27335.633
27560.85
27076.633
27388.383
27272.232
27474.316
27489.5
27584.85
27655.434
27886.717
27474.9
27616.783
27999.566
27764.117
27215.5
27569.449
27899.967
27713.717
27335.5
27615.717
27917.566
27267.25
27710.768
27005.449
27347.1
27063.184
26813.633
26984.051
26819.434
26895.916
26609.367
26172.117
26809.768
26918.383
26561.699
26547.916
26751.967
26533.184
26900.834
26343.982
26531.5
26536.717
26682.834
26729.982
26854.834
26586.584
26700.566
26843.717
27084.166
26626.449
26235.967
26283.184
26502.033
26661.518
26361.633
26480.518
26335.9
26554.184
26318.967
26319.316
26340.566
26292.85
25864.033
25651.184
26294.5
26024.25
25606.699
25513.117
25934.967
25589.117
25599.033
25684.316
25932.1
25668.449
24646.566
25465.717
25860.232
25479.783
25417.033
25058.518
25385.1
25466.717
25638.5
25606.783
25513.1
25215.184
25259.768
25258.25
24682.768
24493.25
23940.9
24235.65
23761.301
24161.717
23724.1
23838.518
25129.367
24861.184
24836.768
25450.184
25266.033
25340.316
24903.232
24698.916
24517.834
24565.518
24276.768
24344.982
24440.834
24465.184
24059.768
24297.518
24913.967
24473.25
23943.1
24307.051
24541.232
24608.051
24305.699
24464.916
24585.301
24205.449
23900.367
23557.65
23949.5
23512.117
23438.166
23011.783
22982.5
23050.117
22421.5
21968.982
21830.699
20440.65
19715.566
18912.584
19040.633
19035.65
19158.768
19381.051
20174.166
21046.584
21517.232
21527.584
21721.367
22405.449
22822.633
22774.717
22410.633
22896.982
22779.232
22849.717
22942.367
22470.449
22192.166
22053.117
22439.367
22339.184
21940.566
22639.982
22503.9
22712.916
22789.9
22693.717
22815.232
22763.518
22512.9
22592.25
22728.1
22895.85
22440.033
22461.65
22865.768
22945.383
22848.768
22880.982
23025.566
23021.584
22863.301
22400.85
22827.9
22804.65
22449.9
22246.184
22519.232
22679.316
22484.768
22042.85
22253.5
22587.25
21942.166
22628.051
22749.699
22686.051
23134.633
22853.117
22916.166
22910.717
22687.232
22862.449
22768.434
22691.25
22364.967
22448.383
22443.834
22517.584
22425.834
22502.65
22702.699
22773.584
22414.5
22225.25
22480.232
22374.916
22518.566
22158.584
22630.1
22456.65
22611.367
22637.783
22727.1
22686.25
22204.166
21933.383
22490.5
22367.449
22486.834
22089.518
22002.566
22105.717
21995.232
22374.117
22127.768
22102.383
21551.301
21537.916
21654.301
21947.518
21076.367
21346.449
21583.633
21577.316
21317.367
21168.25
21616.434
21565.717
21289.967
21490.584
21538.301
21717.383
21036.9
21257.916
21682.232
21749.518
21387.566
21272.051
21379.834
21571.383
21170.834
21159.518
21267.301
21275.051
20702.699
20977.184
20993.9
20832.783
20780.033
20903.051
20608.699
21314.117
20697.1
20609.584
20709.301
20737.85
20587.232
20062.783
20577.9
20633.916
20330.566
20020.584
20509.301
20400.65
20285.166
19779.717
20399.434
20323.85
20212.566
20262.184
19923.166
20181.117
20035.566
19607.184
19843.633
19687.717
19726.1
19244.85
19651.232
19559.717
18936.301
18610.117
19336.5
19157.85
18972.301
18850.916
19116.633
18986.85
18632.367
18567.25
19220.768
18902.717
18756.699
18618.982
19089.367
18634.25
18446.301
18381.65
18998.566
18719.584
18478.301
18457.449
18670.232
18326.051
17931.367
17652.449
18119.967
18240.117
18134.9
18390.449
18547.232
18419.383
17803.166
18477.916
18277.033
18153.518
18135.166
18048.982
17932.1
18114.518
17629.9
17614.65
16980.301
16283.184
15573.033
14845.384
14432.3
14300.25
14266.833
14258.184
15136.033
15622.517
15823.7
16252.983
16564.366
16593.517
16701.3
16614.783
16750.967
16258.384
16216.5
15514.116
16547.366
16489.184
16276.767
16194.449
16554.767
16801.916
16958.232
16644.383
17083.434
17281.117
16918.166
17007.316
17332.166
17335.783
17372.5
17502.25
17594.834
17548.383
17325.633
16977.117
17868.367
17658.316
17631.5
17212.65
17883.434
18044.184
17785.5
17983.449
18032.9
17594.85
17751.699
17420.518
18030.367
17874.584
17758.9
17655.316
17709.301
17958.518
17475.232
18083.518
18011.9
18089.051
18028.9
17630.783
18269.301
18285.449
17832.5
17999.449
18657.033
18373.316
18110.232
18637.184
18812.232
18474.051
18226.166
18317.184
17992.967
18195.383
17679.367
17835.117
18115.768
18056.316
18081.301
18526.25
18152.967
18303.65
17685.566
17555.584
18423.434
18274.25
18127.768
18233.916
18074.566
18160.916
18268.5
17936.518
18007.967
17968.916
17892.566
17886.916
18033.1
17703.316
17806.301
17677.316
18028.699
17781.518
17908.367
17863.65
18248.367
17854.916
17890.633
17810.383
18052.033
18328.982
18301.834
18114.85
18047.301
17981.85
17853.834
18084.449
18204.967
18353.051
18331.5
17944.184
18580.166
18402.449
18360.967
17873.518
18415.9
18322.65
18102.166
17978.449
18086.301
18234.184
18376.232
18242.25
18311.9
18072.25
18104.166
18345.25
18016.9
18162.117
18066.301
17886.25
18017.566
18112.383
17867.033
17825.383
17917.768
18186.051
17248.699
17966.518
17999.566
17918.783
17256.301
17633.117
17917.301
18017.518
17859.1
17942.982
17872.367
18004.717
17727.1
17615.982
18008.633
17757.25
17831.967
17494.316
17713.1
17772.584
17456.633
17357.518
17693.5
17291.584
17317.967
17125.383
17458.1
17309.916
16992.633
17317.051
17286.232
17034.383
17164.232
17318.65
17134.633
17092.717
16859.699
16877.184
17195.633
16874.65
17004.166
16665.916
16750.967
16825.982
16673.367
16786.449
16626.967
16507.917
16510.566
16464.916
16703.834
16644.449
16614.366
15709.917
16002.634
15936.917
15778.767
15235.25
15217.033
15258.05
14895.1
14309.116
14853.5
14726.517
13897.566
14290.45
14187.233
13822.316
13995.967
13436.65
13575.1
13435.983
13143.967
13287.983
13525.967
13402.917
13591.5
12349.45
13105.566
13196.05
12733.434
13023.717
13222.233
13360.116
13047.167
13432.65
13604.233
13642.25
13806.3
14204.316
14138.634
13968.05
14077.967
13873.717
13800.9
14046.116
13993.1
13443.517
13894.434
13785.517
13478.3
12903.783
13270.033
13042.583
12764.9
12705.717
12569.967
12632.05
12466.634
12307.783
12705.9
12711.25
12549.366
12587.983
12697.9
12564.316
12417.5
12334.85
12740.767
12579.783
12247.5
12662.65
13050.434
12840.783
12545.5
12708.65
12626.967
12708.917
12632.434
12534.116
12603.967
12348.45
11810.1
12371.45
12228.434
12332.783
12458.566
11955.25
12485.3
12333.65
11639.434
11952.116
12169.833
11985.517
12062.5
12301.45
12437.967
12403.45
12577.634
12491.983
12622.5
12450.917
12426.5
12115.583
12371.967
12470.384
12181.233
12163.717
12436.767
12385.783
12088.167
12567.517
12634.566
12748.384
12286.434
12478.583
12629.1
12578.45
12796.233
12084.384
12593.967
12459.717
12653.434
12262.45
12921.366
12638.85
12780.434
12384.983
12934.366
12885.917
12543.833
12365.85
12584.167
12374.184
12271.5
12486.384
12403.634
12306.05
11908.167
11941.85
12204.833
12370.85
12210.434
12377.116
12328.767
12165.717
11963.434
12183.717
12242.7
12129.917
12402.833
11769.65
12061.833
12362.45
12333.5
12005.316
12056.167
11630.717
11360.566
11815.983
11693.434
11780.517
10971.233
11506.717
11819.366
11666.983
11397.1
11710.05
11922.3
11526.717
11687.1
11534.05
11772.434
11415.85
11157.366
11131.783
11484.167
11406.116
10976.3
11283.45
11255.767
11405.116
11217.366
11259.45
11360.233
11216.05
11019.9
11236.05
11369.967
11285.783
11130.366
11486.384
11216.634
11291.05
11206.7
11045.184
11195.5
11192.316
11019.233
10898.116
10945.566
11049.517
10729.434
10637.65
11118.7
11143.85
10786.767
10862.983
11129.233
11113.783
10663.233
10726.783
10971.1
10743.583
10515.167
10929.116
10903.9
10674.517
10925.566
10689.45
10756.9
10680.184
10430.5
10032.25
10759.366
10406.917
10616.767
10453.116
10536.833
10369.983
10298.434
10157.917
10493.7
10387.85
10280.9
10013.783
10284.033
10300.45
10120.1
10088.983
10355.634
10364.917
9839.167
10000.85
10290.366
10254.316
9567.767
9725.517
10146.5
10094.184
10002.366
9672.85
10242.967
10129.184
10048.767
9806.917
9960.634
9766.45
9651.9
9798.85
9958.833
9763.316
9592.767
9653.116
10075.566
10085.583
9855.566
9573.917
9695.767
9815.917
9638.3
9467.384
9790.033
9701.917
9662.833
9351.65
9530.967
9665.05
9602.767
9435.384
9639.9
9443.05
9843.434
9142.384
9594.833
9504.517
9283.1
8845.316
9562.366
9518.717
9570.9
9217.65
9325.167
9175.717
9302.366
9425.05
9678.767
8915.384
9213.566
8981.517
9248.634
8689.184
8250.9
7631.917
7406.567
6630.917
5842.633
5258.25
4672.033
3925.183
3559.833
2898.917
3216.633
3108.25
2852.5
3034.717
3928.967
4114.85
4103.033
5063.25
5574.1
5875.717
6172.833
5529.317
6279.3
5891.717
5726.5
5411.383
5179.5
5264.05
4968.633
4743.783
5144.5
5206.65
5172.967
4946.383
5665.233
5463.45
5505.233
6130.117
6141.967
6373.717
6061.833
6546.783
6710.7
6698.517
6680.433
6942.517
7206.7
7254.183
6757.3
7030.383
7574.7
7599.05
7160.3
7669.317
7919.5
8043.45
7950.1
7973.783
8409.5
8385.65
7797.7
7928.85
8613.767
8704.116
8514.833
8217.85
8765.967
8561.25
8392.7
8394.583
8857.767
8686.65
7772.967000000001
8657.25
8791.5
8889.783
8544.233
8323.05
8842.1
8728.316
8564.033
8490.25
8616.434
8760.05
8307.967
8143.517
9058.1
8664.717
8455.033
8471.517
8804.967
8707.45
8567.167
8539.85
8751.634
8690.783
8494.767
8481.384
8794.967
8777.116
8661.167
8517.783
8855.9
8765.384
8190.366
8408.583
8719.1
8626.316
8278.9
8223.717
8604.833
8472.184
8531.434
8293.583
8547.3
8663.983
8380.566
7938.049999999999
8712.1
8581.85
8584.5
8405.783
8894.9
8632.25
8420.434
8224.25
8702.1
8500.65
8055.167
7921.25
8535.167000000001
8505.582999999999
8498.433
7905.983
8585.767
8474.183
8324.566
8408.717
8579.634
8553.717
8366.9
8281.517
8795.366
8603.983
7761.299999999999
8124.45
8665.433
8463.717
8416.832999999999
8280.45
8676.9
8560.983
8101.833
7952.117
8490.7
8334.917000000001
8323.767
8179.183
8492.433
8486.917000000001
8336.1
7835.917
8553.832999999999
8482.783
8132.033
7817.05
8393.633
8543.05
8229.233
8158.183
8501.1
8143.917
8062.033
8221.183
8218.767
8130.65
7992.367
7823.583
8405.367
8239.117
7839.033
7802.717
8253.767
8392.183
7689.433
7784.917
8227.7
8170.25
8195.167000000001
7961.65
8182.1
8080.517
8014.433
7702.05
8356.433
8147.65
7856.167
7824.117
8159.633
8116.85
7914.367
7426.85
8079.1
8022.717
7887.5
7376.583
8162.433
7934.85
7497.9
7891.85
7973.3
7875.317
7467.3
7606.517
7729.3
7843.983
7635.233
7594.583
7871.1
7636.517
7621.9
7411.25
7707.1
7726.117
7286.967
7244.25
7688.9
7666.183
7377.1
7330.25
7372.167
7570.05
7121.1
7290.983
7362.7
7389.717
7235.033
6993.183
7550.767
7428.45
7036.9
6692.517
7266.5
7429.517
7226.033
6937.717
7290.367
7253.583
6557.5
6954.25
7402.833
7031.117
6872.033
6903.05
7172.433
7196.583
6822.5
6677.983
7094.7
7175.317
7019.9
6911.983
7223.033
7038.783
6771.767
6504.45
7134.167
6944.25
7157.367
6652.517
7152.567
7095.317
6570.833
6615.05
7100.833
6932.383
6756.433
6804.25
7086.433
7017.517
6602.233
6562.317
7158.633
6882.917
6738.433
6795.917
7001.167
6870.85
6459.567
6328.717
6720.833
6667.85
6167.5
6314.317
6766.167
6594.983
6777.833
6433.717
6799.233
6656.183
6867.433
6491.717
6675.033
6624.65
6272.7
6233.583
6689.7
6581.717
6109.5
5596.983
6535.9
6577.317
6124.5
6316.517
6539.7
6335.117
6206.767
6132.25
6498.233
6322.583
6128.233
5786.983
6344.433
6416.917
5698.3
5885.917
6415.833
6212.983
5944.7
5720.117
6343.767
6306.383
6228.9
5813.65
6399.7
6297.717
6249.567
6128.383
6333.833
6194.517
4942.5
5444.117
6213.767
6305.05
5913.233
5631.917
6141.367
6293.85
5626.9
5639.917
6047.967
6048.783
5533.3
5606.65
6084.767
6052.717
5407.367
5400.25
5962.233
5911.717
5657.567
5668.583
5868.033
5796.783
5385.367
5780.05
5857.433
5884.85
5375.967
5610.983
5984.9
5765.983
5315.1
5218.183
5799.967
5807.45
5648.967
5113.317
5883.5
5746.917
5094.433
5206.517
