270.483
68.4
-139.85
144.933
449.55
125.933
207.083
237.2
235.95
246.6
124.083
-166.2
209.61700000000002
207.8
22.75
-36.93300000000001
355.483
-20.267000000000003
58.483
349.467
429.15
182.067
465.35
148.667
278.483
193.6
224.61700000000002
-133.53300000000002
201.55
205.86700000000002
327.41700000000003
8.200000000000003
282.95
190.933
232.55
16.266999999999996
557.283
468.33299999999997
95.95
-62.266999999999996
244.21699999999998
116.0
-19.783
178.2
198.75
231.0
138.817
221.867
220.21699999999998
233.13299999999998
-34.18300000000001
28.266999999999996
607.55
272.267
-15.983000000000004
-259.33299999999997
432.017
426.267
32.882999999999996
25.667
376.08299999999997
420.33299999999997
382.817
223.733
408.883
360.2
151.683
314.867
392.15
385.533
317.683
-138.8
443.883
280.467
31.417
68.533
369.95
177.8
131.017
64.867
300.283
484.2
198.483
50.8
234.083
330.933
30.016999999999996
-0.9330000000000069
240.88299999999998
199.6
499.95
-13.466999999999999
176.95
211.2
346.95
-71.0
199.683
244.267
191.88299999999998
88.867
410.75
355.933
-227.25
24.132999999999996
401.41700000000003
289.067
225.683
197.8
453.35
288.4
-2.183000000000007
265.8
94.417
310.0
245.21699999999998
274.867
406.95
277.66700000000003
557.083
-234.0
329.15
359.6
99.15
350.933
383.483
447.33299999999997
244.483
89.933
340.883
230.0
-69.583
96.2
341.017
305.533
122.483
-0.7999999999999972
414.15
432.4
60.283
-246.86700000000002
345.35
306.33299999999997
84.55
131.86700000000002
276.683
418.933
336.55
36.93300000000001
287.217
325.6
-280.183
-156.53300000000002
303.017
201.4
166.817
-18.266999999999996
333.217
263.933
44.016999999999996
204.2
397.15
288.66700000000003
251.15
-112.6
450.483
394.533
432.483
138.867
486.283
269.133
164.017
331.933
405.283
67.733
370.217
-171.667
129.21699999999998
215.53300000000002
1.0829999999999984
363.067
578.483
412.733
157.55
-83.333
491.217
144.667
451.217
12.200000000000003
386.08299999999997
355.2
314.15
378.267
515.817
352.267
421.817
299.66700000000003
335.617
222.8
378.283
-352.33299999999997
388.617
341.6
160.35
132.2
137.21699999999998
311.867
470.75
165.933
239.817
296.533
117.617
-204.2
265.617
376.267
459.55
177.46699999999998
386.883
298.067
45.81699999999999
-326.2
434.483
228.46699999999998
-65.65
3.200000000000003
255.417
182.46699999999998
-1009.783
-103.267
118.283
262.0
248.75
-78.933
556.483
390.133
262.15
58.400000000000006
254.683
216.13299999999998
-110.917
426.067
520.35
272.33299999999997
-192.11700000000002
29.333
304.55
317.133
-117.783
347.33299999999997
377.617
250.267
390.08299999999997
333.867
335.95
400.6
238.083
173.667
369.35
237.667
404.55
13.132999999999996
403.41700000000003
417.867
333.617
-84.333
217.28300000000002
301.933
71.55
-295.067
366.75
338.467
254.61700000000002
-132.86700000000002
351.95
326.933
207.95
73.133
356.817
346.733
-153.65
202.067
326.55
60.8
-148.583
152.46699999999998
268.017
207.86700000000002
317.283
154.933
265.817
514.333
84.283
152.0
379.283
525.333
391.08299999999997
155.733
218.15
274.133
91.95
478.133
352.217
201.46699999999998
-154.917
98.333
214.083
286.933
255.417
-16.933000000000007
534.017
542.533
27.217
275.867
373.617
345.6
227.683
95.067
344.483
376.067
84.75
130.667
296.35
316.8
187.35
291.2
475.683
432.0
407.683
108.933
567.817
180.733
400.483
-138.067
386.15
179.6
-83.45
288.067
351.88300000000004
201.46699999999998
547.483
397.2
390.35
275.733
648.083
98.19999999999999
388.017
296.933
-25.44999999999999
286.4
646.683
424.733
562.55
-36.06700000000001
453.08299999999997
372.067
410.283
205.333
358.217
539.533
-29.917
238.067
625.483
339.66700000000003
149.883
182.067
364.75
368.2
536.483
189.933
667.083
558.8
703.35
453.6
713.817
518.933
245.95
348.2
405.683
623.3330000000001
786.95
208.733
720.283
592.733
560.283
680.533
623.35
518.733
356.95
646.8
504.15
762.3330000000001
126.81700000000001
289.933
566.283
555.733
581.817
409.267
907.35
574.0
735.15
554.8
705.95
655.467
700.217
325.467
1017.35
484.667
589.017
513.067
862.683
538.133
715.75
610.267
629.35
878.867
783.35
670.4
633.883
880.933
652.35
449.0
951.283
736.933
642.617
576.867
579.483
673.4
785.683
667.4
891.95
788.867
563.883
516.867
693.817
775.2
683.75
568.533
914.417
477.86699999999996
747.15
473.66700000000003
685.95
570.733
752.617
848.867
733.55
470.13300000000004
787.35
970.533
459.15
867.533
720.283
759.6
792.883
767.467
609.817
964.4
1158.683
674.067
695.017
1277.6
903.15
1123.533
502.54999999999995
682.867
1176.883
995.867
1133.417
1211.267
750.883
710.467
834.483
800.4
1349.95
1166.867
645.55
1111.533
1012.75
1228.267
1249.817
1074.467
1000.283
1338.2
631.283
887.267
1018.75
1181.667
1504.883
1447.133
1384.55
1331.533
1145.75
1244.2
1261.083
1156.333
789.75
1007.8
1348.55
1178.733
1434.55
983.067
1498.817
1405.933
1494.817
1326.133
1460.017
1377.467
977.3499999999999
1431.8
1312.083
1210.067
1158.283
1279.467
1272.817
1389.8
1291.283
1051.533
1397.483
1164.6
1148.083
1015.933
1491.483
1388.533
1335.217
1396.2
1498.55
1251.733
1236.15
1135.8
1393.417
1418.2
1310.617
1058.6
1550.283
1275.733
1339.883
1314.467
1469.617
1348.733
852.017
1288.533
1358.017
1434.533
1454.35
1628.733
1754.35
1567.467
1595.483
1567.533
1704.95
1763.667
1627.217
1675.867
1679.15
1692.867
1856.483
1713.333
2092.017
1565.467
1145.017
1400.4
1612.95
1893.267
1618.217
1711.533
2074.817
1862.867
1790.817
1718.2
1958.283
2005.267
2040.017
1757.8
2131.283
1797.533
1700.35
1598.6
1638.683
1546.933
1871.75
1219.0
1624.817
1744.867
1978.217
1628.8
1937.217
1817.733
2033.083
1842.067
1918.883
1991.733
1970.35
1872.0
2174.55
1763.933
2289.283
2029.133
2078.217
1983.8
1882.817
2072.333
2326.55
1682.333
1808.55
2128.933
2342.683
2072.333
2152.55
1897.2
1978.817
1871.333
1948.483
2079.4
2025.15
2346.933
2612.083
1885.6
2482.617
2462.467
2340.617
2253.867
2288.883
2155.0
2122.817
2429.133
2370.283
2170.667
1970.817
2082.6
2018.283
1980.6
2304.217
2201.8
2353.283
2553.733
2382.817
2527.733
2739.15
2472.133
2806.95
2627.733
2967.55
2716.933
2557.017
2792.333
2790.283
2694.133
2505.55
2664.4
2489.35
2563.733
2428.95
2612.733
2590.017
2387.2
2056.283
2325.733
2270.017
2274.2
2105.017
2045.533
2317.483
2053.267
1984.15
1701.933
2307.35
1877.8
2215.95
2218.533
2404.283
2879.267
2678.883
2957.067
2823.35
2996.933
3138.483
2732.267
2936.617
2872.467
2600.217
2515.933
2806.417
2649.8
2908.15
2467.0
2747.683
2772.2
2759.75
2920.8
2891.417
2918.0
3095.817
3039.6
3098.95
3088.467
2983.283
2705.867
3041.95
3103.667
2946.083
3181.933
3285.683
3150.867
3013.75
2733.4
3262.683
3129.667
3428.817
3691.733
3797.083
4146.267
4134.75
3996.333
3930.417
3853.6
3946.95
3551.533
4118.683
3815.267
3973.417
3878.933
4129.15
3622.6
3769.017
3917.667
3763.617
3821.133
3597.083
3315.867
3919.217
4027.867
3876.35
4050.733
4228.282999999999
4208.3330000000005
4113.15
3824.6
4199.817
4135.733
3631.617
3862.733
3791.483
4032.8
3905.883
4117.867
4330.4169999999995
4041.267
3941.15
3418.8
3689.417
3792.533
3849.95
3554.933
3996.817
3635.067
3681.017
3469.133
3412.083
3352.067
3266.483
3338.133
3371.417
3475.533
3271.683
3406.467
3169.483
3329.533
3463.283
3555.333
3846.417
4018.0
4128.0830000000005
4287.067
4083.75
4168.6669999999995
3731.483
4256.3330000000005
4053.75
4047.2
4598.083
4266.2
4942.883
4965.867
4891.617
5108.933
5681.017
5168.0
5318.483
4776.133
4950.817
4845.467
4466.15
4197.6669999999995
4275.883
4116.8
3904.95
4025.733
4539.75
4163.667
4438.683
4481.867
4960.15
4936.4
5083.083
4817.733
4638.217
4512.467
4137.95
4013.067
4118.15
3683.133
3560.95
3410.467
3490.15
3428.4
2852.683
3177.8
3179.817
2840.933
2529.95
3295.4
3359.683
3453.733
3751.95
3482.133
4305.75
4531.933
4623.15
4438.6
4548.417
4302.933
3967.55
4093.533
4033.55
4216.067
4212.217000000001
4018.933
4590.817
4236.3330000000005
4420.75
4290.933
4479.483
4423.133
4332.217000000001
3802.5330000000004
4412.95
4253.667
4414.683
4336.2
4256.15
4280.3330000000005
4316.75
4305.4
5004.55
5018.867
5038.083
5246.4
5440.35
5494.8
5477.883
5326.867
5655.817
5416.933
5817.35
5414.467
5875.617
6282.933
5612.417
5839.533
5926.15
5704.867
5684.75
4963.867
4865.75
4289.467
4064.617
3177.933
3022.683
2525.4
2347.017
2354.933
2906.35
3165.2
3492.95
3996.533
4341.817
4550.867
4832.683
5263.267
5560.35
5944.6
5830.55
5815.733
5980.75
5428.333
5291.617
5010.267
4657.417
3899.333
3606.483
3302.267
3297.35
3636.733
3791.75
4327.067
5188.017
5426.133
5650.35
6481.533
6728.883
6857.267
7255.35
6940.0
7647.483
7682.8
8105.617
7795.667
7736.417
8181.333
7938.883
7981.667
8123.217
7959.267
8222.817
8020.267
8680.95
8473.8
8573.017
8349.866
8878.95
8677.467
8553.283
8624.134
9148.884
8903.6
8861.55
8636.267
8796.35
8364.0
8423.616
8575.267
8658.417
9087.333
8837.75
8946.8
8998.55
8670.8
8411.816
8189.3330000000005
8412.017
8675.267
8841.55
8730.8
8742.017
8736.066
8673.417
8540.134
8471.817
8442.6
8283.017
8373.0
8817.283
8571.934
8772.417
8457.2
8599.884
8799.066
8617.283
8984.667
9124.55
9137.8
9228.217
9300.533
9409.884
9749.934
9949.95
9774.934
9716.95
9640.467
8989.217
8463.0
8627.15
8559.134
8515.617
8420.0
8707.083
8919.267
9069.75
9692.2
9626.217
10201.934
10159.55
10184.134
10189.816
10580.0
9955.483
10050.267
10536.55
10035.134
10085.217
10300.134
10263.15
10070.267
10675.684
10146.733
10466.417
10419.934
10343.95
10072.934
10302.417
10159.333
10222.75
9604.4
10260.15
10076.4
10067.417
9691.0
10084.95
10419.533
10611.283
10268.2
10530.483
10627.333
10423.95
10414.2
10347.616
9368.066
9804.55
9846.267
9938.884
9442.6
10057.55
9851.866
9960.017
9652.667
9640.283
9983.8
10113.95
10021.934
10146.283
9888.8
9667.35
9632.267
9064.684
9299.866
10023.083
9762.0
9927.816
10247.733
10599.55
10629.866
10866.75
10469.267
10625.15
10717.333
10680.884
10227.467
10077.95
9570.733
9763.283
9020.134
9670.55
9879.267
9523.15
9539.6
10322.017
10298.866
9789.35
9825.333
10607.95
10779.934
10528.684
10324.866
10435.684
10515.4
10256.417
10163.733
10397.55
10225.6
10491.15
10755.733
10465.417
10715.134
10966.083
10093.8
10384.283
10229.667
9861.816
10125.733
9427.616
9688.8
9722.95
10623.8
10584.95
10394.866
10392.483
9923.467
10193.884
10179.066
10516.616
10168.2
9981.217
9427.4
9297.884
8976.733
8618.417
8539.066
7948.417
7828.733
7851.817
7813.667
8302.883
8706.533
9597.616
10179.533
11270.15
11376.8
12390.217
11564.134
11063.483
11481.0
11376.95
11212.4
11922.35
12010.066
12232.417
12085.467
11986.017
11318.333
10912.35
10578.934
10809.884
10733.066
11978.816
11416.2
12063.083
12104.134
12375.884
12424.733
12085.95
12782.6
12962.884
13566.333
13398.083
13579.0
13818.95
14132.066
13157.417
13373.267
12763.283
13086.467
13056.15
13446.267
12904.017
12703.533
12259.217
12068.267
12323.684
12051.866
11181.616
12030.467
11902.55
12648.533
12833.483
12842.934
13721.283
13336.667
13014.816
13298.8
13351.616
13122.667
13103.55
13243.134
13711.083
14081.2
14166.417
13786.667
13966.616
15510.066
14329.884
14368.134
14620.616
14009.4
14597.083
14526.066
15138.816
14616.467
14078.684
14350.267
14597.884
14504.267
13986.55
13884.6
14950.283
15379.267
15028.816
14404.6
14763.616
14529.8
14425.283
13586.2
14511.884
14341.0
13980.217
13304.2
13913.483
14172.066
14176.75
13773.066
14757.95
14789.0
14569.884
14915.066
15102.283
15771.467
15106.217
14886.733
15477.017
15030.4
15362.283
14495.6
14853.95
15545.066
15112.35
15255.533
15282.884
14889.6
15076.35
15477.0
16128.95
15831.267
15812.15
15953.4
15839.017
16206.267
16682.95
16237.134
16186.017
15806.6
15813.017
15334.733
15768.283
15419.0
15704.417
15113.066
14689.884
14924.934
14818.55
14519.6
15131.017
14622.4
14780.217
14873.6
14815.417
14900.0
14752.55
15294.467
15796.483
16158.8
15327.816
15372.733
15464.35
14909.333
15710.884
15323.667
15872.217
15916.4
16216.083
16235.2
16391.483
16611.934
16095.616
15621.8
17239.416
16615.934
16531.35
16760.867
16995.883
15849.533
16539.883
15795.333
16791.75
16513.6
15809.75
16341.6
16831.283
16536.533
16654.083
17554.334
17057.416
16456.2
16245.55
16024.333
15930.283
16499.6
17116.883
17010.199
17684.684
17820.732
18154.617
17675.801
17751.15
18120.268
17869.084
17864.066
17863.482
17967.732
18377.283
18000.867
18727.283
18463.467
18628.217
19025.334
18867.684
18842.334
18308.084
18532.467
18778.949
18386.0
18232.482
18049.268
18741.084
18409.6
19434.416
18658.334
18301.283
18774.533
18909.482
19622.666
19703.684
19814.334
19207.018
19457.867
18979.482
19159.334
18869.35
19252.133
19477.35
21221.0
19625.949
20409.0
20750.949
20940.467
20419.617
21700.133
21149.949
21446.867
22181.551
22864.133
21698.949
22225.934
21693.084
21955.4
23572.018
22112.4
22259.75
21437.533
21396.949
21527.199
22174.482
22013.867
22491.084
23271.732
22695.816
23478.4
24118.75
24767.934
24749.75
24949.199
25686.75
26353.268
25755.018
24434.666
25246.35
25445.4
24682.35
25224.199
25832.684
25850.133
25667.217
26144.867
26766.35
26018.533
27495.35
28140.6
27710.283
27146.666
28281.684
28051.199
28144.15
27868.801
28242.949
28360.666
28112.018
28197.533
27751.15
28093.533
28926.35
29636.732
30063.084
30350.133
31756.816
31974.666
31414.551
32128.199
32132.217
31815.732
31913.018
30916.334
31868.949
31078.133
31010.15
32586.199
33169.016
33426.934
33548.883
33685.398
34449.816
33608.465
33880.949
33288.066
33565.484
33848.066
33282.551
34028.066
34764.285
35123.535
35198.352
35356.734
35796.285
35806.199
35227.883
35494.398
35369.617
35493.867
34803.285
35367.602
35513.75
35672.199
36139.215
35607.0
35457.352
35634.0
35734.484
35812.867
35844.684
36193.934
35869.816
36077.0
36320.816
36091.398
34949.285
34424.465
32768.084
31449.467
30488.217
30131.533
30095.084
30509.467
30490.949
31844.133
33431.684
33936.398
34561.352
34671.332
34984.883
35876.867
36813.816
36424.602
37188.551
37143.199
36799.082
36031.535
35759.418
35983.668
36597.016
36907.535
37383.285
37932.535
38849.215
39343.535
39457.75
39590.133
38764.949
38655.668
38162.082
38502.398
38544.082
38506.398
38522.883
37775.801
37428.215
37209.465
36636.418
36669.668
37005.949
36745.535
38228.418
38430.332
38758.148
39398.0
39601.016
38768.867
39002.082
38546.0
38559.883
38956.934
39331.016
39731.133
40750.285
40607.535
41171.215
40687.867
40677.016
40206.199
39517.883
39678.199
39604.75
39772.801
39539.75
39867.266
40376.016
40689.332
40216.215
40320.867
41376.883
40842.266
41231.148
40486.199
41103.016
40517.332
39672.148
39104.266
38812.082
38675.668
38917.949
39224.465
39645.883
40817.867
40498.082
41333.0
40804.816
40821.332
40610.551
40135.668
39835.617
39390.266
38728.352
38919.867
38943.883
38665.332
38863.883
38890.0
38602.418
38713.266
38563.949
38671.867
39191.418
39659.867
39578.016
40059.535
40743.215
41011.801
40967.082
41247.398
41081.949
40988.266
40257.949
39825.668
39318.215
39659.934
40011.016
39752.465
40572.484
40853.199
41461.082
41745.934
41731.883
41715.801
42483.148
42786.398
43363.617
43433.535
43131.082
42868.934
42662.617
42606.199
41993.148
41760.066
41875.352
41877.266
41531.148
41431.867
40554.016
41147.867
40700.684
41148.934
41037.215
41904.734
42376.148
43039.867
43449.816
43730.199
42712.418
42915.332
42319.75
42332.668
42699.285
42284.668
42327.148
41905.266
42346.949
42695.734
42715.418
42908.934
42970.082
43475.602
43911.883
44682.535
43928.617
43783.602
43131.75
43125.199
42350.617
42347.0
42214.617
41936.934
42625.551
42680.867
40889.148
42101.332
42012.148
41660.0
41839.75
41619.535
41451.418
41683.934
42340.148
42622.801
42604.816
42517.801
42726.484
43409.066
43509.816
43762.332
43504.418
42982.867
41622.617
40046.602
39205.352
37686.266
36122.215
35567.668
36253.148
37289.801
39614.285
40266.332
39666.215
39684.801
39901.418
39331.668
39755.285
39233.801
38709.484
39627.0
40901.816
41818.332
41738.75
42147.398
42335.148
42826.934
43650.016
43112.266
43030.484
43079.066
42245.484
42775.734
43212.285
43243.398
43102.215
43948.199
44361.418
44334.133
44389.617
43699.934
43564.484
43220.801
43450.016
43117.867
42432.418
42185.465
41700.082
42734.801
43500.816
44211.602
43966.484
44622.465
45524.551
45918.0
45325.016
44841.602
45262.016
44599.535
44482.684
43841.734
44540.484
45053.398
44573.285
44261.398
43884.883
42785.867
42116.883
40553.602
39368.684
39015.602
39084.75
39486.066
39998.75
41219.535
41435.551
42777.266
43085.551
43117.332
43816.816
43997.398
44448.949
44622.066
44753.148
45252.0
46144.484
45445.133
45085.215
44236.867
44116.949
43949.133
43802.816
43829.668
43873.016
44561.398
45580.215
45636.133
45657.215
45646.602
45520.082
45222.934
45230.551
45251.133
44059.016
43518.398
43110.617
42461.934
41600.148
41167.332
41501.883
41837.398
42282.949
42694.535
43407.883
43482.535
43257.352
43083.066
43280.684
42928.066
42566.75
42635.0
43108.484
43662.133
43806.215
43840.801
44377.484
44877.398
44861.352
44869.332
44651.816
44430.535
43834.148
43067.133
42732.617
41836.801
40854.215
42075.266
42002.418
42350.0
42553.148
43105.266
43242.215
43595.934
43101.352
43159.801
43530.016
43012.934
42919.949
42691.535
42618.551
42301.465
41564.75
41116.266
41296.148
41319.867
40865.949
40207.734
40494.484
40319.535
40084.75
40081.199
40372.883
40635.801
40879.949
41349.332
41531.352
41982.133
41678.617
41509.465
41983.418
41866.734
40671.883
41431.398
41033.484
41066.0
41283.418
40675.332
40755.617
41646.266
41783.285
42158.266
42090.75
42144.133
42066.418
41803.801
42305.285
41757.0
41242.949
41151.066
41497.75
41950.398
42123.082
41394.668
41561.949
41410.398
40972.75
41241.398
41370.285
41266.465
41093.418
41283.0
41050.816
41158.734
40557.617
40302.934
40242.285
40183.465
40397.949
39949.734
40848.816
41050.0
41605.617
40901.934
41133.082
41169.199
41399.949
41294.867
41025.285
41215.398
41158.352
40966.398
40924.418
40976.0
40610.016
40194.0
40582.949
40701.133
40841.016
40771.734
40966.684
40948.199
40852.949
41244.934
41296.883
41535.133
40687.016
40286.066
40544.148
39932.734
40019.082
39804.398
40375.75
40839.668
40715.551
40544.266
40835.148
40778.133
41117.684
40932.398
40954.816
41292.066
41113.285
41003.535
41272.949
41305.199
41231.215
41051.0
40363.75
40612.332
39709.551
40017.535
40090.418
40022.867
39689.285
39793.801
39761.816
39670.332
39743.352
40077.934
39758.148
40350.398
40078.816
40049.398
39496.285
39102.066
38747.75
38899.734
38503.352
38544.801
38184.617
38789.398
38994.352
39053.266
38870.215
38458.199
39586.215
39798.602
40070.883
40160.867
40751.883
40900.934
40211.148
40020.199
39881.082
39798.934
39001.883
39142.133
39383.949
39366.199
39705.75
39597.066
40103.352
40007.066
40126.617
39950.199
40162.684
39802.934
39552.352
39005.066
39667.75
39768.266
38935.551
39792.668
39477.082
39813.066
39973.484
39454.199
39729.551
39302.867
38507.215
38115.266
38604.285
38322.934
38053.418
38422.133
38493.883
39472.066
39203.617
39873.867
40031.883
39755.668
39621.352
40021.602
40390.215
39875.801
39341.684
39108.332
39091.949
38585.199
38421.75
38370.199
38913.75
38962.266
38927.148
38873.332
39513.148
39560.801
39186.816
38881.398
38954.75
38475.934
37880.352
37355.465
37413.75
37402.0
37081.551
37371.867
37725.684
38296.801
38508.016
38609.668
38980.883
39174.867
39500.617
39440.867
39577.75
39330.801
39190.883
39709.934
39083.949
39601.133
39224.949
38849.801
39362.418
39256.465
39458.082
39075.0
38882.484
38840.465
38797.215
38248.535
38448.551
38125.934
37998.617
38246.668
37946.75
37726.133
37692.75
37552.066
38354.285
38596.801
37799.883
37972.668
38527.285
38445.535
38310.617
38791.199
38317.949
38017.0
37891.082
37127.133
37610.082
36809.734
37031.352
36898.801
36892.484
37373.066
37179.484
37499.801
37393.148
37284.133
37659.816
37596.0
37835.816
37759.398
37336.082
37388.332
37604.551
37729.066
36923.816
37244.668
37400.352
37447.734
36853.617
37311.332
37964.551
37551.266
37311.684
38120.0
38147.148
38038.332
37742.75
37328.602
37830.684
37431.602
37586.75
37562.398
37333.285
37466.199
37334.684
37072.066
37479.949
37210.465
36569.148
36732.133
37012.418
36766.0
36198.484
36201.535
35915.75
35842.867
35660.082
35202.0
35797.684
35784.133
35516.016
36428.734
36260.418
36485.867
36425.551
36172.934
36701.285
36459.465
36141.082
35692.066
36163.148
36337.0
35535.285
34772.602
34129.551
33413.199
32927.684
32266.732
31894.35
31317.066
30883.217
31984.066
32577.084
32626.535000000003
33160.484
33836.602
34946.016
34647.602
35077.617
34897.668
34911.684
35109.734
34565.352
34454.066
34630.617
34589.867
34196.551
34304.867
34428.418
34635.0
34400.684
34134.801
34533.352
34289.535
34298.617
34128.332
34552.551
34505.602
34163.418
34734.133
34549.285
34391.668
33994.684
33684.398
33779.816
33665.934
33609.551
33773.199
33573.816
33918.734
34005.016
33732.668
33979.352
34449.668
34136.816
33874.934
34171.082
34340.801
34147.617
34312.332
34214.285
33798.867
33607.285
33562.266
33755.617
33600.535
32905.082
33265.602
33191.75
33401.867
33245.352
33039.0
33189.617
33328.266
33593.352
33165.867
33336.285
33627.0
33045.148
33301.535
33325.082
33249.266
32705.084
32755.801
32721.883
32787.133
32816.35
32712.0
32585.35
32639.334
32058.617
32323.467
32194.75
32380.666
31927.75
32272.133
32859.217000000004
32492.133
32925.883
32888.0
32776.018
33215.133
32937.148
32991.066
32982.484
32954.535
33123.684
32947.465
33133.282999999996
32797.199
33099.883
32785.602
33274.551
32640.066
32741.15
32473.066
32759.684
32840.334
32453.018
32264.732
32351.684
32392.732
32381.416
32388.467
32510.482
32555.801
32537.217
32477.934
32409.949
32034.199
31628.018
31546.801
31766.816
31275.268
31009.617
31124.934
31535.617
31464.533
30997.283
31063.334
31421.75
31213.0
30926.816
30640.6
30939.482
30760.334
30364.75
29897.533
30302.816
30314.867
30300.15
30568.4
30431.684
30433.666
29901.15
30081.066
29758.617
29610.199
28923.482
28782.867
28807.949
28412.666
28418.482
27718.801
28075.018
27781.934
27250.551
26502.0
26401.617
26541.066
26297.75
25782.4
26031.684
25948.934
26161.883
26268.533
26824.084
27235.334
27962.482
28688.133
28801.35
28950.934
28941.482
29241.268
29074.15
28700.133
28753.949
28473.533
28817.35
28546.867
28840.617
28943.133
29251.482
29162.666
29369.75
29253.0
29703.816
29551.934
29298.084
29615.801
29894.15
29657.133
29398.084
29151.268
29519.883
29376.268
29154.883
29094.934
29176.35
29201.732
29609.949
28813.268
29314.283
29299.867
29369.551
29213.934
29431.018
29254.199
28858.018
28845.666
28948.617
29155.6
28452.482
28375.533
28598.283
28314.0
28276.949
28418.199
28578.15
28267.133
28135.283
27923.934
27860.482
27904.666
28005.217
27955.467
27946.816
27852.199
27893.684
27775.133
27665.617
27654.732
27469.018
26895.334
27312.018
26875.934
27033.018
26974.666
27119.684
26904.0
27054.084
26984.4
27015.75
27374.934
27180.15
27424.199
27305.416
27494.6
27270.217
26835.467
26958.416
26781.4
26642.551
26840.066
26736.949
26704.533
26702.35
26637.867
27027.15
27496.334
27010.217
27542.6
27691.084
27389.934
27569.416
27292.666
27485.217
27617.666
27774.15
27903.467
27969.15
28369.666
28236.883
28616.666
28934.617
29221.801
28673.217
28553.199
28873.283
29394.199
29194.617
29692.0
29797.551
30209.934
29964.684
30119.666
30019.018
29746.6
29031.416
28047.732
27518.551
27237.199
26932.883
26699.533
26476.018
26476.801
26367.416
26264.533
26496.883
26381.334
26421.35
26384.467
26691.551
26428.199
26337.482
26038.732
26024.35
26202.533
25783.416
26071.467
25960.684
26128.199
26109.75
26199.0
26322.684
26487.268
26118.416
26330.199
26640.283
26421.6
25866.482
26223.0
26563.283
26345.533
26004.15
26270.199
26510.551
25951.334
26380.816
25704.268
26053.684
25732.0
25475.018
25622.0
25472.482
25616.934
25296.883
24831.867
25484.949
25637.467
25252.35
25249.199
25435.416
25232.199
25583.617
25038.133
25189.482
25311.801
25423.482
25370.4
25538.416
25270.6
25399.949
25533.533
25815.75
25329.334
24929.75
24963.732
25209.617
25391.133
25065.684
25201.934
25075.482
25246.199
25040.084
25006.199
25063.551
25020.867
24622.018
24393.934
25025.684
24771.867
24331.75
24249.6
24675.883
24306.934
24295.084
24432.934
24655.416
24353.732
23386.35
24169.533
24584.283
24181.666
24150.018
23775.934
24057.551
24095.6
24379.816
24319.934
24245.416
23922.867
23981.482
23975.268
23416.684
23276.199
22713.416
23044.4
22572.75
22960.4
22501.416
22595.133
23828.416
23614.867
23587.684
24178.334
24067.416
24076.6
23658.883
23471.4
23330.15
23359.199
23081.482
23109.066
23220.949
23241.199
22838.15
23079.268
23672.617
23223.268
22761.551
23056.334
23309.482
23405.533
23063.482
23203.666
23347.283
22990.533
22680.551
22326.801
22712.482
22322.4
22242.283
21810.199
21860.018
21942.268
21280.217
20772.6
20722.15
19419.268
18699.416
17902.334
18076.084
18050.4
18145.35
18362.334
19137.75
19950.133
20411.75
20443.533
20649.217
21245.133
21722.15
21636.4
21283.084
21724.533
21661.482
21756.133
21749.283
21376.0
21047.15
20913.199
21382.15
21248.4
20823.75
21481.0
21374.416
21552.066
21709.35
21512.066
21642.018
21654.934
21404.217
21474.666
21585.816
21775.934
21329.551
21341.934
21739.617
21810.867
21679.482
21735.199
21902.551
21910.199
21730.617
21258.199
21694.75
21679.732
21370.283
21147.334
21415.883
21540.533
21314.684
20900.533
21180.949
21481.0
20871.75
21492.066
21652.816
21571.6
21988.018
21749.199
21794.217
21812.666
21606.217
21695.732
21660.816
21603.533
21252.482
21322.133
21378.084
21399.867
21289.283
21360.199
21591.482
21582.268
21305.482
21076.666
21398.684
21270.934
21462.35
21024.934
21528.283
21360.867
21555.018
21516.666
21644.949
21545.066
21088.617
20817.066
21388.617
21232.4
21403.018
21045.199
20929.018
21013.934
20940.416
21261.934
21044.684
21005.268
20466.217
20489.934
20568.482
20862.6
19993.482
20263.334
20497.15
20534.6
20282.15
20133.934
20529.018
20481.666
20228.617
20364.666
20470.883
20649.666
19967.949
20145.066
20620.75
20684.867
20349.75
20198.732
20317.684
20496.867
20116.551
20121.867
20254.816
20189.666
19664.684
19968.4
19998.217
19782.334
19748.35
19850.732
19585.75
20319.801
19704.018
19594.732
19703.283
19710.867
19632.816
19055.867
19575.35
19616.0
19335.482
19030.066
19549.949
19422.732
19304.816
18770.732
19318.217
19331.867
19227.551
19252.934
18942.018
19173.533
19061.551
18593.6
18887.551
18743.334
18706.816
18233.4
18685.416
18601.199
17986.75
17647.6
18417.416
18224.732
18054.949
17920.334
18166.084
18055.801
17698.018
17671.867
18276.75
17973.133
17830.684
17661.199
18157.018
17715.934
17529.35
17441.467
18087.75
17828.334
17624.816
17571.867
17710.551
17423.6
17092.816
16771.467
17242.883
17324.0
17237.15
17525.0
17639.217
17513.6
16914.018
17567.467
17344.217
17272.666
17243.75
17125.066
17084.617
17210.334
16762.482
16761.0
16172.816
15468.533
14815.217
14125.333
13770.35
13622.134
13563.15
13528.0
14412.417
14870.467
15024.75
15442.8
15779.35
15792.6
15890.55
15817.733
15956.217
15399.533
15454.616
14710.0
15767.15
15681.667
15437.483
15362.667
15763.35
16019.066
16128.35
15807.066
16242.75
16430.667
16075.417
16123.066
16491.95
16470.333
16508.684
16581.732
16741.283
16689.2
16451.283
16102.467
16996.684
16739.467
16722.816
16331.268
16993.35
17083.133
16894.35
17068.533
17151.217
16674.467
16820.482
16481.867
17051.482
16926.6
16835.283
16733.732
16771.084
16976.934
16556.617
17121.934
17066.35
17094.066
17106.217
16662.334
17359.949
17310.666
16903.949
17032.268
17749.084
17442.268
17202.617
17652.334
17898.018
17555.867
17327.018
17410.133
17119.15
17271.801
16743.35
16916.732
17266.084
17129.934
17131.018
17605.934
17253.35
17363.533
16723.684
16597.6
17524.018
17326.199
17145.018
17333.666
17125.684
17259.6
17365.35
17045.0
17082.15
17059.666
17015.15
16940.6
17125.617
16775.066
16882.018
16709.199
17130.482
16857.6
16964.816
16911.934
17325.217
16933.732
16986.949
16876.533
17108.35
17378.867
17346.949
17240.934
17180.018
17046.4
16902.75
17165.0
17332.283
17391.867
17418.084
17001.334
17663.482
17490.732
17476.018
16915.0
17481.018
17376.467
17219.684
17087.0
17218.084
17326.533
17451.949
17330.801
17440.283
17127.133
17232.684
17411.666
17156.883
17246.199
17154.482
16975.666
17101.684
17205.934
16943.084
16902.934
17043.018
17279.268
16387.551
17104.867
17123.883
17051.268
16375.883000000002
16699.467
17022.084
17147.199
16991.684
17045.268
16984.283
17089.0
16829.15
16714.4
17104.684
16878.066
16930.15
16597.801
16865.617
16870.666
16533.816
16524.934
16819.283
16401.8
16423.217
16253.934
16587.017
16464.267
16159.083
16447.934
16418.417
16145.134
16304.75
16441.066
16283.616
16248.533
16034.95
16028.4
16357.417
16037.134
16192.55
15805.467
15917.75
15979.066
15868.75
15925.934
15770.217
15678.6
15659.217
15596.134
15850.483
15784.533
15770.816
14889.6
15214.217
15131.134
14961.017
14406.134
14355.55
14425.066
14127.417
13486.267
14062.017
13892.667
13090.884
13467.4
13399.35
13067.4
13218.75
12690.667
12826.616
12679.8
12414.75
12563.066
12804.884
12648.934
12815.483
11595.533
12389.483
12439.4
11975.017
12317.6
12500.15
12573.2
12314.35
12703.667
12887.616
12903.6
13080.616
13452.4
13447.95
13275.6
13366.283
13119.667
13127.283
13287.6
13287.684
12755.2
13216.15
13033.333
12776.417
12195.866
12582.017
12376.533
12077.55
11998.333
11861.417
11936.733
11759.017
11646.134
12024.95
12023.667
11866.616
11897.934
12002.417
11836.733
11759.217
11620.333
12072.083
11871.866
11547.15
11980.0
12359.15
12144.267
11829.017
12018.733
11974.55
12018.733
11959.217
11845.733
11905.283
11676.8
11149.283
11657.667
11544.483
11682.467
11809.684
11300.267
11848.083
11699.6
10986.217
11269.733
11526.55
11374.2
11405.217
11634.8
11772.816
11721.134
11906.75
11826.467
11965.483
11763.6
11744.483
11445.467
11687.217
11789.467
11502.616
11504.934
11774.55
11719.4
11464.684
11935.066
11945.816
12087.934
11646.684
11812.134
12005.217
11908.134
12149.884
11446.066
11979.483
11817.333
12026.417
11598.866
12273.35
12002.066
12151.017
11766.333
12284.75
12247.4
11938.816
11735.066
11968.417
11714.934
11627.816
11874.733
11809.283
11663.333
11350.884
11329.4
11563.083
11742.4
11587.816
11742.0
11725.017
11550.8
11367.483
11566.934
11648.15
11497.4
11800.417
11182.134
11482.283
11750.934
11723.35
11427.4
11492.75
11070.467
10755.083
11238.0
11149.684
11184.8
10386.217
10953.8
11237.884
11099.2
10821.816
11141.533
11349.417
10966.533
11117.684
10942.866
11189.217
10855.667
10621.55
10562.866
10925.083
10864.134
10433.616
10694.134
10710.884
10845.066
10704.283
10704.066
10801.75
10662.333
10494.283
10695.533
10817.283
10763.866
10572.95
10933.0
10658.684
10770.866
10688.417
10479.0
10695.884
10625.934
10493.417
10351.667
10441.95
10511.4
10208.283
10130.8
10589.35
10538.134
10258.083
10312.533
10554.083
10558.333
10159.816
10218.6
10416.816
10237.267
10020.884
10423.267
10390.884
10168.333
10393.15
10171.733
10263.884
10172.6
9905.55
9548.667
10256.55
9896.333
10120.017
9925.533
10084.816
9850.866
9840.15
9655.6
10046.217
9872.2
9792.884
9525.467
9800.483
9828.333
9649.483
9625.467
9898.217
9855.8
9345.75
9498.6
9802.083
9765.333
9105.35
9261.4
9687.95
9636.2
9524.283
9200.6
9773.283
9651.4
9581.55
9325.2
9477.417
9299.134
9198.816
9344.533
9506.95
9295.4
9148.15
9163.134
9617.75
9590.667
9390.884
9091.4
9202.417
9376.2
9185.283
9003.134
9333.684
9219.733
9216.75
8899.866
9106.684
9192.667
9149.15
8998.467
9192.217
8972.134
9369.55
8717.267
9141.55
9073.134
8831.95
8423.0
9131.816
9099.8
9132.017
8756.8
8901.75
8720.066
8853.55
8968.866
9258.884
8471.333
8755.017
8532.934
8828.35
8269.733
7902.483
7289.4
7120.75
6348.733
5608.35
5060.0
4498.4169999999995
3760.2
3417.483
2775.6
3089.083
3005.933
2725.95
2911.0
3788.35
3946.533
3912.0829999999996
4838.2
5354.883
5619.733
5934.883
5252.733
6001.55
5634.533
5505.683
5157.733
4974.617
5058.2
4772.883
4544.4
4922.883
4978.267
4948.35
4699.8
5463.617
5214.067
5261.283
5836.667
5888.083
6124.267
5789.817
6259.667
6448.55
6385.133
6399.55
6630.467
6900.083
6913.0
6453.217
6694.2
7258.883
7245.4
6828.617
7286.2
7571.417
7682.467
7582.017
7580.667
8064.483
8005.733
7419.817
7523.0
8230.017
8280.467
8124.217
7822.533
8361.15
8177.933
7982.217
7994.933
8477.417000000001
8249.133
7400.35
8261.0
8407.15
8488.8
8162.683
7963.733
8430.817
8358.8
8165.417
8087.533
8207.217
8332.133
7927.15
7756.067
8672.283
8257.6
8079.817
8076.667
8425.683
8315.067
8183.95
8125.0
8344.817
8298.4
8134.283
8107.067
8395.417000000001
8377.6
8243.95
8132.2
8439.283
8353.133
7812.683
8008.8
8333.017
8237.0
7894.083
7832.2
8231.75
8106.4
8149.417
7922.333
8185.483
8296.667000000001
8012.883
7524.2
8323.417000000001
8193.067
8204.75
8019.933
8530.017
8227.067
8068.55
7822.667
8330.283
8108.267
7683.483
7528.933
8164.817
8101.4
8120.283
7520.933
8232.55
8059.067
7921.683
8010.133
8219.283
8152.133
7969.55
7904.0
8422.883
8223.332999999999
7372.683
7736.667
8318.617
8083.467
8074.483
7911.333
8308.617
8182.067
7723.883
7546.133
8127.95
7995.133
7933.817
7827.333
8136.683
8117.8
7952.417
7480.733
8194.217
8105.467
7763.817
7441.133
8033.483
8180.667
7871.35
7798.733
8150.35
7773.2
7740.15
7829.333
7871.617
7777.733
7657.017
7466.933
8023.483
7858.133
7498.617
7419.133
7901.417
8032.667
7327.55
7417.933
7895.35
7806.8
7847.017
7608.4
7824.083
7715.6
7696.417
7352.733
7994.683
7760.4
7483.017
7468.067
7832.95
7761.4
7566.683
7084.467
7716.817
7656.533
7572.283
7046.267
7812.75
7600.733
7127.883
7564.533
7630.083
7535.8
7127.683
7239.2
7405.683
7528.8
7278.75
7221.067
7530.417
7280.467
7272.15
7056.2
7377.683
7408.2
6944.083
6863.8
7342.55
7327.067
7034.95
7001.267
7072.35
7248.267
6789.217
6966.933
7013.617
7057.667
6889.017
6658.667
7238.15
7079.533
6711.15
6389.2
6968.15
7131.6
6927.55
6637.467
6976.283
6933.067
6238.483
6670.667
7084.15
6717.333
6550.817
6632.933
6865.617
6901.467
6519.283
6363.933
6784.217
6884.667
6697.55
6628.8
6930.083
6728.667
6461.55
6196.0
6827.617
6636.067
6866.883
6359.867
6857.95
6763.4
6281.017
6326.2
6820.683
6619.667
6423.083
6509.133
6796.95
6723.667
6325.483
6232.4
6837.683
6596.4
6455.017
6476.733
6722.883
6580.533
6174.75
6040.333
6421.95
6369.867
5874.283
6023.267
6494.817
6321.2
6501.283
6155.0
6507.75
6367.533
6567.15
6190.2
6442.083
6328.133
5991.083
5961.133
6421.683
6285.067
5837.55
5312.933
6270.417
6302.467
5845.55
6048.333
6304.883
6079.8
5922.417
5864.867
6268.283
6055.4
5872.75
5530.4
6128.35
6175.067
5451.15
5598.933
6178.483
5947.6
5717.083
5478.933
6064.617
6060.867
5957.95
5553.067
6149.35
6047.6
6002.217
5843.4
6074.35
5918.133
4700.683
5214.4
5974.95
6024.867
5668.95
5375.333
5903.95
6035.733
5402.283
5413.267
5810.35
5778.133
5316.483
5386.467
5854.15
5810.533
5174.283
5166.2
5701.15
5662.0
5412.817
5421.8
5658.083
5571.667
5168.083
5538.667
5651.95
5656.2
5152.217
5356.667
5754.083
5534.8
5085.75
4982.133
5572.017
5583.0
5437.417
4871.933
5656.817
5528.2
4841.017
4984.533
