281.08299999999997
85.083
-135.183
160.683
455.41700000000003
142.88299999999998
208.817
251.683
247.417
265.35
127.15
-158.78300000000002
220.817
220.683
15.950000000000003
-31.983000000000004
365.35
1.75
66.35
384.41700000000003
433.283
188.017
466.41700000000003
162.483
295.817
208.683
229.61700000000002
-118.117
206.55
213.35
328.217
27.283
293.41700000000003
208.483
248.017
27.417
568.417
472.817
96.417
-48.25
253.28300000000002
128.35
-6.316999999999993
193.95
207.28300000000002
243.083
148.88299999999998
240.15
220.817
250.35
-35.117000000000004
48.617000000000004
622.083
298.35
-7.049999999999997
-243.11700000000002
442.017
451.08299999999997
34.083
46.95
383.817
451.883
396.017
234.083
427.217
376.617
165.61700000000002
338.75
394.08299999999997
403.817
335.15
-126.783
451.95
302.617
43.016999999999996
83.817
395.75
202.083
150.95
82.483
308.483
496.217
210.817
66.35
241.15
351.95
36.283
15.016999999999996
249.28300000000002
213.61700000000002
499.41700000000003
9.683000000000007
187.683
225.75
351.617
-50.117000000000004
206.75
263.617
202.95
100.217
417.683
371.15
-228.517
32.283
407.41700000000003
316.283
231.75
219.55
473.617
294.41700000000003
12.216999999999999
291.95
110.883
339.41700000000003
255.95
288.15
415.15
297.55
564.417
-221.917
338.15
372.95
121.283
368.15
388.017
457.75
273.55
115.283
358.883
254.483
-50.717
122.483
338.683
320.08299999999997
137.95
23.016999999999996
419.217
452.683
61.349999999999994
-234.05
361.75
323.817
99.217
149.15
276.683
434.75
341.483
53.217
305.35
333.683
-265.45
-139.85
313.08299999999997
212.75
180.417
5.549999999999997
337.617
267.15
61.882999999999996
228.55
409.017
319.08299999999997
254.75
-101.65
460.35
421.283
433.95
158.21699999999998
494.217
286.017
170.21699999999998
351.017
423.15
81.017
376.95
-158.65
142.95
243.95
15.950000000000003
368.283
598.883
431.883
171.55
-79.517
508.683
150.75
464.217
30.349999999999994
389.483
358.08299999999997
321.95
390.683
529.95
357.95
436.35
317.017
339.75
232.35
390.017
-345.117
395.283
356.817
188.61700000000002
153.017
135.15
328.217
476.217
176.21699999999998
256.35
307.883
125.75
-200.38299999999998
281.55
394.55
468.817
191.683
395.283
318.55
58.483000000000004
-309.25
443.08299999999997
250.75
-56.983000000000004
20.816999999999993
258.883
195.75
-1011.25
-84.183
128.417
285.483
259.95
-55.18300000000001
573.483
411.41700000000003
272.017
75.883
274.883
243.483
-97.317
432.217
536.083
290.483
-175.71699999999998
45.016999999999996
320.617
332.35
-102.183
359.15
381.217
266.283
396.683
355.75
332.883
421.15
252.417
192.417
375.75
253.417
414.483
40.283
406.283
444.017
342.017
-66.183
224.35
331.017
85.083
-278.117
379.35
354.41700000000003
266.617
-120.983
361.41700000000003
347.95
223.35
95.15
363.55
368.683
-148.183
220.35
334.617
75.75
-137.25
166.683
277.483
220.88299999999998
325.283
173.35
271.883
518.95
101.683
173.75
386.95
544.017
403.017
172.61700000000002
218.683
289.683
102.75
507.817
364.55
221.75
-153.65
119.817
217.483
291.95
272.483
-5.316999999999993
553.883
559.75
36.150000000000006
292.41700000000003
381.95
355.217
243.21699999999998
111.75
349.883
390.55
92.683
146.61700000000002
303.08299999999997
340.883
194.15
306.08299999999997
473.08299999999997
447.617
419.41700000000003
120.55
573.417
192.217
394.283
-125.44999999999999
385.95
200.283
-67.18299999999999
310.483
359.75
219.283
554.55
415.55
405.41700000000003
288.683
667.15
113.21700000000001
408.217
317.55
-7.317000000000007
295.817
659.417
440.75
580.75
-7.25
472.35
395.483
417.61699999999996
233.483
378.283
559.017
-16.44999999999999
272.15
647.483
364.017
180.617
213.883
383.217
396.817
552.55
220.283
692.017
586.083
735.55
482.217
740.483
557.0830000000001
270.283
388.55
438.417
662.217
838.0830000000001
256.617
766.483
637.55
594.95
737.017
669.75
560.217
406.283
702.35
546.883
818.4169999999999
172.817
337.683
625.617
599.55
619.283
468.883
945.55
624.55
774.017
609.283
745.95
711.817
754.0830000000001
376.15
1072.35
531.283
632.35
563.0830000000001
900.617
585.283
773.483
663.483
677.017
948.217
848.883
746.283
695.75
944.683
706.75
518.15
1006.883
800.217
700.283
642.35
640.217
736.017
858.55
738.217
965.75
850.483
637.617
586.483
749.883
871.75
762.683
658.95
996.217
561.55
819.217
550.083
755.15
642.217
825.15
926.883
804.15
543.417
848.95
1027.883
526.417
941.083
793.283
834.617
859.083
837.217
695.817
1053.017
1242.35
750.417
777.683
1375.417
996.483
1206.883
582.083
780.217
1259.083
1086.017
1228.15
1311.95
843.2829999999999
822.017
943.1500000000001
905.3499999999999
1450.55
1272.217
742.683
1220.083
1115.683
1327.017
1357.75
1176.483
1093.283
1429.817
707.3499999999999
988.617
1113.55
1293.283
1611.083
1560.35
1507.283
1461.683
1266.55
1376.083
1379.083
1285.083
905.3499999999999
1117.35
1465.417
1278.55
1525.75
1098.483
1607.017
1503.283
1609.083
1421.55
1564.75
1497.017
1089.617
1561.55
1418.55
1334.083
1251.95
1386.017
1368.417
1486.083
1386.55
1169.017
1491.75
1278.217
1251.483
1138.483
1593.75
1498.683
1446.617
1525.283
1624.95
1386.683
1334.15
1262.083
1506.75
1538.617
1406.75
1148.15
1658.55
1385.283
1436.683
1426.95
1561.217
1454.55
956.2829999999999
1385.683
1474.617
1542.417
1566.417
1751.483
1878.617
1697.017
1722.083
1696.483
1826.15
1900.55
1739.617
1824.617
1807.95
1833.55
2006.883
1855.683
2216.617
1695.883
1273.417
1528.417
1718.683
2033.95
1758.15
1852.217
2208.283
2004.083
1938.283
1881.75
2103.017
2161.75
2185.617
1904.017
2267.55
1963.217
1823.683
1721.683
1760.083
1690.35
1988.483
1329.483
1730.683
1873.817
2124.417
1771.15
2080.95
1986.083
2176.817
1988.017
2064.017
2142.217
2103.083
2027.017
2331.95
1917.083
2446.35
2189.017
2211.75
2130.75
2029.083
2223.15
2463.75
1834.483
1954.683
2268.617
2507.017
2222.083
2301.617
2049.483
2133.483
2014.617
2103.15
2236.95
2209.55
2531.417
2807.55
2083.283
2686.35
2656.283
2543.15
2426.017
2488.683
2352.617
2314.883
2618.35
2550.55
2362.217
2132.55
2259.95
2175.483
2169.683
2481.95
2386.883
2559.95
2769.417
2598.15
2730.283
2958.683
2699.083
3013.35
2847.017
3206.817
2959.617
2787.083
3021.75
3022.217
2933.483
2734.217
2891.283
2707.55
2793.417
2663.017
2836.817
2797.417
2588.017
2235.483
2520.817
2447.55
2470.35
2295.35
2246.283
2481.417
2232.75
2170.817
1863.617
2466.883
2042.15
2399.217
2404.75
2619.017
3113.817
2928.817
3219.35
3073.55
3282.35
3400.017
3010.817
3178.617
3139.55
2833.883
2748.617
3029.35
2889.95
3144.617
2703.55
2975.883
3042.017
3009.817
3170.95
3160.883
3200.283
3382.417
3346.75
3369.75
3364.883
3284.083
2989.75
3337.817
3406.883
3249.75
3503.55
3585.217
3437.683
3322.35
3015.083
3545.217
3450.35
3754.817
4060.217
4152.0830000000005
4533.617
4523.95
4376.617
4307.417
4225.017
4333.0830000000005
3945.0829999999996
4516.75
4202.75
4363.55
4290.75
4507.35
3989.817
4146.617
4292.282999999999
4137.617
4165.683
3955.817
3691.617
4292.95
4407.55
4276.35
4489.417
4652.017
4647.55
4552.017
4270.75
4623.617
4543.35
4034.017
4222.017
4198.95
4418.483
4319.283
4571.817
4749.95
4498.283
4350.817
3813.2830000000004
4061.483
4165.75
4216.282999999999
3939.217
4365.75
4022.75
4064.083
3836.283
3737.75
3707.283
3614.35
3690.283
3730.483
3839.083
3610.35
3743.55
3504.35
3699.15
3836.283
3985.017
4267.55
4444.683
4581.15
4720.083
4504.417
4596.35
4155.483
4695.883
4497.283
4508.083
5052.75
4784.35
5474.017
5506.083
5436.883
5681.35
6265.417
5746.483
5863.55
5332.75
5487.95
5394.817
4944.55
4678.95
4723.75
4571.683
4369.95
4510.617
5021.683
4641.617
4956.683
5001.75
5516.417
5509.417
5621.817
5330.417
5154.283
5017.483
4617.817
4468.883
4519.483
4110.217000000001
3947.417
3800.883
3841.483
3770.75
3207.083
3535.617
3520.883
3193.15
2867.483
3650.55
3705.95
3852.883
4176.35
3949.3500000000004
4790.683
5048.35
5126.75
4977.217
5058.617
4816.617
4428.283
4570.283
4491.95
4703.683
4690.55
4495.35
5095.683
4753.283
4929.283
4829.35
4985.75
4946.55
4841.417
4302.617
4924.15
4773.75
4907.017
4848.217
4754.35
4783.617
4856.083
4843.883
5571.683
5628.817
5628.683
5921.283
6102.35
6167.483
6141.15
5930.55
6300.217
6083.15
6509.75
6114.683
6571.35
7025.483
6327.017
6571.283
6618.35
6381.817
6346.883
5571.417
5448.083
4867.55
4566.817
3608.283
3400.75
2873.417
2659.083
2680.75
3233.883
3561.817
3923.55
4486.55
4876.683
5148.417
5454.483
5959.75
6253.817
6706.883
6562.75
6565.35
6693.483
6105.817
5981.15
5622.35
5242.95
4401.083
4029.617
3724.083
3705.083
4079.75
4274.55
4879.15
5817.75
6157.283
6392.217
7303.95
7579.483
7753.617
8161.75
7880.817
8592.75
8681.217
9054.083
8807.283
8752.017
9202.95
8933.95
9007.616
9131.417
8982.15
9284.217
9063.083
9699.95
9549.884
9640.217
9449.616
9945.15
9813.483
9644.55
9748.55
10295.884
10056.884
10013.95
9781.55
9931.217
9436.75
9508.816
9700.75
9766.217
10259.017
9980.616
10099.283
10168.616
9795.816
9540.283
9295.684
9479.417
9799.417
9926.017
9879.816
9898.417
9885.55
9799.95
9678.816
9573.55
9537.684
9370.35
9490.083
9933.816
9720.884
9929.884
9591.483
9734.083
9986.017
9720.616
10142.55
10350.884
10325.483
10453.616
10534.95
10670.417
10994.616
11279.55
11106.816
11022.083
10944.017
10200.616
9647.55
9772.417
9725.483
9635.684
9556.017
9920.684
10153.017
10336.616
11016.217
10937.684
11577.35
11536.616
11576.017
11554.684
11994.017
11348.55
11492.083
11903.75
11406.684
11453.816
11674.75
11608.483
11379.483
12039.55
11563.417
11881.417
11842.083
11735.15
11463.55
11678.217
11541.35
11578.684
10956.75
11658.417
11443.35
11497.95
11090.417
11429.616
11824.417
12052.417
11724.55
11962.884
12065.616
11842.616
11822.95
11766.884
10679.816
11140.15
11200.15
11246.55
10774.616
11418.483
11264.35
11282.217
10970.616
10952.684
11341.884
11505.15
11427.083
11504.217
11265.483
10951.816
10952.017
10360.017
10598.55
11338.417
11169.55
11301.35
11728.217
12049.884
12121.283
12324.483
11941.35
12014.884
12225.684
12135.35
11640.217
11407.417
10926.083
11094.95
10299.35
11002.55
11231.15
10884.083
10906.75
11749.417
11756.283
11142.283
11203.35
12084.684
12279.417
11934.684
11743.15
11888.283
11945.884
11649.283
11579.816
11843.417
11650.816
11963.483
12229.417
11954.95
12220.616
12497.95
11573.483
11834.95
11696.684
11297.55
11540.75
10796.55
11089.35
11129.417
12165.95
12046.75
11872.217
11852.15
11381.017
11658.017
11623.083
11956.684
11617.217
11377.417
10794.55
10595.816
10235.283
9859.017
9767.816
9056.35
8913.15
8915.017
8911.283
9466.816
9938.483
10929.083
11615.017
12881.816
13063.083
14136.083
13261.75
12655.616
13164.816
12998.15
12779.15
13609.283
13750.417
13972.55
13818.884
13670.217
13063.684
12513.884
12143.35
12364.884
12319.55
13642.283
13095.15
13728.684
13845.616
14137.816
14198.083
13787.75
14572.417
14792.15
15482.55
15343.017
15480.816
15801.55
16182.95
15059.884
15254.55
14596.017
14982.017
14965.35
15382.75
14749.083
14532.483
14075.95
13823.95
14073.95
13739.15
12813.483
13732.884
13562.483
14499.95
14642.884
14715.55
15672.616
15287.283
14830.75
15182.15
15234.35
14992.283
15001.616
15267.75
15685.616
16136.017
16174.483
15895.816
16020.083
17746.084
16399.55
16464.483
16758.949
16088.684
16733.283
16681.018
17322.684
16715.75
16113.217
16457.483
16746.15
16584.75
16031.417
15975.616
17114.75
17590.416
17183.084
16492.75
16889.15
16668.551
16524.084
15611.816
16546.15
16442.417
16067.217
15307.75
15959.816
16251.083
16259.884
15785.15
16916.217
16937.35
16727.949
17119.018
17315.217
18114.482
17275.75
17059.617
17673.35
17239.482
17600.551
16622.684
16987.551
17788.217
17348.018
17461.949
17495.416
17048.15
17261.283
17771.35
18449.217
18179.018
18151.283
18353.217
18155.551
18636.416
19148.684
18652.482
18566.883
18126.217
18141.551
17597.883
18070.482
17714.684
18031.75
17286.684
16839.883
17102.416
17016.684
16716.084
17299.617
16829.416
16943.217
17128.949
17034.75
17124.75
16995.684
17556.883
18047.684
18506.217
17524.084
17713.949
17717.551
17109.949
18075.416
17650.018
18206.551
18222.617
18627.75
18639.482
18766.018
19094.283
18447.416
17994.482
19757.551
19062.416
19010.684
19306.283
19545.75
18172.416
18989.15
18199.684
19243.15
18889.617
18118.684
18782.35
19301.482
19007.617
19127.75
20206.217
19521.217
18873.482
18621.35
18426.75
18253.416
18895.217
19696.75
19552.15
20269.084
20420.35
20858.15
20295.551
20353.482
20772.551
20558.217
20569.283
20510.15
20644.416
21143.949
20743.35
21477.018
21249.684
21322.283
21842.084
21633.283
21612.217
21112.75
21242.684
21561.018
21112.617
21004.551
20757.883
21521.482
21185.883
22284.15
21471.416
21062.15
21642.15
21768.684
22568.816
22673.883
22777.217
22160.883
22424.416
21792.018
21941.018
21734.35
22255.551
22399.416
24426.15
22472.617
23471.084
23882.15
24070.816
23552.084
24900.416
24294.816
24637.15
25525.816
26287.551
24966.949
25531.482
24932.617
25252.75
27085.482
25391.018
25625.084
24680.35
24607.217
24754.217
25472.217
25373.416
25934.949
26722.018
26109.816
26973.816
27705.15
28470.816
28467.018
28691.416
29518.15
30241.617
29520.883
28053.283
28946.482
29204.684
28352.018
29009.018
29607.018
29713.949
29455.35
29977.084
30652.217
29927.084
31567.35
32314.15
31820.15
31223.35
32410.75
32236.883
32309.75
31958.15
32392.949
32533.949
32300.684
32341.084
31922.35
32255.551
33221.082
34052.949
34476.418
34851.016
36398.215
36676.75
36067.551
36752.016
36819.352
36527.684
36542.883
35539.285
36590.352
35714.016
35632.352
37400.148
38002.215
38317.551
38405.684
38678.418
39418.816
38509.75
38762.949
38168.949
38509.883
38795.75
38243.082
39060.484
39798.684
40233.816
40332.551
40531.883
41012.617
41044.352
40348.352
40682.285
40544.285
40668.551
39965.617
40594.551
40745.949
40979.949
41393.352
40890.883
40666.352
40868.484
41023.551
41087.883
41122.215
41468.75
41210.75
41420.285
41637.082
41373.285
40119.352
39515.883
37651.617
36150.016
35127.148
34768.551
34686.418
35218.75
35227.617
36611.016
38412.684
39033.352
39677.352
39897.352
40136.684
41129.484
42242.617
41843.684
42557.285
42578.617
42150.148
41285.352
40948.551
41218.418
41862.949
42242.551
42725.148
43472.617
44436.684
45028.352
45188.148
45268.285
44441.551
44230.484
43754.352
44072.484
44119.75
44137.684
44066.551
43262.684
42847.285
42599.816
41956.883
42066.617
42439.148
42213.484
43784.883
44044.949
44387.883
45109.75
45334.352
44366.285
44571.016
44138.352
44199.883
44583.285
44976.285
45487.551
46545.883
46431.551
47019.684
46522.016
46489.285
46018.816
45230.285
45375.148
45290.551
45505.484
45232.016
45588.215
46183.617
46502.617
46032.551
46146.352
47227.016
46695.016
47149.215
46341.082
46980.684
46342.551
45334.75
44850.949
44386.883
44347.883
44589.016
44907.617
45439.617
46617.684
46393.148
47270.016
46670.418
46762.684
46439.016
45971.285
45609.082
45092.551
44393.215
44550.883
44528.016
44268.418
44519.75
44510.816
44231.148
44292.75
44125.148
44286.215
44853.551
45331.016
45361.082
45893.352
46582.684
46908.418
46822.949
47204.551
46947.418
46881.352
46056.418
45548.352
44986.215
45354.484
45709.816
45435.352
46353.352
46701.215
47374.883
47616.949
47640.215
47621.883
48552.016
48952.617
49521.883
49637.352
49197.551
49004.883
48739.082
48684.949
47922.352
47691.816
47809.352
47835.215
47460.082
47381.285
46378.016
47004.148
46590.75
47026.418
46932.215
47853.684
48444.816
49202.215
49571.551
49897.816
48769.684
48895.551
48270.418
48362.418
48715.883
48364.883
48307.75
47922.883
48354.016
48788.082
48787.418
49008.082
49097.285
49562.352
50051.148
50985.016
50132.016
49951.352
49160.684
49183.684
48309.949
48285.949
48198.551
47900.148
48594.883
48751.883
46846.684
48117.75
47963.551
47626.684
47806.484
47496.617
47418.816
47737.016
48339.949
48687.148
48703.684
48570.352
48792.75
49582.148
49678.617
49990.75
49658.883
49038.418
47501.617
45790.684
44906.883
43148.75
41382.816
40822.684
41588.551
42761.75
45350.75
45980.082
45370.418
45424.418
45638.082
45048.016
45445.082
44898.285
44301.551
45379.418
46757.352
47798.684
47705.75
48203.148
48374.883
48893.418
49775.418
49274.215
49090.949
49166.816
48302.352
48810.816
49368.484
49411.285
49208.883
50131.949
50573.617
50555.016
50663.949
49881.418
49705.617
49342.418
49575.148
49175.949
48425.418
48163.949
47671.484
48812.949
49683.75
50482.551
50188.082
50892.016
51813.949
52246.883
51596.082
51142.484
51504.082
50843.75
50650.352
50012.285
50722.016
51291.949
50769.352
50389.551
49965.883
48791.148
48061.684
46397.082
45017.684
44643.551
44683.016
45173.484
45747.816
47113.148
47388.617
48815.883
49161.949
49231.75
49963.551
50140.148
50678.082
50864.016
51031.75
51553.148
52479.215
51716.75
51284.484
50346.484
50260.484
50065.352
49973.148
49992.949
50015.148
50777.551
51867.418
52010.949
51937.617
51946.418
51802.883
51557.684
51448.148
51436.418
50266.352
49620.484
49140.016
48443.949
47596.285
47013.285
47396.617
47702.215
48226.816
48706.016
49464.016
49606.215
49405.949
49197.016
49341.816
49006.75
48554.883
48710.551
49198.484
49717.215
49955.75
50031.551
50547.484
51157.082
51150.883
51224.082
50909.484
50695.285
50042.215
49133.816
48742.215
47787.484
46691.215
48093.352
47993.75
48369.016
48548.816
49245.883
49384.949
49800.684
49182.215
49243.949
49609.484
49079.285
48912.484
48728.215
48610.617
48238.352
47454.352
46982.883
47098.617
47217.352
46613.148
45978.352
46245.551
46188.285
45842.551
45757.883
46149.75
46465.484
46782.148
47210.148
47400.551
47935.215
47654.617
47419.949
47904.617
47812.75
46513.484
47331.418
46823.816
46893.484
47142.285
46396.75
46568.418
47488.75
47694.551
48163.352
48012.285
48091.016
48068.148
47714.484
48221.148
47649.215
47096.082
46970.484
47387.082
47880.75
48053.352
47222.949
47414.418
47286.352
46858.883
47151.215
47288.883
47127.551
46996.484
47168.551
46796.949
47003.148
46322.352
46043.148
45976.148
45906.352
46146.75
45683.816
46613.418
46887.352
47441.148
46774.215
46942.148
46924.285
47263.617
47118.484
46812.016
47005.949
46926.148
46769.352
46770.816
46781.816
46444.148
45902.016
46361.617
46513.684
46631.484
46575.617
46734.551
46768.617
46672.684
47119.215
47144.082
47360.016
46468.816
46038.816
46246.551
45623.75
45722.418
45515.418
46013.082
46628.684
46487.484
46331.883
46683.883
46604.816
46927.684
46785.352
46857.75
47186.418
46894.418
46906.684
47093.684
47177.418
47013.082
46944.684
46184.949
46352.484
45490.551
45764.352
45751.484
45702.418
45286.148
45492.816
45372.551
45312.551
45366.285
45775.551
45419.285
46076.215
45799.285
45698.082
45123.484
44679.949
44269.418
44421.352
43989.551
44037.617
43706.816
44326.016
44584.352
44582.484
44376.082
44072.148
45221.816
45454.949
45722.617
45841.215
46489.684
46665.949
45941.484
45685.285
45525.215
45469.215
44607.016
44730.215
44937.016
44949.684
45339.418
45318.816
45766.484
45711.684
45807.484
45579.418
45852.684
45490.016
45162.883
44609.684
45206.949
45325.617
44487.352
45435.949
45008.418
45342.418
45580.418
45063.148
45324.684
44905.617
44050.949
43577.148
44054.617
43801.949
43475.016
43965.418
43994.816
45095.484
44754.816
45496.816
45644.082
45363.418
45316.816
45671.082
46018.816
45475.883
44954.352
44663.949
44651.016
44066.352
43855.617
43814.148
44435.484
44486.75
44472.484
44424.148
45062.684
45092.352
44691.352
44461.016
44402.617
43950.418
43224.418
42711.215
42703.883
42731.352
42328.75
42667.082
43033.352
43636.484
43928.148
44135.285
44422.215
44676.082
45048.949
45027.816
45148.551
44912.016
44726.082
45292.082
44641.75
45078.285
44750.75
44382.148
44905.684
44823.883
44991.816
44587.484
44399.949
44303.684
44290.215
43729.082
43838.551
43547.949
43301.617
43660.148
43225.285
43063.816
43020.684
42928.684
43702.215
44064.949
43236.016
43376.352
43939.215
43859.75
43730.148
44236.016
43671.816
43387.816
43219.949
42433.418
42882.551
42013.148
42248.285
42177.082
42150.215
42652.949
42410.016
42833.082
42672.082
42590.285
43006.551
42895.551
43224.215
43149.949
42670.949
42779.352
42930.484
43096.016
42240.016
42572.082
42744.352
42791.082
42161.617
42723.684
43371.016
42963.75
42703.285
43493.148
43566.016
43469.816
43126.082
42733.617
43298.215
42810.148
42995.883
42977.082
42658.484
42807.949
42752.883
42491.148
42860.215
42591.082
41881.816
42064.148
42290.883
42132.617
41430.148
41453.418
41125.285
40990.684
40747.215
40358.949
40935.418
41002.285
40650.352
41652.816
41519.016
41768.082
41768.215
41465.352
41956.418
41774.75
41431.816
40916.75
41409.684
41573.148
40755.082
39907.75
39102.418
38296.215
37777.949
37004.016
36594.016
36024.418
35465.883
36750.352
37431.016
37474.883
38074.883
38845.684
40047.418
39781.883
40226.418
40032.75
39935.949
40141.551
39659.215
39534.285
39707.949
39678.215
39229.016
39354.684
39495.551
39719.949
39452.551
39152.883
39617.484
39328.352
39351.148
39141.148
39546.949
39537.148
39237.082
39799.285
39582.883
39442.016
39004.215
38788.684
38793.082
38694.285
38638.418
38731.285
38540.215
38936.418
38976.75
38734.016
38945.352
39421.484
39150.949
38866.285
39183.684
39379.285
39143.285
39325.684
39215.551
38742.082
38570.949
38494.75
38686.883
38539.949
37778.285
38105.617
37982.617
38295.016
38093.949
37917.617
38042.285
38206.883
38481.418
38055.75
38206.352
38468.883
37891.949
38157.684
38133.016
38080.215
37495.352
37617.016
37490.551
37524.082
37550.949
37498.082
37375.617
37392.684
36744.016
37123.617
36824.816
37148.148
36691.285
37021.082
37607.082
37275.418
37739.148
37758.148
37578.484
38041.816
37826.816
37835.016
37879.551
37730.285
37932.016
37753.816
37944.285
37682.551
37879.352
37664.551
38110.285
37411.082
37555.484
37301.684
37489.816
37660.816
37192.285
37040.082
37090.484
37138.215
37156.148
37179.352
37243.617
37389.418
37368.215
37225.684
37125.883
36776.016
36322.949
36241.949
36439.684
35874.617
35622.816
35706.352
36170.285
36082.484
35589.352
35700.816
36023.883
35810.016
35561.148
35181.484
35531.082
35244.215
34843.949
34358.75
34748.684
34802.484
34770.352
35082.148
34953.684
34928.016
34330.418
34563.949
34120.684
34012.617
33245.617
33087.082
33114.684
32620.283
32606.217
31882.816
32304.35
31952.283
31320.35
30508.283
30412.883
30474.551
30247.684
29649.482
29858.018
29840.018
30147.816
30268.482
30878.35
31311.482
32163.617
32965.016
33095.484
33301.949
33324.484
33541.617
33380.285
33018.285
33111.148
32825.551
33049.482
32847.15
33178.352
33279.883
33599.285
33527.75
33815.418
33706.816
34080.215
34012.016
33751.484
33995.082
34334.215
34086.551
33775.551
33565.082
33835.285
33790.016
33534.082
33462.418
33541.949
33575.352
34005.949
33215.684
33675.684
33696.148
33773.551
33606.352
33855.883
33591.215
33183.617
33169.75
33231.816
33457.816
32758.084
32643.551
32846.282999999996
32570.018
32491.482
32700.949
32792.551
32480.551
32427.084
32118.084
32080.416
32110.416
32212.482
32168.416
32117.617
32090.416
32090.283
31937.15
31835.684
31809.283
31601.018
31019.283
31441.217
30981.15
31105.617
31045.482
31173.018
30969.15
31091.75
31064.883
31105.816
31457.217
31248.217
31555.018
31374.416
31597.416
31381.949
30865.416
30991.217
30748.75
30571.217
30787.217
30601.416
30604.684
30695.75
30623.684
31015.883
31543.617
31107.35
31678.684
31787.617
31526.35
31669.551
31319.018
31599.551
31750.617
31869.283
32111.283
32188.617
32576.551
32490.416
32891.418
33224.484
33567.016
33035.418
32892.551
33240.215
33797.883
33599.816
34115.148
34293.352
34742.883
34479.75
34684.215
34522.016
34202.484
33341.75
32288.551
31694.482
31373.283
31045.283
30780.949
30459.883
30532.018
30361.084
30308.75
30556.684
30467.617
30448.283
30412.684
30742.816
30462.084
30286.217
29994.617
29977.816
30183.684
29752.018
30048.35
29908.018
30184.551
30108.217
30255.482
30301.482
30578.084
30189.35
30316.816
30664.482
30476.416
29871.35
30247.684
30608.35
30416.949
30066.018
30297.35
30574.217
29946.551
30382.883
29684.75
29965.283
29613.816
29438.35
29551.551
29445.283
29541.217
29216.283
28779.283
29425.283
29533.617
29106.416
29131.75
29305.816
29091.482
29489.684
28937.617
29154.084
29189.084
29329.684
29330.35
29488.482
29178.018
29326.482
29449.684
29701.35
29235.551
28827.684
28832.084
29118.684
29281.416
28960.617
29145.084
28973.75
29137.416
28882.684
28882.883
28978.416
28881.617
28428.35
28230.018
28851.482
28603.949
28173.482
28017.482
28534.416
28075.551
28098.482
28228.283
28450.482
28173.75
27181.15
27972.949
28429.084
28017.217
27977.949
27634.482
27871.084
27895.416
28185.416
28124.617
27972.416
27676.416
27751.084
27745.75
27091.816
26914.75
26328.283
26628.75
26137.617
26607.416
26108.883
26213.551
27537.551
27360.283
27308.617
27952.816
27761.949
27844.883
27380.283
27176.551
26985.883
27039.75
26739.217
26797.883
26891.35
26863.283
26484.217
26745.416
27398.949
26893.084
26371.416
26693.816
27029.217
27085.416
26744.482
26850.217
26983.416
26596.482
26235.949
25890.416
26295.684
25842.482
25782.416
25405.283
25338.283
25390.883
24694.35
24180.816
24000.949
22505.217
21705.551
20855.75
20926.084
20963.217
21081.084
21375.482
22191.15
23180.75
23700.684
23746.416
23980.949
24639.816
25087.283
25051.018
24677.482
25169.416
25089.283
25204.617
25170.416
24776.617
24439.084
24342.35
24759.018
24642.75
24169.15
24868.482
24760.084
24995.217
25072.35
24965.35
25069.551
25066.551
24791.15
24929.217
24981.482
25211.283
24802.949
24779.416
25164.551
25255.482
25146.75
25211.217
25351.883
25344.018
25196.084
24714.75
25138.551
25115.416
24749.684
24527.949
24744.482
24932.35
24735.35
24273.018
24551.15
24875.084
24224.018
24893.551
25041.816
24996.816
25434.283
25165.75
25274.816
25195.018
24980.416
25159.816
25064.551
24995.482
24674.883
24699.75
24705.482
24784.283
24702.816
24783.684
24991.283
25067.949
24703.883
24491.75
24766.684
24643.816
24817.75
24366.617
24877.217
24728.684
24973.217
24964.217
25048.949
24966.084
24445.084
24219.883
24743.35
24601.35
24767.684
24367.617
24250.416
24374.883
24239.15
24634.15
24382.018
24360.684
23740.084
23789.949
23858.75
24120.684
23268.684
23538.684
23751.949
23788.482
23505.217
23364.949
23756.084
23748.949
23517.684
23624.482
23730.217
23943.949
23162.551
23442.416
23862.283
23936.684
23579.551
23443.15
23536.416
23727.75
23354.283
23332.217
23482.482
23373.617
22809.416
23133.283
23100.551
22966.217
22873.949
23079.617
22737.283
23503.949
22830.416
22718.617
22808.617
22846.883
22754.018
22161.551
22701.482
22685.883
22397.416
22161.883
22621.018
22480.018
22378.883
21854.35
22405.15
22368.482
22280.949
22314.883
21956.217
22241.949
22061.084
21638.949
21888.684
21741.35
21746.15
21228.75
21644.617
21559.15
20903.217
20595.217
21295.217
21062.15
20939.551
20769.482
21039.217
20962.15
20582.15
20506.684
21152.816
20869.883
20685.617
20512.816
20967.482
20569.283
20358.617
20259.551
20916.15
20647.551
20381.75
20365.283
20531.816
20215.35
19814.551
19528.084
19951.018
20094.617
20009.084
20251.482
20388.75
20286.482
19695.684
20349.949
20150.949
20018.617
19977.084
19903.416
19819.018
20006.416
19462.816
19326.283
18558.416
17717.482
16913.482
16111.75
15596.017
15409.017
15374.483
15375.483
16351.483
16986.551
17237.283
17752.75
18093.617
18137.416
18262.816
18157.018
18270.617
17714.416
17685.482
16965.482
18027.75
17984.883
17739.35
17718.949
18121.482
18387.084
18530.684
18269.35
18710.283
18910.617
18537.416
18644.416
19008.35
19014.816
19041.35
19205.949
19310.949
19297.684
19118.617
18727.084
19663.084
19398.15
19449.684
19015.949
19701.283
19838.617
19575.084
19819.617
19835.816
19366.217
19564.75
19230.883
19811.084
19666.482
19602.084
19472.617
19533.551
19738.217
19316.084
19903.416
19857.482
19924.949
19875.416
19469.018
20171.35
20146.283
19726.883
19874.35
20558.75
20262.35
20020.15
20544.75
20768.35
20368.15
20081.883
20200.084
19865.416
20019.551
19523.482
19673.883
20019.35
19921.35
19943.684
20444.15
20062.75
20177.75
19576.283
19450.35
20351.217
20137.217
19978.15
20108.15
19925.35
19998.283
20109.551
19812.416
19856.551
19860.883
19773.416
19760.949
19909.949
19501.949
19648.949
19523.416
19874.018
19616.416
19719.883
19665.15
20088.482
19690.684
19719.35
19654.084
19909.684
20169.084
20158.018
20043.949
19984.217
19830.217
19718.949
19924.551
20097.283
20208.816
20219.75
19849.75
20525.35
20324.949
20260.283
19747.416
20285.35
20187.416
19993.883
19906.617
19940.084
20074.551
20237.217
20097.816
20213.15
19908.283
19986.217
20236.617
19875.883
20007.75
19916.949
19809.416
19850.084
20034.15
19767.283
19638.35
19730.949
20042.018
19104.949
19847.482
19843.018
19765.949
19054.684
19458.084
19784.416
19903.217
19706.551
19776.217
19687.416
19901.684
19609.084
19466.949
19863.482
19583.018
19688.617
19338.084
19578.283
19582.416
19248.551
19222.35
19491.617
19075.949
19087.684
18889.684
19233.551
19115.15
18781.084
19085.15
19080.949
18767.949
18957.684
19091.816
18894.617
18859.949
18645.949
18667.684
18985.949
18611.018
18772.15
18412.217
18469.551
18550.217
18434.816
18484.35
18303.684
18273.883
18208.217
18178.35
18402.15
18388.551
18308.35
17367.617
17625.551
17580.551
17394.35
16812.684
16763.482
16819.949
16432.684
15824.083
16349.15
16181.616
15343.217
15731.95
15630.55
15212.15
15368.616
14804.95
14947.95
14767.217
14491.684
14605.017
14876.55
14747.483
14935.35
13678.55
14434.55
14525.884
14069.95
14345.417
14547.283
14633.417
14360.884
14783.15
15008.55
15022.816
15235.35
15651.616
15606.35
15414.816
15571.684
15295.417
15282.35
15477.15
15421.083
14871.95
15316.417
15186.55
14833.083
14269.283
14596.35
14374.283
14046.283
13993.417
13801.35
13929.55
13724.283
13597.417
14000.616
14008.616
13837.083
13861.616
13951.417
13809.75
13698.884
13631.017
14035.35
13859.684
13500.017
13967.884
14338.35
14142.417
13817.35
13965.616
13915.083
14010.483
13941.217
13820.95
13892.75
13608.217
13048.217
13599.35
13447.35
13623.35
13727.884
13256.35
13767.816
13607.616
12887.95
13184.616
13412.95
13249.283
13291.017
13551.884
13666.55
13669.55
13806.35
13784.15
13921.884
13747.483
13676.684
13385.15
13621.217
13694.35
13415.55
13471.217
13657.15
13650.55
13369.217
13831.616
13910.816
13999.35
13592.283
13801.884
13937.95
13859.684
14098.017
13352.884
13902.95
13764.816
13938.017
13565.417
14236.616
13955.816
14116.15
13722.15
14242.017
14210.017
13829.684
13644.884
13900.083
13639.417
13559.483
13777.483
13693.417
13542.083
13236.483
13191.95
13462.816
13606.15
13435.483
13632.017
13572.884
13405.083
13205.616
13433.483
13494.884
13397.283
13656.017
13082.75
13368.417
13618.684
13571.483
13269.616
13306.95
12862.083
12562.417
13040.483
12884.35
12990.017
12193.95
12751.55
13010.884
12873.283
12589.616
12929.884
13148.283
12733.55
12883.017
12719.417
12989.684
12605.95
12338.616
12325.95
12624.616
12584.083
12144.55
12437.15
12406.95
12550.35
12394.283
12448.017
12517.684
12355.217
12175.083
12400.417
12549.884
12468.55
12311.884
12660.684
12357.35
12511.483
12395.95
12218.35
12370.95
12324.017
12160.417
12024.083
12074.616
12172.816
11889.283
11743.95
12246.483
12217.483
11966.417
11991.083
12238.95
12229.95
11774.017
11840.283
12062.816
11855.75
11665.217
12063.35
12010.884
11804.283
12027.75
11777.417
11866.75
11788.95
11503.75
11142.884
11851.483
11490.017
11722.017
11533.083
11614.083
11448.017
11356.017
11224.15
11564.283
11408.884
11325.684
11067.217
11329.684
11390.95
11186.483
11143.417
11422.75
11368.283
10867.483
11063.417
11315.884
11275.35
10587.884
10775.217
11168.15
11151.083
11045.616
10704.15
11278.816
11140.083
11040.083
10800.75
10955.283
10780.75
10636.217
10822.75
10977.35
10758.684
10586.684
10641.283
11087.35
11086.417
10865.017
10571.283
10688.616
10807.616
10635.75
10458.017
10772.884
10675.684
10662.95
10355.417
10529.417
10618.483
10559.15
10406.15
10596.816
10376.35
10832.684
10121.217
10554.217
10456.417
10249.884
9806.483
10515.884
10485.816
10499.283
10156.417
10279.15
10127.55
10263.884
10346.75
10632.283
9828.55
10134.75
9915.35
10157.884
9529.75
9031.684
8313.483
8017.55
7081.617
6183.617
5498.817
4774.75
3981.683
3552.817
2855.95
3142.75
3052.95
2768.017
3009.15
3939.217
4166.217000000001
4219.417
5277.817
5870.817
6205.217
6541.683
5885.15
6643.15
6228.283
6039.683
5639.683
5419.817
5472.817
5171.683
4932.683
5321.483
5406.683
5389.75
5192.883
5935.95
5726.483
5791.883
6446.017
6497.883
6759.217
6457.417
6955.217
7169.35
7141.617
7195.217
7422.083
7749.883
7801.95
7351.75
7623.617
8184.283
8200.817
7804.817
8355.35
8609.95
8740.75
8653.95
8722.217
9200.75
9167.35
8596.083
8720.55
9416.283
9482.217
9305.15
9065.017
9568.75
9417.417
9217.417
9210.616
9678.35
9501.816
8628.684
9495.283
9649.417
9725.95
9397.616
9194.083
9704.35
9613.217
9443.35
9318.15
9499.15
9617.684
9160.616
9030.816
9934.283
9513.95
9305.217
9344.75
9650.55
9567.017
9403.483
9394.35
9603.417
9577.283
9358.483
9365.35
9663.083
9616.017
9501.483
9374.616
9690.083
9641.816
9073.884
9281.15
9582.95
9520.017
9152.616
9087.816
9464.884
9327.35
9388.017
9169.35
9406.884
9515.35
9239.95
8761.816
9532.884
9429.95
9453.083
9253.15
9767.55
9500.083
9304.95
9094.816
9550.55
9351.75
8908.483
8759.55
9395.884
9310.283
9299.217
8719.95
9425.35
9275.55
9173.083
9246.417
9446.75
9380.083
9209.15
9138.884
9642.816
9448.884
8590.884
8950.217
9527.083
9311.283
9247.816
9136.816
9515.017
9389.616
8916.95
8740.616
9304.217
9186.884
9152.017
9009.95
9333.017
9334.684
9172.884
8708.95
9377.483
9313.017
8959.816
8648.75
9227.017
9369.283
9067.217
8967.483
9321.75
8934.283
8903.35
9021.017
9018.55
8944.616
8811.684
8635.35
9198.483
9048.217
8670.15
8618.083
9051.55
9187.483
8480.083
8561.15
9041.816
8952.616
8993.417
8748.55
8975.017
8878.217
8831.35
8527.083
9158.884
8888.816
8612.884
8617.217
8957.417
8871.616
8723.15
8234.417
8833.55
8778.35
8645.017
8140.15
8932.816
8739.217
8202.684
8653.417
8730.816
8625.684
8217.95
8350.017
8483.683
8594.017
8351.75
8331.683
8610.417000000001
8395.15
8365.283
8113.617
8457.883
8470.817
8003.75
7939.95
8438.017
8411.017
8110.083
8033.883
8112.283
8327.283
7850.083
8000.15
8057.217
8102.083
7902.017
7718.35
8278.817
8099.217
7735.883
7405.483
7951.35
8121.283
7927.283
7636.417
7962.217
7942.217
7231.35
7637.083
8070.35
7693.35
7575.017
7585.083
7851.483
7878.083
7512.35
7376.817
7770.35
7876.617
7682.75
7587.083
7925.15
7715.217
7399.683
7153.75
7793.217
7599.95
7836.417
7332.683
7817.883
7764.55
7234.35
7307.017
7780.083
7604.283
7381.083
7501.15
7721.75
7679.75
7254.55
7209.083
7795.883
7531.017
7386.817
7425.817
7662.617
7513.75
7089.017
6988.883
7356.817
7315.217
6800.017
6909.95
7386.017
7233.15
7417.617
7060.15
7434.417
7279.75
7506.617
7092.083
7310.15
7220.683
6886.083
6863.15
7319.15
7211.883
6707.817
6209.217
7141.617
7181.083
6739.617
6914.483
7170.95
6943.55
6802.15
6766.683
7124.217
6925.95
6740.35
6385.217
6944.35
6992.683
6280.083
6446.95
7016.75
6778.15
6521.083
6327.217
6924.75
6878.95
6803.083
6371.217
6971.417
6880.683
6832.217
6699.083
6896.75
6755.283
5511.35
6000.483
6780.483
6882.617
6482.883
6207.483
6715.35
6848.95
6200.817
6199.017
6621.083
6597.417
6114.817
6160.083
6644.75
6605.75
5958.95
5941.75
6490.017
6462.217
6142.417
6192.95
6421.15
6343.083
5917.417
6305.55
6393.283
6427.017
5910.417
6125.883
6512.683
6300.95
5845.35
5735.35
6322.683
6338.15
6168.017
5626.883
6416.083
6252.617
5598.75
5729.817
