253.9
53.283
-153.433
135.617
421.433
106.81700000000001
180.833
211.21699999999998
217.367
235.95
93.767
-186.78300000000002
190.833
193.083
-1.3669999999999973
-58.25
326.83299999999997
-23.982999999999997
46.1
341.41700000000003
395.767
162.483
443.433
124.017
260.83299999999997
176.483
204.3
-154.65
170.5
170.683
297.433
-6.116999999999997
262.567
179.817
211.767
1.482999999999997
531.833
451.283
71.233
-84.717
222.167
109.283
-35.967
153.817
173.233
209.083
119.3
207.15
194.5
214.683
-66.167
15.082999999999998
590.233
254.017
-45.3
-282.25
408.433
410.883
7.299999999999997
0.8830000000000027
356.233
411.217
359.3
203.28300000000002
385.3
342.41700000000003
132.633
296.017
371.433
362.35
303.967
-171.117
411.233
257.817
9.567
56.683
350.633
160.55
115.63300000000001
40.617
266.3
474.55
179.833
39.083
211.233
315.817
3.9669999999999987
-24.183
214.633
183.21699999999998
469.83299999999997
-39.317
163.7
191.61700000000002
309.433
-93.85
166.567
237.083
166.5
60.483
388.033
331.95
-248.767
6.882999999999996
370.7
284.75
191.96699999999998
182.083
435.7
261.017
-29.833
247.817
72.9
290.41700000000003
217.633
253.417
387.567
253.417
524.1
-258.58299999999997
296.5
338.08299999999997
80.233
332.35
356.633
432.15
235.233
70.88300000000001
317.367
210.55
-93.43299999999999
84.88300000000001
304.967
278.35
101.967
-16.450000000000003
387.3
407.483
29.567
-271.783
323.233
293.817
57.033
111.483
248.767
392.35
305.5
11.883000000000003
267.9
293.883
-303.367
-158.583
279.033
182.95
142.233
-30.583
299.7
240.083
16.767000000000003
190.417
377.1
267.08299999999997
223.433
-134.583
421.16700000000003
383.217
406.9
129.883
456.567
244.21699999999998
125.36699999999999
323.683
375.5
46.617
337.1
-191.183
110.3
198.35
-25.299999999999997
331.95
560.967
386.017
141.96699999999998
-106.383
461.967
121.88300000000001
425.567
0.017000000000003013
364.433
334.35
284.767
352.55
495.7
320.817
396.433
275.75
310.7
208.95
350.367
-378.383
365.16700000000003
326.683
158.96699999999998
116.083
114.5
283.35
436.5
152.883
219.167
271.41700000000003
89.7
-226.38299999999998
253.5
355.683
436.7
170.617
360.83299999999997
265.817
22.700000000000003
-341.65
414.633
214.95
-91.63300000000001
-4.982999999999997
240.3
167.55
-1028.5
-114.517
99.43299999999999
254.017
217.3
-98.65
531.233
375.283
224.767
35.883
229.96699999999998
198.617
-132.767
398.41700000000003
496.7
258.017
-212.03300000000002
10.817
283.633
294.883
-133.3
318.95
359.3
225.617
360.433
305.817
302.767
378.217
213.833
156.617
341.433
220.21699999999998
381.233
-0.8500000000000014
369.967
403.75
306.633
-91.583
192.5
285.617
56.633
-305.91700000000003
345.3
323.95
222.833
-147.583
325.1
303.017
184.3
51.417
333.367
325.683
-189.96699999999998
176.75
297.3
40.283
-176.433
131.417
237.1
184.417
285.633
133.95
236.03300000000002
492.017
67.233
140.417
353.83299999999997
502.75
364.967
135.017
190.03300000000002
245.883
61.3
470.41700000000003
322.633
180.683
-189.367
67.68299999999999
180.96699999999998
253.75
238.433
-49.317
497.367
520.417
-10.033000000000001
252.21699999999998
336.3
311.15
189.1
64.55
298.5
344.017
40.367
88.95
254.96699999999998
283.617
139.433
259.617
432.9
390.15
349.367
50.75
503.433
118.35
324.767
-200.25
306.033
119.217
-151.5
224.95
270.767
132.817
475.1
317.483
298.767
191.21699999999998
556.033
-1.3170000000000002
304.767
212.483
-113.033
195.683
560.767
330.08299999999997
458.16700000000003
-128.11700000000002
346.567
265.683
283.3
82.61699999999999
225.367
406.283
-167.567
107.483
487.767
211.817
15.5
56.349999999999994
231.1
225.35
388.7
55.15
520.767
426.617
563.833
309.283
555.767
361.08299999999997
70.967
157.88299999999998
188.96699999999998
402.483
561.7
-12.917000000000002
502.567
382.35
332.3
470.95
405.1
296.217
135.7
426.95
260.5
530.35
-107.167
41.283
325.567
293.683
314.033
145.75
633.367
300.35
467.233
296.08299999999997
431.9
387.283
417.3
38.55
743.633
225.017
332.233
273.35
612.167
280.08299999999997
438.5
309.35
304.9
534.15
435.1
305.75
263.16700000000003
521.217
301.033
128.95
622.833
423.483
316.9
237.15
230.233
316.483
430.7
301.08299999999997
533.833
411.483
193.367
115.55000000000001
262.83299999999997
354.88300000000004
248.1
116.61699999999999
484.767
50.483000000000004
334.233
72.21700000000001
284.767
174.083
344.3
425.35
315.033
48.417
374.9
554.883
55.63300000000001
475.35
332.16700000000003
360.41700000000003
373.63300000000004
335.683
167.9
506.75
675.767
174.883
186.033
760.75
403.63300000000004
604.283
-21.69999999999999
140.483
600.033
404.817
505.1
556.817
75.10000000000002
36.08300000000003
147.36700000000002
107.88299999999998
655.367
472.217
-53.63299999999998
412.417
318.1
540.4169999999999
577.567
395.483
313.9
658.617
-43.36700000000002
222.483
329.433
456.15
768.567
691.017
581.7
492.95
284.033
377.217
423.433
337.017
-11.233000000000004
196.28300000000002
569.567
395.55
658.1669999999999
200.55
713.367
582.283
688.633
496.417
655.9
573.817
153.5
616.95
506.833
393.883
325.767
469.817
469.7
585.217
479.5
237.61700000000002
578.5
335.75
277.433
139.55
614.9
486.483
433.7
465.617
575.1
351.417
369.233
269.417
571.9
610.0830000000001
525.033
280.617
780.633
497.083
545.3
500.017
637.8330000000001
513.15
-9.5
392.817
459.1
500.95
522.367
687.017
811.1669999999999
603.683
613.233
580.883
707.5
760.683
596.567
624.683
603.033
574.817
743.167
597.483
988.9
503.35
101.76700000000005
391.75
609.233
865.817
571.1
638.417
1005.1669999999999
769.55
680.967
595.483
808.833
844.483
877.367
600.217
960.567
635.683
576.367
533.883
641.433
607.617
944.9
300.683
672.567
742.35
928.5
507.95000000000005
797.767
650.017
865.633
697.217
781.833
854.35
835.967
749.017
1040.367
570.683
1087.633
827.017
892.033
824.883
719.5
939.883
1181.7
554.617
646.367
912.683
1129.233
868.217
986.9
740.083
806.1
712.017
807.033
868.217
781.7
1030.883
1253.433
489.08299999999997
1052.033
1012.35
929.567
866.683
960.767
821.55
773.633
1088.217
1034.5
836.083
678.367
783.55
771.3
721.75
1045.633
891.95
978.033
1148.617
906.3
1018.75
1213.9
897.017
1233.567
1043.617
1382.967
1109.483
968.767
1200.617
1219.1
1151.683
971.233
1122.35
968.033
1050.483
940.1
1148.35
1175.567
1025.283
768.9
1061.883
1015.5
1029.017
827.433
771.75
1046.367
826.95
815.033
571.417
1243.967
812.217
1098.767
1011.35
1096.633
1445.283
1116.7
1284.35
1079.167
1224.617
1389.833
1017.95
1275.9
1266.017
1112.833
1039.417
1343.167
1161.483
1441.033
1006.283
1260.567
1274.417
1219.633
1321.217
1242.567
1206.95
1338.233
1245.15
1361.967
1373.883
1266.433
1043.083
1355.3
1335.217
1150.233
1358.55
1478.367
1342.15
1275.433
990.95
1493.167
1300.283
1515.033
1686.683
1678.567
1934.55
1920.367
1757.95
1699.367
1614.083
1776.833
1356.617
1930.767
1620.283
1782.567
1699.15
1982.167
1503.883
1677.033
1844.817
1780.9
1804.883
1605.233
1268.817
1826.233
1858.417
1737.167
1776.35
1916.3
1846.283
1720.167
1518.817
1938.167
1944.15
1489.567
1777.817
1744.433
1887.417
1682.1
1815.883
2010.5
1823.617
1758.1
1282.75
1670.367
1770.083
1867.833
1515.95
1908.567
1599.95
1769.033
1624.483
1671.767
1585.95
1499.433
1576.95
1555.433
1640.55
1470.633
1597.75
1446.367
1548.817
1583.767
1554.083
1789.3
1898.283
1897.633
2051.483
1937.9
2029.683
1661.433
2108.617
1858.033
1781.083
2260.9
1816.217
2482.367
2388.15
2197.567
2279.15
2868.167
2338.35
2518.9
2046.0169999999998
2317.1
2279.217
2104.233
1943.417
2053.7
1981.817
1765.767
1837.417
2265.833
1817.15
2033.7
1933.0169999999998
2367.233
2256.55
2503.833
2297.017
2254.833
2130.883
1975.767
1929.683
2162.9
1833.483
1785.233
1711.217
1844.167
1812.15
1298.5
1687.217
1698.9
1364.95
1065.967
1789.35
1697.3
1726.083
1903.033
1474.617
2195.9
2252.417
2305.367
2134.617
2250.567
2097.083
1849.5
2009.083
1967.033
2114.883
2056.167
1855.617
2382.7
2061.75
2169.767
2077.817
2286.833
2206.35
2166.1
1643.883
2217.433
2015.75
2237.3
2218.883
2096.3
2163.15
2085.367
1994.6170000000002
2590.167
2535.283
2417.1
2538.35
2671.5
2753.283
2794.9
2626.75
2919.167
2634.883
2958.633
2468.55
2906.567
3197.617
2574.9
2809.617
3011.033
2841.35
2909.3
2350.283
2431.433
2028.15
2042.1
1405.75
1524.1
1204.683
1151.033
1120.883
1556.633
1693.35
1848.633
2097.417
2244.5
2171.95
2367.767
2629.283
2839.567
2989.417
2888.3
2884.283
3116.233
2667.017
2673.233
2609.75
2425.233
1924.683
1894.367
1739.017
1738.033
1996.283
1980.767
2266.617
2757.967
2728.75
2805.633
3299.15
3512.3
3391.35
3671.767
3334.283
3964.5
3908.217
4373.9
3923.417
3922.433
4255.35
4028.633
4090.817
4242.567
4031.95
4224.767
4070.95
4655.367
4360.617
4554.1
4197.35
4677.833
4456.683
4370.967
4271.883
4809.033
4602.817
4588.433
4442.217
4587.7
4210.75
4346.633
4467.35
4555.5
4870.75
4674.7
4682.75
4705.367
4557.217
4302.7
4099.417
4408.7
4519.35
4761.967
4620.817
4479.433
4527.15
4599.7
4383.017
4552.033
4469.15
4366.833
4349.883
4812.7
4615.883
4620.5
4442.017
4594.567
4724.283
4589.7
4919.417
4859.833
4864.083
4870.967
4964.55
4964.9
5247.683
5369.1
5222.217
5137.1
5180.75
4819.567
4421.017
4708.9
4641.95
4694.233
4569.017
4686.233
4860.083
4833.033
5214.483
5198.3
5578.75
5479.1
5501.683
5527.033
5816.55
5257.1
5348.15
5812.833
5342.017
5451.033
5583.683
5630.1
5493.95
5970.033
5386.15
5718.3
5643.283
5585.1
5351.817
5668.967
5540.217
5632.9
5191.617
5620.167
5518.683
5389.167
5088.683
5595.367
5741.683
5874.5
5511.017
5800.5
5818.817
5717.5
5753.683
5699.433
5016.883
5492.567
5462.017
5621.233
5165.817
5656.9
5383.417
5659.233
5430.35
5367.633
5594.15
5710.233
5642.817
5698.767
5485.55
5405.7
5347.95
4913.7
5124.017
5754.3
5336.417
5512.567
5627.883
5931.5
5908.75
6214.367
5841.55
6050.567
6048.883
6061.633
5764.217
5844.167
5311.017
5597.433
4967.617
5557.433
5633.35
5353.1
5272.883
5898.433
5848.417
5475.233
5521.617
6032.567
6171.95
6004.433
5842.55
5931.033
5951.217
5912.633
5812.417
5992.433
5873.883
6081.767
6263.283
5949.367
6159.283
6370.233
5647.083
5945.833
5852.817
5508.033
5878.35
5300.367
5554.883
5402.367
6062.017
6159.233
6005.217
5929.033
5625.483
5990.7
5832.95
6241.233
5894.217
5764.633
5335.683
5447.167
5276.217
5035.233
4947.483
4687.7
4664.217
4666.9
4609.15
4893.367
5099.817
5719.1
5974.15
6499.5
6557.75
7217.3
6583.883
6440.233
6616.15
6593.567
6548.417
7088.433
7006.283
7196.367
7069.283
7133.033
6520.283
6436.833
6150.817
6475.767
6266.283
7167.033
6682.15
7212.567
7129.217
7384.567
7370.483
7078.433
7701.283
7619.7
8026.683
7995.967
8009.817
8159.833
8396.75
7748.633
7941.083
7617.567
7689.883
7698.033
7920.75
7713.167
7559.417
7233.433
7201.95
7447.1
7249.15
6561.5
7230.883
7112.633
7416.083
7699.5
7650.75
8286.832999999999
8024.817
7878.3
8020.217
8061.7
7898.083
7780.567
7702.817
8236.033
8479.15
8524.566
8169.282999999999
8368.9
9355.75
8653.3
8582.55
8776.566
8333.417
8663.5
8660.816
9196.1
8859.55
8424.3
8718.616
8897.566
8762.75
8403.634
8237.217
9129.434
9374.95
9086.7
8744.217
9022.3
8770.75
8661.233
8051.15
8849.767
8807.95
8476.566
8049.417
8492.167
8693.35
8636.566
8317.15
9038.566
9090.35
8730.566
9093.083
9217.167
9589.884
9284.033
9076.75
9607.167
9182.417
9335.1
8837.55
9179.767
9644.95
9121.9
9376.75
9377.9
9198.95
9318.967
9522.417
9976.967
9681.417
9721.167
9721.483
9823.9
10014.95
10340.366
10057.417
10081.434
9717.816
9779.9
9419.483
9860.5
9478.616
9871.566
9275.55
9175.7
9294.35
9222.634
8965.95
9589.366
9110.217
9124.5
9119.684
9243.566
9235.417
9055.434
9556.417
10009.366
10117.217
9607.7
9467.616
9694.366
9278.417
9761.5
9400.35
9969.566
10013.283
10129.634
10140.816
10364.233
10454.283
10175.9
9639.15
10828.366
10452.684
10379.233
10421.017
10748.9
9996.75
10381.767
9825.75
10621.566
10493.55
10045.767
10291.483
10708.634
10412.55
10620.967
11045.017
10775.033
10344.017
10347.566
10093.684
10137.566
10395.483
10699.833
10857.816
11240.3
11273.017
11494.1
11292.283
11367.9
11555.283
11348.5
11194.95
11458.033
11469.616
11600.3
11358.417
11945.634
11779.083
11871.233
12104.083
12074.3
12016.483
11615.033
11808.417
12020.3
11697.15
11566.033
11549.35
11950.634
11798.75
12445.167
11961.35
11728.434
12058.15
12111.634
12576.884
12590.233
12609.884
12186.3
12479.483
12186.167
12324.483
12113.5
12221.816
12596.033
13647.75
12796.7
13234.283
13470.434
13538.083
12960.7
14109.884
13668.1
13930.816
14252.3
14753.684
13935.967
14399.75
13992.1
14190.75
15300.634
14324.417
14336.1
13761.35
13924.1
13890.083
14470.1
14297.083
14587.566
15108.95
14626.7
15222.35
15635.634
16045.217
16068.967
16163.616
16722.5
17192.283
16732.232
15856.684
16523.233
16569.15
16135.7
16334.018
16896.566
16838.684
16711.967
17076.617
17527.166
16993.283
18035.033
18356.617
18160.232
17673.551
18536.367
18364.684
18347.967
18173.816
18475.566
18432.816
18333.232
18417.482
18032.633
18283.084
18961.768
19386.217
19749.566
19782.949
20826.301
20978.018
20605.1
21157.283
21172.967
20868.551
20894.768
20147.416
20997.699
20449.217
20214.367
21449.949
21885.5
22085.35
22194.768
22261.949
22813.232
22233.617
22407.633
21944.617
22218.768
22387.617
21933.834
22478.816
23103.1
23280.883
23404.301
23541.416
23833.166
23774.217
23482.566
23721.018
23654.967
23693.551
23124.5
23646.15
23750.566
23783.816
24117.033
23652.75
23767.967
23898.15
23958.5
23865.617
24077.434
24353.617
23953.232
24143.883
24356.768
24249.018
23492.834
23170.084
21946.1
21139.217
20471.834
20170.883
20173.5
20489.283
20407.699
21418.217
22527.367
22810.949
23326.5
23241.949
23519.5
24213.416
24964.834
24547.084
25205.9
25176.084
25008.5
24287.416
24243.834
24424.416
24846.834
24969.816
25313.033
25769.35
26336.367
26728.084
26873.9
26945.883
26215.967
26269.883
25989.9
26175.35
26226.1
26127.482
26295.434
25810.551
25501.967
25319.551
24996.367
25020.217
25348.434
25028.416
26219.232
26197.416
26448.166
26964.15
27136.967
26497.816
26802.434
26348.416
26500.301
26684.416
27028.033
27316.75
28096.166
27869.15
28374.566
27970.018
28022.367
27675.75
27148.9
27326.35
27238.9
27444.816
27241.967
27431.75
27869.434
28101.15
27651.633
27766.15
28654.834
28154.018
28515.5
27777.482
28441.434
28029.949
27402.033
26992.283
26715.1
26661.018
26929.768
27118.684
27410.768
28263.416
27907.5
28655.684
28259.232
28254.416
28089.232
27785.084
27593.301
27302.35
26715.166
26846.883
26922.301
26748.416
26950.566
26834.75
26670.166
26807.416
26693.033
26728.217
27166.166
27476.482
27372.633
27668.883
28370.232
28371.15
28230.301
28516.883
28381.166
28240.684
27694.301
27351.816
26987.1
27219.482
27538.834
27404.949
28169.768
28336.816
28891.967
29044.283
28983.967
28929.617
29492.699
29723.617
30200.033
30229.617
30045.301
29880.75
29732.633
29734.018
29206.768
29080.217
29096.033
29156.75
28859.633
28854.283
28213.166
28698.816
28335.9
28656.684
28659.9
29397.883
29736.699
30216.15
30453.033
30664.35
30018.566
30105.684
29743.367
29791.35
30085.367
29823.949
29866.699
29528.15
29845.699
30077.883
30164.566
30274.684
30262.699
30691.883
31065.5
31702.551
31035.699
30983.018
30463.301
30525.816
29899.9
29975.551
29900.5
29649.217
30214.699
30263.75
28517.834
29748.617
29805.633
29457.018
29688.301
29449.416
29376.768
29548.949
30046.699
30264.35
30289.367
30199.816
30339.301
30857.283
30973.367
31160.217
30973.5
30623.084
29587.5
28360.283
27864.367
26764.883
25556.166
25130.949
25773.967
26461.482
28254.166
28641.816
28220.566
28275.883
28543.033
27971.883
28397.301
27960.283
27615.1
28292.684
29105.768
29807.816
29806.633
30089.949
30306.834
30600.15
31329.967
30842.883
30822.166
30925.084
30186.033
30613.816
31022.5
31108.816
30813.1
31619.018
31880.834
31837.35
31822.566
31304.482
31300.033
31067.35
31334.301
30995.816
30490.9
30322.35
29887.699
30702.217
31256.9
31858.883
31556.434
32127.949
32906.367
33116.018
32550.033
32300.482
32629.166
32124.883
32045.834
31461.75
32147.367
32529.283
32075.434
31893.35
31735.768
30874.018
30382.434
29133.416
28354.633
27998.684
28123.166
28409.283
28842.033
29677.816
29832.434
30785.816
31087.9
31113.482
31607.434
31679.482
32115.967
32283.084
32320.033
32715.816
33367.434
32853.416
32580.232
31984.416
31835.768
31804.35
31646.166
31607.949
31739.633
32191.15
33074.699
33016.551
33050.766
33070.883
33015.834
32719.018
32767.699
32892.617
31889.301
31488.617
31206.301
30768.15
30099.367
29714.949
30098.768
30246.416
30656.367
30908.15
31518.367
31515.816
31255.232
31181.75
31489.166
31146.15
30862.9
30992.684
31360.699
31801.949
31874.566
31884.15
32341.232
32731.617
32687.5
32755.684
32565.166
32415.816
31885.232
31310.949
31263.633
30460.217
29640.5
30739.35
30598.367
30828.684
31105.768
31482.283
31595.699
31832.35
31476.5
31453.018
31918.232
31462.35
31383.768
31234.15
31190.633
30923.416
30403.166
30064.018
30183.5
30264.684
29880.367
29264.217
29555.301
29448.217
29246.967
29186.949
29479.566
29653.684
29703.1
30174.217
30253.166
30666.15
30444.232
30310.684
30720.033
30662.15
29660.301
30384.084
30082.768
30080.949
30216.566
29673.551
29846.967
30482.617
30601.166
30872.217
30857.633
30880.283
30962.1
30687.283
31114.699
30683.482
30279.9
30215.35
30483.9
30798.551
30966.834
30263.617
30545.232
30405.416
29969.232
30195.416
30406.033
30238.15
30102.166
30251.684
30118.166
30352.283
29819.166
29658.949
29671.1
29586.949
29767.633
29296.416
30154.768
30259.217
30698.033
30100.949
30283.033
30395.35
30605.301
30400.816
30264.434
30437.883
30472.633
30214.551
30337.699
30395.018
29995.5
29652.75
30035.033
30108.217
30304.232
30186.283
30364.699
30350.217
30223.1
30507.949
30659.768
30883.416
30177.033
29789.75
30111.768
29561.75
29673.5
29482.949
29997.566
30375.15
30134.301
29979.283
30358.834
30286.35
30538.967
30378.949
30487.301
30755.217
30577.566
30474.551
30773.699
30735.684
30650.633
30565.15
30042.434
30223.217
29359.166
29688.018
29871.566
29839.75
29497.033
29638.482
29664.834
29522.816
29533.166
29856.75
29515.434
30035.084
29847.699
29829.084
29487.967
29122.15
28794.633
28997.949
28739.9
28694.551
28358.834
28864.482
29009.633
29130.75
29009.566
28532.949
29532.5
29663.684
29895.5
29904.482
30360.232
30546.949
29967.9
29860.084
29724.166
29714.416
28979.5
29140.35
29402.5
29331.551
29587.166
29543.551
29920.301
29828.482
29892.699
29758.084
29975.1
29700.217
29544.1
28990.551
29589.699
29686.15
28920.033
29654.617
29459.301
29651.75
29800.166
29413.283
29682.9
29389.217
28674.434
28254.75
28804.232
28549.949
28240.967
28649.684
28715.566
29490.084
29206.5
29745.617
29926.5
29635.15
29545.1
29835.617
30107.166
29655.551
29273.699
29021.617
29079.1
28638.482
28443.9
28299.35
28842.301
28882.684
28851.166
28697.816
29367.367
29312.75
29110.768
28824.217
28887.1
28563.416
28042.699
27660.482
27885.9
27861.949
27548.5
27808.416
28080.367
28544.883
28643.301
28559.75
28923.967
29008.482
29305.033
29171.816
29354.434
29187.75
29015.633
29574.482
29011.566
29392.416
29114.033
28705.018
29280.5
29173.018
29371.232
28961.15
28917.1
28867.084
28880.566
28391.816
28618.434
28354.684
28226.367
28434.018
28273.1
28046.551
28090.033
27853.018
28626.166
28804.684
28099.232
28185.15
28781.834
28630.551
28571.033
29019.482
28638.5
28364.482
28275.633
27622.217
28127.9
27516.217
27638.633
27563.684
27527.699
28033.15
27806.166
28056.883
28074.232
27943.816
28333.768
28284.75
28509.301
28488.283
28091.633
28070.883
28300.166
28441.551
27745.166
28110.482
28337.699
28325.283
27717.166
28184.15
28801.033
28406.816
28172.301
28932.949
29008.166
28923.018
28592.033
28238.084
28811.768
28398.35
28607.434
28549.018
28415.9
28510.949
28439.301
28213.15
28538.5
28313.15
27697.699
27903.018
28185.633
28045.15
27529.301
27588.684
27358.232
27270.617
27111.967
26683.816
27268.232
27264.949
26951.166
27696.416
27603.566
27759.75
27694.5
27390.217
27843.166
27642.482
27282.1
26706.084
27112.9
27191.416
26444.434
25684.35
25171.301
24598.883
24123.699
23616.883
23408.5
22918.883
22519.434
23346.949
23731.566
23762.684
24259.566
24838.15
25834.301
25646.018
25980.566
25906.084
25976.566
26169.949
25701.033
25432.15
25618.967
25568.684
25175.9
25164.949
25349.434
25544.084
25536.367
25320.35
25793.967
25650.816
25841.633
25642.35
26077.9
25959.816
25487.367
25891.949
25684.633
25342.551
24978.1
24591.551
24754.301
24772.283
24876.834
25145.15
25027.166
25401.482
25536.232
25343.482
25593.367
26000.551
25763.699
25410.684
25710.834
25850.816
25778.5
25827.217
25780.834
25313.883
25204.434
25277.816
25552.301
25409.883
24789.1
25205.684
25198.301
25407.35
25286.5
25139.416
25252.9
25346.283
25630.1
25176.684
25480.367
25671.217
25192.5
25474.35
25499.967
25448.283
25034.633
25112.482
25082.301
25149.084
25265.768
25171.816
25112.566
25074.684
24605.967
24884.551
24738.699
24988.75
24544.768
24854.617
25418.9
25070.15
25405.033
25385.35
25279.967
25621.949
25393.232
25498.482
25536.699
25446.883
25687.566
25401.883
25635.166
25372.482
25642.566
25326.416
25854.633
25265.283
25338.301
25116.684
25439.699
25472.15
25141.834
24972.15
25117.967
25121.35
25094.834
25145.949
25253.5
25280.416
25279.633
25193.35
25191.1
24888.75
24601.367
24500.684
24751.834
24335.416
24029.166
24135.018
24586.834
24533.018
24088.566
24125.883
24512.033
24286.35
23994.166
23825.617
24194.768
24005.416
23702.9
23234.883
23599.566
23707.482
23731.834
23868.75
23825.5
23861.75
23301.232
23554.684
23260.301
23208.35
22547.033
22480.883
22560.768
22215.684
22288.834
21642.883
21985.1
21743.084
21339.633
20688.551
20613.834
20811.883
20693.699
20173.75
20484.5
20366.617
20504.033
20616.018
21128.9
21432.816
21920.434
22491.084
22632.699
22747.15
22743.699
23024.35
22885.566
22505.416
22632.033
22408.551
22698.9
22447.217
22698.166
22727.084
23093.633
22994.217
23132.566
23022.684
23443.232
23317.75
23051.232
23355.35
23622.232
23395.617
23196.367
22947.816
23326.967
23246.75
22992.768
22939.416
23082.434
23122.617
23422.301
22656.816
23163.166
23228.15
23244.367
23062.949
23308.434
23088.084
22790.033
22745.949
22953.834
23159.949
22516.033
22478.684
22634.1
22398.617
22314.301
22532.084
22653.367
22396.684
22313.633
22024.283
22085.9
22093.883
22221.699
22140.883
22171.768
22051.35
22104.699
22009.75
21974.834
21967.482
21800.5
21294.416
21721.566
21306.551
21419.967
21376.551
21549.967
21314.283
21437.367
21349.949
21399.166
21652.217
21431.5
21763.35
21625.1
21775.617
21534.367
21001.35
21136.967
20845.018
20672.633
20838.816
20746.834
20698.75
20735.434
20638.816
21131.633
21576.482
21171.768
21613.816
21706.9
21490.551
21601.166
21304.684
21635.367
21700.283
21930.434
21999.949
22102.301
22403.35
22255.232
22522.617
22902.5
23158.482
22596.434
22509.684
22796.566
23233.617
23036.033
23493.35
23694.166
24011.684
23817.301
23914.217
23927.566
23750.551
23203.633
22377.416
22000.367
21659.482
21535.834
21338.551
21216.166
21192.883
21095.166
20964.217
21195.967
21069.816
21106.434
21051.684
21415.834
21166.15
21117.633
20820.551
20980.566
21102.416
20690.967
20940.883
20926.033
21024.416
21013.967
21102.018
21191.5
21380.551
21030.699
21154.684
21499.967
21317.018
20853.434
21124.75
21503.699
21313.084
20944.967
21227.35
21480.434
20977.551
21365.834
20749.617
21132.633
20840.75
20672.834
20826.816
20671.566
20754.617
20512.633
20034.482
20721.967
20793.949
20492.033
20483.816
20724.699
20476.617
20857.967
20289.883
20498.166
20543.949
20668.1
20671.617
20816.1
20535.551
20638.232
20756.283
21027.633
20630.684
20254.5
20279.75
20544.768
20630.816
20332.699
20459.551
20468.834
20584.084
20343.367
20343.684
20426.033
20345.416
20019.566
19782.883
20331.967
20101.482
19666.967
19549.684
19909.033
19590.018
19510.566
19583.15
19817.434
19490.75
18457.5
19155.416
19556.699
19073.482
19080.9
18695.084
18966.434
18998.416
19241.301
19223.084
19180.166
18982.084
19014.301
19034.35
18670.768
18531.416
18127.834
18464.75
18135.166
18534.75
18132.5
18188.15
19398.1
19196.551
19185.033
19697.75
19550.301
19510.883
18969.1
18734.883
18486.301
18534.35
18291.633
18351.816
18467.033
18605.684
18356.166
18669.084
19346.5
18887.283
18384.633
18733.217
19003.967
19055.084
18720.301
18902.949
19063.967
18661.018
18423.033
18072.75
18460.9
18085.617
18013.1
17542.084
17643.367
17758.217
17195.166
16796.15
16832.367
15733.417
15195.366
14495.217
14737.033
14752.217
14835.167
14986.15
15600.434
16293.417
16605.033
16586.283
16812.033
17349.084
17860.166
17710.551
17464.768
17890.018
17812.367
17914.482
17913.699
17546.35
17311.434
17144.084
17641.9
17524.883
17127.699
17724.75
17687.566
17855.283
17927.166
17811.283
17924.768
17908.15
17705.301
17802.35
17905.232
18096.416
17665.834
17681.75
18040.699
18145.75
18052.566
18054.551
18255.033
18222.684
18089.301
17612.416
18089.768
18072.283
17762.1
17551.084
17836.9
17927.684
17772.5
17324.217
17602.1
17925.084
17294.566
17907.15
18093.834
17982.482
18421.834
18145.018
18205.5
18170.883
18020.367
18117.283
18121.434
18074.816
17754.699
17797.816
17901.566
17942.816
17840.699
17883.416
18077.768
18101.551
17835.033
17542.883
17919.033
17778.018
17995.633
17588.883
18100.699
17912.684
18076.633
18031.949
18170.166
18141.482
17682.166
17399.283
17960.768
17819.816
18083.9
17632.816
17602.967
17705.883
17598.1
17871.551
17724.768
17664.816
17152.033
17181.551
17338.1
17581.75
16741.834
17056.75
17252.232
17239.217
17054.301
16925.482
17320.967
17265.15
16998.033
17134.949
17278.033
17441.283
16748.301
16985.15
17430.232
17466.283
17148.301
16991.684
17172.967
17354.949
17009.166
16978.084
17176.033
17087.283
16544.5
16885.949
16883.768
16716.283
16715.232
16769.283
16534.566
17173.551
16626.301
16545.084
16658.7
16700.283
16610.167
16093.417
16588.033
16644.616
16328.1
16083.083
16554.767
16413.417
16292.9
15806.95
16393.033
16398.283
16321.7
16357.15
16042.566
16326.884
16187.767
15744.684
16059.434
15899.816
15913.3
15448.55
15879.9
15767.95
15221.3
14860.95
15676.5
15491.55
15288.634
15208.083
15449.167
15313.017
15015.634
14962.95
15553.033
15288.55
15107.233
14952.616
15457.167
15083.483
14843.7
14772.55
15393.9
15162.15
14958.033
14892.217
15102.233
14820.217
14469.634
14171.417
14695.767
14714.816
14633.833
14926.417
15058.9
14953.217
14304.9
14970.35
14764.9
14712.95
14652.033
14538.017
14503.033
14644.017
14146.833
14026.95
13353.1
12563.417
11732.033
10949.616
10474.767
10282.35
10197.167
10226.55
11182.233
11732.083
12002.833
12463.95
12771.833
12857.417
12968.1
12822.017
12937.434
12342.684
12385.1
11661.017
12705.033
12634.283
12400.366
12337.95
12776.967
12984.616
13161.634
12864.95
13305.033
13512.017
13176.967
13239.417
13629.767
13630.217
13665.3
13736.95
13826.167
13848.217
13567.167
13161.217
13990.634
13678.15
13571.434
13079.217
13750.5
13792.017
13553.967
13697.75
13703.033
13210.95
13312.5
13003.417
13602.167
13469.816
13340.634
13332.15
13413.167
13723.483
13338.7
13883.083
13792.5
13870.75
13851.233
13450.684
14127.634
14127.283
13846.5
14042.35
14784.9
14615.75
14374.7
14892.75
15159.434
14844.283
14610.967
14734.95
14426.033
14574.483
14074.7
14185.816
14452.434
14296.816
14178.9
14560.884
14139.033
14202.35
13544.566
13374.017
14280.3
14118.884
14050.767
14196.55
14069.833
14102.283
14192.233
13898.083
13937.033
13918.283
13863.967
13784.816
14082.566
13745.017
13853.5
13733.684
14140.566
13865.616
13966.434
13906.283
14277.7
13857.55
13943.366
13892.616
14195.9
14479.684
14515.967
14445.616
14393.434
14319.55
14158.767
14367.616
14507.967
14567.017
14559.833
14197.75
14841.767
14665.483
14600.634
14105.283
14640.767
14518.15
14362.5
14243.616
14377.967
14512.017
14648.833
14559.95
14690.634
14441.55
14545.167
14749.75
14472.167
14590.884
14536.833
14313.417
14434.434
14514.95
14283.233
14238.15
14448.233
14638.616
13791.634
14554.35
14623.167
14531.283
13862.9
14213.35
14534.767
14634.283
14498.5
14487.75
14476.5
14569.55
14294.967
14182.35
14593.233
14393.55
14438.634
14152.017
14440.7
14471.15
14175.5
14115.816
14429.033
14063.017
14066.1
13909.083
14219.3
14110.95
13764.9
14110.217
14054.1
13854.15
13936.634
14100.684
13882.7
13873.816
13663.634
13653.017
13963.5
13654.417
13761.566
13431.15
13512.366
13510.684
13372.634
13477.616
13264.1
13219.616
13142.9
13081.417
13363.967
13236.95
13199.366
12235.35
12391.767
12197.483
11878.434
11125.616
10892.634
10798.684
10380.634
9675.75
10230.833
10131.816
9387.1
9895.083
9885.5
9543.95
9721.1
9296.95
9454.233
9285.75
8953.566
9059.15
9302.767
9223.35
9381.233
8047.549999999999
8822.233
8893.684
8476.5
8834.017
9118.566
9269.017
9184.366
9730.417
10060.366
10218.816
10469.634
10928.283
10954.967
10835.884
11000.9
10778.616
10812.3
10940.083
10951.1
10363.816
10797.033
10532.15
10117.233
9453.884
9729.767
9530.95
9152.9
9044.417
8892.3
8991.483
8894.967
8745.15
9138.9
9140.483
8985.366
8926.616
9039.9
8903.15
8806.967
8725.684
9138.967
8953.75
8632.5
9056.75
9447.566
9298.283
9042.634
9220.55
9210.233
9288.35
9277.7
9083.483
9097.434
8775.15
8226.833
8725.95
8650.434
8862.816
9066.3
8675.95
9293.566
9196.884
8472.434
8724.75
8837.9
8652.483
8703.5
8907.15
9085.1
9050.884
9205.833
9147.217
9291.1
9176.684
9084.167
8768.217
8992.9
9158.616
8903.833
8898.15
9104.634
9056.884
8882.233
9394.483
9523.366
9712.017
9359.566
9622.35
9884.3
9891.816
10085.033
9373.95
9870.1
9752.417
10000.767
9590.816
10303.967
10078.684
10255.033
9895.283
10473.1
10388.684
10041.233
9837.616
10041.434
9829.217
9742.434
9997.217
9934.1
9828.884
9493.434
9456.483
9705.434
9856.616
9697.167
9848.483
9792.9
9664.884
9454.967
9715.35
9890.833
9762.217
10047.9
9477.884
9835.967
10097.15
10083.967
9791.884
9866.3
9434.75
9164.5
9622.816
9550.5
9650.283
8853.167
9371.217
9647.1
9514.483
9261.833
9642.95
9861.434
9497.816
9677.233
9514.35
9806.167
9445.95
9211.833
9203.816
9549.7
9523.55
9098.434
9342.816
9379.9
9520.684
9373.233
9401.35
9490.434
9330.217
9158.7
9362.75
9525.566
9449.684
9314.1
9654.483
9392.1
9493.95
9399.566
9211.417
9419.233
9402.017
9246.033
9114.684
9196.167
9270.083
8993.566
8897.083
9373.3
9369.35
9049.3
9102.616
9395.3
9366.417
8958.434
9027.283
9252.7
9021.217
8821.167
9210.75
9212.566
8996.15
9220.033
8987.017
9065.167
9032.017
8765.233
8396.616
9108.7
8773.15
8988.7
8797.616
8922.833
8739.283
8711.967
8522.15
8896.366
8781.816
8675.7
8403.017
8686.366
8731.55
8550.167
8481.95
8786.833
8767.217
8231.233
8418.483
8741.5
8724.217
7990.767
8182.549999999999
8628.1
8580.483
8445.233
8111.0830000000005
8671.967
8583.283
8500.3
8257.35
8423.566
8247.35
8122.3
8286.617
8432.7
8225.75
8070.033
8122.017
8559.3
8552.483
8322.167000000001
8030.55
8167.167
8323.683
8143.5
7965.35
8283.633
8208.95
8197.433
7870.283
8062.1
8171.417
8122.9
7961.95
8157.233
7960.683
8396.033
7687.75
8155.567
8043.35
7855.5
7420.017
8118.233
8079.417
8104.967
7790.683
7885.033
7722.75
7869.633
7974.283
8284.633
7477.55
7775.7
7564.55
7824.567
7207.017
6753.033
6055.75
5801.1
4978.683
4181.967000000001
3580.617
2961.633
2252.15
1912.167
1252.683
1574.633
1471.417
1169.1
1317.617
2163.7
2346.55
2306.433
3273.55
3788.033
4059.817
4367.367
3701.15
4456.967000000001
4065.417
3875.167
3505.083
3280.567
3344.617
3072.633
2815.55
3206.633
3285.217
3260.5
3048.017
3779.567
3585.55
3630.967
4233.483
4296.1
4536.083
4225.5
4704.083
4929.1
4918.683
4936.833
5211.75
5538.567
5612.417
5179.167
5450.217
6008.367
6039.817
5642.1
6157.95
6406.367
6551.017
6461.367
6488.15
6954.567
6937.683
6359.967
6489.617
7167.367
7269.617
7106.567
6821.417
7359.167
7190.883
7011.433
6978.683
7524.3
7312.217
6446.033
7324.35
7471.7
7565.75
7231.967
7017.283
7516.167
7446.617
7266.167
7178.417
7310.967
7429.083
7015.233
6868.283
7782.767
7385.017
7169.967
7203.217
7537.233
7439.683
7313.167
7256.883
7487.833
7431.15
7238.233
7232.35
7533.5
7512.883
7345.633
7237.617
7575.833
7503.35
6923.5
7125.483
7488.1
7382.817
7033.833
6972.55
7366.9
7239.417
7307.967
7077.15
7340.367
7469.083
7136.7
6691.95
7487.433
7373.083
7362.033
7172.417
7648.233
7386.483
7204.233
6999.817
7491.167
7267.35
6845.7
6710.15
7320.967
7283.35
7308.9
6698.15
7395.3
7252.883
7086.7
7196.217
7356.767
7311.55
7138.233
7044.35
7583.567
7400.817
6539.967
6911.817
7478.9
7250.35
7267.633
7091.283
7463.633
7362.417
6947.367
6729.283
7281.233
7153.217
7131.633
7016.283
7322.5
7291.35
7139.167
6683.683
7360.767
7315.083
6941.767
6631.417
7220.767
7372.35
7079.7
6990.55
7324.1
6957.35
6930.433
7082.55
7063.367
6985.817
6832.433
6655.95
7226.433
7051.283
6685.833
6619.35
7075.833
7202.95
6532.3
6628.617
7071.233
7019.283
7052.767
6820.083
7009.233
6917.95
6863.633
6528.75
7164.633
6927.417
6627.9
6563.817
6949.233
6867.083
6689.767
6193.683
6859.3
6772.883
6671.433
6157.483
6930.9
6724.15
6227.367
6650.617
6714.567
6616.95
6187.033
6299.283
6411.633
6533.55
6270.1
6266.15
6515.9
6315.75
6311.233
6123.683
6428.033
6472.683
6011.967
5972.017
6443.767
6442.283
6164.633
6106.217
6165.167
6360.083
5930.167
6098.55
6174.567
6189.683
6025.5
5772.017
6344.233
6217.483
5870.3
5555.417
6134.3
6293.95
6133.5
5865.283
6230.367
6205.283
5548.833
5939.483
6366.167
6020.083
5823.567
5896.683
6130.1
6139.817
5758.633
5609.883
6008.433
6075.817
5875.967
5721.55
6018.9
5812.95
5523.7
5228.217
5870.9
5712.283
5963.233
5494.75
5983.367
5956.283
5456.967
5527.283
6019.1
5875.083
5667.033
5755.417
6018.967
5970.883
5518.233
5468.15
6059.767
5828.75
5671.567
5720.283
5974.5
5843.217
5426.3
5277.283
5665.833
5608.883
5126.767
5202.683
5688.167
5524.683
5668.167
5331.883
5705.233
5545.15
5758.5
5370.95
5611.967
5524.817
5183.433
5162.017
5632.433
5521.95
5040.233
4521.083
5485.833
5519.55
5066.1
5262.017
5512.3
5306.083
5166.967
5126.217
5505.433
5293.017
5112.1
4772.817
5385.633
5427.283
4708.5
4889.817
5462.9
5256.283
5032.033
4829.283
5425.9
5400.217
5331.967
4908.483
5479.367
5398.083
5319.967
5214.217
5402.167
5269.75
4037.0330000000004
4534.817
5320.433
5401.083
5022.033
4761.217
5276.433
5412.817
4765.633
4750.817
5168.433
5158.75
4666.3
4708.083
5200.167
5143.483
4509.5
4520.217
5042.167
5001.217
4714.5
4744.883
4963.833
4873.217
4452.1
4850.083
4942.033
4949.417
4425.5
4656.617
5004.9
4769.883
4312.433
4206.75
4795.033
4796.483
4643.833
4073.883
4855.433
4729.217
4053.0330000000004
4158.817
