281.45
78.767
-125.883
162.567
463.317
145.433
218.71699999999998
251.9
245.71699999999998
266.967
135.85
-157.433
216.38299999999998
223.36700000000002
33.650000000000006
-16.433000000000007
358.983
4.233000000000004
71.783
375.7
433.783
193.7
481.25
153.3
297.45
211.5
243.11700000000002
-103.1
209.78300000000002
214.9
335.65
37.5
295.58299999999997
206.36700000000002
253.71699999999998
33.5
574.583
485.767
99.45
-48.167
255.45
141.767
7.917000000000002
196.567
218.583
257.367
165.583
246.63299999999998
226.11700000000002
251.567
-21.75
54.367000000000004
627.317
296.033
-0.75
-249.3
445.717
464.433
43.983000000000004
55.233000000000004
391.58299999999997
444.233
403.45
249.167
425.783
380.767
177.983
339.767
408.183
411.233
341.05
-133.833
456.983
297.033
51.650000000000006
85.833
396.717
194.167
162.11700000000002
83.833
313.517
510.767
214.583
83.167
244.317
358.5
36.382999999999996
18.433000000000007
259.517
215.7
509.383
15.566999999999993
195.517
228.233
369.25
-49.367000000000004
208.317
266.633
207.983
101.7
425.183
380.367
-213.61700000000002
36.5
417.65
318.1
237.71699999999998
217.233
483.183
297.9
13.450000000000003
288.7
114.917
330.567
271.58299999999997
295.633
418.91700000000003
293.233
572.45
-222.567
339.183
379.767
116.65
383.033
406.983
478.7
270.983
118.5
363.85
255.7
-48.55
129.3
347.183
323.367
141.983
21.766999999999996
425.25
452.9
70.85
-229.9
361.45
337.233
94.45
158.9
291.983
432.9
351.717
62.099999999999994
311.517
332.767
-268.35
-131.03300000000002
312.783
219.767
178.183
0.29999999999999716
346.183
278.567
66.85
228.233
417.117
310.367
261.25
-99.7
464.983
424.767
446.91700000000003
174.96699999999998
510.25
289.7
172.11700000000002
360.83299999999997
421.783
93.233
384.983
-158.433
144.65
238.96699999999998
19.650000000000006
372.7
598.517
434.5
187.05
-68.433
507.383
164.233
472.85
43.099999999999994
407.383
368.9
329.783
397.5
543.783
358.16700000000003
434.783
322.633
342.983
244.1
397.45
-337.7
409.317
375.433
186.183
157.36700000000002
145.85
336.9
488.25
187.9
253.317
320.7
134.45
-185.96699999999998
283.317
407.5
478.117
203.833
397.58299999999997
325.9
66.317
-312.1
455.183
256.567
-51.81699999999999
36.632999999999996
273.183
212.767
-1003.55
-86.633
136.183
284.1
256.983
-47.099999999999994
576.85
414.767
270.58299999999997
84.1
268.383
246.167
-102.217
449.5
532.65
288.83299999999997
-177.817
52.43300000000001
321.383
338.5
-95.483
356.967
387.05
272.967
409.45
360.83299999999997
340.383
433.433
259.58299999999997
190.63299999999998
382.45
261.16700000000003
423.983
39.900000000000006
407.317
449.367
341.65
-66.233
232.317
334.1
86.85
-269.9
376.183
361.367
269.117
-112.7
363.45
346.3
220.317
91.833
362.983
365.5
-144.28300000000002
216.63299999999998
342.05
77.5
-129.483
180.36700000000002
273.85
216.96699999999998
326.783
180.233
271.58299999999997
532.767
114.917
182.9
384.91700000000003
545.9
401.717
180.9
225.917
285.033
101.517
512.033
372.783
221.96699999999998
-141.417
109.367
218.583
305.9
278.517
-0.7000000000000028
552.383
576.967
38.18300000000001
296.9
385.91700000000003
359.83299999999997
246.983
109.233
357.383
396.567
91.05
136.233
309.517
337.3
186.71699999999998
302.433
488.317
455.83299999999997
413.91700000000003
109.233
573.583
190.767
398.117
-122.63300000000001
391.317
189.5
-70.88300000000001
310.36699999999996
353.58299999999997
220.433
561.65
406.433
399.11699999999996
285.567
658.517
101.69999999999999
394.983
313.63300000000004
-22.61699999999999
300.3
661.317
428.7
559.717
-27.36699999999999
473.183
384.433
405.983
211.9
364.05
549.633
-24.817000000000007
258.567
627.45
357.5
161.317
197.233
367.45
374.767
533.85
201.433
683.45
575.1
712.317
469.967
724.65
532.633
267.717
373.633
422.45
646.633
811.9169999999999
234.3
741.117
621.7
574.85
715.1669999999999
645.717
543.9
386.65
679.233
528.983
803.567
156.25
318.5
606.517
582.3
609.25
443.433
928.517
597.967
761.25
588.9
731.9169999999999
703.567
733.25
360.833
1060.383
520.433
614.783
547.367
892.317
575.7
752.983
648.7
660.983
925.9
838.917
729.433
665.45
929.633
689.317
506.633
995.9169999999999
798.3
676.383
632.567
622.85
729.9
841.783
712.433
937.317
836.5
617.917
572.767
734.05
843.767
746.05
645.9
972.717
543.567
811.25
540.033
732.117
636.367
816.983
906.033
784.85
531.833
839.517
1018.833
492.38300000000004
928.3
776.85
807.833
849.45
821.967
676.783
1039.833
1219.383
747.767
754.05
1351.1
977.85
1190.433
567.05
755.1
1235.517
1077.633
1205.65
1280.633
826.9169999999999
795.5
914.183
892.1669999999999
1420.783
1259.633
725.383
1189.233
1082.317
1298.967
1331.85
1153.5
1070.917
1411.3
683.117
967.3
1101.05
1284.233
1596.383
1543.3
1483.45
1437.033
1233.117
1335.167
1360.05
1240.033
883.45
1099.9
1436.65
1253.433
1507.717
1072.3
1578.783
1464.567
1569.717
1401.967
1557.383
1487.367
1083.05
1536.233
1387.983
1315.033
1225.25
1372.967
1345.05
1467.367
1376.183
1153.9
1472.25
1259.033
1233.317
1111.9
1588.117
1486.033
1427.717
1506.1
1608.917
1353.5
1320.25
1222.7
1485.917
1502.033
1396.05
1144.633
1624.65
1378.767
1416.583
1398.5
1554.583
1431.567
925.183
1383.967
1452.783
1534.967
1546.583
1741.967
1875.383
1682.567
1709.517
1669.833
1819.117
1877.1
1720.117
1816.233
1806.65
1815.967
1984.117
1823.433
2194.383
1674.033
1247.117
1507.367
1719.583
2014.433
1732.783
1838.367
2188.25
1999.033
1921.583
1855.033
2091.383
2143.767
2169.717
1891.033
2257.517
1926.833
1813.383
1714.233
1738.983
1658.5
1971.65
1329.033
1732.517
1851.9
2098.45
1753.7
2075.65
1966.367
2163.65
1984.767
2040.85
2106.9
2086.583
2030.7
2322.117
1890.1
2438.983
2181.767
2200.383
2122.3
2026.917
2216.767
2471.183
1827.567
1947.317
2266.567
2493.583
2226.767
2297.25
2053.033
2114.317
2000.567
2083.383
2236.633
2207.383
2515.9
2780.25
2086.1
2667.65
2651.433
2512.583
2424.233
2466.65
2351.367
2305.983
2604.833
2541.183
2334.433
2127.05
2264.7
2186.783
2150.233
2473.717
2386.433
2546.717
2762.633
2595.117
2716.767
2938.917
2689.633
3007.183
2854.767
3187.783
2958.5
2778.383
3020.367
3024.917
2938.5
2722.917
2897.433
2711.517
2784.967
2643.983
2820.567
2794.05
2580.767
2238.183
2513.967
2442.383
2461.033
2281.317
2222.3
2472.117
2231.3
2158.117
1870.633
2484.717
2045.567
2396.65
2426.167
2617.25
3118.633
2926.317
3229.7
3098.65
3261.3
3414.517
3005.967
3193.05
3121.767
2838.517
2761.767
3039.717
2894.833
3148.85
2713.833
2982.117
3039.033
3016.717
3184.567
3162.583
3215.9
3383.983
3341.567
3392.45
3379.5
3305.917
2986.967
3347.983
3409.033
3264.783
3514.367
3592.05
3452.233
3329.717
3049.833
3578.783
3451.233
3792.05
4068.433
4176.383
4553.967
4543.783
4395.7
4331.717
4265.033
4367.583
3964.0330000000004
4543.65
4220.233
4370.117
4297.1
4529.65
4009.967
4168.65
4325.8330000000005
4130.183
4194.9
3986.183
3711.9
4331.45
4426.633
4302.05
4502.9
4684.65
4667.633
4557.117
4299.633
4625.583
4568.633
4032.917
4245.5
4232.5830000000005
4475.033
4367.517
4604.633
4798.85
4527.767
4391.65
3856.9669999999996
4095.05
4196.1
4259.517
3994.5
4398.9169999999995
4082.5
4091.783
3873.3
3766.317
3732.567
3637.717
3723.367
3759.183
3864.367
3653.583
3795.433
3533.917
3735.7
3880.717
4007.9
4309.117
4496.5
4622.517
4785.567
4575.65
4662.7
4192.917
4747.633
4526.917
4573.9
5103.117
4834.3
5538.25
5579.5
5509.517
5755.233
6351.183
5829.967
5963.517
5419.167
5562.717
5475.033
5001.05
4735.567
4792.117
4645.367
4436.183
4562.967
5078.917
4716.633
5010.85
5081.9
5608.383
5587.367
5709.45
5411.833
5225.983
5097.033
4700.383
4525.233
4591.45
4174.233
4015.983
3871.3
3908.85
3834.033
3237.717
3576.833
3574.717
3242.5
2926.85
3680.433
3784.117
3933.833
4251.317
4024.3
4889.917
5141.033
5232.383
5058.567
5149.783
4897.367
4523.05
4666.367
4579.383
4783.967
4766.25
4606.167
5190.45
4840.9
5052.917
4928.5
5095.917
5045.1
4948.717
4394.433
4992.983
4888.567
5013.183
4939.233
4832.65
4836.967
4939.05
4961.9
5664.917
5745.433
5751.183
6042.7
6204.05
6298.367
6253.783
6069.833
6439.783
6186.567
6631.117
6242.433
6701.25
7162.9
6447.25
6694.033
6764.65
6531.367
6492.783
5720.1
5550.183
4977.233
4656.517
3687.833
3472.917
2911.367
2723.65
2732.033
3292.85
3591.3
4014.317
4585.1
4990.183
5260.167
5586.383
6074.233
6401.85
6845.9
6738.117
6714.633
6853.85
6252.1
6119.517
5746.3
5334.583
4491.1
4139.5830000000005
3784.033
3760.25
4143.032999999999
4365.85
4973.9
5957.85
6313.3
6567.317
7509.767
7782.183
7923.9
8401.983
8072.634
8834.917
8884.3
9292.05
9034.366
8961.983
9434.634
9158.85
9232.434
9410.45
9245.9
9509.45
9288.1
9975.583
9793.634
9903.65
9704.033
10220.583
10061.1
9891.85
10049.634
10576.384
10338.033
10253.517
10061.167
10203.783
9709.1
9765.983
9988.033
10059.384
10502.634
10253.917
10373.366
10455.717
10107.5
9795.184
9581.167
9758.384
10063.1
10244.717
10133.634
10187.717
10152.767
10065.517
9972.1
9808.783
9843.1
9644.717
9770.634
10221.184
9981.1
10207.717
9890.7
10020.517
10266.5
9991.116
10415.434
10626.384
10639.1
10759.917
10838.033
10979.316
11333.7
11564.116
11407.833
11353.983
11230.033
10486.116
9932.167
10038.184
9944.167
9874.184
9786.967
10167.25
10434.366
10638.917
11319.634
11249.85
11929.634
11868.45
11932.566
11875.85
12344.833
11694.717
11829.7
12260.316
11780.967
11816.45
12033.833
11932.316
11750.833
12439.45
11942.967
12245.25
12176.833
12113.384
11814.434
12056.583
11950.233
11943.85
11329.434
12049.717
11844.033
11869.85
11472.167
11792.783
12212.9
12462.184
12108.833
12369.983
12467.3
12225.45
12193.1
12151.583
11067.233
11506.917
11557.033
11608.316
11132.566
11765.517
11642.033
11632.783
11342.7
11333.384
11730.9
11861.783
11811.634
11886.25
11636.167
11328.65
11332.7
10705.384
10997.767
11721.116
11558.1
11701.05
12128.3
12445.25
12552.033
12717.184
12364.366
12443.45
12644.366
12536.583
12062.434
11780.45
11270.967
11456.316
10669.833
11354.316
11632.634
11275.45
11307.767
12171.917
12132.7
11542.184
11595.167
12485.05
12705.7
12359.717
12151.1
12281.583
12420.233
12078.184
12015.233
12278.05
12052.9
12364.05
12685.767
12376.583
12643.434
12908.85
12016.9
12246.517
12122.033
11685.25
11955.167
11199.45
11479.5
11562.583
12616.5
12461.25
12261.833
12291.384
11787.033
12090.783
12045.5
12393.717
12051.434
11783.116
11191.233
10987.316
10583.767
10196.184
10124.967
9378.917
9222.566
9259.45
9216.967
9782.917
10302.033
11307.116
12032.1
13383.917
13534.634
14638.384
13787.167
13137.517
13630.5
13495.983
13232.967
14064.184
14266.9
14477.116
14317.3
14118.45
13471.9
12916.45
12552.1
12760.85
12726.167
14115.65
13556.434
14201.85
14320.767
14673.983
14722.167
14353.384
15100.767
15378.717
16052.767
15885.783
16100.767
16362.45
16783.166
15623.917
15868.1
15133.05
15536.7
15513.316
16005.434
15348.25
15100.967
14590.917
14349.967
14614.25
14281.767
13300.917
14271.634
14095.45
15082.833
15189.717
15274.233
16262.917
15852.7
15427.917
15800.767
15818.583
15546.634
15596.983
15903.7
16292.45
16769.768
16849.051
16505.566
16627.117
18459.434
17004.717
17131.434
17409.383
16745.166
17400.584
17390.301
18026.916
17371.768
16743.518
17111.768
17319.383
17259.768
16693.449
16616.5
17790.65
18312.5
17923.982
17144.434
17545.65
17327.166
17217.117
16287.033
17226.982
17039.232
16645.584
15936.434
16607.517
16893.367
16910.584
16423.5
17582.117
17634.9
17456.316
17815.566
17976.518
18831.1
17963.783
17721.633
18363.316
17928.301
18329.051
17308.699
17657.117
18490.9
18077.184
18226.566
18258.316
17727.834
17942.717
18483.768
19239.783
18956.9
18859.449
19115.699
18874.316
19389.9
19946.717
19406.5
19313.916
18876.367
18865.65
18327.1
18822.65
18398.5
18741.117
18061.768
17549.184
17824.834
17707.916
17338.434
17981.783
17530.434
17682.85
17876.566
17726.449
17875.367
17772.25
18299.633
18777.316
19284.768
18269.85
18458.768
18469.65
17839.768
18822.982
18456.768
18947.783
18945.566
19406.783
19398.434
19564.85
19825.9
19209.051
18765.566
20614.584
19860.166
19806.383
20099.9
20358.916
18956.566
19802.982
18995.633
20071.584
19723.699
18904.916
19566.768
20098.051
19825.9
19915.717
21048.1
20351.184
19701.232
19420.916
19189.301
19046.117
19721.033
20575.117
20337.1
21106.584
21304.9
21752.117
21191.033
21224.316
21661.566
21442.184
21472.367
21400.916
21555.834
22023.982
21665.768
22359.316
22127.033
22254.85
22776.367
22577.65
22531.1
22034.184
22143.768
22478.85
22051.967
21924.117
21687.301
22457.117
22107.367
23261.783
22441.5
21982.85
22564.5
22690.85
23567.434
23686.717
23791.566
23143.518
23364.434
22790.184
22923.367
22644.85
23234.699
23339.85
25514.232
23453.117
24512.9
24926.449
25116.5
24570.518
25994.834
25370.717
25707.566
26635.316
27413.232
26089.449
26673.9
26082.65
26376.566
28250.25
26537.566
26730.717
25799.768
25710.982
25855.5
26564.383
26464.967
27074.117
27925.5
27288.051
28171.301
28967.051
29743.699
29720.982
29975.566
30837.051
31579.834
30852.518
29313.033
30227.449
30471.967
29611.449
30292.633
30950.916
30973.633
30726.117
31315.768
31976.518
31237.768
32937.449
33740.898
33197.117
32621.566
33828.582
33680.301
33771.648
33401.699
33801.648
34005.168
33697.383
33771.367
33389.184
33688.898
34671.184
35533.301
35981.316
36410.434
38001.25
38248.832
37603.316
38405.301
38352.184
38146.301
38146.852
37157.566
38155.715
37274.367
37262.852
39007.102
39675.383
40013.699
40093.715
40287.633
41141.582
40146.633
40498.984
39889.168
40212.715
40522.832
39933.648
40752.434
41518.383
41978.699
42128.117
42359.832
42814.648
42798.566
42130.449
42457.898
42290.117
42405.367
41713.785
42424.234
42523.051
42749.633
43219.785
42679.5
42427.25
42644.766
42778.184
42881.965
42878.984
43206.102
42942.184
43185.965
43408.852
43091.766
41870.648
41122.766
39225.051
37570.898
36558.516
36182.699
36048.516
36661.965
36632.715
38153.566
40050.117
40654.699
41419.715
41613.699
41885.316
42902.367
44045.117
43671.168
44341.785
44404.301
43963.918
43098.434
42713.582
43071.898
43712.449
44104.566
44622.051
45336.168
46447.582
46988.566
47113.316
47211.566
46386.648
46180.234
45626.25
45991.102
46063.648
46060.699
45969.984
45157.965
44718.383
44446.234
43790.852
43872.035
44196.051
44032.168
45629.852
45972.832
46337.25
47058.035
47332.316
46316.699
46530.25
46102.898
46085.785
46501.234
46971.117
47454.633
48553.051
48422.102
49094.25
48494.035
48493.852
48008.898
47152.582
47346.102
47254.852
47513.898
47205.582
47579.965
48234.051
48549.898
48039.117
48134.234
49304.648
48734.699
49161.051
48439.965
49020.051
48338.832
47304.648
46761.699
46340.984
46260.5
46544.25
46854.234
47386.316
48715.234
48424.516
49273.832
48680.648
48724.102
48498.117
47982.168
47561.383
47077.102
46342.648
46560.367
46494.984
46211.301
46454.852
46431.566
46145.25
46233.566
46114.516
46244.566
46790.984
47307.633
47271.648
47858.965
48630.051
48937.102
48884.984
49250.035
48978.117
48902.699
48038.051
47549.301
46974.117
47262.766
47763.449
47446.766
48359.984
48718.566
49415.648
49718.832
49698.516
49701.035
50647.25
50927.102
51596.516
51710.566
51268.449
51095.434
50822.648
50747.234
49990.918
49746.699
49921.984
49879.301
49549.184
49456.766
48434.984
49064.102
48662.715
49089.566
48989.516
49945.766
50523.918
51203.5
51736.715
52029.699
50970.25
51007.566
50368.25
50472.434
50859.25
50470.035
50397.117
50040.633
50472.184
50893.699
50850.316
51167.5
51247.25
51783.168
52269.785
53133.301
52280.984
52077.965
51365.852
51326.035
50474.582
50414.434
50305.117
50014.367
50756.25
50890.102
49028.051
50253.035
50087.852
49748.832
49904.785
49622.301
49538.715
49891.898
50442.984
50790.234
50888.117
50756.566
50971.582
51760.566
51806.184
52190.035
51826.785
51215.898
49572.852
47911.566
46873.316
45120.566
43178.984
42706.301
43435.516
44648.434
47323.984
48079.965
47402.648
47513.102
47664.984
47097.898
47473.785
46894.633
46324.715
47381.898
48801.715
49909.566
49870.648
50323.234
50491.117
51150.234
51975.316
51427.766
51310.648
51332.699
50485.852
50967.633
51523.785
51549.965
51355.715
52323.5
52837.785
52767.832
52901.852
52090.832
51873.117
51497.234
51733.25
51319.434
50585.184
50331.566
49809.715
50976.699
51834.051
52647.367
52376.383
53083.5
54095.051
54415.301
53849.25
53355.234
53721.184
53066.898
52869.785
52136.898
52880.184
53599.832
52959.984
52638.234
52144.383
50967.5
50221.918
48350.566
47048.117
46634.965
46713.184
47177.566
47781.715
49188.5
49431.648
50949.035
51237.516
51342.633
52079.852
52361.898
52854.582
53040.898
53243.383
53754.102
54677.117
53971.633
53493.449
52618.168
52452.582
52279.168
52138.383
52169.832
52177.852
52968.566
54065.984
54127.367
54187.852
54165.965
54025.25
53719.832
53704.316
53623.832
52447.383
51808.965
51342.918
50583.5
49627.984
49087.832
49491.715
49857.234
50373.516
50847.832
51595.918
51709.633
51529.449
51321.766
51451.715
51124.367
50705.383
50842.766
51306.383
51932.566
52088.449
52195.035
52754.449
53360.301
53310.316
53381.035
53065.582
52894.898
52202.516
51323.898
50855.582
49877.898
48793.051
50172.898
50081.383
50479.898
50608.25
51470.832
51495.918
51933.102
51350.715
51419.367
51758.516
51222.5
51051.785
50877.434
50736.051
50363.898
49609.715
49072.898
49245.051
49308.234
48758.449
48015.965
48355.516
48156.699
47866.117
47866.832
48170.852
48511.434
48804.117
49289.367
49502.516
50012.367
49758.117
49526.434
50002.449
49916.898
48608.383
49388.035
48921.852
48959.898
49188.516
48482.234
48607.184
49642.234
49821.117
50310.766
50170.984
50256.5
50156.785
49845.766
50325.316
49824.832
49167.25
49095.832
49524.117
49992.434
50142.316
49337.168
49535.648
49427.102
48969.316
49301.965
49365.918
49308.168
49039.785
49263.832
48842.516
49098.699
48439.984
48158.898
47967.316
48006.234
48243.582
47803.965
48677.516
48953.234
49587.715
48902.367
49051.715
49032.566
49395.25
49212.5
48936.184
49171.102
49097.785
48854.766
48862.918
48872.699
48530.984
47999.766
48456.184
48613.301
48689.516
48645.898
48874.051
48886.699
48811.984
49262.168
49253.984
49461.168
48532.516
48101.367
48311.582
47724.965
47804.648
47546.633
48231.051
48749.367
48584.582
48466.898
48795.516
48711.301
49042.648
48899.434
48976.449
49311.633
49052.117
49036.5
49239.582
49315.965
49160.785
49025.699
48245.25
48449.434
47600.785
47871.301
47858.582
47791.102
47349.785
47476.633
47434.516
47420.699
47449.984
47850.234
47489.449
48138.434
47889.516
47730.234
47182.984
46753.367
46310.918
46446.434
45959.051
46027.965
45772.785
46381.965
46657.117
46606.5
46494.184
46127.898
47192.648
47537.367
47843.984
47927.766
48532.516
48737.766
48001.785
47719.102
47539.117
47483.301
46598.984
46724.301
46956.918
47013.035
47371.785
47340.566
47812.184
47733.898
47880.383
47648.699
47942.383
47561.898
47192.516
46644.168
47261.785
47398.832
46569.785
47500.699
47032.918
47431.035
47629.852
47118.367
47335.25
46932.965
46019.316
45548.766
46061.918
45747.766
45467.785
45964.301
45930.25
47098.699
46764.852
47592.965
47739.25
47428.234
47320.25
47725.301
48049.648
47469.566
46933.316
46621.234
46631.316
45971.633
45807.449
45809.234
46416.852
46486.5
46389.25
46338.301
47000.582
47099.5
46643.715
46361.699
46358.918
45943.102
45183.582
44660.898
44734.383
44677.367
44228.984
44593.766
44903.316
45615.832
45894.316
46167.566
46416.984
46670.367
47079.984
46991.5
47100.582
46891.168
46731.051
47235.766
46594.852
47045.832
46739.516
46336.766
46862.051
46749.234
46952.785
46585.832
46384.852
46252.898
46243.516
45599.566
45703.852
45443.168
45215.918
45581.566
45177.184
45027.234
44968.449
44879.766
45765.316
46023.168
45127.051
45266.699
45900.383
45780.566
45709.051
46171.566
45673.449
45268.102
45146.316
44377.234
44857.582
43944.367
44160.785
44016.5
43968.117
44506.699
44328.25
44733.633
44606.715
44560.566
44926.25
44817.766
45175.383
45104.766
44642.184
44690.301
44851.117
45066.168
44248.852
44571.102
44698.184
44767.566
44079.516
44623.898
45307.715
44911.5
44663.648
45468.367
45552.648
45493.766
45129.184
44716.035
45250.383
44731.832
44964.715
44935.566
44647.984
44815.699
44682.117
44467.898
44798.715
44554.566
43873.984
44011.168
44295.715
44031.168
43396.852
43374.898
43004.184
42916.434
42708.715
42257.102
42870.852
42944.102
42556.25
43571.633
43474.516
43795.633
43713.316
43381.434
43928.582
43739.434
43330.852
42873.633
43302.852
43487.699
42545.449
41711.699
40855.449
40063.5
39444.918
38715.566
38285.984
37587.699
37102.516
38395.766
39101.184
39191.434
39836.648
40635.234
41836.984
41553.699
42067.715
41871.301
41759.582
41995.5
41463.117
41333.035
41501.516
41493.766
40999.582
41151.965
41273.918
41523.633
41215.918
40952.5
41383.449
41149.766
41184.852
41004.168
41428.184
41369.035
41062.918
41603.234
41429.516
41198.965
40786.715
40495.699
40497.715
40439.434
40375.051
40509.898
40309.184
40704.898
40764.316
40570.566
40767.582
41265.168
40945.25
40660.699
40977.852
41156.5
40951.984
41155.898
41002.051
40569.832
40354.984
40276.766
40464.117
40331.832
39515.051
39902.699
39759.715
40044.5
39900.184
39709.965
39848.516
39953.566
40278.184
39822.367
40023.25
40316.898
39661.785
39948.168
39933.449
39803.566
39222.449
39343.965
39284.316
39284.102
39350.184
39219.898
39162.582
39172.102
38490.383
38822.965
38569.852
38895.102
38387.785
38783.898
39394.516
39064.5
39526.984
39527.832
39411.383
39881.5
39629.582
39648.301
39658.852
39538.766
39742.918
39577.965
39707.715
39461.367
39657.715
39480.035
39863.984
39182.035
39308.383
39095.168
39266.582
39466.633
38942.516
38856.898
38847.516
38930.234
38904.785
38941.633
39043.785
39169.965
39104.918
39013.699
38913.918
38548.566
38087.117
37971.5
38150.383
37655.035
37277.984
37441.898
37852.918
37803.035
37354.449
37400.035
37762.715
37536.898
37270.25
36884.699
37182.051
36975.566
36522.383
36091.102
36441.25
36453.566
36439.051
36792.566
36621.316
36678.965
36054.051
36279.035
35788.582
35691.434
34874.582
34722.234
34766.785
34239.633
34188.648
33547.766
33883.852
33515.234
32803.316
32020.5
31875.783
31963.566
31735.518
31108.232
31367.316
31323.434
31614.383
31746.768
32379.449
32810.566
33699.316
34559.434
34710.918
34861.633
34911.449
35204.633
34977.984
34635.766
34707.715
34381.965
34690.051
34499.766
34837.449
34912.367
35233.383
35222.566
35423.918
35376.234
35808.984
35679.102
35422.449
35691.898
36027.715
35763.434
35399.184
35227.434
35528.316
35410.5
35217.184
35141.633
35187.316
35211.965
35644.316
34882.234
35406.648
35349.035
35385.648
35266.566
35467.051
35233.168
34802.785
34816.035
34956.984
35128.633
34390.516
34268.168
34480.984
34129.832
34136.316
34351.434
34437.582
34125.168
34038.117
33746.367
33673.785
33720.898
33787.449
33788.832
33703.117
33638.832
33701.449
33567.102
33378.648
33389.102
33187.852
32558.834
32958.982
32518.166
32657.916
32614.1
32713.449
32511.967
32625.584
32593.9
32653.783
33004.9
32772.316
33124.566
32954.85
33207.102
32939.782999999996
32378.367
32401.518
32240.768
31984.717
32259.434
32060.65
32089.9
32120.982
32084.367
32515.051
33085.5
32604.65
33177.168
33328.449
33054.566
33184.316
32868.234
33086.717000000004
33272.766
33405.516
33636.898
33716.383
34166.035
34118.117
34539.434
34910.516
35182.766
34672.25
34549.699
34865.316
35464.633
35268.25
35833.633
35992.785
36467.301
36203.582
36336.035
36232.117
35941.168
34997.383
33887.434
33258.117
32956.035
32582.982
32306.5
31991.783
32070.633
31894.783
31821.768
32050.584
31968.367
31938.117
31928.566
32297.25
32054.768
31873.584
31505.166
31496.25
31712.301
31253.117
31582.566
31450.65
31678.434
31668.783
31761.232
31861.982
32116.967
31724.982
31869.768
32247.25
32060.834
31389.584
31788.1
32152.982
31969.434
31563.383
31830.166
32128.383
31495.033
31938.584
31155.367
31534.25
31209.566
30989.982
31051.166
30933.717
31039.033
30701.717
30243.834
30954.982
31006.967
30680.316
30672.166
30815.65
30592.633
30988.316
30428.033
30624.85
30672.9
30836.65
30821.232
30993.051
30704.633
30862.316
31022.232
31246.65
30761.9
30348.184
30347.301
30621.117
30788.834
30497.916
30673.699
30432.783
30668.699
30391.717
30421.967
30492.184
30366.633
29939.65
29721.768
30332.65
30103.699
29634.25
29473.434
29924.982
29566.367
29577.25
29654.633
29962.916
29620.5
28608.717
29408.633
29853.717
29475.232
29359.051
29024.9
29204.316
29338.367
29572.449
29522.5
29391.25
29120.9
29149.383
29157.232
28495.916
28301.232
27643.184
27975.9
27437.717
27932.566
27488.117
27640.166
28947.518
28816.834
28766.383
29434.301
29184.449
29271.434
28773.25
28546.033
28365.051
28391.434
28084.584
28150.1
28249.783
28280.9
27878.916
28155.033
28795.316
28286.434
27748.449
28079.967
28399.65
28460.633
28116.25
28220.033
28349.518
27999.166
27629.117
27252.566
27673.518
27174.967
27087.316
26697.434
26641.518
26633.566
25909.85
25422.699
25207.051
23606.1
22727.916
21872.367
21991.316
22009.566
22065.783
22366.967
23315.916
24368.1
24879.184
25018.434
25180.184
25914.768
26375.518
26364.566
25960.85
26482.834
26391.982
26518.1
26480.584
26089.033
25720.982
25564.834
26051.65
25919.232
25479.783
26199.9
26065.65
26333.699
26426.65
26313.699
26413.982
26427.301
26173.518
26294.1
26340.117
26564.301
26119.383
26143.166
26522.117
26588.5
26456.184
26597.967
26673.717
26664.834
26546.184
26054.434
26511.916
26416.699
26047.916
25840.834
26079.449
26281.5
26094.584
25627.699
25860.518
26224.834
25614.584
26301.301
26436.916
26320.166
26813.051
26493.166
26645.449
26543.834
26309.25
26507.1
26387.518
26336.5
25977.184
26069.1
26066.518
26182.566
26003.518
26114.033
26335.717
26368.566
26033.25
25815.434
26087.65
25965.768
26168.316
25712.301
26246.584
26066.033
26294.383
26319.834
26384.25
26310.166
25806.449
25526.1
26086.584
25954.633
26082.383
25677.1
25570.117
25664.232
25582.717
25915.1
25657.117
25680.633
25055.449
25105.434
25180.316
25445.301
24545.916
24809.967
25055.316
25033.033
24772.184
24604.232
25097.783
25077.768
24810.65
24954.768
24990.982
25238.434
24457.383
24681.1
25187.518
25212.1
24863.65
24758.301
24812.916
25048.033
24672.717
24584.699
24748.584
24675.5
24083.85
24376.166
24326.383
24218.566
24144.85
24286.434
23949.85
24783.768
24111.783
23979.166
24047.316
24112.633
23979.584
23444.768
23927.584
23987.967
23628.65
23376.367
23843.85
23689.5
23591.65
23075.1
23617.65
23581.166
23499.717
23549.166
23143.184
23424.5
23247.383
22830.699
23019.916
22865.768
22896.518
22355.699
22793.65
22734.5
22054.584
21733.967
22459.717
22254.768
22081.916
21942.768
22217.316
22119.5
21716.584
21597.566
22296.65
21983.5
21819.184
21661.633
22126.518
21700.434
21551.85
21403.768
22058.051
21789.1
21528.449
21498.5
21651.117
21319.301
20911.65
20614.633
21075.584
21170.566
21064.316
21357.434
21490.449
21391.301
20792.783
21447.367
21241.65
21122.768
21086.584
21073.633
20906.383
21068.967
20489.449
20313.301
19466.383
18582.1
17680.518
16785.834
16247.384
15992.566
15978.316
16006.366
17096.184
17724.5
18082.717
18578.768
18939.117
18996.834
19139.65
19047.967
19127.449
18532.033
18531.518
17798.1
18841.051
18825.834
18653.65
18595.166
19003.982
19238.967
19444.449
19179.1
19614.85
19852.301
19508.316
19645.967
19993.449
20021.367
20033.65
20189.1
20317.117
20292.967
20106.982
19742.033
20661.051
20424.834
20404.65
20032.1
20658.85
20829.166
20603.117
20847.1
20823.518
20370.232
20604.85
20230.232
20806.916
20715.699
20590.117
20509.834
20515.051
20737.768
20353.717
20908.633
20905.85
20943.232
20910.717
20530.768
21201.117
21215.967
20772.65
21001.033
21641.584
21379.232
21148.85
21635.232
21866.25
21492.9
21243.85
21308.699
20920.051
21145.367
20673.184
20829.699
21117.117
20998.434
21036.584
21475.367
21129.85
21282.9
20644.184
20491.834
21380.25
21216.166
21043.051
21165.033
20991.982
21088.566
21139.316
20815.301
20871.85
20884.1
20843.584
20789.768
20909.117
20556.1
20717.25
20560.768
20931.916
20651.768
20728.85
20714.834
21143.982
20783.967
20809.783
20696.633
21001.383
21254.166
21272.584
21127.232
21028.85
20869.566
20765.184
21017.566
21209.783
21313.301
21317.316
20960.232
21608.65
21411.033
21338.982
20843.033
21418.85
21315.1
21071.783
20956.9
21035.85
21181.033
21339.65
21192.033
21285.518
21010.566
21083.717
21303.1
20953.85
21134.699
20979.584
20887.768
20958.25
21117.033
20860.783
20763.834
20862.717
21167.033
20159.449
20936.633
20918.584
20850.1
20129.316
20557.232
20862.449
20989.5
20847.25
20884.434
20802.717
20976.9
20664.85
20521.9
20957.051
20654.5
20762.117
20414.967
20620.184
20656.301
20363.25
20243.301
20544.85
20130.699
20150.518
19961.699
20295.316
20169.967
19839.184
20091.1
20117.449
19857.301
20003.916
20170.5
19956.449
19924.434
19671.25
19708.232
20021.184
19647.5
19828.383
19441.434
19487.051
19532.5
19448.783
19507.9
19290.783
19229.768
19217.717
19147.367
19371.383
19349.768
19252.117
18278.5
18601.717
18480.5
18278.051
17651.566
17578.316
17597.166
17168.316
16526.566
17078.449
16890.367
16045.384
16407.833
16310.917
15894.634
16056.583
15443.1
15591.983
15385.366
15121.917
15250.9
15486.184
15370.967
15541.316
14287.833
15054.717
15148.967
14682.717
14977.033
15201.517
15292.967
15031.783
15479.434
15684.384
15783.434
15977.517
16429.233
16361.917
16220.3
16345.717
16096.634
16078.384
16249.7
16198.25
15666.767
16099.316
15894.833
15531.316
14913.9
15284.316
15035.3
14701.45
14633.5
14456.583
14505.366
14367.783
14257.167
14636.983
14649.434
14465.184
14495.366
14627.517
14449.233
14369.783
14304.434
14686.583
14513.233
14197.717
14646.9
14966.717
14794.366
14470.05
14669.967
14585.184
14658.233
14593.983
14480.434
14492.05
14269.7
13667.45
14233.767
14113.05
14249.767
14372.917
13926.634
14428.717
14269.434
13515.783
13815.767
14028.25
13891.5
13921.05
14205.434
14310.05
14346.967
14519.65
14448.967
14571.517
14386.366
14363.384
14015.767
14249.917
14356.9
14093.717
14103.5
14349.65
14338.5
14041.583
14530.434
14583.583
14715.233
14281.05
14484.1
14594.583
14582.9
14816.717
14113.1
14618.85
14487.434
14659.983
14290.167
14957.25
14724.366
14850.65
14469.167
14991.917
14937.9
14624.517
14384.366
14625.517
14385.366
14285.05
14495.366
14460.917
14260.1
13922.783
13924.5
14161.783
14344.566
14174.583
14351.566
14297.917
14130.167
13925.25
14152.033
14225.983
14102.1
14370.05
13792.967
14085.316
14331.634
14301.983
13988.7
14018.184
13593.967
13278.983
13722.434
13595.783
13663.9
12865.917
13418.566
13686.583
13618.7
13336.384
13607.967
13861.116
13417.833
13578.384
13435.3
13656.25
13312.566
13030.517
12988.233
13320.783
13225.3
12821.316
13151.366
13080.45
13263.434
13048.05
13143.233
13201.717
13040.833
12858.25
13094.167
13218.384
13141.167
13029.983
13344.9
13087.116
13155.634
13085.05
12855.833
13034.45
13026.033
12851.917
12723.233
12749.983
12855.1
12554.384
12436.566
12907.384
12932.167
12620.184
12675.167
12880.45
12880.366
12468.05
12542.967
12724.05
12552.233
12279.316
12692.7
12646.917
12429.7
12683.116
12431.7
12511.583
12450.3
12142.517
11802.366
12461.25
12146.233
12347.384
12170.233
12258.783
12094.3
12030.917
11839.967
12189.25
12072.767
11929.783
11659.233
11939.783
12002.767
11794.983
11755.1
12022.384
12016.5
11509.384
11661.033
11919.517
11885.634
11190.384
11375.033
11768.65
11746.7
11644.983
11321.434
11895.45
11760.233
11671.116
11422.967
11563.05
11392.833
11227.116
11394.634
11579.583
11365.5
11185.917
11261.366
11685.783
11715.033
11440.983
11158.967
11270.583
11398.1
11220.717
11047.233
11335.116
11294.5
11245.783
10912.9
11073.116
11220.033
11141.184
10956.1
11156.184
10985.566
11398.45
10664.7
11106.25
11038.033
10822.65
10397.7
11106.783
11042.1
11062.25
10737.566
10848.05
10698.1
10799.316
10919.634
11190.184
10381.434
10659.25
10454.434
10686.316
9994.434
9452.783
8735.167
8346.383
7366.833
6372.25
5609.567
4825.517
3972.233
3522.05
2802.167
3073.65
2956.033
2705.783
2926.167
3893.583
4153.433
4284.583
5353.9
5979.317
6359.833
6720.183
6071.633
6820.383
6382.033
6169.117
5726.633
5500.317
5551.433
5234.05
5003.7
5406.05
5493.633
5473.983
5290.3
6072.05
5855.7
5933.583
6589.9
6658.917
6938.167
6670.65
7185.767
7386.717
7403.9
7450.517
7732.033
8022.317
8118.567
7675.717
7973.633
8550.183
8597.7
8168.782999999999
8734.7
9002.983
9170.566
9088.65
9140.033
9643.184
9602.634
9021.184
9164.1
9870.783
9980.434
9803.517
9535.7
10051.583
9890.366
9694.717
9728.1
10191.45
9972.5
9105.45
9963.233
10150.517
10248.233
9926.384
9687.566
10196.85
10121.5
9932.45
9874.366
10014.184
10122.9
9693.25
9530.3
10427.184
10022.233
9827.384
9837.434
10165.65
10064.634
9930.917
9932.366
10143.917
10077.167
9890.783
9884.167
10177.116
10173.434
10015.85
9923.167
10229.983
10151.233
9581.384
9821.634
10103.184
10015.3
9636.917
9579.366
9964.25
9830.767
9900.116
9639.566
9903.45
10028.833
9744.85
9282.5
10058.116
9931.033
9928.65
9757.167
10270.05
9979.767
9798.583
9600.9
10074.783
9838.366
9382.25
9228.634
9882.05
9838.033
9828.116
9219.566
9916.25
9789.434
9685.384
9744.033
9943.384
9904.233
9688.917
9656.033
10138.316
9954.634
9102.25
9433.434
10032.717
9800.434
9778.116
9629.167
9987.85
9886.833
9422.05
9261.167
9807.717
9653.9
9625.917
9509.3
9827.316
9822.033
9654.45
9209.366
9894.184
9788.033
9442.45
9116.167
9699.517
9846.566
9525.917
9447.434
9786.517
9410.1
9393.05
9479.767
9507.184
9410.634
9280.783
9144.5
9677.917
9526.7
9131.316
9072.233
9539.05
9646.1
8965.184
9054.9
9524.116
9445.1
9515.717
9236.566
9455.316
9353.434
9298.983
8995.3
9623.983
9389.1
9107.116
9065.9
9428.316
9355.3
9172.25
8690.167
9300.116
9247.5
9126.45
8617.7
9367.983
9178.9
8674.85
9130.767
9161.45
9114.5
8660.384
8773.033
8930.384
9036.033
8802.116
8767.634
9038.116
8830.634
8806.384
8573.9
8885.583
8900.033
8453.717
8358.5
8876.717
8864.7
8543.783
8476.967
8514.717
8728.566
8259.45
8437.233
8465.917000000001
8522.833
8344.184
8150.566000000001
8684.05
8551.5
8161.25
7817.7
8366.582999999999
8530.367
8354.917000000001
8040.5
8380.117
8333.967
7664.25
8069.967
8491.717
8109.567
7947.717
8005.433
8262.317
8259.3
7896.917
7775.767
8165.517
8263.167000000001
8099.917
7989.367
8317.517
8125.367
7824.783
7553.7
8194.983
7983.5
8234.25
7736.967
8209.582999999999
8137.233
7628.517
7692.7
8181.717
8000.167
7784.65
7863.433
8130.65
8093.633
7656.45
7625.7
8202.917000000001
7923.167
7786.183
7822.433
8044.383
7900.9
7458.583
7359.9
7709.05
7669.7
7159.183
7297.7
7759.05
7589.9
7789.383
7442.9
7783.45
7630.233
7863.717
7474.367
7691.25
7618.767
7240.917
7250.233
7682.717
7560.1
7080.383
6576.5
7491.983
7525.967
7094.45
7256.433
7508.183
7285.367
7142.717
7110.3
7471.183
7255.433
7089.85
6737.233
7288.383
7356.5
6615.65
6807.967
7378.183
7127.433
6877.25
6665.167
7262.917
7237.633
7143.583
6711.9
7311.383
7235.433
7180.117
7073.433
7266.65
7097.9
5883.65
6363.033
7133.65
7201.767
6817.383
6559.3
7083.783
7218.633
6551.383
6549.167
6955.05
6933.033
6442.783
6475.433
6967.783
6933.1
6291.517
6279.033
6819.917
6771.3
6491.05
6524.233
6736.85
6670.967
6235.383
6640.567
6725.383
6726.633
6210.05
6458.1
6846.05
6593.967
6122.917
6053.967
6624.117
6630.433
6480.85
5921.3
6696.05
6584.633
5905.917
6016.033
