286.683
65.55
-131.983
164.28300000000002
461.217
137.35
225.483
254.75
244.55
266.08299999999997
131.75
-167.85
207.483
221.28300000000002
28.882999999999996
-29.316999999999993
359.017
6.549999999999997
71.417
373.883
433.017
184.683
486.55
158.083
295.683
203.61700000000002
221.95
-125.783
208.417
213.017
337.15
27.217
293.017
201.21699999999998
256.683
25.483000000000004
563.417
486.617
99.417
-46.25
247.817
132.817
-1.6500000000000057
200.21699999999998
220.483
240.15
153.683
237.55
225.75
246.28300000000002
-34.516999999999996
49.349999999999994
626.35
294.35
-12.049999999999997
-245.583
438.817
456.017
40.283
49.217
395.883
444.95
401.41700000000003
235.95
431.017
383.817
170.75
330.08299999999997
399.15
397.55
343.95
-122.85
460.75
294.217
45.68300000000001
94.35
396.08299999999997
194.35
151.61700000000002
83.083
306.15
503.95
215.35
75.483
256.15
361.017
46.68300000000001
12.283000000000001
251.083
208.35
517.15
5.216999999999999
192.75
228.28300000000002
350.41700000000003
-55.583
206.35
271.35
203.75
108.483
424.95
375.483
-220.85
35.617000000000004
407.41700000000003
317.08299999999997
226.61700000000002
214.75
475.683
297.41700000000003
7.082999999999998
281.883
107.817
331.35
263.35
289.75
416.15
292.883
573.95
-231.05
338.483
374.017
119.55
374.883
394.75
467.283
265.883
110.15
358.15
243.75
-53.18300000000001
121.483
348.483
319.817
135.683
16.816999999999993
420.55
456.75
72.55
-234.917
364.55
323.817
93.283
148.21699999999998
276.283
430.35
351.683
58.617000000000004
304.95
339.15
-275.25
-134.71699999999998
321.217
215.61700000000002
176.75
4.950000000000003
344.617
268.017
67.15
238.55
414.217
313.41700000000003
258.617
-96.383
462.75
414.017
442.617
157.95
503.017
277.683
169.75
345.08299999999997
426.75
84.817
381.017
-160.583
148.417
240.75
23.349999999999994
377.95
599.417
431.283
170.683
-73.45
505.017
164.417
475.283
29.217
410.817
356.75
329.217
392.217
534.95
364.217
440.35
313.217
343.617
238.21699999999998
396.883
-340.317
399.817
361.283
183.15
154.683
142.15
324.35
479.15
176.35
254.817
316.483
123.75
-185.917
288.283
391.817
468.08299999999997
193.683
402.08299999999997
319.617
53.68300000000001
-308.85
457.883
243.61700000000002
-61.717
20.417
271.483
196.817
-1014.45
-89.117
129.88299999999998
281.95
258.817
-54.117000000000004
583.15
415.483
267.55
81.75
270.41700000000003
239.28300000000002
-103.783
446.617
529.083
282.883
-186.45
54.617000000000004
320.41700000000003
324.217
-106.65
372.08299999999997
386.483
268.217
409.617
351.35
344.41700000000003
415.617
253.483
199.95
386.883
257.883
424.35
32.882999999999996
414.55
442.617
343.35
-73.25
230.75
331.35
90.15
-279.517
385.283
354.08299999999997
264.683
-115.85
364.08299999999997
348.817
225.75
87.417
368.08299999999997
365.75
-158.517
210.28300000000002
348.283
74.283
-138.45
169.28300000000002
282.817
218.28300000000002
330.017
172.95
274.41700000000003
528.883
101.617
180.817
391.017
536.617
399.883
169.75
224.88299999999998
290.283
107.75
508.41700000000003
363.683
213.28300000000002
-152.05
106.217
219.417
292.41700000000003
279.75
5.483000000000004
547.483
560.017
36.617000000000004
287.017
380.883
363.683
237.95
104.55
349.217
391.35
88.217
126.417
310.75
327.217
177.75
306.55
476.08299999999997
439.617
406.95
100.683
565.017
173.683
392.35
-150.11700000000002
369.41700000000003
176.55
-91.117
286.55
333.683
202.017
546.617
392.817
382.883
263.217
635.083
87.81700000000001
383.483
287.55
-41.38300000000001
275.95
641.217
408.683
543.683
-49.917
443.75
360.017
384.017
197.617
344.283
528.55
-52.44999999999999
230.35
607.483
326.35
127.61699999999999
167.55
343.55
352.61699999999996
518.35
181.883
653.083
548.55
700.55
439.817
710.35
515.617
235.083
330.55
374.35
596.15
773.95
183.35000000000002
707.95
577.683
533.483
667.95
602.817
498.883
345.083
642.55
486.083
765.0830000000001
105.35000000000002
265.15
558.283
532.75
559.283
390.55
890.817
549.4169999999999
707.55
541.817
688.4169999999999
656.35
684.283
305.417
1006.283
463.017
568.15
504.617
853.95
521.15
700.0830000000001
588.4169999999999
613.217
865.217
774.75
652.683
596.883
860.15
622.4169999999999
437.483
939.817
734.817
630.55
566.95
568.35
663.95
784.35
653.017
885.35
770.0830000000001
565.617
506.217
657.217
772.083
677.417
555.617
903.417
470.01700000000005
736.55
470.41700000000003
673.55
565.083
748.817
833.15
721.75
450.41700000000003
768.483
959.817
440.08299999999997
879.75
710.883
754.617
777.083
757.683
599.817
959.15
1142.283
660.217
671.55
1266.55
889.15
1110.283
468.54999999999995
666.683
1145.35
980.817
1107.95
1189.483
717.217
674.35
821.15
780.083
1325.483
1152.617
619.217
1093.683
979.283
1203.35
1229.017
1048.883
966.617
1313.483
588.55
856.017
985.15
1166.95
1489.55
1425.683
1368.15
1298.017
1121.55
1215.283
1233.883
1125.75
759.1500000000001
975.55
1319.15
1134.817
1394.75
956.95
1457.217
1361.617
1469.617
1276.617
1426.283
1348.017
942.683
1414.75
1273.95
1182.083
1122.683
1245.683
1237.55
1353.35
1253.017
1032.883
1357.017
1133.75
1110.75
990.3499999999999
1462.15
1353.95
1297.283
1368.617
1469.95
1220.217
1215.083
1099.35
1369.55
1397.95
1279.75
1025.417
1517.35
1252.283
1300.617
1289.95
1438.083
1322.083
811.2170000000001
1254.417
1324.95
1394.817
1423.683
1602.217
1730.75
1540.283
1553.683
1528.083
1674.083
1727.083
1580.883
1660.35
1642.283
1653.55
1837.883
1667.75
2058.75
1518.95
1106.617
1351.417
1588.75
1874.95
1590.883
1693.55
2038.55
1850.217
1768.083
1687.083
1929.75
1980.883
2002.883
1724.883
2090.217
1771.55
1667.75
1555.55
1597.617
1530.017
1853.817
1196.817
1591.15
1724.75
1954.683
1603.95
1906.083
1795.35
2007.483
1817.283
1896.15
1964.483
1944.95
1842.75
2170.617
1715.283
2279.483
2018.483
2037.083
1954.217
1877.017
2050.617
2298.95
1657.817
1791.617
2098.55
2333.817
2059.217
2124.15
1884.683
1974.683
1837.817
1943.55
2068.283
2032.417
2345.95
2603.15
1900.8829999999998
2466.283
2432.283
2325.75
2236.817
2286.883
2165.017
2121.95
2435.483
2362.35
2155.217
1954.15
2089.617
2000.95
1991.417
2315.35
2197.15
2362.55
2567.683
2397.017
2527.083
2736.283
2478.683
2801.083
2658.75
3000.75
2735.417
2564.883
2799.817
2821.617
2722.95
2543.483
2675.283
2509.683
2582.15
2467.817
2637.083
2629.15
2402.617
2077.617
2345.217
2286.417
2313.417
2124.217
2056.883
2331.283
2066.083
2006.483
1723.817
2349.617
1912.217
2265.217
2253.617
2463.083
2935.217
2725.817
3016.35
2858.35
3039.75
3196.217
2796.683
2977.617
2927.417
2645.817
2582.95
2850.417
2698.55
2976.083
2534.017
2801.15
2849.083
2823.883
2999.883
2966.55
3000.55
3177.283
3126.883
3163.817
3163.15
3085.017
2789.883
3124.817
3179.55
3033.483
3279.217
3360.683
3229.35
3116.417
2820.083
3351.95
3213.75
3536.55
3825.75
3923.15
4271.75
4271.017
4115.15
4053.95
3979.35
4090.483
3690.35
4251.617
3942.55
4097.483
4017.15
4267.817
3766.35
3907.283
4061.483
3898.883
3969.55
3732.483
3451.683
4058.95
4166.617
4045.883
4236.95
4400.683
4395.35
4266.417
4017.0829999999996
4376.95
4320.55
3792.883
3991.417
3972.683
4206.4169999999995
4077.95
4326.417
4502.75
4260.883
4121.55
3587.483
3860.35
3963.15
4021.95
3742.683
4160.617
3811.483
3876.55
3633.217
3573.55
3526.55
3451.817
3512.95
3551.617
3668.95
3447.217
3581.217
3326.417
3510.15
3642.817
3762.417
4062.75
4244.282999999999
4353.683
4528.35
4302.282999999999
4385.282999999999
3947.283
4489.683
4270.55
4308.417
4843.617
4540.217
5243.35
5259.883
5189.083
5405.017
6026.217
5492.283
5618.217
5102.217
5259.683
5157.017
4758.817
4459.417
4527.75
4374.417
4161.683
4316.35
4804.283
4439.883
4714.35
4789.683
5285.55
5268.55
5411.75
5127.15
4947.483
4821.217
4450.55
4302.417
4372.483
3945.15
3809.817
3663.75
3721.417
3636.417
3058.083
3407.283
3417.083
3061.55
2734.55
3523.017
3577.617
3731.083
4047.55
3783.017
4623.017
4874.75
4968.417
4809.35
4888.083
4651.417
4279.35
4435.283
4367.683
4556.95
4532.75
4394.817
4926.75
4583.817
4793.55
4675.417
4847.283
4789.617
4707.483
4135.617
4767.617
4644.483
4772.083
4701.75
4601.483
4627.083
4682.35
4696.75
5400.617
5452.083
5449.15
5737.217
5879.217
5988.883
5971.817
5801.617
6123.417
5907.95
6324.417
5932.417
6393.017
6839.817
6137.017
6375.817
6463.417
6227.617
6189.083
5433.75
5306.217
4703.083
4434.417
3474.55
3289.15
2762.483
2584.95
2594.75
3160.083
3450.217
3835.083
4361.683
4769.017
5014.083
5319.35
5801.217
6091.017
6522.75
6415.95
6407.283
6535.083
5949.95
5829.283
5476.683
5093.483
4263.15
3948.55
3608.55
3611.95
3969.95
4149.4169999999995
4763.683
5671.617
5987.617
6265.683
7172.15
7447.283
7573.75
7998.883
7711.75
8448.15
8464.95
8909.684
8615.884
8564.816
9014.55
8797.15
8829.217
8985.083
8818.35
9101.217
8863.083
9557.417
9377.616
9483.884
9273.217
9769.083
9615.684
9464.417
9579.684
10115.283
9907.816
9821.15
9598.884
9779.217
9287.217
9346.017
9545.55
9633.35
10072.75
9814.816
9925.95
10027.083
9651.884
9357.884
9165.616
9364.75
9653.55
9818.616
9712.417
9774.017
9743.283
9643.616
9552.616
9440.55
9424.283
9265.816
9336.017
9797.684
9581.75
9830.816
9467.283
9621.417
9842.15
9621.15
10038.816
10208.616
10217.55
10339.35
10426.816
10545.616
10862.417
11146.017
10956.55
10852.15
10757.684
10063.017
9514.017
9670.283
9589.816
9493.017
9381.083
9760.217
10017.884
10213.55
10868.283
10851.75
11454.75
11395.884
11478.884
11424.283
11873.884
11224.884
11403.283
11805.483
11328.75
11360.55
11591.283
11476.283
11294.884
11971.95
11465.083
11769.283
11742.483
11653.483
11373.95
11625.75
11502.417
11495.083
10910.616
11603.217
11399.35
11426.75
11011.35
11376.417
11765.884
11982.083
11660.884
11925.616
12029.684
11759.816
11788.283
11689.95
10642.017
11102.95
11159.083
11206.083
10741.95
11377.95
11194.15
11262.483
10924.616
10941.283
11341.616
11483.417
11401.35
11478.217
11217.55
10946.75
10944.816
10314.417
10583.55
11324.884
11130.816
11266.15
11706.616
11994.283
12076.884
12295.083
11934.017
12026.616
12214.15
12103.55
11630.417
11426.217
10888.283
11082.15
10302.616
10992.417
11227.417
10884.35
10911.017
11758.95
11723.616
11141.15
11188.75
12078.884
12268.083
11925.55
11784.684
11869.684
11985.217
11655.35
11587.684
11885.55
11661.217
11953.55
12278.75
11970.083
12207.283
12505.616
11583.75
11853.083
11691.217
11322.816
11602.95
10825.884
11082.283
11160.684
12206.816
12066.75
11889.684
11894.684
11385.55
11693.217
11654.35
11995.55
11658.083
11402.816
10826.55
10612.616
10243.483
9850.217
9788.684
9081.15
8943.217
8971.417
8946.083
9505.35
9978.75
10956.083
11656.283
12928.217
13098.884
14156.483
13335.55
12679.283
13206.083
13076.75
12830.483
13663.017
13811.35
14045.684
13871.417
13713.417
13075.616
12512.017
12139.217
12349.684
12357.417
13705.684
13143.417
13782.15
13916.017
14238.95
14304.417
13906.283
14687.75
14921.616
15573.616
15447.417
15613.95
15928.15
16296.217
15145.15
15389.35
14682.483
15095.75
15077.083
15544.684
14897.884
14652.417
14202.017
13941.483
14195.417
13863.283
12934.684
13851.55
13707.083
14640.55
14807.75
14864.35
15843.616
15410.884
14970.616
15364.55
15372.75
15130.15
15143.616
15437.75
15877.684
16324.017
16365.15
16035.55
16142.55
17914.75
16570.616
16649.35
16920.617
16286.017
16929.283
16895.75
17522.416
16888.35
16285.684
16633.816
16891.949
16771.084
16262.283
16158.75
17328.949
17829.482
17431.75
16712.949
17111.949
16860.883
16696.617
15815.684
16766.55
16598.217
16225.75
15479.35
16146.083
16446.283
16466.95
15989.816
17131.35
17173.482
16948.684
17346.35
17524.416
18366.551
17510.482
17297.75
17895.416
17490.084
17832.283
16882.35
17217.684
18007.15
17570.283
17686.283
17766.283
17276.482
17509.617
18031.617
18738.617
18471.018
18386.084
18628.482
18378.35
18891.551
19417.018
18897.684
18840.15
18384.084
18416.018
17826.482
18329.684
17925.75
18237.949
17582.018
17103.018
17360.35
17239.35
16915.15
17535.283
17061.018
17247.084
17384.617
17306.15
17411.084
17275.217
17851.816
18352.949
18803.816
17857.283
18007.684
18032.084
17382.416
18346.949
17943.084
18518.551
18511.018
18921.217
18948.816
19089.883
19385.949
18747.217
18281.35
20119.416
19393.018
19333.084
19646.949
19856.816
18509.35
19353.949
18529.084
19597.551
19255.217
18467.15
19123.018
19639.75
19344.018
19450.949
20523.75
19891.482
19240.084
19005.949
18756.684
18615.949
19288.75
20094.482
19890.75
20650.816
20814.283
21227.684
20683.883
20730.084
21148.883
20927.084
20959.416
20920.482
21071.816
21514.416
21104.949
21898.084
21635.084
21726.684
22237.018
22060.018
22033.617
21513.75
21689.283
21991.217
21520.283
21434.084
21212.617
21962.551
21616.684
22803.883
21933.75
21528.416
22072.018
22207.35
23046.15
23143.617
23274.816
22612.35
22885.416
22291.883
22453.416
22193.816
22703.35
22850.816
24902.949
22993.283
24031.018
24419.551
24611.883
24035.816
25443.15
24853.283
25208.883
26104.217
26827.617
25484.883
26152.75
25546.949
25839.883
27637.15
25951.283
26154.217
25219.617
25182.416
25339.551
26030.482
25934.084
26518.482
27327.482
26748.617
27610.018
28384.416
29088.018
29124.283
29318.75
30187.883
30953.816
30163.949
28765.75
29667.883
29876.482
29014.15
29689.883
30318.551
30367.15
30218.217
30692.684
31365.217
30634.75
32284.684
33040.285
32620.416
31963.482
33157.418
33009.484
33087.285
32759.416
33144.883
33324.484
33054.082
33124.285
32721.816
33031.418
33960.883
34835.883
35299.617
35675.352
37212.75
37485.148
36858.016
37627.684
37649.684
37384.617
37428.082
36357.082
37439.816
36517.617
36561.949
38309.016
38876.418
39273.285
39329.484
39532.352
40395.551
39462.148
39733.352
39165.816
39446.816
39749.148
39172.352
39951.215
40717.816
41204.418
41360.016
41567.285
42006.883
42018.816
41387.148
41719.016
41514.75
41641.617
41000.352
41635.617
41697.617
41931.148
42375.016
41829.285
41653.949
41886.285
41984.215
42084.883
42094.617
42488.75
42190.215
42396.617
42647.082
42309.551
41099.285
40424.082
38493.215
36906.617
35844.75
35450.484
35400.352
35948.082
35968.148
37483.617
39371.484
39930.949
40613.75
40820.617
41151.352
42156.082
43259.684
42902.617
43574.215
43634.684
43175.418
42255.082
41994.75
42288.75
42899.883
43316.016
43825.484
44609.883
45549.949
46154.285
46286.684
46375.418
45561.418
45453.148
44871.949
45197.016
45258.148
45255.484
45205.148
44343.215
43926.949
43697.484
43060.617
43155.551
43455.215
43273.949
44861.352
45184.082
45555.082
46279.949
46471.551
45519.285
45669.352
45280.148
45333.883
45764.352
46161.883
46632.016
47752.684
47605.617
48298.949
47706.949
47662.75
47191.816
46377.484
46599.285
46493.617
46683.148
46430.352
46762.016
47389.551
47740.418
47242.551
47335.551
48492.684
47872.215
48384.418
47596.883
48191.148
47573.016
46531.082
45970.75
45541.684
45501.215
45751.617
46097.551
46612.617
47838.082
47619.215
48495.551
47882.215
47925.082
47697.418
47196.016
46704.016
46260.082
45619.148
45788.285
45773.949
45450.484
45705.016
45683.949
45389.684
45437.418
45327.418
45445.148
46048.352
46490.418
46497.949
47134.418
47839.617
48145.352
48025.75
48385.949
48154.418
48085.285
47231.418
46722.082
46182.816
46561.418
46961.148
46598.484
47581.883
47964.016
48625.684
48933.484
48913.215
48841.352
49804.816
50180.949
50796.816
50851.617
50510.949
50298.484
50027.883
49962.285
49204.418
48954.684
49134.949
49147.016
48742.75
48650.684
47630.949
48308.949
47872.684
48321.352
48231.949
49186.484
49752.684
50461.352
50922.684
51227.949
50128.285
50249.617
49629.285
49635.949
50053.949
49696.285
49612.082
49305.418
49687.816
50147.551
50102.285
50358.75
50422.418
51007.148
51470.148
52331.684
51502.418
51291.816
50539.816
50570.285
49655.617
49681.352
49507.484
49247.285
49977.949
50118.75
48280.148
49432.551
49330.816
48929.352
49170.75
48888.352
48717.215
49064.816
49681.883
50021.285
50066.352
49979.883
50158.215
50948.215
51025.215
51333.883
51061.082
50414.285
48886.082
47084.352
46122.816
44407.082
42521.617
42002.816
42762.484
43924.484
46620.816
47354.352
46691.016
46761.016
46909.148
46333.75
46747.949
46144.016
45621.617
46661.816
48051.883
49141.148
49048.215
49552.816
49757.418
50284.883
51160.684
50626.352
50511.684
50563.148
49725.352
50229.285
50722.816
50755.352
50553.551
51519.816
52061.484
52024.215
52128.617
51291.684
51129.016
50719.484
50990.148
50610.082
49797.484
49532.617
49022.883
50207.484
51045.285
51919.215
51606.949
52332.551
53271.016
53692.215
53110.816
52584.285
52959.418
52300.352
52098.285
51399.016
52138.352
52829.484
52189.684
51826.215
51364.684
50194.285
49449.082
47666.285
46352.016
45932.484
46021.949
46442.285
47031.949
48397.551
48757.215
50198.684
50493.418
50556.082
51367.684
51596.949
52043.75
52212.082
52484.418
52974.418
53914.75
53173.684
52724.148
51813.285
51689.949
51486.883
51389.949
51389.883
51414.816
52213.551
53331.883
53383.215
53357.484
53375.148
53279.016
52926.418
52927.551
52881.75
51737.215
50985.484
50545.949
49837.684
48943.883
48363.617
48719.082
49088.148
49606.418
50137.016
50879.551
50992.285
50761.418
50554.684
50711.418
50401.285
49921.684
50129.883
50605.352
51149.551
51326.285
51421.148
51993.684
52616.484
52545.816
52593.148
52364.418
52127.148
51414.75
50564.883
50156.148
49170.148
48031.684
49490.684
49383.684
49777.082
49908.617
50683.949
50806.352
51233.352
50582.285
50698.684
51049.684
50482.684
50357.75
50145.285
50047.816
49645.352
48893.484
48381.148
48531.418
48534.285
48009.684
47288.617
47648.148
47517.082
47171.148
47185.684
47431.016
47822.016
48123.215
48632.016
48802.148
49309.082
49008.816
48800.816
49316.75
49204.684
47890.617
48698.949
48237.285
48256.551
48538.75
47787.75
47922.148
48932.949
49137.75
49620.484
49410.617
49568.816
49478.016
49152.949
49647.082
49059.551
48468.016
48430.148
48784.484
49250.883
49452.285
48634.285
48836.617
48692.285
48235.418
48585.082
48710.551
48636.551
48337.016
48574.684
48207.352
48384.082
47746.148
47475.016
47353.883
47329.148
47551.617
47157.148
47960.418
48331.816
48920.285
48205.418
48397.617
48363.016
48708.816
48571.352
48268.148
48488.551
48386.617
48194.484
48172.016
48214.949
47860.016
47367.352
47776.617
47897.148
48098.816
47983.418
48170.016
48245.352
48157.352
48581.215
48562.816
48858.484
47870.883
47402.484
47647.551
47102.082
47188.816
46888.75
47527.617
48070.016
47935.816
47771.684
48119.082
48074.551
48384.418
48219.617
48285.016
48669.484
48407.949
48377.016
48540.684
48692.418
48581.215
48310.215
47572.484
47795.215
46941.215
47172.016
47225.551
47113.617
46662.285
46834.684
46762.352
46725.148
46816.215
47192.684
46859.285
47475.082
47239.617
47111.148
46486.75
46061.883
45650.617
45772.816
45337.285
45420.949
45121.551
45737.75
45999.75
46051.352
45823.016
45485.082
46554.285
46857.148
47166.148
47317.551
47883.684
48074.285
47345.016
47059.148
46861.684
46843.082
45984.684
46133.949
46341.418
46324.617
46750.75
46724.883
47181.285
47096.484
47252.617
46982.215
47280.285
46876.684
46552.285
46036.816
46632.418
46750.484
45854.551
46857.949
46434.418
46835.883
47057.148
46406.949
46708.816
46295.684
45431.684
44950.816
45438.617
45169.215
44830.551
45307.551
45335.418
46490.684
46173.816
46925.684
47095.016
46732.949
46663.148
47047.082
47454.551
46809.684
46256.148
46017.684
45983.418
45375.215
45171.551
45130.75
45754.082
45784.484
45742.551
45769.082
46375.816
46457.352
46015.352
45768.883
45713.016
45225.215
44552.75
43991.352
44039.352
44015.949
43589.949
43961.418
44306.75
44919.285
45282.484
45418.816
45723.352
46029.016
46364.949
46334.082
46468.617
46268.285
46035.016
46624.617
45892.016
46387.551
46080.215
45624.215
46204.484
46106.082
46265.148
45905.75
45707.883
45619.285
45571.215
44985.082
45100.75
44811.684
44610.418
44937.418
44519.883
44357.684
44301.816
44231.484
45059.418
45303.082
44453.215
44639.082
45233.082
45171.75
45029.816
45540.148
44949.551
44644.016
44537.352
43699.148
44192.016
43294.148
43506.883
43410.418
43392.016
43923.484
43698.949
44082.082
43996.082
43934.883
44290.418
44229.617
44637.75
44458.016
44031.949
44086.285
44246.75
44473.816
43608.215
43923.75
44111.418
44121.617
43525.215
44035.75
44760.75
44273.215
44079.352
44908.285
45000.148
44851.484
44566.285
44117.082
44697.215
44175.215
44382.082
44381.949
44055.684
44261.285
44152.285
43907.484
44267.816
43965.949
43291.148
43431.285
43744.816
43481.016
42840.016
42877.484
42528.617
42398.684
42169.082
41736.617
42379.75
42394.352
42060.148
43009.551
42958.418
43219.082
43159.816
42840.684
43431.352
43197.617
42803.148
42301.418
42797.352
42920.949
42035.352
41208.016
40332.551
39553.082
38935.883
38175.285
37787.551
37115.352
36646.551
37852.949
38584.148
38662.551
39268.75
40069.551
41329.883
41080.352
41574.016
41329.352
41264.684
41433.883
40945.215
40831.148
40962.551
40931.617
40469.816
40687.148
40790.215
40974.816
40721.484
40452.352
40887.883
40607.816
40614.148
40497.082
40863.484
40838.418
40494.484
41094.016
40888.215
40677.285
40257.617
40006.75
40015.285
39875.082
39841.418
40007.082
39762.684
40193.016
40263.148
40032.816
40228.215
40759.75
40403.484
40136.551
40455.75
40668.016
40440.285
40636.484
40506.148
39996.551
39848.484
39750.352
39984.418
39812.949
39068.883
39422.883
39278.484
39541.949
39337.617
39190.684
39336.883
39464.016
39780.816
39278.285
39502.883
39812.75
39181.816
39525.082
39431.684
39403.016
38737.75
38890.75
38749.684
38840.352
38859.148
38720.75
38647.551
38657.215
37994.352
38402.684
38132.285
38397.082
37960.082
38349.617
38978.148
38542.551
39033.684
39057.484
38927.016
39333.215
39148.016
39220.016
39173.484
39067.418
39262.75
39103.082
39225.684
38988.148
39263.215
39005.816
39427.016
38722.75
38879.016
38570.551
38821.484
39004.684
38506.016
38346.617
38449.082
38496.949
38443.551
38528.684
38603.352
38703.949
38699.352
38540.551
38515.883
38103.949
37586.684
37489.148
37708.484
37202.484
36901.551
37044.352
37490.352
37416.949
36918.883
36995.285
37337.883
37094.285
36842.484
36529.016
36759.551
36620.285
36111.016
35684.816
36009.285
36099.352
36010.551
36379.285
36271.617
36269.551
35639.816
35886.684
35428.082
35340.285
34535.75
34337.551
34347.148
33858.215
33824.684
33158.617
33551.285
33183.816
32526.949
31732.949
31599.949
31582.551
31397.551
30802.482
31015.217
30973.084
31280.551
31416.35
32033.283
32486.617
33365.816
34179.883
34355.352
34546.148
34595.949
34782.551
34640.949
34274.551
34347.418
34057.883
34312.617
34122.418
34491.816
34551.484
34908.816
34811.816
35072.684
34947.684
35466.883
35276.082
35000.215
35341.484
35648.082
35416.082
35105.148
34826.016
35169.352
35034.551
34803.684
34768.148
34842.352
34922.215
35272.285
34507.484
34999.352
34964.285
35070.016
34901.75
35109.484
34877.285
34496.684
34465.016
34559.816
34749.484
34037.883
33903.148
34159.75
33876.082
33759.484
33985.617
34111.418
33799.285
33695.484
33404.883
33299.418
33376.082
33433.285
33428.352
33383.016
33354.082
33327.617
33236.215
33031.482
33023.282999999996
32804.949
32255.482
32705.617
32219.15
32300.816
32281.617
32397.684
32203.617
32325.15
32286.416
32332.15
32690.949
32468.684
32770.217000000004
32595.551
32884.018
32599.883
32030.551
32105.551
31828.816
31601.883
31834.35
31678.084
31656.482
31766.35
31707.551
32139.949
32719.949
32248.482
32828.551
32944.084
32657.617
32837.416
32511.883
32703.15
32916.684
33019.551
33284.883
33347.883
33814.418
33691.75
34154.285
34515.617
34844.285
34288.816
34162.484
34497.684
35098.418
34928.285
35455.684
35628.551
36059.082
35849.285
36048.883
35871.75
35593.551
34725.285
33569.352
32912.15
32662.75
32281.482
31990.084
31690.084
31775.617
31653.684
31523.949
31776.949
31707.15
31699.416
31619.018
31983.883
31741.35
31580.283
31275.217
31184.883
31398.684
30986.482
31371.684
31158.217
31430.617
31440.75
31532.482
31566.816
31808.416
31420.684
31613.35
31981.416
31773.084
31180.684
31553.416
31853.416
31707.75
31334.35
31635.084
31848.018
31222.018
31674.018
30953.684
31290.883
30910.018
30684.684
30825.684
30705.217
30793.816
30518.551
30038.949
30711.35
30786.883
30391.482
30423.551
30612.084
30392.551
30733.416
30201.949
30422.816
30417.283
30594.75
30634.416
30713.816
30478.75
30629.084
30762.684
31010.018
30539.15
30097.018
30125.684
30418.551
30564.551
30267.551
30423.482
30218.75
30434.816
30141.949
30206.283
30265.816
30122.949
29697.949
29449.551
30139.35
29872.084
29394.75
29272.75
29730.75
29318.883
29327.35
29420.084
29765.15
29363.75
28383.949
29192.482
29652.15
29199.617
29118.018
28734.35
29046.018
29083.35
29337.883
29320.617
29156.551
28859.283
28918.217
28948.15
28277.15
28069.35
27459.217
27796.949
27249.084
27721.35
27277.816
27388.15
28754.684
28561.416
28572.684
29201.482
29032.15
29089.217
28609.15
28326.551
28171.949
28165.949
27852.283
27914.018
28012.617
28075.084
27653.283
27923.018
28583.482
28087.883
27570.482
27907.482
28195.084
28268.617
27932.15
28036.816
28140.617
27783.482
27441.15
27084.283
27439.816
26997.018
26920.551
26506.617
26459.283
26467.816
25776.75
25242.684
25008.482
23454.684
22566.883
21696.217
21820.482
21799.482
21932.684
22213.949
23148.482
24129.416
24713.217
24836.217
25039.283
25744.883
26223.217
26148.949
25810.883
26309.018
26210.949
26324.684
26340.283
25916.949
25552.15
25439.018
25926.949
25754.949
25342.35
26036.283
25910.35
26142.949
26225.75
26163.617
26246.482
26237.35
25989.018
26085.883
26187.75
26381.617
25950.617
25934.684
26350.018
26452.084
26322.416
26399.684
26539.15
26536.283
26384.283
25876.684
26329.15
26263.018
25928.949
25688.482
25960.482
26122.416
25929.35
25445.482
25706.018
26059.217
25418.018
26085.15
26254.416
26215.35
26692.684
26333.084
26505.684
26414.35
26184.816
26384.416
26261.684
26132.949
25822.617
25916.883
25909.217
26005.217
25890.35
25999.35
26208.75
26236.684
25891.416
25654.482
25972.35
25837.35
26014.816
25547.084
26094.684
25939.684
26127.416
26169.084
26241.75
26190.75
25680.018
25387.816
25979.482
25805.551
25966.416
25553.684
25434.482
25544.883
25433.75
25804.15
25476.684
25543.75
24932.949
24971.15
25033.617
25325.15
24449.283
24713.684
24955.283
24915.084
24691.482
24519.617
24917.35
24904.816
24671.084
24852.617
24876.75
25091.084
24362.482
24566.018
25032.416
25104.217
24734.75
24595.084
24700.217
24867.75
24503.949
24464.949
24626.35
24545.551
23947.883
24316.75
24270.283
24100.684
24043.949
24200.482
23853.949
24681.35
23973.949
23861.75
23917.949
23979.482
23885.883
23269.35
23850.217
23849.684
23522.482
23218.482
23715.35
23605.75
23503.617
22964.084
23518.018
23509.684
23377.949
23421.416
23063.416
23299.084
23194.416
22707.084
22961.883
22799.684
22801.617
22275.75
22706.018
22621.684
21911.35
21601.416
22351.35
22144.75
21942.018
21845.15
22120.816
21985.816
21644.684
21514.617
22198.283
21875.949
21735.551
21549.217
22046.551
21604.482
21453.15
21323.684
21930.217
21728.949
21435.15
21399.482
21557.482
21208.018
20810.283
20521.35
20984.816
21081.35
20994.018
21257.617
21426.416
21300.084
20722.35
21362.084
21156.283
21026.551
20998.482
20936.018
20764.684
21024.15
20399.084
20179.617
19325.684
18337.684
17430.35
16538.482
15945.283
15690.75
15669.95
15734.95
16822.416
17469.949
17800.816
18374.551
18723.084
18830.883
18932.617
18840.018
18925.283
18348.684
18329.018
17617.482
18658.75
18607.35
18401.551
18365.684
18784.684
19056.75
19284.018
18980.949
19466.883
19710.084
19328.416
19449.617
19850.816
19849.018
19837.949
20057.084
20186.551
20138.416
19964.949
19625.283
20569.15
20304.949
20293.15
19904.617
20557.35
20698.949
20473.35
20700.684
20704.883
20228.949
20439.084
20112.617
20680.35
20577.617
20451.482
20361.482
20382.684
20616.217
20228.551
20801.949
20756.217
20797.283
20786.949
20387.482
21096.15
21081.883
20639.949
20866.217
21588.75
21313.416
21019.551
21565.217
21795.75
21404.018
21134.416
21230.084
20859.617
21020.684
20559.883
20707.283
21017.883
20877.684
20926.482
21374.883
21052.617
21210.75
20517.883
20392.816
21303.551
21115.482
20947.482
21082.816
20908.084
20970.217
21037.482
20725.551
20779.35
20783.482
20743.15
20683.684
20856.75
20469.551
20582.617
20441.617
20828.949
20581.018
20699.684
20621.018
21053.482
20644.084
20654.018
20603.883
20904.883
21163.883
21148.816
21045.684
20965.217
20788.684
20710.283
20961.416
21090.084
21220.35
21226.084
20813.018
21481.883
21304.482
21265.617
20751.35
21337.617
21168.617
20993.551
20875.551
20975.617
21078.482
21228.084
21129.217
21245.283
20889.551
21036.482
21221.482
20911.883
21050.15
20945.816
20815.084
20869.15
21034.283
20743.084
20697.084
20841.283
21071.416
20097.416
20858.551
20861.949
20772.816
20072.15
20479.816
20776.084
20873.35
20737.283
20815.283
20729.15
20918.883
20617.35
20488.617
20839.949
20627.15
20673.482
20329.018
20566.482
20596.883
20272.35
20166.617
20495.482
20029.35
20082.15
19871.482
20247.949
20126.15
19767.482
20081.35
20058.684
19781.816
19943.416
20052.35
19880.084
19806.883
19597.35
19631.949
19960.684
19578.883
19748.684
19356.283
19411.883
19494.018
19330.35
19417.482
19272.949
19195.217
19136.018
19067.482
19327.75
19281.35
19177.15
18219.551
18483.816
18380.949
18185.816
17533.018
17397.416
17440.883
17023.217
16401.617
16931.35
16754.283
15896.95
16266.483
16153.017
15753.95
15903.55
15341.483
15447.217
15253.35
14975.283
15098.684
15366.75
15223.483
15411.616
14155.083
14892.217
14985.816
14535.483
14848.684
15067.884
15136.95
14902.483
15363.15
15604.283
15707.35
15877.083
16355.684
16315.75
16176.884
16273.017
16033.616
16014.616
16188.483
16160.483
15569.816
16025.15
15846.283
15471.884
14864.417
15170.616
14917.75
14631.217
14482.15
14322.017
14426.017
14267.217
14131.417
14563.816
14514.55
14348.417
14397.15
14487.684
14341.283
14247.816
14166.884
14586.884
14399.884
14073.417
14541.083
14910.15
14682.75
14387.017
14551.684
14498.15
14570.083
14494.017
14338.283
14425.35
14142.816
13555.616
14106.017
13965.884
14150.616
14291.417
13803.55
14374.083
14204.95
13441.483
13726.75
13919.616
13790.95
13834.684
14122.95
14219.017
14237.816
14416.884
14392.75
14487.15
14287.75
14237.616
13905.684
14149.55
14260.217
14027.417
14028.684
14247.15
14234.616
13961.017
14400.616
14494.816
14663.15
14191.483
14433.95
14584.283
14533.95
14753.55
14037.017
14570.616
14445.616
14637.55
14241.616
14903.15
14646.55
14798.55
14417.616
14982.417
14885.816
14567.217
14339.483
14530.816
14314.15
14200.75
14460.55
14386.417
14216.417
13869.15
13878.217
14128.816
14306.017
14122.884
14289.35
14249.816
14104.083
13859.283
14096.884
14167.816
14077.55
14344.283
13744.217
14040.884
14306.217
14285.483
13972.684
13959.75
13531.616
13235.55
13674.816
13578.283
13604.884
12817.616
13376.884
13678.55
13541.75
13233.684
13568.884
13844.217
13435.283
13553.083
13386.55
13596.017
13239.217
12995.55
12933.283
13288.417
13232.816
12808.483
13079.483
13069.217
13187.083
13017.616
13094.217
13154.483
13017.55
12833.15
13048.017
13198.684
13158.483
12963.884
13319.75
13034.884
13140.616
13063.417
12859.55
13002.283
12993.017
12794.95
12721.35
12750.684
12811.217
12515.417
12405.55
12893.55
12886.816
12582.35
12651.017
12864.684
12867.017
12419.75
12501.35
12730.483
12496.417
12260.616
12680.15
12631.017
12412.75
12654.35
12397.816
12525.816
12431.35
12134.616
11751.217
12442.55
12126.417
12359.217
12121.15
12239.017
12022.283
11973.217
11811.95
12164.217
12045.15
11936.884
11651.884
11913.217
11956.217
11741.283
11731.616
12016.684
12012.217
11466.95
11608.75
11928.75
11882.417
11151.483
11311.884
11746.217
11739.283
11630.417
11284.884
11865.616
11731.95
11628.417
11391.483
11568.483
11387.684
11219.75
11375.75
11545.15
11325.483
11153.217
11214.95
11671.75
11682.75
11416.417
11159.75
11228.15
11384.483
11207.417
11029.75
11330.95
11268.217
11230.083
10900.083
11072.083
11186.55
11109.417
10949.684
11128.417
10943.35
11395.884
10657.884
11070.816
11009.75
10799.417
10369.35
11061.816
11044.283
11051.616
10702.15
10818.417
10676.283
10783.884
10867.55
11157.884
10351.083
10651.417
10429.75
10645.483
9977.15
9418.616
8647.483
8219.417000000001
7229.417
6220.95
5442.15
4635.817
3759.217
3302.617
2589.083
2845.35
2722.483
2459.017
2690.35
3629.55
3918.35
4023.483
5134.15
5783.617
6155.883
6510.217
5879.483
6622.75
6195.683
5982.15
5538.15
5269.483
5310.617
4991.883
4780.083
5160.75
5280.417
5246.017
5073.55
5835.483
5650.083
5729.75
6365.217
6475.883
6750.683
6467.617
7038.35
7211.817
7249.617
7299.35
7596.617
7907.483
7986.95
7553.817
7838.95
8436.55
8471.483
8113.616
8629.483
8927.884
9091.35
9012.884
9075.816
9576.55
9540.684
8975.95
9092.417
9812.017
9917.95
9732.083
9520.95
10033.816
9839.083
9673.017
9666.083
10152.217
9947.083
9075.217
9947.95
10112.75
10192.95
9862.483
9644.483
10164.35
10094.35
9918.35
9816.35
9977.083
10089.35
9675.017
9490.816
10423.55
10034.15
9786.417
9832.816
10151.816
10057.417
9914.15
9919.017
10121.017
10045.15
9902.283
9866.417
10155.616
10136.283
10012.083
9892.15
10207.884
10126.95
9602.483
9786.55
10085.15
10011.75
9629.083
9587.95
9950.15
9819.15
9864.35
9616.884
9880.35
10008.083
9737.684
9243.616
10026.884
9923.15
9920.283
9764.35
10219.483
9977.083
9794.816
9549.95
10033.884
9818.483
9376.884
9235.616
9886.283
9787.417
9795.15
9184.95
9924.083
9763.75
9658.217
9722.15
9904.15
9887.017
9685.95
9618.35
10135.95
9945.55
9072.217
9401.483
10025.083
9796.217
9739.95
9589.816
9984.616
9856.483
9400.35
9226.35
9799.55
9627.15
9631.616
9472.55
9824.217
9802.816
9633.217
9160.75
9866.95
9774.15
9448.017
9131.083
9709.75
9823.083
9517.417
9476.483
9775.217
9408.816
9332.483
9485.283
9480.15
9384.35
9249.483
9109.283
9658.083
9516.684
9130.283
9049.816
9532.283
9624.283
8933.15
9037.884
9486.884
9433.017
9438.017
9216.55
9432.684
9336.884
9289.283
8993.55
9586.55
9344.616
9068.217
9049.217
9390.884
9323.75
9158.283
8644.884
9282.684
9220.083
9103.217
8574.017
9372.483
9140.283
8657.684
9091.35
9169.75
9070.884
8663.684
8738.483
8895.217
9018.283
8769.017
8732.616
9012.15
8760.816
8780.884
8554.816
8848.417
8888.95
8400.95
8367.55
8847.417
8834.083
8510.816
8465.35
8512.55
8709.884
8232.35
8397.684
8445.417000000001
8501.884
8314.617
8081.017
8667.683
8506.217
8127.55
7794.883
8343.15
8490.883
8338.55
8021.817
8371.95
8328.55
7615.683
8051.35
8462.082999999999
8094.55
7937.483
8004.617
8220.417000000001
8286.283
7867.75
7729.683
8154.883
8268.483
8084.883
7966.75
8304.017
8084.883
7799.883
7547.017
8144.017
7959.483
8223.683
7698.35
8189.617
8134.15
7590.683
7679.817
8164.75
7988.95
7791.683
7873.617
8124.35
8052.283
7647.017
7584.217
8137.017
7902.817
7760.483
7785.683
8024.483
7895.483
7449.283
7335.817
7672.283
7650.283
7147.15
7271.55
7732.35
7568.417
7764.55
7420.617
7760.217
7614.883
7828.35
7453.35
7652.083
7577.617
7209.083
7221.483
7661.75
7536.15
7061.417
6519.55
7477.95
7501.483
7052.417
7234.35
7491.883
7250.017
7122.617
7067.617
7440.35
7232.283
7062.883
6705.95
7300.283
7325.35
6599.95
6789.083
7349.283
7117.15
6863.617
6649.283
7252.55
7221.35
7168.217
6717.083
7305.15
7209.55
7164.817
7025.95
7219.35
7092.283
5873.683
6334.017
7108.083
7193.75
6798.75
6552.35
7047.283
7181.017
6530.483
6518.217
6948.483
6896.15
6460.15
6470.75
6951.95
6915.417
6263.083
6269.617
6818.217
6782.55
6482.617
6492.617
6697.55
6650.083
6216.95
6591.35
6711.15
6717.217
6173.617
6427.217
6821.417
6586.75
6117.017
6028.417
6607.55
6635.083
6462.217
5905.283
6686.617
6545.817
5871.083
5994.683
