282.08299999999997
62.349999999999994
-141.11700000000002
159.017
456.75
132.61700000000002
215.95
235.083
240.817
259.35
133.683
-173.25
214.817
223.28300000000002
30.283
-32.650000000000006
364.08299999999997
-8.183000000000007
69.817
367.017
430.75
184.75
474.617
140.483
285.883
204.28300000000002
228.683
-126.317
201.35
201.017
341.617
26.882999999999996
284.217
201.483
243.35
23.549999999999997
559.95
477.35
98.883
-44.45
260.283
118.683
-1.5829999999999984
196.61700000000002
212.15
243.417
159.35
241.28300000000002
211.21699999999998
241.483
-26.983000000000004
45.349999999999994
629.017
286.817
-17.516999999999996
-260.58299999999997
441.41700000000003
446.08299999999997
38.150000000000006
37.349999999999994
400.41700000000003
444.217
400.817
223.88299999999998
433.883
372.95
174.88299999999998
326.483
397.817
402.55
343.15
-137.25
461.283
287.017
45.083
81.55
388.483
191.683
151.55
68.35
307.617
506.75
205.483
66.817
246.817
356.217
42.68300000000001
5.950000000000003
243.483
204.95
505.683
-3.450000000000003
183.61700000000002
212.95
361.017
-72.383
208.35
260.283
203.817
95.083
428.683
360.217
-224.65
33.150000000000006
413.617
303.15
232.017
220.28300000000002
483.15
293.283
9.483000000000004
278.75
100.35
326.617
254.88299999999998
283.017
418.55
288.75
562.617
-222.78300000000002
333.617
378.883
112.417
370.017
392.35
464.95
258.883
95.483
354.75
243.95
-61.583
115.217
343.75
311.35
142.75
4.549999999999997
418.08299999999997
440.41700000000003
68.817
-247.05
360.08299999999997
315.08299999999997
87.883
139.95
290.683
423.683
354.35
34.68300000000001
306.283
330.41700000000003
-278.85
-141.05
314.283
212.15
180.35
-13.117000000000004
340.883
266.75
63.617000000000004
218.017
416.75
287.483
258.683
-117.25
466.35
413.283
444.017
151.95
506.41700000000003
280.017
170.55
354.35
418.017
71.483
377.08299999999997
-167.183
144.75
226.35
16.549999999999997
363.617
597.35
426.883
175.483
-80.45
509.15
149.75
472.55
20.349999999999994
399.683
363.08299999999997
324.08299999999997
394.683
539.617
356.15
429.95
309.217
347.217
233.417
400.017
-349.717
398.35
355.617
178.55
140.88299999999998
142.083
319.15
477.883
174.21699999999998
254.61700000000002
301.217
121.417
-195.38299999999998
277.95
387.55
475.41700000000003
187.15
391.217
311.283
55.617000000000004
-321.517
453.617
246.95
-56.382999999999996
19.549999999999997
275.217
187.817
-1017.45
-90.717
127.417
269.15
255.417
-65.583
578.15
402.55
269.683
65.35
265.35
232.417
-111.183
432.41700000000003
545.017
278.617
-187.05
35.016999999999996
323.017
319.683
-110.983
352.017
384.15
266.41700000000003
402.683
344.55
333.75
418.75
247.75
184.95
377.41700000000003
246.88299999999998
414.75
28.549999999999997
400.483
441.483
351.483
-75.983
228.017
322.483
86.95
-280.65
377.617
343.15
262.41700000000003
-117.183
360.41700000000003
334.883
224.61700000000002
86.283
370.08299999999997
357.08299999999997
-150.583
210.28300000000002
342.817
66.817
-139.917
165.75
274.95
211.35
319.35
170.15
272.35
522.75
101.55
174.55
390.617
535.817
407.683
170.017
220.88299999999998
281.15
97.683
495.617
366.55
210.61700000000002
-148.517
104.817
216.017
283.483
266.08299999999997
-19.183000000000007
550.817
553.283
34.95
282.617
381.217
349.483
230.083
99.283
338.883
376.283
73.883
122.55
293.95
322.617
180.683
296.217
474.41700000000003
426.41700000000003
397.683
98.683
556.55
162.817
378.41700000000003
-147.583
365.15
165.88299999999998
-102.583
274.283
328.617
181.15
535.883
378.217
377.15
246.75
626.683
68.95
361.75
279.08299999999997
-45.44999999999999
245.017
631.35
390.683
541.75
-65.18299999999999
426.883
333.817
373.55
166.283
324.61699999999996
496.483
-73.583
205.283
575.817
295.283
109.61699999999999
140.017
320.08299999999997
328.817
497.61699999999996
155.217
640.617
522.683
687.017
415.88300000000004
679.283
469.61699999999996
192.35
291.08299999999997
346.283
553.083
734.883
144.35
670.35
541.817
488.61699999999996
623.683
564.817
459.55
314.95
592.417
448.017
705.75
74.68299999999999
232.95
511.217
494.017
513.0830000000001
339.417
841.883
502.35
667.817
488.283
648.617
598.283
640.217
260.683
964.217
415.35
525.15
450.617
811.55
474.417
657.017
547.017
535.283
801.217
702.55
589.483
544.483
799.683
579.483
387.55
894.217
664.017
571.483
507.683
502.617
602.017
730.217
597.283
815.217
699.217
491.483
430.35
599.683
696.283
590.15
464.217
827.75
389.217
662.483
393.15
618.15
503.683
673.0830000000001
754.483
640.75
376.083
711.883
872.35
378.017
794.483
653.283
676.35
706.35
676.55
534.417
875.083
1072.017
569.283
597.883
1175.617
810.083
1011.683
380.283
575.75
1053.283
871.35
1008.883
1069.217
605.217
563.017
704.083
647.217
1202.017
1020.683
496.817
959.283
852.283
1081.017
1120.483
937.817
848.95
1195.95
467.61699999999996
741.417
885.083
1047.55
1356.95
1294.683
1239.817
1165.817
961.3499999999999
1065.217
1083.217
988.083
622.817
828.283
1187.15
1009.75
1269.283
827.483
1340.017
1223.883
1325.95
1146.883
1297.55
1210.15
825.483
1275.417
1144.017
1043.683
983.883
1115.617
1101.15
1213.283
1123.483
891.617
1215.217
978.4169999999999
961.883
829.617
1316.083
1186.217
1141.083
1208.083
1338.283
1058.417
1069.083
955.95
1234.417
1264.75
1138.817
898.017
1395.55
1118.817
1178.683
1147.617
1301.283
1177.417
675.1500000000001
1097.15
1177.55
1241.817
1263.35
1437.217
1584.35
1378.283
1406.483
1373.75
1507.483
1556.483
1407.95
1476.617
1462.883
1448.217
1639.283
1473.883
1877.817
1351.617
940.483
1196.017
1418.15
1695.083
1412.683
1509.683
1872.35
1664.217
1581.35
1511.817
1741.817
1778.083
1817.683
1520.883
1902.217
1567.083
1484.55
1380.617
1437.083
1370.817
1699.417
1044.683
1436.95
1542.883
1787.017
1402.083
1726.883
1601.55
1808.017
1626.883
1708.417
1780.817
1764.95
1674.75
1986.35
1531.35
2070.15
1811.483
1834.75
1773.817
1672.017
1865.683
2123.55
1461.017
1592.75
1890.617
2143.817
1862.15
1957.817
1679.883
1765.417
1652.417
1750.217
1859.017
1822.617
2112.217
2396.283
1654.55
2232.083
2215.017
2089.283
2001.283
2066.15
1945.017
1900.883
2193.483
2147.35
1934.95
1747.083
1864.75
1812.817
1765.283
2102.75
1990.283
2136.15
2326.75
2141.283
2268.55
2493.417
2217.35
2522.817
2368.283
2727.35
2455.75
2298.417
2551.883
2560.75
2454.817
2272.35
2423.55
2250.617
2318.35
2199.283
2376.617
2374.55
2173.883
1858.15
2126.55
2085.217
2085.95
1913.217
1842.15
2116.083
1864.083
1814.883
1517.15
2167.15
1707.617
2065.217
2046.683
2237.417
2674.683
2470.083
2733.35
2570.15
2725.483
2891.617
2496.15
2688.283
2635.217
2381.15
2308.617
2608.95
2443.15
2712.417
2280.15
2539.683
2582.083
2548.75
2712.35
2670.483
2699.083
2867.15
2794.017
2857.217
2876.017
2780.15
2490.617
2841.083
2890.017
2717.483
2964.35
3053.75
2907.283
2811.083
2524.817
3048.683
2897.55
3210.817
3464.017
3532.35
3883.55
3875.083
3739.417
3670.15
3597.217
3697.95
3288.55
3864.883
3557.683
3721.75
3624.75
3885.483
3379.217
3548.817
3688.417
3553.617
3591.283
3377.883
3084.017
3714.683
3780.883
3669.35
3818.483
3989.15
3957.417
3860.417
3608.683
3975.95
3919.683
3389.617
3623.417
3620.55
3815.75
3677.217
3901.217
4111.0830000000005
3856.483
3734.55
3204.817
3483.017
3586.083
3667.817
3357.15
3801.817
3453.483
3505.617
3318.083
3254.083
3193.483
3128.55
3181.95
3222.55
3323.017
3102.75
3249.15
3022.35
3196.15
3301.35
3398.15
3690.95
3832.95
3947.817
4111.217000000001
3914.55
4011.35
3586.283
4092.083
3876.883
3858.217
4412.017
4065.95
4790.217
4784.883
4696.95
4897.75
5489.617
4944.55
5121.283
4576.95
4763.75
4680.617
4302.4169999999995
4047.35
4123.817
3978.683
3776.683
3887.483
4396.95
3971.15
4288.75
4306.75
4827.617
4755.683
4925.35
4658.817
4511.483
4390.083
4028.483
3896.817
3990.817
3590.683
3482.55
3327.75
3404.883
3345.483
2768.883
3116.75
3121.817
2776.95
2468.35
3233.95
3269.817
3398.417
3684.883
3397.883
4221.883
4434.55
4525.617
4351.217
4437.817
4224.817
3903.217
4028.75
3944.617
4149.483
4115.617
3951.55
4520.217000000001
4182.4169999999995
4349.683
4237.95
4428.883
4359.083
4283.55
3734.217
4346.217000000001
4190.35
4369.4169999999995
4272.617
4184.0830000000005
4209.617
4248.817
4238.083
4943.417
4977.35
4957.817
5197.083
5377.55
5455.75
5445.95
5271.617
5604.35
5349.683
5765.483
5356.55
5822.217
6212.283
5549.883
5768.283
5890.683
5657.55
5648.217
4916.417
4821.083
4264.083
4041.817
3147.35
3011.617
2506.083
2342.683
2330.617
2899.283
3167.483
3501.017
3999.483
4350.35
4557.35
4847.617
5252.017
5569.55
5943.817
5833.683
5808.75
5981.017
5401.417
5298.15
5015.017
4661.55
3891.017
3611.683
3302.017
3299.617
3640.883
3815.083
4356.35
5206.217
5456.617
5678.883
6537.217
6791.15
6869.683
7288.083
6983.55
7712.017
7758.75
8159.55
7863.75
7802.683
8234.082999999999
8004.283
8043.15
8199.35
8032.15
8295.75
8080.55
8743.75
8544.616
8683.217
8437.684
8961.816
8759.15
8643.15
8710.483
9245.417
9018.75
8981.283
8749.15
8919.283
8461.217
8534.15
8717.884
8815.75
9222.483
8986.684
9055.884
9129.283
8824.55
8559.15
8299.483
8522.217
8802.616
8984.417
8887.816
8894.816
8866.884
8828.816
8697.816
8615.083
8603.417
8484.083
8550.083
8995.417
8782.884
8978.684
8634.017
8797.017
9011.083
8798.95
9181.083
9339.75
9322.15
9444.017
9516.283
9637.75
9954.35
10175.55
9984.816
9931.616
9861.684
9217.816
8688.15
8840.884
8754.75
8708.684
8605.816
8937.017
9162.616
9300.684
9943.55
9925.684
10504.083
10435.95
10482.884
10454.417
10889.483
10262.417
10388.95
10823.95
10349.95
10428.884
10595.017
10559.684
10365.816
10982.15
10497.483
10805.816
10734.083
10674.483
10403.283
10662.884
10508.417
10549.75
9949.75
10629.816
10450.417
10462.283
10024.017
10437.483
10803.95
11023.283
10645.616
10927.35
11009.616
10793.017
10807.55
10733.35
9746.75
10177.283
10195.35
10327.55
9815.35
10463.483
10257.75
10347.55
10059.75
10051.283
10392.483
10521.75
10435.35
10541.616
10279.684
10042.75
10060.35
9437.95
9692.217
10435.083
10179.35
10345.884
10699.95
11033.083
11076.15
11301.35
10958.083
11065.684
11187.884
11115.417
10677.083
10521.95
9974.816
10192.75
9416.616
10112.017
10333.75
9978.217
9993.684
10802.816
10758.417
10228.15
10281.616
11104.75
11263.684
10997.884
10778.95
10916.083
10996.816
10726.684
10689.95
10914.283
10715.816
11032.283
11300.35
11011.35
11223.684
11544.017
10643.884
10950.283
10773.884
10382.884
10657.15
9939.684
10199.616
10227.95
11218.55
11097.616
10924.95
10951.417
10474.15
10774.283
10728.884
11093.35
10715.283
10515.55
9919.75
9809.616
9478.417
9098.217
9020.017
8398.883
8261.483
8286.15
8244.283
8762.35
9170.15
10126.95
10772.217
11908.15
12015.55
13081.217
12246.884
11721.55
12169.884
12054.884
11852.816
12625.616
12711.616
12962.017
12787.55
12623.35
12036.75
11550.684
11202.684
11447.417
11346.884
12651.684
12102.55
12754.75
12806.816
13134.616
13167.417
12833.684
13534.017
13726.95
14353.217
14239.884
14384.95
14685.483
15051.816
14005.083
14235.017
13577.483
13920.35
13913.616
14323.483
13781.35
13547.483
13123.616
12874.417
13142.083
12858.684
11917.283
12793.884
12651.283
13515.816
13670.35
13692.417
14623.616
14231.15
13884.15
14174.283
14243.684
13991.283
14011.283
14211.884
14630.017
15093.083
15170.017
14802.816
14971.217
16597.55
15337.283
15392.417
15661.017
15049.15
15626.483
15576.55
16254.15
15650.217
15102.684
15371.616
15661.217
15518.816
14990.95
14914.15
16024.616
16500.75
16119.283
15457.017
15799.017
15579.083
15447.35
14606.616
15520.283
15371.283
15002.684
14325.884
14944.417
15207.35
15213.816
14816.884
15882.884
15896.083
15707.283
16035.417
16200.684
16950.551
16222.95
16005.017
16591.816
16121.884
16493.217
15580.75
15962.616
16688.816
16229.483
16416.95
16450.75
16018.283
16240.616
16701.75
17379.217
17078.75
17055.482
17250.551
17056.084
17513.084
17982.883
17512.617
17451.416
17016.35
17073.949
16558.883
17013.018
16630.684
16969.217
16301.017
15871.55
16084.816
15974.35
15702.55
16320.816
15816.017
15997.15
16110.083
16018.55
16164.217
16025.95
16555.483
17071.883
17458.75
16557.816
16648.15
16724.816
16117.417
17010.617
16641.75
17180.217
17182.949
17582.084
17584.482
17753.482
18009.684
17423.75
16971.684
18662.617
18021.416
17941.617
18207.551
18441.617
17184.684
17966.416
17154.75
18186.416
17902.416
17160.684
17765.816
18273.482
17962.949
18068.018
19069.949
18494.75
17844.15
17646.551
17400.018
17314.416
17891.883
18590.416
18480.084
19178.018
19320.35
19712.217
19225.217
19311.482
19687.416
19470.883
19455.816
19494.684
19574.482
20038.482
19596.416
20368.684
20077.018
20210.816
20694.283
20546.482
20445.283
19991.15
20141.018
20463.15
20000.617
19900.283
19714.883
20440.617
20088.217
21151.684
20405.816
20039.35
20533.283
20694.816
21454.551
21577.084
21645.75
21017.15
21306.551
20758.482
20892.416
20647.35
21063.283
21337.949
23199.084
21413.75
22353.684
22720.482
22894.75
22365.084
23673.217
23130.35
23466.949
24305.283
25047.416
23801.816
24318.15
23816.018
24087.35
25797.018
24187.416
24389.617
23503.816
23479.018
23627.816
24338.217
24205.816
24706.416
25461.217
24922.084
25752.283
26428.949
27170.084
27184.018
27387.15
28209.416
28869.551
28220.684
26803.949
27695.018
27896.816
27084.416
27681.482
28309.551
28308.018
28145.684
28625.949
29270.816
28565.75
30138.551
30832.617
30422.482
29858.949
30955.283
30779.75
30884.416
30549.617
30923.816
31114.75
30875.35
30950.018
30539.084
30831.35
31753.217
32529.75
32973.551
33322.949
34801.148
35077.285
34453.285
35189.484
35230.484
34927.484
35028.016
33986.148
35049.484
34120.484
34104.352
35770.215
36410.883
36746.949
36801.148
37018.75
37801.285
36873.949
37170.883
36624.352
36889.215
37165.016
36592.285
37368.75
38199.215
38531.816
38731.016
38893.418
39360.816
39314.215
38781.75
39071.285
38887.883
39030.684
38322.285
38975.816
39106.883
39270.148
39703.816
39222.285
39090.148
39312.883
39400.215
39396.75
39523.082
39798.484
39599.082
39710.215
39965.215
39652.352
38515.082
37868.551
36028.883
34600.285
33624.285
33205.551
33155.484
33693.016
33674.75
35153.617
36861.883
37387.352
38088.285
38288.617
38593.016
39532.484
40536.949
40186.215
40896.816
40898.484
40515.285
39666.418
39335.684
39667.617
40275.484
40590.949
41076.617
41798.082
42792.285
43355.684
43459.684
43549.617
42763.883
42609.418
42083.617
42391.816
42462.883
42499.215
42458.418
41682.816
41239.551
41031.551
40440.617
40523.551
40842.551
40582.082
42121.484
42434.949
42790.215
43456.148
43695.418
42704.148
42982.883
42526.148
42551.418
42938.949
43331.418
43777.816
44918.75
44728.484
45416.684
44851.016
44857.617
44335.148
43542.082
43722.551
43703.883
43868.883
43654.418
43951.148
44500.484
44862.484
44358.816
44483.684
45598.551
45025.75
45515.883
44726.352
45379.082
44770.148
43794.016
43164.883
42871.816
42763.617
43002.215
43339.816
43862.082
45077.617
44804.148
45651.215
45117.75
45153.082
44876.215
44357.215
44013.215
43601.148
42886.816
43054.082
43034.816
42744.949
43030.016
42977.418
42717.418
42792.352
42646.352
42767.148
43331.684
43762.082
43715.352
44319.617
45018.684
45310.016
45272.215
45564.148
45331.883
45232.551
44461.484
43992.484
43437.949
43758.215
44194.883
43893.949
44771.418
45129.016
45730.684
46078.352
46002.75
45943.215
46928.883
47275.148
47878.148
47942.617
47621.418
47424.949
47127.883
47052.484
46361.352
46112.016
46301.418
46306.352
45940.418
45822.75
44885.352
45510.75
45128.352
45536.148
45423.949
46386.816
46897.215
47524.285
48051.285
48297.418
47280.285
47352.484
46821.148
46841.617
47166.949
46868.816
46819.75
46407.016
46858.75
47271.484
47238.082
47473.816
47565.352
48124.617
48598.082
49425.285
48625.285
48448.883
47702.684
47647.484
46855.082
46823.551
46736.617
46485.684
47177.352
47283.816
45458.883
46683.816
46540.551
46185.617
46413.148
46093.949
46026.484
46342.285
46938.816
47279.949
47291.883
47204.016
47410.082
48172.352
48264.684
48521.484
48208.816
47618.418
46179.016
44519.816
43559.082
41856.016
40153.148
39634.352
40329.484
41524.949
44038.684
44684.883
44072.148
44074.883
44294.816
43753.484
44173.617
43580.016
43023.016
44017.949
45435.418
46411.883
46330.215
46836.418
47029.816
47530.285
48366.551
47855.082
47724.883
47852.75
46934.352
47511.816
47967.617
48008.215
47785.418
48762.148
49213.016
49171.816
49265.215
48426.285
48331.75
47993.551
48212.551
47890.215
47076.949
46796.352
46380.551
47487.148
48358.551
49140.082
48811.352
49503.352
50470.285
50832.883
50224.352
49764.484
50175.816
49427.617
49272.016
48571.418
49376.484
49967.352
49353.484
49016.285
48564.082
47498.418
46769.148
45012.016
43744.148
43347.816
43433.215
43881.484
44480.148
45798.215
46103.148
47462.418
47759.215
47787.484
48592.684
48818.148
49300.016
49501.75
49675.418
50159.352
51088.949
50366.816
49967.75
49054.016
48924.816
48730.617
48629.883
48640.082
48689.816
49411.215
50474.949
50538.617
50608.617
50577.215
50427.816
50156.082
50149.215
50119.949
48944.148
48257.082
47881.551
47146.551
46268.551
45717.617
46087.418
46460.816
46971.949
47447.285
48188.082
48255.016
48078.082
47842.082
48013.684
47660.285
47261.816
47449.352
47926.352
48473.551
48673.75
48727.617
49325.617
49870.883
49845.215
49888.949
49609.684
49428.016
48725.352
47924.148
47486.75
46544.285
45489.016
46864.215
46744.883
47145.418
47378.148
48019.418
48167.082
48513.75
48010.082
48023.883
48425.484
47853.684
47733.016
47517.418
47453.418
47073.684
46363.816
45794.215
45967.949
45987.148
45502.949
44800.684
45133.883
45011.617
44685.352
44732.684
44992.684
45318.148
45559.418
46058.484
46206.551
46748.949
46433.883
46199.684
46760.352
46633.082
45369.148
46143.883
45689.285
45728.016
45942.551
45296.617
45416.949
46402.75
46598.551
46975.484
46879.484
46954.883
46913.883
46567.285
47067.617
46469.148
45944.949
45859.285
46277.75
46673.148
46886.816
46098.418
46239.148
46137.215
45764.148
46072.148
46198.617
46097.285
45817.816
46057.016
45726.082
45887.082
45309.352
44979.148
44859.484
44849.285
45055.484
44672.215
45545.816
45767.148
46369.75
45649.016
45914.352
45931.285
46176.285
46028.816
45853.016
45958.617
45945.352
45725.617
45703.352
45749.285
45411.949
44869.816
45314.484
45413.816
45607.082
45565.352
45745.148
45746.148
45695.016
46105.617
46133.617
46347.082
45420.352
44945.016
45232.75
44626.484
44713.016
44473.949
45114.75
45620.484
45472.148
45328.816
45643.352
45626.352
45908.148
45766.285
45827.883
46216.285
45989.484
45921.215
46125.285
46214.215
46065.684
45938.949
45132.082
45397.418
44597.684
44799.816
44832.484
44751.418
44378.484
44490.484
44468.949
44325.484
44420.75
44862.215
44419.949
45088.816
44869.016
44714.418
44183.883
43776.418
43365.082
43522.617
43068.352
43164.215
42826.148
43441.016
43651.617
43638.016
43508.215
43136.016
44261.949
44545.418
44813.082
44885.016
45539.016
45720.484
44947.418
44736.016
44523.148
44467.148
43691.352
43784.617
44047.883
44015.949
44449.617
44330.617
44853.617
44749.352
44826.75
44606.215
44881.418
44533.352
44241.816
43674.418
44276.883
44361.949
43548.285
44489.883
44018.551
44429.082
44648.949
44115.949
44384.285
43946.883
43110.484
42656.551
43086.883
42884.617
42551.352
43000.352
43011.816
44102.949
43825.285
44527.148
44773.016
44424.75
44327.352
44709.684
45082.285
44468.016
43934.617
43684.617
43692.75
43114.551
42904.082
42857.484
43453.215
43558.75
43479.75
43470.75
44133.816
44150.016
43705.082
43486.215
43431.484
42997.016
42304.617
41771.016
41827.148
41791.883
41410.484
41735.285
42070.949
42720.082
43003.148
43141.016
43426.883
43685.883
44130.617
44035.684
44133.551
43944.352
43752.949
44324.551
43610.352
44108.883
43825.551
43317.816
43945.684
43775.617
43994.551
43575.285
43407.684
43336.883
43316.352
42726.352
42921.418
42580.816
42387.883
42693.883
42349.816
42133.352
42136.148
42019.484
42821.551
43109.148
42267.082
42397.816
43034.883
42890.016
42807.551
43307.215
42778.215
42426.75
42343.816
41488.883
42007.148
41186.484
41356.352
41297.418
41209.418
41760.484
41545.883
41890.75
41827.684
41750.215
42133.949
42044.484
42436.75
42305.883
41855.684
41925.352
42067.484
42332.484
41447.484
41815.484
42015.949
41980.016
41441.484
41901.883
42591.016
42154.75
41911.883
42743.75
42835.551
42719.418
42405.082
41949.016
42536.684
42076.617
42251.684
42216.215
41945.617
42142.082
42043.352
41772.215
42164.617
41870.75
41175.949
41331.484
41654.949
41395.082
40769.484
40785.148
40444.352
40294.285
40160.816
39704.816
40305.949
40314.484
40010.148
40978.816
40904.484
41149.816
41096.352
40803.684
41335.352
41104.883
40726.617
40210.016
40714.148
40862.352
40035.215
39239.75
38346.551
37597.016
37047.285
36359.684
35935.215
35324.617
34810.949
36032.75
36745.617
36752.016
37338.617
38160.016
39375.082
39074.215
39547.484
39340.551
39277.684
39440.215
39005.816
38803.684
38981.148
38972.684
38502.617
38655.816
38784.816
39012.75
38806.148
38468.352
38910.949
38690.684
38729.418
38533.418
38934.484
38879.617
38549.215
39147.551
38880.484
38683.816
38316.148
38063.75
38024.352
37940.215
37916.551
38066.617
37871.949
38200.484
38333.75
38103.883
38315.285
38822.484
38511.285
38259.082
38551.684
38697.148
38530.285
38669.285
38584.418
38072.082
38003.082
37865.016
38097.949
37920.75
37170.352
37561.75
37397.75
37689.684
37556.148
37379.215
37457.551
37596.215
37940.148
37442.285
37615.551
37889.418
37348.684
37585.949
37577.684
37542.016
36951.484
37005.684
36929.551
36949.883
37039.285
36908.215
36882.082
36865.418
36196.949
36545.418
36339.016
36584.148
36115.949
36497.816
37108.016
36783.082
37218.285
37207.016
37063.617
37515.816
37295.816
37353.617
37356.082
37238.016
37463.352
37242.016
37374.352
37127.285
37446.016
37138.949
37586.352
36939.949
37066.883
36796.949
37023.418
37179.617
36682.082
36556.082
36693.352
36680.418
36639.883
36711.016
36812.352
36916.684
36890.949
36728.684
36692.816
36337.551
35898.949
35792.082
36004.352
35420.215
35196.883
35264.148
35691.148
35672.148
35219.352
35199.352
35629.75
35406.418
35152.352
34821.75
35092.148
34870.75
34438.148
33957.551
34353.883
34458.816
34418.883
34709.285
34585.148
34635.816
34008.484
34211.484
33782.352
33704.285
32862.949
32718.75
32767.816
32266.35
32292.35
31586.283
32001.816
31651.617
30991.482
30235.551
30085.217
30151.084
29946.883
29343.949
29607.883
29548.617
29828.084
29952.35
30579.949
30964.084
31864.283
32624.416
32800.883
32908.15
32979.617
33200.352
33025.084
32691.084
32762.416
32474.949
32779.75
32535.018
32887.617
32944.082
33295.816
33232.816
33457.082
33392.617
33831.082
33728.352
33435.016
33712.949
34056.148
33812.617
33484.883
33275.352
33574.883
33497.418
33210.816
33216.949
33253.418
33298.148
33646.551
32914.215
33459.684
33431.551
33463.082
33320.617
33586.684
33317.551
32941.816
32901.75
33033.816
33226.084
32519.482
32335.551
32600.883
32310.684
32247.217
32462.018
32579.949
32256.949
32163.883
31882.684
31836.217
31841.949
31977.217
31874.416
31879.551
31787.084
31819.018
31717.949
31586.684
31493.75
31374.949
30796.283
31206.084
30723.283
30849.35
30807.35
30933.617
30746.416
30876.482
30786.35
30837.35
31225.617
31005.35
31343.617
31153.35
31358.217
31120.617
30532.551
30633.75
30387.35
30169.15
30376.75
30188.15
30219.482
30301.75
30262.617
30688.283
31210.15
30772.217
31314.217
31457.883
31210.75
31352.084
31049.283
31278.482
31407.684
31574.283
31785.283
31865.35
32281.217
32239.684
32623.018
32953.416
33296.684
32774.082
32636.949
32974.617
33528.215
33406.148
33880.285
34060.551
34508.285
34271.816
34406.883
34289.148
33997.617
33201.084
32113.283
31537.949
31199.416
30860.551
30599.416
30313.551
30401.15
30198.018
30135.15
30355.617
30235.416
30287.15
30225.684
30625.551
30346.816
30201.084
29835.084
29834.617
30036.35
29634.75
29934.816
29806.416
30029.617
30020.35
30131.75
30217.35
30460.283
30039.018
30231.35
30564.883
30355.482
29774.416
30117.617
30520.35
30319.15
29954.684
30183.15
30504.15
29879.283
30338.551
29581.217
29924.084
29653.684
29369.084
29505.018
29386.217
29441.75
29159.018
28703.684
29380.482
29450.551
29092.482
29071.15
29252.35
29070.816
29465.35
28867.816
29047.35
29137.551
29287.283
29264.949
29440.883
29181.949
29281.15
29416.883
29677.949
29192.283
28779.084
28825.75
29084.949
29246.949
28914.35
29084.816
28908.416
29107.883
28887.084
28934.15
28956.15
28872.482
28460.283
28167.482
28857.883
28577.617
28093.949
28002.084
28452.949
28076.949
28064.217
28137.482
28457.617
28084.084
27141.283
27895.883
28391.883
27914.617
27842.551
27452.416
27756.084
27841.084
28112.816
28048.217
27963.551
27644.551
27696.684
27715.35
27009.883
26909.217
26326.551
26604.416
26145.75
26523.15
26118.551
26215.018
27550.883
27383.684
27310.084
27983.35
27781.482
27808.75
27387.551
27110.482
26985.482
26948.283
26656.75
26728.15
26832.283
26865.217
26502.084
26737.75
27409.883
26924.217
26386.283
26698.416
26976.283
27075.084
26754.482
26887.283
26990.617
26610.883
26256.482
25879.35
26305.482
25842.949
25770.283
25377.617
25297.416
25330.816
24648.283
24137.551
23971.551
22427.283
21622.617
20782.15
20897.816
20895.416
21004.75
21298.217
22155.883
23123.551
23660.551
23742.15
23949.482
24666.551
25093.816
25113.684
24700.75
25231.949
25125.35
25218.15
25223.949
24815.816
24482.482
24373.217
24805.949
24671.283
24296.15
24952.084
24840.617
25043.816
25183.617
25046.684
25214.35
25175.018
24887.684
25022.75
25059.684
25332.617
24885.217
24885.482
25293.217
25297.617
25230.217
25288.75
25490.482
25384.684
25338.084
24818.217
25228.883
25211.416
24851.482
24629.551
24880.816
24992.35
24857.15
24405.217
24612.551
25019.684
24357.949
25046.018
25165.816
25125.084
25592.883
25269.75
25372.551
25307.084
25129.684
25261.084
25233.684
25091.15
24797.084
24837.883
24860.283
24873.283
24811.883
24904.949
25153.35
25140.816
24840.949
24588.883
24922.283
24823.949
24957.15
24492.551
25011.018
24879.217
25077.084
25057.949
25177.949
25101.416
24591.617
24309.949
24879.75
24738.217
24917.217
24488.084
24431.217
24491.084
24413.416
24731.018
24487.949
24500.816
23928.883
23950.684
24037.15
24313.684
23383.617
23681.816
23905.084
23903.283
23641.617
23468.684
23979.883
23907.416
23662.217
23811.75
23882.816
24063.617
23354.35
23533.551
24025.283
24117.018
23691.482
23591.684
23706.883
23876.018
23520.883
23536.217
23665.283
23570.883
22968.883
23293.018
23263.75
23097.75
23060.949
23206.949
22895.15
23688.75
23011.482
22898.018
23030.75
23006.883
22910.949
22326.949
22828.35
22897.416
22575.217
22275.949
22799.949
22658.35
22550.018
22011.416
22582.018
22510.018
22417.482
22498.949
22118.084
22386.084
22256.482
21781.949
22068.217
21895.816
21868.283
21346.416
21795.482
21723.883
21058.816
20724.283
21468.684
21267.75
21109.15
20943.35
21228.15
21099.949
20781.949
20615.551
21337.75
21000.416
20827.084
20682.018
21173.15
20754.949
20557.551
20445.018
21096.75
20836.018
20596.684
20531.35
20729.018
20387.551
19971.217
19663.217
20118.551
20225.35
20127.949
20425.35
20608.617
20450.35
19871.684
20491.15
20326.482
20168.018
20178.018
20100.15
19986.217
20147.35
19557.684
19401.217
18569.816
17596.883
16715.018
15804.884
15229.816
14954.283
14943.816
15014.75
16066.684
16757.416
17044.551
17613.551
17988.084
18037.217
18147.084
18058.018
18165.15
17544.75
17574.482
16833.018
17877.551
17837.217
17645.617
17565.35
17986.482
18264.551
18490.75
18186.684
18627.35
18888.482
18547.217
18652.084
19067.217
19052.482
19104.883
19220.15
19370.684
19349.217
19154.35
18806.684
19731.816
19496.018
19469.75
19097.217
19746.018
19877.816
19670.15
19864.684
19876.217
19411.018
19633.217
19269.482
19881.617
19748.416
19655.482
19535.084
19569.816
19817.949
19403.949
19982.816
19943.15
19977.482
19943.684
19549.551
20274.816
20261.15
19828.883
20037.35
20701.018
20432.416
20177.75
20733.949
20966.416
20587.416
20312.883
20451.949
20053.949
20236.416
19725.551
19871.949
20185.617
20061.949
20083.283
20562.217
20191.816
20324.551
19688.617
19507.949
20472.283
20269.684
20097.949
20238.482
20061.217
20145.482
20240.617
19893.482
20003.416
19979.816
19929.35
19850.816
20032.35
19685.35
19800.217
19668.217
20005.084
19756.084
19876.617
19818.883
20235.482
19847.283
19911.75
19776.684
20084.684
20345.949
20339.551
20184.482
20154.684
19980.883
19890.15
20146.883
20304.35
20385.15
20428.482
20035.816
20687.15
20538.949
20463.75
19934.949
20534.416
20365.551
20144.283
20037.416
20183.684
20280.217
20435.75
20297.283
20405.684
20094.883
20185.883
20434.018
20113.617
20247.482
20161.15
19988.482
20079.551
20234.35
19939.75
19882.217
20014.15
20228.617
19302.084
20051.35
20079.482
19996.949
19289.482
19664.217
19991.35
20108.018
19945.482
20020.75
19941.416
20120.551
19828.949
19650.617
20068.084
19810.949
19917.482
19550.883
19782.35
19806.684
19501.35
19400.617
19736.883
19308.684
19331.416
19160.883
19470.35
19352.15
18987.018
19269.617
19263.684
19001.018
19190.018
19313.551
19125.482
19110.084
18848.35
18863.883
19193.883
18847.084
19015.75
18590.35
18662.018
18742.35
18599.35
18695.883
18507.018
18463.283
18352.482
18344.75
18588.15
18545.551
18478.084
17511.084
17784.15
17673.084
17459.883
16830.617
16763.883
16806.35
16347.15
15708.684
16286.483
16094.616
15227.95
15621.483
15535.417
15110.684
15252.417
14695.684
14842.616
14652.95
14342.15
14481.083
14720.616
14625.417
14796.083
13536.083
14291.75
14382.35
13931.217
14217.15
14448.884
14562.616
14327.083
14754.684
15020.417
15109.017
15272.55
15705.684
15680.55
15549.816
15651.15
15403.816
15375.884
15582.616
15542.95
14986.15
15423.483
15255.483
14896.55
14255.35
14590.884
14342.283
14036.884
13923.083
13766.684
13848.15
13686.017
13575.15
14000.616
13962.283
13779.55
13829.75
13936.616
13763.75
13680.75
13590.483
14037.616
13831.217
13503.75
13970.75
14342.95
14110.55
13829.217
13986.15
13930.017
13996.017
13905.217
13788.884
13866.75
13588.816
13000.217
13571.884
13440.684
13588.684
13766.75
13292.95
13784.017
13623.816
12888.75
13194.017
13399.083
13231.35
13301.616
13563.217
13686.417
13699.884
13862.684
13787.55
13919.884
13739.017
13726.35
13384.483
13617.417
13705.95
13438.75
13480.017
13682.483
13714.483
13421.35
13918.017
13947.283
14081.283
13674.75
13885.816
14021.083
14018.417
14239.483
13483.684
14036.283
13866.35
14107.15
13698.283
14379.95
14083.283
14273.483
13886.017
14412.75
14360.417
14002.217
13807.017
14041.75
13785.017
13708.017
13896.816
13811.017
13677.95
13381.417
13310.884
13588.816
13749.75
13613.816
13770.083
13698.684
13554.483
13357.017
13550.95
13664.55
13527.283
13809.35
13211.616
13511.483
13773.884
13755.017
13446.816
13470.083
13011.217
12768.35
13197.95
13080.884
13143.283
12314.483
12875.884
13189.816
13035.55
12762.816
13077.15
13318.55
12923.816
13060.684
12889.35
13121.616
12782.35
12516.083
12468.083
12816.283
12742.616
12307.417
12633.95
12585.283
12753.15
12537.35
12610.816
12699.75
12563.884
12345.95
12574.616
12741.75
12654.217
12483.283
12855.017
12578.017
12670.083
12567.483
12397.017
12565.15
12507.55
12354.55
12211.017
12262.483
12360.283
12031.217
11930.417
12421.684
12389.884
12122.35
12163.684
12393.15
12411.217
11962.95
12039.283
12270.017
12027.816
11826.55
12224.35
12161.217
11959.483
12198.417
11976.55
12066.083
11955.017
11664.616
11297.616
12033.684
11672.616
11898.684
11708.616
11812.816
11592.35
11552.35
11367.417
11740.017
11590.283
11511.816
11228.083
11490.95
11545.283
11359.483
11328.616
11578.217
11558.95
11057.483
11191.884
11472.884
11443.017
10732.75
10916.15
11351.017
11335.017
11220.816
10866.083
11442.884
11318.884
11262.283
10947.816
11115.15
10954.283
10819.483
10974.95
11146.017
10936.616
10734.217
10824.95
11273.884
11247.017
11024.816
10755.283
10838.95
10968.95
10787.616
10594.483
10947.15
10818.217
10815.217
10479.35
10648.95
10767.884
10710.95
10560.684
10730.217
10559.083
10975.816
10248.35
10719.95
10622.483
10428.55
9979.95
10707.083
10651.017
10653.217
10330.816
10444.884
10284.55
10390.35
10472.017
10785.083
9971.684
10261.15
10027.217
10282.15
9603.283
9067.083
8321.35
7929.817
6951.15
5951.95
5206.55
4431.683
3560.617
3117.75
2403.35
2695.483
2557.95
2296.95
2501.883
3454.75
3706.217
3808.1499999999996
4889.283
5515.217
5877.75
6267.55
5612.75
6361.55
5927.15
5705.75
5280.217
5014.35
5077.75
4756.817
4519.15
4918.483
5007.683
4986.15
4815.55
5601.683
5371.683
5460.483
6095.217
6208.683
6451.617
6184.15
6707.083
6948.083
6939.283
6997.95
7275.083
7599.683
7673.417
7248.817
7555.883
8112.35
8171.283
7791.817
8313.417000000001
8600.684
8752.55
8713.55
8725.684
9243.417
9198.283
8630.017
8774.616
9475.283
9579.616
9376.616
9135.75
9676.816
9493.083
9336.75
9296.95
9804.483
9572.217
8716.15
9595.75
9760.483
9865.083
9524.217
9286.884
9811.217
9766.483
9555.684
9475.35
9614.083
9753.816
9321.35
9161.417
10088.55
9636.217
9447.083
9487.684
9807.15
9717.417
9585.55
9516.816
9742.283
9716.35
9531.083
9501.417
9816.55
9782.083
9673.283
9523.15
9869.55
9775.083
9241.15
9443.816
9716.816
9665.95
9307.017
9182.017
9589.15
9467.217
9534.483
9302.75
9531.95
9690.15
9415.417
8925.083
9714.283
9586.816
9569.217
9439.75
9891.95
9629.283
9442.417
9216.55
9715.35
9482.55
9040.083
8893.95
9539.75
9441.35
9476.017
8838.083
9602.283
9431.083
9328.55
9387.083
9577.816
9541.217
9349.95
9265.35
9784.616
9589.884
8726.616
9096.017
9694.017
9414.15
9415.15
9254.816
9651.017
9535.283
9088.283
8890.483
9488.483
9303.15
9289.35
9144.483
9511.616
9452.616
9323.283
8840.75
9530.816
9454.75
9123.417
8767.217
9364.616
9506.217
9189.35
9110.884
9460.684
9066.083
9045.483
9168.35
9190.083
9076.816
8954.417
8785.083
9346.483
9174.55
8806.483
8746.75
9206.95
9289.15
8628.417
8721.35
9195.55
9100.283
9154.417
8905.35
9102.283
9055.616
8966.75
8643.083
9289.083
9052.017
8771.417
8725.417
9083.95
9031.75
8841.083
8348.217
8976.483
8904.483
8810.75
8275.884
9033.083
8853.35
8368.616
8802.217
8873.616
8733.15
8347.816
8435.55
8608.816
8706.417
8469.417
8428.75
8707.083
8486.684
8489.684
8261.35
8565.35
8581.017
8110.617
8064.817
8549.017
8501.283
8210.95
8168.35
8230.417000000001
8411.15
7947.35
8116.017
8175.417
8220.683
8024.75
7810.483
8386.15
8231.883
7871.283
7512.883
8084.217
8234.883
8059.283
7729.617
8103.083
8017.35
7378.75
7766.283
8178.95
7809.283
7677.817
7726.15
7974.483
7976.083
7611.217
7484.35
7895.417
7984.283
7828.883
7711.95
8021.483
7806.083
7545.483
7272.817
7894.483
7711.283
7942.35
7438.95
7924.35
7880.017
7361.75
7399.217
7892.35
7721.75
7514.817
7580.817
7859.817
7785.017
7371.483
7327.017
7907.483
7634.217
7511.083
7530.817
7780.417
7616.083
7183.683
7061.283
7451.683
7394.817
6884.817
7011.883
7492.817
7346.95
7477.083
7165.817
7508.883
7380.217
7602.683
7182.017
7404.95
7323.017
6968.683
6958.95
7409.15
7273.083
6827.417
6278.35
7254.55
7282.883
6813.35
6992.35
7266.417
7029.95
6890.817
6853.15
7221.55
6992.15
6840.817
6476.017
7060.883
7094.283
6375.15
6537.55
7102.483
6882.35
6631.217
6423.75
7005.75
6991.617
6908.483
6472.883
7080.75
6987.083
6938.883
6819.55
6986.683
6873.683
5612.55
6109.217
6895.017
6954.15
6582.883
6308.95
6814.617
6948.883
6289.15
6291.35
6720.417
6688.483
6212.883
6252.35
6745.217
6705.35
6048.55
6033.283
6602.617
6523.95
6281.017
6286.417
6506.817
6413.217
6003.55
6393.283
6499.35
6486.083
5978.617
6245.15
6603.217
6363.283
5907.95
5812.483
6408.483
6399.55
6249.417
5686.75
6458.15
6338.35
5670.483
5774.083
