274.033
62.95
-144.36700000000002
158.88299999999998
456.7
134.017
213.767
247.28300000000002
235.167
263.683
123.833
-169.917
201.233
216.21699999999998
18.700000000000003
-26.183000000000007
349.967
-7.849999999999994
71.433
374.08299999999997
427.567
185.61700000000002
480.9
159.083
279.9
205.95
228.1
-123.317
201.5
209.35
332.5
23.016999999999996
285.633
197.483
238.767
30.083
563.367
487.41700000000003
90.567
-50.917
248.36700000000002
134.15
-12.233000000000004
191.75
205.1
245.483
149.3
240.28300000000002
213.9
251.61700000000002
-46.099999999999994
41.68300000000001
618.7
288.35
-7.033000000000001
-260.25
434.9
458.41700000000003
32.56699999999999
41.95
386.633
448.683
394.5
239.55
413.16700000000003
375.08299999999997
161.96699999999998
331.283
394.7
401.55
332.3
-136.78300000000002
448.033
295.08299999999997
41.233000000000004
84.417
381.3
191.15
145.1
71.95
300.9
511.55
213.567
76.683
233.233
361.683
33.7
12.082999999999998
244.96699999999998
211.083
507.9
11.549999999999997
184.567
216.483
356.033
-67.05
199.767
262.08299999999997
204.9
99.55
418.5
370.15
-227.3
30.417
400.033
304.483
225.567
215.15
467.5
294.283
2.1670000000000016
293.883
107.033
333.217
244.833
293.41700000000003
404.033
288.217
569.433
-229.85
330.7
387.95
103.833
375.55
389.3
474.55
258.567
103.083
348.433
256.15
-61.900000000000006
118.217
339.433
319.017
135.36700000000002
23.417
410.233
448.75
59.967
-236.917
360.033
324.95
80.9
145.55
279.1
418.75
337.7
48.75
295.033
336.283
-285.5
-135.38299999999998
312.967
208.75
163.233
-5.917000000000002
336.1
267.617
56.167
225.35
407.1
303.41700000000003
254.5
-111.85
457.433
416.08299999999997
439.033
147.817
486.7
277.41700000000003
170.233
353.35
409.83299999999997
75.017
379.3
-161.517
128.03300000000002
228.28300000000002
3.3670000000000044
374.883
597.233
427.283
162.03300000000002
-84.05
505.367
161.35
456.367
31.016999999999996
393.633
370.883
322.7
386.817
536.7
356.283
435.83299999999997
309.217
336.3
225.817
384.567
-357.05
395.033
360.217
171.9
147.817
136.5
321.683
481.3
184.483
244.433
313.883
127.567
-202.983
272.7
385.15
471.567
187.95
393.83299999999997
313.683
52.033
-316.65
446.033
249.017
-62.3
26.283
260.83299999999997
194.483
-1037.3
-92.983
126.367
274.217
258.633
-63.917
573.167
413.483
258.367
67.283
263.567
226.15
-102.7
430.55
526.633
279.15
-200.167
38.217
318.7
318.15
-111.3
354.217
375.233
271.41700000000003
401.433
343.817
336.5
418.817
244.7
190.75
373.367
250.55
413.9
30.816999999999993
410.16700000000003
454.617
346.567
-78.983
224.233
323.683
80.233
-289.85
374.83299999999997
353.08299999999997
256.233
-115.45
354.1
341.95
219.7
81.35
367.1
364.41700000000003
-155.7
213.75
335.1
63.150000000000006
-143.03300000000002
163.817
264.5
212.88299999999998
312.9
173.21699999999998
264.5
528.217
97.767
180.15
371.967
538.417
397.633
165.417
213.433
283.283
100.167
495.15
355.83299999999997
221.483
-158.03300000000002
106.483
203.233
282.817
257.1
-16.382999999999996
543.433
554.483
23.233000000000004
281.15
372.1
352.283
232.433
103.35
336.567
381.283
78.833
126.15
288.83299999999997
315.283
172.36700000000002
305.617
473.7
439.017
392.033
90.617
555.633
156.683
372.83299999999997
-171.25
352.7
166.95
-114.167
274.55
317.83299999999997
177.083
533.5
372.35
362.967
232.28300000000002
602.433
62.217
346.3
272.483
-69.033
252.75
615.433
390.95
521.167
-78.583
413.83299999999997
332.15
358.1
169.083
299.83299999999997
497.55
-94.233
185.95
573.5
284.817
99.96700000000001
127.15
308.433
316.35
481.9
145.95
609.7
517.95
663.367
409.283
661.433
466.41700000000003
173.633
279.55
312.16700000000003
544.683
710.767
123.68299999999999
644.233
521.55
463.433
608.35
539.967
442.683
278.9
590.017
416.83299999999997
696.617
35.36699999999999
210.683
478.567
468.483
482.63300000000004
321.617
819.7
481.55
641.633
470.883
610.9
589.883
604.9
227.75
935.9
405.217
506.633
428.417
783.7
456.75
629.567
513.217
508.967
773.35
672.033
564.0830000000001
511.033
766.017
545.633
354.283
853.633
642.95
539.1669999999999
486.75
469.633
574.35
691.9
564.75
778.3
684.75
455.567
397.017
549.033
658.75
540.967
432.55
784.1669999999999
359.483
635.1669999999999
356.55
570.033
464.283
641.367
731.483
614.1
340.35
654.433
852.683
341.7
770.483
609.3
661.15
658.5
647.683
487.833
848.217
1030.833
543.283
543.167
1146.617
771.9
983.017
344.36699999999996
534.35
1011.033
833.683
948.233
1018.417
548.033
514.817
641.967
611.683
1155.7
985.95
443.70000000000005
925.75
794.767
1034.75
1075.167
900.35
789.7
1141.417
410.76700000000005
688.883
824.9
988.617
1300.367
1248.15
1175.167
1109.417
904.967
1008.75
1021.5
922.55
559.033
779.75
1122.433
961.217
1215.633
773.683
1270.5
1165.483
1270.967
1095.217
1235.367
1166.15
741.7
1213.083
1074.767
987.35
917.833
1054.083
1041.9
1166.15
1054.767
838.15
1155.233
922.017
899.9
768.883
1237.567
1138.883
1078.7
1149.35
1246.433
994.817
1002.5
891.017
1180.367
1204.617
1094.767
849.95
1341.1
1084.35
1115.967
1101.817
1233.433
1119.817
605.1
1057.483
1108.367
1191.95
1200.1
1390.283
1496.9
1312.883
1317.5
1322.683
1445.833
1504.217
1345.433
1412.683
1389.633
1375.617
1563.833
1419.55
1801.367
1274.75
856.5
1138.75
1350.1
1628.483
1351.633
1445.75
1787.7
1596.483
1500.567
1428.417
1665.767
1714.817
1744.033
1454.883
1820.033
1492.483
1402.9
1326.817
1374.7
1311.95
1638.033
992.017
1384.5
1490.55
1722.767
1341.15
1641.3
1527.55
1737.167
1552.15
1639.3
1703.617
1674.1
1592.55
1913.433
1461.483
1979.9
1739.617
1773.233
1690.617
1589.1
1800.017
2038.5
1415.083
1522.1
1824.617
2057.767
1781.083
1868.967
1629.083
1692.567
1572.617
1676.5
1801.617
1730.967
2037.15
2312.433
1564.95
2145.167
2125.817
2003.767
1930.35
1986.5
1862.083
1832.167
2113.95
2059.7
1854.35
1673.633
1775.617
1726.567
1701.217
2036.5
1918.417
2038.767
2247.35
2032.233
2185.55
2399.367
2116.083
2448.7
2279.15
2617.7
2367.95
2201.633
2440.883
2453.033
2358.417
2165.367
2329.75
2142.433
2226.35
2101.5
2303.683
2269.367
2101.417
1758.9
2065.35
2000.3
2016.35
1817.567
1770.417
2030.433
1803.483
1730.3
1460.017
2088.567
1667.017
1980.1
1988.15
2146.833
2605.35
2375.9
2624.15
2456.233
2623.817
2783.433
2396.083
2586.167
2540.017
2295.167
2232.617
2517.1
2366.417
2627.3
2184.483
2447.1
2499.75
2466.9
2620.617
2580.367
2616.95
2749.9
2700.083
2757.5
2760.95
2668.233
2398.083
2732.367
2786.883
2612.433
2875.55
2947.433
2801.817
2703.967
2423.417
2931.767
2793.417
3102.767
3356.95
3415.767
3764.417
3754.1
3608.417
3533.9
3448.483
3582.033
3171.75
3737.3
3432.417
3599.433
3510.15
3755.433
3252.55
3424.967
3556.75
3428.833
3486.883
3258.167
2964.483
3573.767
3663.15
3524.767
3706.217
3855.967
3824.617
3720.233
3468.683
3838.5
3789.817
3284.567
3507.217
3481.233
3687.083
3553.033
3767.15
3962.633
3728.95
3604.967
3063.417
3372.5
3493.817
3539.767
3257.283
3668.833
3334.417
3389.967
3193.483
3151.9
3102.15
3018.167
3102.35
3117.233
3218.283
3000.233
3142.217
2911.9
3096.217
3201.367
3287.483
3573.433
3725.617
3812.433
3986.283
3772.633
3876.883
3457.633
3962.75
3744.9
3757.483
4288.233
3944.017
4658.9
4653.283
4536.5
4727.883
5342.433
4796.083
4958.833
4402.017
4610.833
4527.817
4175.633
3931.483
3998.633
3866.35
3646.567
3780.617
4257.367
3864.55
4138.9
4165.817
4632.3
4614.417
4770.3
4506.283
4368.5
4247.883
3890.033
3773.817
3890.833
3495.883
3374.9
3216.417
3307.3
3267.283
2683.1
3048.217
3052.233
2711.883
2379.967
3159.483
3188.967
3320.817
3588.633
3298.15
4103.8330000000005
4313.15
4385.7
4221.0830000000005
4300.767
4091.417
3753.767
3898.217
3839.9
4032.95
3993.5
3804.35
4385.7
4064.35
4219.3
4105.4169999999995
4287.433
4223.617
4156.7
3608.617
4216.032999999999
4068.55
4206.032999999999
4170.15
4045.633
4111.217000000001
4144.1
4138.15
4806.1
4852.083
4821.3
5060.417
5213.3
5291.017
5283.9
5113.683
5450.1
5192.283
5610.3
5183.417
5648.9
6045.35
5352.233
5599.083
5710.7
5507.683
5487.7
4753.683
4667.967
4140.35
3918.5
3028.883
2925.367
2441.217
2285.1
2293.483
2837.767
3087.15
3417.767
3914.35
4227.767
4403.35
4685.5
5120.417
5405.1
5768.95
5649.1
5647.283
5805.633
5238.483
5128.967
4857.817
4524.5
3799.617
3527.233
3246.55
3218.967
3571.35
3718.833
4257.683
5079.367
5312.283
5526.033
6359.083
6580.033
6671.883
7081.167
6758.017
7493.033
7519.017
7932.767
7614.817
7580.5
8013.75
7775.833
7805.75
7962.633
7789.55
8052.567
7843.95
8524.967
8320.617
8430.367
8198.75
8719.033
8551.017
8379.434
8475.816
8988.967
8777.217
8722.167
8550.95
8675.967
8230.95
8290.167000000001
8466.483
8578.033
8998.35
8724.434
8822.283
8884.5
8592.35
8296.5
8088.816000000001
8310.767
8571.816
8740.1
8625.884
8649.233
8657.95
8590.833
8452.217
8413.767
8393.817
8227.9
8323.083
8778.434
8532.617
8737.9
8391.75
8547.634
8768.684
8563.566
8966.417
9064.033
9083.017
9196.767
9272.417
9364.833
9686.017
9939.233
9747.417
9656.366
9618.684
8964.566
8464.017
8643.233
8560.684
8523.1
8403.483
8739.5
8956.75
9116.7
9729.55
9669.767
10244.884
10161.033
10238.417
10216.833
10608.15
9985.767
10133.35
10570.7
10078.95
10136.767
10343.95
10271.767
10100.95
10716.767
10199.884
10506.366
10457.35
10374.634
10109.483
10371.9
10251.55
10273.1
9717.616
10348.434
10179.75
10162.3
9804.083
10201.033
10551.884
10722.1
10366.55
10645.366
10735.15
10522.5
10540.217
10465.233
9463.75
9954.5
9973.35
10058.366
9611.884
10192.1
10004.816
10113.3
9816.417
9773.7
10159.15
10285.366
10221.417
10279.434
10020.017
9791.167
9795.417
9177.7
9450.684
10183.033
9949.15
10085.366
10429.283
10744.9
10802.083
11009.7
10673.55
10799.967
10915.35
10846.767
10442.35
10261.233
9747.884
9927.7
9199.55
9863.967
10069.816
9730.434
9741.483
10546.967
10515.35
9981.233
10023.616
10827.767
11015.35
10722.434
10535.217
10637.033
10742.884
10476.833
10413.95
10679.434
10485.283
10750.1
11064.684
10732.5
10978.684
11252.767
10362.816
10637.833
10494.15
10129.233
10418.616
9670.167
9965.884
9973.9
10938.616
10831.5
10677.15
10659.5
10220.616
10518.833
10480.616
10826.767
10482.083
10261.7
9721.616
9581.5
9257.816
8868.9
8794.55
8197.167000000001
8082.483
8080.167
8068.683
8568.5
8993.15
9912.967
10515.217
11634.767
11758.35
12765.434
11935.483
11444.167
11884.283
11734.7
11589.217
12335.9
12451.15
12669.9
12482.616
12382.167
11760.884
11301.967
10990.017
11219.566
11100.083
12393.3
11883.15
12447.9
12526.017
12822.434
12897.816
12557.566
13271.884
13446.033
14073.483
13917.833
14078.35
14321.3
14712.816
13665.566
13887.75
13273.366
13590.083
13571.967
13997.75
13451.767
13231.017
12787.634
12591.55
12852.9
12565.616
11662.833
12554.083
12372.7
13204.816
13360.233
13398.816
14294.7
13913.816
13541.833
13850.55
13910.1
13702.35
13685.634
13870.083
14337.366
14751.217
14826.033
14489.217
14635.566
16190.417
14959.9
15044.684
15291.1
14717.95
15284.634
15236.684
15868.1
15284.55
14732.566
15063.816
15295.634
15159.15
14670.7
14543.15
15690.033
16132.75
15745.033
15119.816
15449.634
15236.75
15118.167
14285.15
15162.833
15024.483
14699.833
13987.684
14649.167
14914.684
14896.1
14468.417
15523.233
15561.283
15289.3
15700.083
15853.167
16609.15
15841.634
15675.684
16212.7
15805.083
16131.566
15252.616
15628.1
16361.283
15922.366
16061.35
16088.033
15691.15
15896.634
16321.884
16959.033
16681.883
16662.5
16856.883
16678.634
17114.551
17592.232
17154.35
17091.967
16706.217
16709.367
16172.017
16623.434
16276.75
16599.566
15908.95
15545.233
15777.816
15651.167
15324.684
15941.233
15497.217
15605.9
15773.35
15666.5
15818.15
15630.3
16229.017
16696.233
17089.617
16198.1
16278.815999999999
16340.1
15759.417
16683.033
16263.482
16831.5
16803.35
17155.434
17198.084
17367.434
17608.35
17062.834
16610.551
18261.5
17622.283
17542.1
17792.018
18041.699
16823.551
17524.5
16788.283
17796.232
17499.883
16772.634
17360.283
17859.9
17569.084
17686.1
18653.883
18036.5
17478.816
17272.434
17040.551
16932.9
17523.283
18173.301
18100.018
18790.033
18906.416
19317.367
18791.416
18882.633
19269.684
19051.967
19037.684
19050.5
19130.617
19556.033
19216.75
19941.967
19677.551
19803.768
20215.816
20069.5
20042.35
19546.834
19704.949
20051.699
19597.416
19448.834
19293.684
19978.033
19660.217
20695.633
19966.084
19605.9
20084.75
20256.166
20986.35
21087.1
21171.949
20582.5
20834.416
20263.232
20454.816
20236.9
20629.617
20870.367
22682.15
20997.367
21869.35
22259.301
22441.018
21862.566
23179.35
22657.967
23008.35
23737.033
24470.75
23213.967
23807.217
23298.5
23556.883
25269.566
23674.15
23865.633
23040.416
22989.367
23134.283
23781.633
23657.883
24182.5
24913.084
24373.9
25193.883
25877.166
26583.949
26568.232
26781.084
27570.232
28239.482
27637.633
26250.816
27118.033
27234.35
26488.566
27108.617
27715.699
27786.416
27563.566
28037.416
28704.301
27963.018
29527.699
30206.217
29821.699
29203.883
30330.5
30191.883
30255.967
29924.75
30279.699
30428.551
30204.1
30280.217
29869.367
30187.15
31024.301
31825.018
32272.033
32601.084
34002.168
34347.352
33733.566
34465.484
34486.434
34176.883
34250.301
33263.082
34302.633
33443.484
33388.035
35052.883
35610.566
35917.949
36011.766
36241.285
37004.633
36131.617
36388.965
35835.883
36143.832
36384.883
35826.102
36597.352
37325.566
37695.949
37864.566
38088.418
38503.898
38558.285
37935.367
38281.148
38074.832
38214.082
37549.566
38153.816
38270.566
38447.551
38885.898
38401.215
38247.832
38431.883
38478.633
38577.617
38629.965
38984.285
38708.367
38871.285
39122.367
38855.418
37690.168
37103.816
35292.301
33914.883
32927.166
32517.75
32539.9
33002.684
32996.766
34415.883
36131.5
36654.617
37309.434
37402.082
37693.898
38679.617
39704.367
39330.816
39960.699
40037.684
39615.367
38837.148
38498.367
38773.484
39381.5
39767.285
40176.035
40892.684
41797.699
42392.285
42503.367
42624.949
41825.102
41637.082
41137.965
41459.949
41509.035
41516.816
41456.367
40754.684
40320.766
40121.617
39487.168
39592.551
39906.434
39708.816
41214.566
41449.816
41779.301
42489.148
42676.367
41716.484
42016.965
41557.215
41624.766
42033.816
42357.832
42856.215
43940.301
43753.016
44358.434
43910.883
43789.566
43356.215
42584.5
42824.148
42726.766
42911.551
42636.035
42950.551
43533.965
43837.418
43406.102
43527.215
44592.367
44010.352
44442.566
43699.148
44330.699
43680.285
42758.035
42237.082
41852.035
41770.617
42052.102
42353.75
42880.965
44026.617
43717.168
44584.215
44031.566
44091.484
43850.566
43318.883
42954.633
42534.016
41866.566
42031.285
42000.898
41722.684
41963.5
41951.883
41647.898
41753.617
41646.766
41785.883
42249.832
42768.551
42696.367
43200.949
43972.5
44259.148
44162.102
44501.418
44275.898
44136.816
43355.5
42919.484
42422.832
42712.75
43159.699
42805.016
43681.434
44024.082
44670.633
44945.949
44967.035
44872.949
45770.168
46121.484
46757.5
46801.285
46483.898
46303.617
45988.566
45978.816
45263.898
45012.949
45154.434
45168.816
44817.566
44778.082
43779.5
44387.418
44000.766
44450.816
44272.5
45292.684
45772.832
46444.082
46890.367
47204.684
46130.301
46252.949
45674.832
45723.883
46087.633
45755.082
45678.367
45345.484
45767.168
46128.352
46083.102
46354.016
46409.367
46984.215
47393.035
48271.484
47467.434
47270.082
46540.832
46519.016
45690.434
45756.418
45601.832
45412.949
46020.301
46169.75
44291.434
45544.617
45425.234
45047.016
45277.898
44984.352
44888.898
45183.617
45796.035
46070.816
46090.566
46011.352
46240.102
46956.016
47066.5
47346.418
47090.234
46435.215
44988.301
43366.684
42451.633
40871.418
39102.5
38581.016
39321.168
40429.484
42913.699
43557.285
42900.301
43003.215
43261.5
42610.883
43030.168
42425.285
41966.965
42975.148
44276.168
45290.418
45194.168
45634.75
45841.234
46369.082
47176.898
46674.082
46550.434
46592.883
45832.367
46287.418
46784.035
46817.949
46652.5
47584.285
47942.102
47997.285
48056.832
47272.949
47115.367
46773.883
46967.367
46677.75
45915.434
45633.285
45161.566
46283.617
47087.168
47912.484
47585.5
48263.816
49216.234
49554.285
48970.102
48533.684
48863.898
48207.816
48062.301
47370.418
48065.766
48664.148
48082.832
47817.285
47372.035
46235.285
45538.102
43896.148
42611.766
42258.418
42284.367
42710.617
43324.832
44569.883
44895.699
46230.949
46547.898
46635.949
47349.5
47541.352
48051.367
48216.484
48411.566
48874.484
49782.102
49035.551
48666.832
47762.215
47646.965
47497.816
47340.5
47358.484
47375.699
48136.883
49169.633
49285.684
49254.633
49284.551
49180.5
48883.016
48808.168
48804.617
47623.898
47063.75
46573.566
45899.215
45073.965
44511.617
44883.102
45186.816
45723.965
46178.082
46943.102
47017.949
46760.5
46601.082
46791.566
46399.883
46001.566
46227.551
46631.434
47214.418
47352.434
47442.883
48008.035
48562.551
48481.898
48597.684
48310.566
48080.484
47451.5
46633.816
46255.566
45354.215
44257.566
45666.352
45464.035
45908.949
46095.898
46732.352
46880.566
47261.082
46668.898
46738.949
47067.699
46598.617
46426.367
46260.352
46160.301
45806.816
45048.898
44548.883
44730.832
44779.617
44257.434
43577.148
43970.301
43786.082
43494.832
43468.215
43769.234
44113.684
44415.102
44883.883
44984.699
45503.684
45188.168
45007.816
45478.566
45354.215
44149.367
44900.484
44460.699
44552.016
44748.965
44035.148
44183.367
45125.816
45311.102
45679.418
45563.832
45673.883
45651.301
45351.352
45804.035
45299.617
44734.367
44625.148
45021.434
45453.016
45653.566
44853.352
45014.566
44874.883
44449.633
44784.148
44920.168
44781.016
44543.301
44786.352
44452.832
44659.016
44052.566
43721.484
43594.035
43568.215
43847.633
43368.883
44298.035
44539.617
45127.965
44466.484
44580.035
44638.816
44954.898
44747.75
44541.168
44745.617
44690.234
44420.816
44465.367
44486.949
44147.234
43640.617
44085.168
44243.016
44347.168
44238.883
44501.766
44492.484
44328.168
44838.352
44824.168
45089.148
44215.633
43758.148
43985.301
43411.551
43475.5
43250.949
43816.168
44331.949
44186.898
44033.285
44381.699
44329.75
44616.766
44511.816
44551.766
44920.352
44678.965
44637.816
44831.766
44882.082
44771.234
44615.949
43929.035
44133.148
43290.102
43572.949
43538.965
43476.484
43097.434
43220.418
43188.234
43108.285
43181.898
43600.883
43217.367
43822.285
43560.035
43500.148
42896.699
42501.75
42090.102
42238.949
41829.234
41837.148
41613.633
42206.418
42373.301
42406.949
42260.633
41860.215
42983.699
43240.016
43509.102
43619.148
44206.633
44337.352
43674.965
43411.082
43277.965
43207.816
42370.965
42516.551
42718.102
42701.418
43077.035
43099.484
43544.168
43413.75
43573.965
43305.484
43592.633
43198.684
42937.301
42376.148
43002.5
43090.816
42271.434
43196.285
42746.699
43125.617
43297.832
42807.75
43063.035
42668.883
41783.633
41374.285
41847.832
41575.082
41259.5
41767.285
41753.367
42845.148
42550.633
43282.215
43399.434
43124.148
43007.633
43404.285
43740.566
43181.617
42625.699
42383.883
42353.301
41819.215
41649.832
41577.352
42156.898
42231.484
42138.301
42127.352
42775.168
42829.148
42383.5
42174.551
42143.5
41693.215
40994.102
40515.551
40532.102
40502.816
40122.699
40521.949
40802.168
41412.883
41659.832
41770.883
42077.035
42334.215
42732.832
42672.883
42775.965
42531.016
42387.898
42947.352
42289.168
42700.684
42403.832
41994.949
42555.168
42520.484
42604.301
42237.215
42072.832
41958.418
41980.168
41346.551
41564.234
41273.484
41071.766
41370.949
41037.633
40824.148
40834.965
40649.684
41424.168
41728.148
40891.633
41082.75
41664.434
41544.418
41420.699
41971.617
41429.301
41076.684
41025.832
40237.949
40712.367
39902.551
40090.301
39928.148
39898.301
40412.148
40183.367
40616.215
40495.766
40416.551
40807.102
40748.148
41090.965
41020.484
40550.633
40581.082
40816.035
41001.551
40126.434
40526.684
40704.766
40717.082
40131.5
40644.684
41244.367
40858.148
40579.434
41416.617
41507.633
41411.215
41107.566
40651.949
41233.367
40730.816
41002.766
40910.949
40661.367
40842.016
40759.168
40478.082
40863.301
40568.883
39886.832
40111.352
40356.5
40098.75
39448.898
39521.949
39238.633
39073.551
38875.633
38477.617
39123.965
39128.082
38710.234
39740.949
39615.301
39880.75
39851.566
39559.484
40075.367
39852.215
39488.035
38985.816
39424.234
39560.883
38779.566
37932.816
37209.566
36476.75
35880.566
35173.551
34823.699
34205.684
33726.766
34922.75
35530.633
35542.617
36229.699
36883.082
38168.699
37855.617
38318.168
38155.285
38059.301
38269.684
37774.035
37601.016
37769.434
37735.617
37367.035
37442.285
37551.234
37773.016
37552.234
37274.816
37716.035
37451.082
37497.633
37333.684
37730.367
37725.484
37359.367
37884.75
37715.035
37527.418
37104.566
36823.352
36811.367
36750.352
36762.168
36862.75
36699.434
37041.684
37135.234
36875.816
37127.434
37618.082
37281.102
37012.215
37326.898
37460.352
37323.367
37490.883
37408.035
36895.352
36730.965
36665.949
36852.832
36712.617
35947.301
36386.551
36207.168
36475.684
36308.766
36150.418
36245.766
36421.016
36690.168
36232.75
36422.832
36760.75
36071.102
36435.285
36339.566
36321.484
35733.168
35831.883
35765.766
35772.883
35826.102
35734.551
35667.434
35707.551
35103.168
35368.949
35178.965
35450.484
34945.633
35324.551
35926.367
35573.215
36074.367
35995.484
35846.234
36335.551
36084.898
36110.684
36158.633
35984.684
36258.367
36066.484
36225.367
35952.148
36241.633
35983.285
36392.566
35744.418
35885.965
35615.285
35858.566
36030.082
35535.102
35372.285
35498.434
35471.285
35454.766
35543.949
35623.5
35737.949
35687.035
35611.883
35505.898
35133.551
34717.832
34619.016
34885.5
34324.484
34011.168
34169.684
34577.168
34477.016
34039.234
34108.617
34425.5
34260.418
33940.434
33668.352
33965.832
33735.75
33354.898
32887.75
33217.898
33319.75
33282.102
33615.215
33484.633
33510.75
32911.301
33128.883
32719.367
32600.217
31845.232
31676.482
31737.5
31267.084
31275.768
30558.75
30942.633
30588.15
29967.232
29247.018
29053.834
29183.816
29035.166
28355.482
28643.699
28575.482
28889.699
28931.283
29582.834
29979.084
30786.232
31575.416
31729.9
31873.35
31925.434
32176.883
31984.166
31613.283
31677.699
31409.75
31733.166
31447.15
31817.1
31919.15
32230.434
32158.949
32381.166
32324.75
32735.967
32606.684
32342.301
32674.018
32941.301
32746.949
32374.434
32154.75
32463.301
32379.35
32134.768
32072.482
32219.768
32254.883
32650.967
31823.35
32361.834
32320.551
32402.9
32255.018
32447.166
32220.084
31791.232
31799.551
31937.166
32151.551
31436.434
31358.883
31571.768
31303.75
31174.301
31413.416
31494.1
31214.482
31108.967
30834.551
30789.633
30802.416
30911.033
30870.75
30859.434
30778.416
30781.633
30680.684
30528.166
30506.75
30338.566
29752.416
30184.699
29742.684
29855.566
29823.416
29957.367
29728.482
29890.834
29838.883
29821.434
30190.816
29934.633
30266.75
30141.1
30388.482
30112.301
29518.482
29621.1
29304.35
29135.9
29320.551
29148.367
29161.816
29249.633
29204.35
29641.232
30184.15
29690.566
30278.816
30400.967
30129.883
30312.232
29964.018
30160.9
30339.15
30520.566
30707.684
30757.699
31187.75
31114.301
31486.883
31866.633
32195.482
31617.834
31488.217
31832.434
32407.816
32255.768
32746.75
32932.032999999996
33378.082
33183.367
33305.949
33172.633
32897.684
32086.1
31041.084
30495.9
30191.551
29863.1
29553.482
29321.967
29369.617
29227.633
29170.75
29377.9
29266.35
29276.033
29246.617
29628.434
29363.551
29203.834
28868.551
28850.9
29108.949
28644.434
28957.018
28848.768
29079.684
29031.967
29153.551
29218.166
29484.684
29040.033
29256.75
29614.699
29401.283
28803.566
29190.883
29574.301
29343.416
28949.232
29219.217
29476.434
28886.75
29320.9
28606.217
28989.367
28647.816
28457.434
28532.684
28422.367
28471.617
28216.699
27712.551
28370.367
28509.883
28132.566
28160.283
28311.1
28128.482
28512.434
27917.35
28139.1
28208.816
28330.033
28364.018
28468.166
28182.018
28335.566
28455.551
28716.232
28295.35
27865.5
27895.217
28175.9
28288.018
28000.699
28166.684
27980.967
28171.617
27918.768
27942.551
27983.301
27937.018
27513.566
27267.416
27937.633
27679.883
27181.367
27102.217
27568.768
27178.949
27178.166
27233.35
27488.301
27182.617
26213.301
27003.883
27471.967
27030.949
26994.768
26605.684
26838.232
26915.883
27215.566
27138.416
27033.232
26716.482
26780.9
26803.684
26196.5
26037.15
25432.967
25775.283
25252.232
25696.416
25286.232
25344.084
26651.232
26468.35
26393.232
27060.15
26880.367
26963.283
26495.434
26226.084
26066.699
26101.816
25773.166
25884.283
25957.967
25974.084
25612.566
25891.283
26543.699
26110.482
25533.033
25858.816
26133.301
26229.15
25874.1
26009.15
26120.768
25751.482
25409.5
25042.018
25470.5
25018.15
24960.301
24528.217
24518.367
24552.217
23854.967
23358.883
23237.967
21763.75
20953.301
20145.283
20249.434
20293.816
20349.166
20602.482
21488.367
22410.482
22938.967
22956.684
23207.301
23805.084
24327.1
24250.949
23910.967
24391.15
24288.967
24390.551
24425.367
24016.283
23691.566
23567.35
24081.834
23877.482
23463.566
24169.75
24016.967
24228.084
24345.033
24244.084
24386.033
24320.75
24085.9
24181.283
24281.033
24519.551
24064.232
24029.551
24453.033
24498.482
24402.434
24435.217
24613.301
24611.617
24470.166
23996.35
24411.834
24390.35
24056.967
23828.816
24089.9
24238.482
24051.033
23603.018
23845.367
24149.617
23531.033
24207.684
24361.967
24294.883
24772.633
24454.283
24531.834
24504.217
24307.367
24470.816
24363.301
24317.949
23940.434
24013.018
24027.699
24086.217
23993.1
24128.217
24308.9
24339.084
24047.9
23806.084
24073.5
23972.883
24159.967
23710.75
24251.633
24058.018
24257.834
24267.416
24368.301
24291.416
23810.633
23545.018
24095.967
23957.684
24142.301
23703.75
23552.566
23711.35
23559.033
23961.217
23681.166
23664.35
23107.699
23140.018
23268.367
23521.816
22639.768
22906.084
23138.633
23134.15
22844.633
22727.617
23145.633
23082.949
22894.5
23054.217
23114.5
23320.551
22565.367
22790.283
23277.5
23335.283
22973.434
22818.617
22914.967
23106.816
22745.566
22740.416
22881.5
22817.018
22222.232
22507.551
22540.434
22372.617
22319.367
22427.75
22131.232
22888.617
22236.566
22141.217
22219.768
22239.816
22168.566
21598.416
22108.566
22167.551
21840.1
21566.15
22035.166
21931.35
21799.301
21267.416
21866.9
21803.617
21730.834
21750.416
21370.768
21663.684
21521.5
21059.217
21341.301
21159.416
21161.5
20671.018
21076.768
21036.551
20361.9
20001.35
20771.566
20580.883
20416.367
20244.551
20533.434
20437.684
20062.768
19974.75
20641.5
20316.018
20158.967
20011.949
20511.166
20025.617
19863.5
19723.883
20390.232
20152.283
19896.166
19838.75
20052.1
19733.684
19338.633
19022.018
19482.5
19583.018
19496.566
19768.018
19925.232
19793.283
19222.566
19848.283
19631.367
19536.551
19492.367
19422.084
19276.232
19505.416
18901.768
18732.551
17898.699
16955.217
16050.967
15139.55
14541.833
14301.283
14255.967
14300.55
15357.566
16014.483
16370.1
16924.084
17280.5
17326.283
17475.166
17363.883
17435.5
16872.949
16821.301
16112.815999999999
17168.301
17113.018
16949.232
16903.217
17339.5
17598.482
17759.1
17464.084
17921.1
18218.684
17885.033
17945.949
18351.5
18370.551
18400.1
18571.416
18698.699
18710.684
18468.768
18154.816
19057.166
18828.75
18828.301
18382.416
19088.1
19202.416
19000.633
19209.482
19157.434
18766.018
18928.033
18616.15
19174.301
19090.416
18976.5
18879.35
18933.834
19185.084
18749.633
19307.416
19258.768
19314.416
19293.033
18891.617
19591.633
19555.217
19152.699
19336.084
20051.166
19784.217
19561.033
20067.35
20258.9
19883.684
19634.367
19739.15
19390.9
19561.416
19043.166
19216.617
19530.5
19441.416
19442.301
19900.617
19540.166
19650.816
19019.699
18879.018
19784.834
19591.816
19424.633
19589.684
19415.699
19518.684
19571.434
19280.684
19299.367
19329.084
19271.033
19196.617
19385.033
19050.217
19101.1
18996.35
19353.1
19101.283
19240.232
19169.35
19601.967
19162.617
19193.967
19147.217
19368.301
19662.551
19668.699
19528.084
19464.633
19325.35
19230.1
19458.35
19573.232
19701.816
19741.232
19324.883
19970.5
19810.75
19753.633
19276.482
19813.967
19727.416
19498.9
19376.416
19483.834
19611.416
19767.033
19645.949
19726.967
19442.684
19502.434
19740.15
19407.5
19564.15
19453.1
19316.551
19418.301
19538.084
19276.367
19197.416
19289.768
19612.551
18598.768
19368.35
19408.967
19334.35
18595.566
19031.084
19328.967
19436.018
19241.768
19336.482
19275.834
19442.551
19149.633
19001.684
19406.301
19127.883
19213.699
18872.018
19113.166
19179.084
18849.834
18736.684
19095.967
18622.416
18664.967
18493.551
18872.566
18690.75
18384.1
18667.482
18642.1
18332.617
18534.301
18671.949
18488.633
18453.416
18228.967
18249.084
18531.1
18247.551
18345.367
17976.551
18061.834
18069.084
18005.566
18069.949
17885.9
17806.283
17737.633
17712.084
17982.367
17907.551
17845.1
16922.684
17189.5
17078.551
16901.5
16263.75
16164.1
16198.15
15779.7
15169.15
15683.9
15538.884
14721.5
15110.95
14987.167
14588.75
14746.566
14185.217
14303.967
14144.483
13864.5
13994.083
14240.566
14087.884
14276.033
13034.75
13779.967
13879.417
13426.1
13726.616
13959.967
14083.75
13792.7
14226.083
14484.1
14561.816
14757.033
15170.217
15158.167
14972.483
15118.434
14877.417
14836.566
15048.55
15014.767
14450.75
14904.1
14736.35
14395.233
13733.217
14108.634
13888.217
13536.566
13449.75
13265.3
13372.483
13209.434
13083.884
13517.167
13474.083
13300.233
13320.95
13462.9
13323.417
13203.9
13110.884
13527.366
13326.884
13018.7
13466.483
13850.233
13617.417
13344.9
13513.283
13432.167
13514.483
13453.634
13323.283
13405.167
13119.75
12535.3
13107.884
12961.233
13121.017
13278.9
12789.083
13311.5
13181.55
12421.434
12738.616
12951.5
12763.884
12821.1
13103.217
13218.1
13194.55
13385.9
13325.15
13444.233
13255.816
13237.634
12932.017
13171.767
13243.017
12969.5
12986.283
13259.967
13196.75
12904.167
13399.616
13491.1
13580.684
13158.967
13411.75
13550.366
13499.95
13735.967
12994.483
13523.634
13411.616
13603.434
13191.55
13861.033
13592.35
13793.434
13366.884
13906.233
13841.95
13526.1
13309.816
13540.7
13293.616
13229.167
13450.816
13366.767
13221.55
12895.833
12836.95
13106.5
13263.55
13107.9
13291.083
13234.9
13073.15
12873.233
13097.616
13195.5
13046.616
13339.366
12741.816
13044.634
13314.684
13257.9
12980.017
13002.634
12564.75
12264.033
12727.35
12626.233
12699.816
11874.5
12413.417
12715.5
12602.95
12281.033
12632.35
12848.1
12468.217
12584.233
12440.55
12672.566
12331.75
12055.566
12042.15
12370.434
12305.083
11856.5
12189.55
12126.366
12265.55
12094.7
12186.417
12255.5
12106.35
11894.434
12121.35
12291.434
12178.884
12068.9
12398.217
12108.033
12207.684
12139.967
11920.35
12099.833
12062.75
11897.366
11776.017
11815.634
11897.283
11589.833
11488.816
12003.967
11987.283
11688.3
11759.15
11987.566
11991.15
11546.033
11611.95
11821.634
11578.417
11387.033
11810.816
11763.167
11529.217
11770.434
11554.017
11613.366
11570.417
11233.967
10904.95
11600.566
11252.884
11480.033
11299.75
11376.167
11161.884
11128.167
10967.15
11324.434
11195.017
11095.634
10842.816
11095.833
11142.15
10955.3
10910.417
11183.1
11179.483
10634.634
10822.55
11100.5
11071.616
10356.233
10524.75
10941.5
10930.35
10801.9
10478.616
11038.033
10891.884
10817.767
10576.884
10713.167
10573.083
10419.9
10603.217
10725.767
10554.884
10362.167
10410.95
10866.434
10878.75
10626.9
10349.15
10431.3
10578.55
10414.434
10233.483
10559.5
10451.884
10455.967
10133.816
10275.566
10401.616
10359.434
10172.483
10372.833
10179.217
10608.434
9883.417
10325.967
10239.283
10018.434
9595.15
10302.767
10268.483
10274.967
9958.15
10055.767
9908.217
10030.033
10150.75
10411.833
9608.017
9895.434
9665.75
9900.566
9273.017
8745.233
7953.883
7592.367
6617.55
5668.167
4933.883
4156.7
3317.55
2875.567
2155.483
2430.233
2308.283
2027.5
2227.883
3152.567
3405.483
3473.5
4542.417
5162.767
5537.083
5883.033
5251.617
5999.5
5578.217
5380.3
4945.283
4671.567
4721.15
4420.433
4175.95
4587.567
4672.35
4644.367
4453.083
5219.967
5017.083
5098.033
5769.417
5830.567
6095.683
5816.367
6357.683
6551.5
6563.417
6628.967
6926.817
7242.7
7311.017
6879.7
7164.883
7753.833
7820.083
7429.967
7963.217
8246.832999999999
8382.483
8329.1
8369.35
8874.366
8838.017
8257.634
8403.75
9112.967
9226.95
9032.167
8790.017
9313.967
9143.017
8956.9
8948.884
9464.833
9253.816
8380.566
9266.083
9406.233
9514.816
9176.767
8928.35
9450.1
9390.75
9209.3
9122.95
9278.767
9393.816
8945.033
8813.884
9732.833
9284.75
9121.7
9119.884
9449.9
9329.95
9185.767
9188.616
9386.7
9353.217
9165.9
9161.75
9470.366
9423.616
9280.767
9188.884
9488.366
9436.684
8880.167
9086.684
9379.3
9310.417
8954.767
8885.017
9259.033
9155.217
9178.233
8916.35
9188.833
9325.083
9040.1
8554.75
9346.833
9248.483
9221.9
9069.417
9533.5
9296.417
9113.9
8886.35
9366.833
9130.283
8704.967
8570.15
9209.033
9109.75
9106.9
8528.217
9253.967
9125.616
8977.833
9044.283
9243.3
9182.35
8967.7
8926.55
9450.5
9249.483
8382.1
8749.95
9333.566
9094.684
9088.033
8918.217
9300.3
9202.417
8747.7
8537.75
9104.366
8972.816
8938.434
8833.75
9144.634
9124.75
8975.767
8505.217
9181.767
9110.35
8784.833
8463.217
9030.366
9177.816
8849.634
8779.417
9103.9
8722.884
8694.5
8817.15
8842.167
8751.083
8617.967
8430.816
8983.566
8844.217
8471.233
8406.217
8848.3
8957.217
8291.5
8381.017
8855.7
8786.283
8793.566
8568.483
8775.167
8707.55
8623.767
8336.816
8958.167
8716.884
8413.7
8394.483
8780.566
8691.816
8523.366
8004.0830000000005
8643.366
8594.283
8458.1
7943.95
8732.7
8530.617
8022.633
8464.217
8545.1
8461.55
8004.1
8120.283
8285.633
8402.483
8155.9
8126.817
8385.033
8178.417
8169.9
7945.417
8225.5
8273.017
7771.5
7745.617
8254.233
8211.55
7915.367
7876.283
7912.367
8107.35
7628.167
7813.083
7880.633
7913.15
7727.1
7500.083
8039.9
7932.017
7533.033
7207.217
7750.033
7964.017
7728.233
7451.883
7780.5
7765.15
7056.233
7504.483
7894.1
7525.15
7364.5
7432.283
7654.033
7706.55
7308.233
7166.883
7586.833
7687.683
7516.7
7420.817
7712.7
7513.55
7232.367
6983.75
7598.7
7401.817
7686.567
7153.55
7632.9
7581.217
7068.1
7117.617
7587.233
7436.683
7202.433
7285.683
7567.567
7494.617
7083.033
7020.483
7625.7
7349.35
7233.233
7269.683
7504.9
7319.017
6919.233
6814.683
7184.233
7118.683
6616.967
6732.283
7213.833
7067.683
7218.567
6874.483
7236.3
7065.15
7303.567
6932.617
7130.7
7052.217
6702.033
6689.083
7156.5
7025.15
6547.433
6023.55
6975.633
7007.617
6528.367
6756.817
6985.1
6768.55
6628.833
6599.083
6939.433
6726.683
6572.233
6213.95
6760.1
6847.75
6118.1
6295.75
6846.1
6639.017
6395.1
6165.083
6763.233
6747.15
6647.7
6225.217
6794.367
6743.817
6661.367
6553.417
6748.633
6606.617
5352.367
5848.617
6628.9
6696.55
6321.167
6067.083
6558.833
6709.417
6036.433
6047.35
6456.633
6437.15
5963.567
6008.883
6496.233
6474.217
5813.9
5796.217
6351.9
6303.683
6030.367
6044.617
6270.033
6187.55
5761.7
6157.483
6256.5
6265.083
5745.567
5976.017
6366.7
6131.683
5659.1
5568.883
6154.7
6184.15
6023.5
5474.417
6234.5
6117.483
5425.1
5538.683
