280.5
77.3
-133.9
157.3
466.633
140.1
213.9
250.9
247.3
263.967
130.36700000000002
-156.96699999999998
215.433
219.433
35.167
-32.233000000000004
356.633
-3.0330000000000013
64.433
377.367
439.367
199.7
478.633
161.767
285.16700000000003
213.7
232.7
-116.833
209.233
201.767
340.767
32.766999999999996
288.967
203.233
251.167
30.299999999999997
575.633
478.433
92.3
-51.233000000000004
253.233
132.767
-6.099999999999994
198.1
212.1
238.433
151.233
249.167
222.767
248.3
-26.5
49.3
622.033
291.5
-1.433000000000007
-261.3
439.1
452.3
41.900000000000006
55.632999999999996
389.3
449.233
399.767
232.233
433.967
379.033
165.36700000000002
331.567
399.7
405.233
341.433
-134.7
455.767
294.16700000000003
46.900000000000006
83.5
395.1
196.63299999999998
143.7
82.233
310.033
505.633
203.833
71.167
243.433
350.9
46.766999999999996
16.833
248.96699999999998
214.433
508.033
9.832999999999998
187.7
223.433
347.967
-51.900000000000006
205.433
262.033
203.233
106.633
425.7
369.567
-216.9
30.033
407.433
313.83299999999997
227.833
217.167
479.5
297.033
8.233000000000004
283.5
105.1
335.567
265.83299999999997
287.5
419.233
297.233
564.433
-223.3
329.83299999999997
390.767
122.167
373.633
399.83299999999997
469.767
270.7
112.367
354.033
253.63299999999998
-47.7
120.967
345.9
314.9
141.03300000000002
11.632999999999996
419.3
453.367
69.7
-233.63299999999998
358.16700000000003
336.033
89.1
149.5
282.1
429.433
351.233
45.167
306.9
337.7
-284.9
-141.1
317.7
224.433
173.167
6.099999999999994
334.967
276.433
57.099999999999994
227.5
416.16700000000003
300.3
266.567
-106.833
460.033
421.767
448.433
158.233
506.16700000000003
289.033
169.36700000000002
346.1
419.3
85.7
380.433
-167.833
141.7
235.96699999999998
11.233000000000004
374.9
603.1
430.9
173.7
-77.367
511.233
156.96699999999998
479.7
28.167
398.9
367.633
332.767
402.967
531.9
360.1
440.1
323.433
343.3
235.7
399.033
-343.83299999999997
400.367
361.233
186.63299999999998
150.1
146.233
324.967
486.3
189.9
258.567
311.433
123.767
-198.03300000000002
275.633
395.767
479.1
196.9
403.1
316.767
49.43300000000001
-311.967
461.567
245.63299999999998
-54.43300000000001
21.5
270.367
192.63299999999998
-1032.233
-95.3
126.233
276.16700000000003
249.233
-53.967
583.767
413.033
267.367
77.1
265.7
231.96699999999998
-107.367
439.967
542.7
292.367
-183.9
44.632999999999996
324.5
329.433
-102.567
358.83299999999997
393.367
268.367
403.1
355.1
335.433
417.9
252.5
185.5
383.433
258.567
420.233
32.099999999999994
412.3
447.3
350.1
-65.767
234.03300000000002
327.767
79.5
-284.16700000000003
380.233
352.83299999999997
263.367
-111.5
356.5
344.83299999999997
221.5
83.833
374.5
362.16700000000003
-150.3
213.96699999999998
341.767
70.767
-146.03300000000002
161.567
263.967
214.1
333.233
176.433
267.033
529.167
101.567
180.1
389.16700000000003
533.033
399.233
166.03300000000002
213.833
282.767
100.433
511.367
360.633
213.3
-150.7
111.433
211.7
294.633
271.367
-10.5
541.567
565.1
30.099999999999994
295.433
370.16700000000003
350.5
227.63299999999998
107.167
342.767
389.1
82.433
122.567
289.83299999999997
321.567
179.5
292.5
473.5
442.16700000000003
398.033
107.7
557.5
167.167
387.9
-146.1
361.9
177.5
-104.1
280.3
327.3
184.167
529.833
378.033
378.3
255.433
624.767
70.767
366.16700000000003
272.5
-52.96700000000001
258.16700000000003
634.1
401.233
534.1
-60.233000000000004
422.7
346.033
370.16700000000003
175.833
323.967
507.567
-74.43299999999999
204.367
582.833
306.5
107.43299999999999
146.033
321.7
336.83299999999997
493.967
158.1
624.7
534.5
671.5
429.567
681.767
477.1
205.167
300.433
338.3
559.833
736.3
160.167
673.233
547.1
497.63300000000004
637.633
577.1
462.433
314.16700000000003
607.033
452.167
715.633
64.69999999999999
244.63299999999998
510.167
493.233
511.3
356.967
848.367
509.033
672.1669999999999
495.5
649.767
597.7
634.567
266.567
966.767
419.3
536.567
469.3
819.1669999999999
491.167
658.233
547.1669999999999
546.5
808.433
724.1
609.1669999999999
552.767
809.433
573.433
388.433
901.033
686.767
576.233
519.1669999999999
508.833
610.7
733.1669999999999
602.9
825.367
712.233
497.833
436.433
597.233
708.567
590.5
471.70000000000005
833.1
392.16700000000003
674.7
392.633
606.633
503.767
676.1669999999999
765.1
643.1
387.3
705.7
892.033
373.033
797.5
643.1669999999999
699.033
713.367
688.833
530.367
893.3
1083.5
583.633
590.167
1183.433
811.033
1036.967
397.36699999999996
580.833
1057.633
886.3
1011.633
1075.5
612.833
573.233
704.967
664.167
1221.9
1038.9
511.5
973.9
866.167
1092.767
1128.167
946.3
859.433
1208.767
485.033
755.167
876.9
1048.633
1371.1
1306.833
1235.7
1172.1
978.5
1072.967
1096.033
994.9
632.767
841.3
1201.233
1013.9
1282.5
838.5
1335.967
1233.433
1341.967
1148.967
1313.3
1234.1
819.367
1283.633
1148.7
1045.833
995.0329999999999
1120.633
1109.233
1224.967
1123.633
894.167
1247.9
994.5
985.8330000000001
838.5
1311.033
1207.033
1154.967
1226.433
1337.033
1069.5
1070.967
969.1669999999999
1247.033
1275.433
1148.767
906.7
1407.9
1131.167
1184.367
1163.767
1297.1
1179.3
672.3
1105.5
1183.967
1247.1
1277.367
1457.3
1587.033
1370.5
1416.033
1388.5
1510.5
1581.033
1422.3
1501.767
1469.3
1466.7
1639.5
1483.1
1890.833
1355.1
945.633
1211.767
1420.233
1699.433
1410.633
1517.633
1882.567
1679.3
1588.367
1511.233
1739.367
1798.9
1823.833
1545.167
1901.767
1605.1
1491.233
1392.3
1444.633
1386.3
1700.567
1041.7
1449.367
1551.033
1788.167
1403.7
1732.7
1626.033
1816.033
1634.967
1711.033
1782.033
1758.833
1671.367
1986.233
1542.3
2081.5
1819.167
1865.967
1790.7
1679.3
1880.833
2117.233
1492.633
1611.1
1904.367
2141.167
1873.233
1952.633
1712.433
1768.833
1666.567
1751.7
1882.767
1842.1
2138.3
2401.033
1668.767
2240.367
2221.033
2104.567
2028.1
2075.633
1952.967
1897.167
2219.7
2146.633
1952.567
1747.433
1882.1
1811.9
1779.767
2120.5
1989.033
2145.967
2344.233
2146.367
2277.7
2497.233
2231.9
2555.1
2389.967
2715.167
2467.7
2315.233
2555.833
2566.433
2462.367
2290.633
2429.633
2251.9
2339.967
2222.633
2401.9
2380.233
2185.567
1867.7
2150.3
2093.033
2101.567
1922.767
1863.033
2125.967
1888.833
1818.567
1533.367
2171.967
1734.633
2078.7
2071.9
2238.833
2702.033
2474.567
2740.7
2588.1
2757.967
2892.233
2519.9
2700.967
2674.767
2400.7
2328.233
2620.5
2461.567
2709.967
2273.5
2555.367
2616.1
2557.7
2729.833
2679.033
2723.233
2902.3
2816.767
2885.767
2887.7
2798.033
2532.233
2855.367
2893.1
2747.633
2986.9
3056.233
2932.567
2819.233
2541.767
3047.033
2920.3
3231.233
3495.7
3543.233
3921.1
3891.967
3740.9
3670.433
3614.5
3730.5
3326.167
3888.167
3582.567
3741.567
3658.7
3904.233
3393.167
3564.233
3704.5
3560.767
3616.967
3408.7
3115.767
3717.967
3797.433
3676.167
3847.967
4011.367
3985.7
3866.633
3651.433
3998.167
3946.633
3433.633
3649.567
3623.7
3840.167
3708.633
3949.033
4123.433
3878.7
3752.3
3215.167
3516.5
3618.833
3674.367
3387.633
3795.033
3476.567
3527.967
3324.367
3277.367
3227.833
3137.5
3215.367
3240.567
3353.567
3128.767
3276.767
3042.633
3210.833
3326.7
3416.767
3718.967
3876.033
3970.1
4165.367
3959.233
4030.1
3606.7
4120.3
3899.1
3897.633
4438.567
4125.033
4821.367
4828.167
4723.7
4943.433
5520.5
5001.9
5151.9
4605.433
4793.833
4697.833
4325.167
4087.5
4166.367
4016.567
3812.833
3903.967
4411.567
4006.3
4318.433
4347.433
4829.167
4804.967
4948.9
4719.833
4532.7
4398.167
4062.5
3923.633
4023.1
3634.567
3493.967
3369.1
3434.767
3380.5
2786.567
3129.167
3153.167
2793.233
2487.567
3250.233
3289.233
3404.7
3724.1
3447.833
4259.8330000000005
4469.5
4550.367
4385.1
4482.5
4275.367
3925.5
4052.9
4002.033
4175.032999999999
4154.567
3958.967
4549.967000000001
4218.767
4391.767
4279.433
4443.167
4382.433
4309.233
3765.767
4386.033
4225.633
4395.233
4303.7
4221.8330000000005
4247.032999999999
4280.833
4272.567
4973.833
5010.3
4998.567
5249.9
5413.833
5492.9
5474.1
5308.1
5642.7
5387.033
5807.1
5378.833
5857.033
6296.233
5596.167
5828.1
5930.233
5698.167
5691.967
4951.967
4838.5
4308.967
4069.1
3164.167
3025.9
2518.767
2369.1
2376.633
2922.5
3198.433
3537.9
4029.9
4377.7
4579.1
4891.033
5301.833
5606.833
6004.967
5889.233
5867.367
6011.367
5469.3
5353.033
5039.633
4694.7
3934.3
3639.367
3352.233
3327.7
3677.367
3844.367
4374.5
5260.967
5506.967
5731.5
6574.567
6847.567
6923.433
7328.833
7037.7
7770.167
7796.833
8241.033
7905.433
7875.167
8306.567
8048.233
8099.1
8258.5
8082.567
8362.767
8135.9
8831.167
8636.233
8736.833
8510.833
8992.9
8869.5
8712.5
8782.434
9306.1
9112.233
9053.767
8844.033
9022.366
8517.5
8594.366
8794.767
8858.434
9310.033
9067.3
9144.967
9190.767
8902.366
8622.634
8391.167
8625.9
8885.566
9062.767
8947.3
8948.366
8936.9
8906.7
8774.634
8693.5
8681.7
8542.967
8618.233
9104.033
8832.833
9038.167
8738.366
8859.1
9075.9
8856.833
9267.233
9410.767
9403.634
9515.833
9607.1
9687.5
10028.634
10258.5
10090.233
10013.233
9966.3
9286.033
8765.366
8916.434
8845.566
8797.566
8689.033
9008.566
9230.967
9417.233
10042.634
9994.767
10591.5
10514.566
10610.7
10554.634
10961.167
10329.033
10490.634
10908.566
10429.833
10489.434
10699.233
10622.5
10455.434
11057.767
10560.967
10896.5
10838.566
10761.5
10478.967
10747.833
10590.033
10649.366
10056.767
10702.833
10541.434
10539.566
10134.634
10524.167
10891.833
11095.366
10724.233
11009.634
11122.167
10894.3
10910.233
10804.767
9808.3
10278.3
10319.033
10409.5
9900.634
10529.634
10320.634
10418.9
10137.767
10113.434
10499.033
10606.033
10556.7
10647.233
10389.566
10119.566
10121.634
9514.5
9778.566
10496.566
10289.3
10435.167
10778.967
11136.434
11185.233
11411.7
11027.366
11156.5
11302.767
11216.9
10769.634
10584.566
10097.7
10261.167
9511.566
10179.1
10401.967
10065.9
10073.767
10892.3
10854.967
10305.1
10374.767
11195.033
11394.566
11066.566
10900.967
11014.3
11110.167
10846.366
10738.5
10991.767
10824.1
11071.7
11382.167
11088.9
11355.634
11623.7
10718.634
11013.1
10846.167
10462.566
10770.833
10016.434
10303.366
10319.3
11302.366
11198.167
11025.5
11031.767
10583.167
10834.167
10843.634
11153.9
10845.833
10593.767
10059.5
9871.967
9563.634
9182.167
9103.566
8480.033
8308.167000000001
8350.233
8313.033
8848.767
9260.3
10218.967
10824.9
11963.767
12157.566
13189.434
12350.7
11797.167
12274.167
12136.233
11963.7
12727.634
12857.5
13058.167
12892.634
12768.1
12119.7
11624.033
11327.1
11550.167
11472.3
12761.3
12214.033
12828.033
12896.634
13225.833
13274.233
12911.233
13644.833
13880.967
14491.9
14360.767
14554.1
14784.1
15194.033
14097.5
14337.167
13722.233
14048.634
14026.3
14468.967
13866.033
13661.967
13199.3
12981.033
13243.233
12940.033
12021.833
12930.3
12779.967
13623.9
13785.434
13824.634
14747.3
14348.167
13980.233
14284.7
14363.634
14123.566
14105.566
14310.7
14763.366
15223.566
15294.033
14956.167
15086.7
16733.967
15467.233
15527.967
15781.033
15161.1
15751.7
15749.767
16377.833
15776.767
15203.366
15533.434
15754.033
15661.9
15130.033
15026.233
16131.033
16633.033
16239.233
15580.767
15937.967
15683.3
15583.434
14695.634
15647.3
15517.167
15095.9
14450.634
15086.767
15378.634
15354.167
14928.967
16011.233
16016.833
15815.1
16179.233
16359.566
17086.834
16363.1
16091.833
16725.634
16301.833
16639.301
15707.167
16083.566
16832.033
16382.768
16552.3
16587.633
16145.3
16358.1
16807.9
17519.633
17212.699
17191.633
17391.768
17187.166
17634.434
18128.1
17662.5
17616.5
17185.301
17207.1
16696.166
17128.566
16742.834
17103.166
16434.5
15996.1
16238.167
16157.767
15826.767
16421.366
15971.1
16092.366
16219.7
16179.9
16308.1
16174.233
16723.967
17203.633
17585.699
16708.3
16822.367
16845.566
16256.434
17165.1
16766.967
17337.967
17343.967
17712.9
17727.166
17887.967
18153.9
17549.834
17119.166
18821.301
18155.033
18091.768
18343.699
18588.5
17325.434
18084.166
17314.633
18338.232
18026.033
17306.768
17880.232
18386.232
18138.434
18226.633
19248.9
18613.434
17992.699
17779.699
17556.166
17424.834
18050.566
18774.633
18682.566
19327.566
19490.1
19897.367
19381.301
19476.5
19836.633
19623.768
19633.9
19633.166
19761.033
20173.633
19780.232
20516.768
20237.033
20390.768
20840.699
20689.699
20682.5
20140.967
20286.033
20616.699
20159.9
20042.434
19878.967
20545.166
20235.566
21364.967
20556.633
20187.967
20705.232
20873.232
21615.434
21744.1
21818.699
21209.633
21419.633
20919.166
21051.033
20843.1
21273.166
21478.301
23380.367
21590.232
22531.699
22913.367
23076.1
22557.566
23935.834
23325.967
23667.633
24501.1
25205.699
23967.967
24570.033
23984.1
24243.367
26044.9
24383.1
24575.434
23751.834
23646.1
23816.1
24511.633
24411.033
24897.166
25677.566
25148.699
25970.5
26672.367
27383.301
27395.9
27605.768
28406.033
29119.434
28434.434
27004.633
27893.768
28044.434
27297.301
27910.967
28526.232
28592.232
28354.367
28889.768
29524.5
28771.1
30408.5
31098.967
30688.967
30047.301
31184.367
31016.633
31133.699
30802.633
31210.434
31352.301
31104.434
31182.367
30778.1
31093.699
31994.834
32850.834
33213.965
33580.5
35059.566
35341.102
34707.367
35419.5
35522.035
35280.434
35260.434
34253.234
35260.633
34435.301
34330.434
36069.234
36707.5
37002.035
37102.234
37267.766
38097.965
37157.898
37458.898
36861.965
37182.898
37485.566
36903.633
37681.566
38441.832
38775.832
38993.566
39193.633
39651.301
39675.035
39065.898
39373.566
39209.234
39330.168
38679.832
39272.234
39397.633
39617.633
40036.168
39597.367
39368.898
39535.566
39643.5
39727.102
39784.234
40093.367
39821.766
40039.832
40232.168
39987.5
38801.965
38195.301
36385.766
34864.168
33850.434
33464.699
33396.234
33948.965
33933.234
35374.898
37111.699
37722.234
38406.102
38573.5
38843.234
39803.367
40901.898
40505.301
41178.898
41196.766
40827.832
39950.633
39609.234
39969.234
40583.832
40883.699
41421.699
42104.898
43038.898
43666.699
43799.766
43846.699
43091.699
42883.301
42410.434
42738.699
42811.301
42810.766
42732.566
41981.434
41522.965
41335.965
40731.965
40787.168
41130.898
40921.168
42452.035
42711.766
43094.102
43772.566
44028.898
43045.301
43293.566
42840.301
42867.102
43253.832
43638.102
44117.699
45223.699
45052.301
45749.301
45126.434
45114.898
44657.965
43914.234
44075.035
44010.699
44136.168
43935.234
44271.234
44894.301
45196.766
44709.434
44822.5
45945.832
45418.566
45758.633
45040.035
45664.5
45041.699
44067.168
43511.633
43097.5
43058.301
43293.832
43658.102
44124.434
45419.102
45112.965
45970.898
45393.766
45435.168
45223.035
44665.102
44345.102
43854.434
43197.168
43321.367
43313.965
43086.5
43314.5
43236.566
42952.566
43090.434
42931.699
43063.566
43552.566
44092.102
44056.234
44576.301
45339.367
45590.301
45506.898
45922.832
45651.965
45563.633
44730.766
44254.766
43713.766
44069.168
44479.766
44166.832
45050.898
45408.898
46097.434
46357.102
46377.832
46244.168
47207.633
47543.035
48161.367
48329.898
47926.699
47724.434
47506.168
47397.367
46678.965
46424.102
46622.898
46556.301
46251.766
46168.301
45158.832
45768.898
45418.832
45866.965
45676.566
46618.102
47259.168
47890.766
48339.766
48680.434
47568.102
47652.699
47070.035
47165.035
47484.898
47157.234
47137.898
46763.234
47129.832
47500.168
47610.035
47839.102
47904.766
48362.633
48892.367
49743.898
48951.434
48744.5
48015.5
47992.234
47180.898
47140.5
47083.766
46782.434
47533.832
47630.234
45757.766
46976.566
46849.5
46457.301
46700.168
46407.301
46296.633
46628.898
47273.633
47594.301
47595.5
47481.766
47671.168
48465.699
48515.035
48838.898
48574.035
47954.633
46404.898
44757.633
43822.5
42151.434
40407.234
39861.965
40544.301
41757.766
44294.566
44955.234
44372.766
44376.766
44617.168
44031.5
44428.633
43825.301
43305.301
44361.102
45688.566
46701.102
46647.699
47082.168
47265.898
47850.367
48685.434
48148.965
48007.5
48083.766
47251.168
47764.434
48268.367
48313.766
48139.035
49057.434
49519.832
49521.102
49568.699
48782.566
48640.5
48272.434
48514.832
48111.5
47438.102
47145.898
46641.965
47785.965
48622.5
49348.699
49084.699
49845.035
50793.168
51109.566
50574.5
50030.566
50428.965
49742.633
49548.766
48909.633
49613.102
50196.5
49661.234
49361.168
48917.035
47764.5
47081.566
45283.566
44026.035
43639.633
43716.965
44159.633
44753.301
46105.699
46342.5
47803.898
48068.234
48136.566
48880.102
49099.035
49576.699
49782.5
50023.035
50443.5
51397.699
50630.699
50210.301
49343.699
49241.301
49054.434
48940.301
48952.633
48988.168
49726.699
50799.566
50895.566
50875.367
50891.5
50701.766
50439.035
50404.234
50455.434
49217.832
48588.234
48147.434
47432.301
46587.766
46012.699
46414.168
46676.102
47231.168
47689.035
48471.168
48516.965
48295.367
48100.832
48329.566
47970.367
47586.168
47745.168
48243.168
48732.965
48938.434
49019.434
49595.102
50187.434
50104.766
50223.699
49922.566
49712.699
49013.699
48178.168
47784.102
46827.035
45788.367
47135.434
47050.965
47397.566
47627.434
48320.633
48388.367
48823.102
48205.168
48310.035
48649.699
48134.699
47983.633
47778.699
47685.5
47298.965
46585.367
46072.102
46238.633
46293.699
45781.5
45133.5
45449.168
45292.832
44971.102
44945.633
45222.434
45542.434
45849.5
46325.965
46540.035
47028.434
46743.832
46583.5
47007.434
46967.367
45640.102
46447.234
45957.766
45985.301
46276.898
45545.566
45697.234
46621.699
46863.832
47231.5
47114.035
47250.832
47185.832
46829.566
47358.832
46812.633
46277.766
46155.035
46525.035
46947.301
47158.168
46396.234
46503.566
46477.566
46038.168
46310.234
46443.301
46344.832
46072.168
46307.367
45959.5
46126.5
45579.035
45267.633
45084.102
45088.699
45299.633
44922.965
45805.898
46080.234
46611.168
45921.633
46138.035
46162.035
46469.699
46295.965
46048.633
46265.434
46193.234
46010.898
45981.102
46030.301
45717.766
45175.301
45568.367
45734.234
45854.832
45806.234
45986.699
46022.832
45949.434
46365.434
46399.234
46665.898
45697.301
45254.699
45513.234
44922.434
45000.566
44733.633
45347.766
45910.434
45780.965
45633.965
45921.633
45835.168
46195.367
46094.566
46025.898
46430.035
46203.832
46171.832
46372.434
46467.367
46340.965
46172.566
45388.766
45618.699
44817.965
45033.699
45114.965
45014.301
44592.965
44739.301
44684.633
44631.566
44680.035
45096.766
44697.566
45346.566
45076.434
44981.699
44422.766
43963.234
43620.301
43730.367
43319.035
43338.367
43091.566
43723.367
43910.367
43904.898
43727.234
43410.832
44473.168
44738.102
45055.633
45171.434
45800.301
45936.035
45202.102
44956.898
44801.633
44739.699
43895.035
44050.5
44268.434
44273.766
44642.5
44588.035
45067.5
45019.5
45080.301
44904.102
45186.434
44781.434
44449.102
43919.766
44548.566
44634.766
43794.102
44708.898
44340.102
44709.566
44880.367
44339.035
44600.898
44205.699
43392.898
42863.965
43342.102
43067.5
42774.035
43257.301
43286.832
44395.5
44073.898
44809.832
44998.5
44659.102
44587.301
44957.367
45326.301
44748.766
44191.168
43926.434
43898.168
43312.5
43145.234
43079.633
43724.633
43797.434
43731.301
43706.168
44299.035
44344.832
44001.035
43696.434
43679.699
43204.898
42542.102
42008.566
42040.633
42003.301
41644.367
41967.699
42305.566
42906.566
43253.367
43350.766
43690.367
43911.633
44274.965
44235.035
44355.301
44141.965
43969.301
44553.965
43884.898
44338.898
44040.898
43594.832
44095.5
44012.234
44207.633
43838.965
43647.832
43601.832
43560.566
42955.035
43110.566
42772.566
42570.633
42925.434
42558.832
42323.633
42305.035
42259.234
43042.035
43350.434
42503.301
42684.434
43215.5
43148.898
43029.168
43516.168
42996.5
42708.168
42461.5
41737.234
42229.766
41402.699
41648.102
41493.5
41418.566
42004.633
41800.5
42117.5
42013.633
41922.5
42344.766
42259.035
42601.234
42587.898
42039.633
42172.898
42293.566
42540.035
41729.566
42005.699
42184.102
42213.035
41629.965
42100.766
42824.699
42425.566
42168.832
42997.766
43048.035
42910.766
42588.699
42193.434
42801.699
42278.633
42474.566
42435.566
42159.5
42327.898
42229.965
41966.367
42364.699
42091.832
41384.5
41545.5
41860.035
41594.234
40962.367
40975.898
40661.633
40534.633
40348.699
39906.301
40510.035
40537.965
40206.234
41229.301
41101.035
41395.234
41288.566
40969.832
41569.766
41327.434
40939.168
40426.699
40926.035
41068.367
40221.699
39428.301
38568.832
37808.301
37217.566
36533.832
36135.699
35480.102
35014.965
36242.234
36902.5
36961.367
37589.566
38307.434
39539.699
39291.234
39745.367
39581.699
39449.168
39683.234
39170.566
39080.5
39216.898
39147.102
38729.434
38847.633
38988.965
39206.102
38980.898
38741.832
39143.566
38897.566
38944.102
38685.5
39165.699
39102.367
38765.102
39349.898
39106.566
38906.566
38511.5
38271.766
38298.035
38158.699
38139.367
38275.102
38058.367
38453.035
38527.832
38313.898
38551.832
39061.102
38740.566
38477.965
38747.234
38908.965
38731.168
38935.566
38799.035
38316.898
38149.898
38066.633
38264.633
38160.434
37395.301
37740.434
37633.102
37892.168
37662.566
37543.633
37659.434
37786.766
38145.898
37611.168
37843.367
38115.965
37522.035
37791.965
37730.234
37690.367
37101.633
37198.633
37156.766
37153.234
37229.035
37082.5
37059.965
37043.301
36415.965
36690.367
36501.234
36814.367
36278.898
36690.168
37278.965
36976.633
37413.234
37429.367
37239.566
37713.035
37490.367
37471.832
37584.102
37440.766
37637.898
37464.699
37588.434
37361.633
37591.699
37408.633
37725.5
37076.965
37192.898
36961.234
37239.234
37365.035
36881.832
36734.566
36804.367
36887.234
36855.699
36947.699
36954.367
37106.367
37024.168
36963.168
36890.832
36541.234
36065.102
35993.766
36190.566
35616.367
35290.898
35438.566
35929.234
35885.832
35374.434
35437.301
35772.434
35582.234
35297.898
34978.234
35284.965
35038.766
34667.234
34161.898
34517.434
34592.766
34593.367
34878.832
34741.566
34737.633
34164.898
34401.633
33966.5
33857.699
33083.699
32891.832
32938.232
32448.834
32425.834
31731.566
32152.768
31750.166
31146.699
30356.367
30222.1
30322.834
30094.5
29494.768
29759.768
29683.9
30015.566
30089.566
30716.434
31113.301
31988.367
32804.699
32903.434
33113.832
33118.434
33348.102
33192.699
32866.434
32952.032999999996
32644.699
32943.367
32663.699
33041.699
33132.367
33434.434
33372.965
33629.633
33581.168
34015.168
33906.898
33580.102
33894.832
34205.434
33949.965
33647.035
33419.434
33773.832
33629.234
33367.898
33347.699
33407.035
33469.367
33870.566
33036.367
33596.898
33598.699
33615.832
33462.367
33747.434
33497.898
33085.766
33098.301
33223.367
33396.035
32663.166
32556.566
32768.032999999996
32498.699
32412.9
32616.232
32729.1
32433.699
32330.834
32017.166
31964.699
32023.967
32107.434
32087.301
31996.699
31930.9
31959.633
31864.367
31735.434
31723.033
31536.967
30955.5
31382.033
30822.967
31020.232
30961.633
31081.1
30885.033
31004.367
30973.834
31013.232
31382.301
31153.166
31499.699
31318.232
31543.9
31252.367
30641.301
30776.5
30522.232
30324.434
30572.967
30362.033
30418.768
30408.834
30418.768
30814.033
31371.834
30903.434
31512.301
31575.566
31356.5
31520.367
31180.9
31415.9
31570.367
31738.967
31947.033
31983.9
32404.9
32338.434
32782.699
33125.234
33461.633
32932.102
32791.168
33149.699
33712.102
33483.367
34064.367
34211.234
34688.965
34448.434
34611.566
34449.168
34187.699
33318.766
32259.367
31661.301
31356.967
31033.367
30789.633
30427.367
30502.434
30348.166
30296.166
30509.367
30436.633
30455.5
30408.967
30788.768
30484.699
30370.5
29978.434
29967.033
30223.699
29752.566
30100.166
29958.834
30199.367
30161.5
30290.301
30370.834
30606.367
30205.9
30387.232
30727.1
30524.768
29914.5
30319.633
30627.967
30470.033
30075.367
30382.367
30662.633
30026.768
30466.967
29761.434
30091.232
29772.566
29513.699
29647.434
29509.232
29562.633
29299.566
28836.434
29544.566
29583.633
29248.5
29232.699
29399.834
29203.699
29590.232
29017.033
29211.9
29279.566
29456.166
29413.9
29559.768
29291.5
29411.033
29570.633
29815.967
29365.033
28945.967
28941.699
29242.9
29415.367
29075.967
29197.232
29061.232
29294.1
29025.1
29062.166
29097.9
29019.566
28561.033
28324.9
28955.566
28742.9
28241.232
28167.033
28640.699
28204.768
28247.434
28319.5
28571.5
28278.834
27255.699
28036.633
28475.5
28111.633
28037.033
27661.232
27866.033
27989.5
28272.834
28217.768
28102.033
27782.232
27844.434
27844.1
27164.1
27001.166
26386.768
26717.967
26203.232
26697.232
26223.566
26373.434
27730.232
27505.9
27434.768
28115.699
27875.5
27948.166
27505.033
27265.566
27093.367
27081.232
26826.633
26822.699
27012.699
27031.367
26612.633
26901.699
27554.699
27077.1
26495.166
26860.9
27107.301
27184.232
26897.834
27014.301
27118.166
26757.033
26447.768
26044.768
26435.9
25963.1
25938.5
25482.232
25443.166
25513.1
24793.566
24292.1
24086.566
22574.9
21739.633
20904.9
20998.9
21036.166
21138.768
21396.367
22291.834
23238.768
23778.699
23851.566
24088.033
24803.301
25266.301
25191.768
24848.033
25346.967
25239.633
25360.367
25385.367
24921.9
24603.232
24489.768
24945.9
24791.9
24407.232
25103.566
24962.232
25143.633
25293.166
25168.033
25293.633
25271.9
25020.301
25096.9
25219.834
25437.232
24973.768
24981.301
25413.633
25509.699
25372.166
25419.5
25573.967
25521.5
25432.699
24892.967
25396.699
25317.301
24948.9
24739.434
24996.9
25178.434
24979.166
24536.1
24810.566
25141.566
24457.699
25166.434
25275.232
25211.1
25738.166
25418.232
25491.434
25475.967
25215.768
25427.633
25307.9
25242.699
24897.1
24979.834
24988.301
25079.1
24962.033
25019.434
25243.301
25284.232
24962.633
24712.5
25020.768
24902.033
25085.834
24627.232
25147.699
25010.768
25189.1
25210.566
25304.033
25255.566
24784.166
24459.5
25030.5
24891.367
25035.967
24660.566
24553.434
24621.9
24520.9
24871.434
24629.566
24628.1
24031.166
24069.834
24117.566
24444.967
23520.5
23814.232
24027.1
24051.434
23782.834
23651.1
24008.9
24065.5
23783.834
23966.232
24011.033
24224.9
23436.434
23627.9
24164.834
24204.9
23846.9
23680.033
23800.699
24042.166
23635.768
23635.768
23754.367
23714.166
23058.699
23397.301
23416.367
23253.633
23159.699
23356.9
22988.9
23775.232
23105.566
22977.967
23115.434
23127.5
23018.9
22424.633
22987.5
22996.5
22673.1
22412.367
22856.834
22759.9
22645.434
22128.699
22657.834
22679.768
22577.967
22613.566
22233.834
22489.166
22322.967
21892.5
22147.1
21972.434
21976.834
21495.834
21880.033
21813.232
21152.166
20804.033
21616.367
21354.834
21180.166
21035.5
21350.434
21256.166
20836.834
20743.699
21421.301
21146.967
20928.633
20803.166
21293.033
20805.768
20661.633
20565.1
21217.166
20949.834
20678.768
20671.967
20806.1
20462.166
20067.301
19787.768
20276.434
20366.033
20257.633
20518.033
20693.967
20533.033
19964.434
20619.699
20431.834
20303.033
20224.633
20191.834
20076.434
20237.033
19641.301
19457.232
18625.834
17677.5
16773.033
15888.1
15293.033
15018.167
15003.5
15068.233
16139.566
16800.1
17143.434
17680.699
18043.434
18097.566
18232.166
18141.5
18222.5
17631.768
17619.166
16864.9
17979.967
17911.9
17722.967
17706.768
18080.033
18341.967
18560.834
18231.232
18704.434
18950.301
18633.301
18786.166
19162.699
19159.834
19184.5
19333.1
19476.699
19454.166
19263.1
18877.566
19861.232
19560.033
19589.9
19125.1
19846.301
19992.033
19791.566
19978.9
19992.633
19503.434
19740.566
19396.367
19923.301
19840.967
19741.566
19610.9
19711.434
19934.566
19488.566
20049.1
20021.5
20081.834
20074.633
19653.566
20393.834
20348.967
19903.699
20112.434
20823.768
20542.166
20296.768
20785.434
21041.9
20679.633
20434.5
20558.9
20155.9
20311.633
19829.367
20019.5
20326.768
20151.699
20225.9
20696.232
20347.566
20425.1
19820.232
19651.9
20544.434
20406.166
20230.633
20367.232
20168.834
20254.1
20357.301
20011.566
20097.566
20034.434
20014.699
19997.699
20133.301
19782.367
19888.633
19715.367
20137.9
19860.434
19988.967
19924.566
20343.768
19991.633
19989.633
19905.434
20148.699
20465.768
20436.166
20317.967
20217.699
20072.768
19979.834
20269.834
20374.633
20485.434
20506.9
20140.5
20795.434
20635.834
20542.232
20064.9
20564.699
20511.967
20282.367
20151.301
20267.434
20386.232
20539.5
20409.633
20526.699
20189.166
20313.699
20532.1
20211.967
20345.232
20223.232
20119.834
20202.434
20338.033
20052.232
19986.699
20093.967
20353.566
19369.967
20169.5
20151.033
20106.699
19412.5
19768.9
20075.301
20187.967
20034.1
20114.9
20054.633
20220.5
19906.699
19775.033
20166.033
19919.768
19996.834
19633.166
19895.633
19895.1
19608.834
19467.699
19846.834
19390.633
19428.166
19225.9
19566.566
19415.1
19097.232
19397.434
19369.166
19109.566
19273.1
19409.768
19220.633
19186.033
18936.967
18959.9
19249.9
18957.633
19066.5
18704.1
18725.633
18845.768
18691.434
18792.434
18595.367
18536.301
18489.5
18466.434
18698.1
18685.033
18575.367
17645.566
17905.166
17745.699
17604.367
16934.367
16832.232
16844.367
16414.634
15834.1
16358.3
16185.634
15317.5
15744.767
15627.9
15223.033
15330.634
14780.3
14929.767
14727.7
14457.167
14606.634
14825.767
14712.767
14908.434
13628.634
14391.366
14471.566
14046.434
14346.033
14572.634
14655.033
14418.566
14815.167
15081.434
15146.5
15390.634
15796.434
15766.7
15642.1
15744.967
15490.634
15481.634
15646.033
15594.566
15051.1
15495.1
15327.767
14971.7
14366.167
14695.3
14450.167
14119.634
13999.233
13853.566
13928.167
13782.5
13652.7
14038.033
14059.767
13875.366
13884.1
14031.167
13869.366
13788.566
13689.366
14116.566
13936.566
13600.366
14054.767
14427.566
14184.167
13897.566
14062.767
14007.167
14082.167
14006.1
13883.3
13953.9
13667.5
13065.233
13624.033
13516.767
13662.033
13788.167
13331.033
13892.033
13720.7
12984.3
13259.833
13492.634
13312.7
13392.767
13677.7
13766.767
13767.233
13935.167
13893.9
14030.167
13820.967
13781.167
13468.233
13721.233
13808.833
13523.7
13552.967
13779.7
13783.1
13492.167
13974.634
14014.634
14163.9
13763.1
13987.1
14078.9
14105.033
14277.634
13559.833
14095.833
13942.566
14174.033
13748.767
14434.967
14172.566
14314.366
13920.9
14470.434
14411.233
14057.5
13863.1
14075.434
13839.566
13775.5
13983.7
13924.033
13792.5
13437.833
13393.967
13648.767
13829.434
13657.434
13839.7
13791.366
13624.434
13391.3
13637.434
13730.767
13609.3
13885.833
13273.434
13600.634
13843.434
13799.9
13515.634
13545.967
13085.1
12824.566
13242.1
13101.5
13204.967
12370.566
12961.7
13236.7
13115.366
12824.634
13129.833
13391.5
13001.434
13124.767
12942.634
13187.7
12837.434
12577.634
12545.833
12869.5
12807.1
12369.9
12683.233
12625.566
12801.967
12617.033
12665.833
12771.1
12619.233
12421.233
12652.366
12776.967
12696.767
12545.167
12932.5
12633.9
12724.5
12633.967
12445.167
12589.366
12574.3
12403.167
12275.967
12319.366
12417.1
12091.9
12014.634
12470.7
12469.033
12202.167
12222.033
12453.1
12481.7
12000.366
12092.233
12297.7
12094.5
11859.434
12271.634
12240.634
12001.167
12257.9
12016.167
12065.767
12046.967
11734.833
11371.434
12056.9
11739.634
11957.634
11776.3
11854.634
11647.5
11620.566
11437.833
11783.9
11662.167
11554.233
11299.7
11539.833
11621.566
11419.167
11341.1
11635.634
11626.9
11100.967
11283.833
11570.967
11507.1
10802.167
10970.566
11395.967
11382.167
11271.767
10924.7
11462.233
11367.233
11286.634
11028.566
11167.233
10983.366
10853.434
11006.5
11168.634
10984.767
10802.167
10866.967
11324.7
11295.967
11075.434
10798.167
10900.3
11032.5
10836.967
10667.434
10985.5
10917.1
10902.634
10536.7
10720.7
10839.967
10777.7
10598.033
10805.566
10596.5
11043.634
10303.967
10745.566
10683.5
10469.1
10019.566
10740.434
10676.366
10683.7
10373.634
10483.233
10322.366
10456.767
10559.1
10819.7
10029.9
10298.566
10101.7
10329.1
9656.9
9094.167
8354.033
7957.833
6957.7
5977.833
5225.033
4449.233
3572.433
3125.5
2395.367
2673.033
2552.233
2273.9
2486.633
3425.367
3710.633
3792.5
4884.633
5526.633
5886.433
6245.567
5608.567
6369.967
5917.967
5696.9
5279.7
5026.433
5070.167
4762.833
4519.633
4927.833
5030.5
4995.5
4818.567
5573.5
5395.367
5469.7
6118.367
6203.433
6486.367
6203.1
6722.367
6928.3
6946.967
7001.833
7294.033
7605.9
7693.233
7256.7
7549.7
8150.233
8188.9
7810.033
8344.9
8622.967
8788.1
8724.1
8759.366
9252.9
9250.233
8660.033
8804.767
9517.7
9617.767
9462.566
9178.566
9719.5
9529.967
9346.167
9349.634
9840.434
9616.434
8771.167
9661.033
9798.767
9868.967
9566.767
9372.9
9855.566
9764.967
9610.366
9532.767
9654.634
9778.1
9361.366
9180.7
10122.634
9700.634
9498.366
9538.7
9840.3
9735.7
9616.366
9590.434
9814.233
9746.967
9601.767
9543.967
9864.634
9823.434
9691.634
9603.634
9910.566
9832.167
9259.566
9473.634
9793.167
9687.5
9350.833
9243.434
9628.9
9515.434
9613.634
9332.7
9608.033
9714.9
9420.3
8952.3
9737.767
9621.967
9628.833
9463.434
9943.233
9682.7
9487.967
9245.434
9749.1
9522.167
9067.033
8944.9
9567.634
9491.167
9511.167
8913.967
9617.967
9494.566
9346.634
9437.7
9614.767
9584.833
9398.167
9340.634
9844.967
9653.634
8764.7
9140.566
9718.833
9502.9
9444.033
9319.566
9707.3
9583.833
9123.634
8939.1
9486.9
9340.566
9329.767
9204.634
9532.434
9514.566
9361.3
8902.167
9565.9
9517.233
9146.566
8819.233
9410.9
9551.7
9239.967
9166.9
9506.9
9113.167
9077.9
9196.167
9205.434
9139.634
8997.566
8820.167
9362.366
9212.767
8865.233
8785.634
9246.233
9349.033
8653.434
8771.566
9230.634
9148.3
9185.1
8914.434
9158.3
9076.366
9009.5
8711.7
9326.033
9080.767
8800.634
8804.434
9119.9
9052.566
8896.033
8368.634
9006.566
8934.366
8845.634
8304.233
9082.1
8880.9
8401.167
8837.366
8912.833
8814.7
8393.233
8497.833
8638.634
8767.9
8524.1
8470.3
8754.767
8532.434
8516.033
8282.566
8617.833
8643.366
8139.5
8084.3
8594.167000000001
8577.832999999999
8264.1
8208.567
8270.9
8468.3
7980.833
8158.567
8190.7
8274.9
8068.567
7870.367
8415.967
8273.967
7896.433
7561.233
8099.233
8284.233
8090.233
7771.1
8126.3
8078.233
7394.1
7804.9
8239.9
7856.833
7700.9
7756.233
8007.567
8039.7
7663.367
7523.633
7907.567
8028.433
7834.367
7725.767
8057.1
7845.567
7582.1
7298.367
7938.633
7718.9
7963.167
7466.7
7953.433
7899.567
7383.433
7454.3
7893.5
7766.1
7532.433
7622.967
7896.367
7809.633
7392.233
7340.633
7942.433
7671.833
7528.433
7572.1
7811.167
7649.767
7236.1
7122.033
7454.233
7430.567
6914.767
7045.367
7524.1
7354.9
7535.167
7196.7
7547.567
7380.767
7596.3
7217.367
7449.367
7377.5
7034.633
6979.767
7452.1
7324.967
6859.1
6342.367
7266.767
7307.967
6852.233
7029.7
7279.033
7056.233
6928.567
6858.167
7256.233
7052.167
6842.633
6507.567
7099.967
7124.433
6405.5
6584.967
7130.833
6913.167
6657.833
6440.1
7032.633
7024.633
6935.7
6518.233
7107.233
7020.967
6938.167
6827.433
7020.433
6902.967
5640.567
6141.5
6923.5
6995.1
6603.433
6345.233
6851.767
6959.9
6324.1
6315.633
6758.033
6704.5
6245.767
6269.7
6770.233
6728.767
6070.5
6054.833
6595.567
6559.1
6324.833
6313.033
6531.567
6458.367
6018.5
6430.233
6500.1
6533.167
6009.767
6246.233
6626.833
6387.367
5940.7
5830.1
6418.633
6436.567
6270.767
5723.033
6491.7
6367.833
5715.967
5814.167
