277.45
77.133
-132.55
156.933
448.117
144.733
211.25
236.46699999999998
235.517
262.867
122.583
-164.53300000000002
214.11700000000002
216.667
21.116999999999997
-31.200000000000003
349.983
2.6670000000000016
65.983
377.4
431.91700000000003
185.2
469.983
154.733
280.783
204.53300000000002
228.183
-112.533
205.85
216.0
332.117
31.599999999999994
287.317
201.333
240.183
30.200000000000003
561.183
473.533
97.117
-47.667
251.85
142.067
-4.016999999999996
193.6
211.05
234.2
150.85
237.067
213.45
248.53300000000002
-32.016999999999996
47.06699999999999
625.317
288.133
-17.016999999999996
-263.66700000000003
443.25
446.8
34.849999999999994
50.867000000000004
389.25
441.33299999999997
386.383
237.933
422.317
368.267
157.583
326.467
394.45
399.6
332.25
-135.13299999999998
452.717
293.533
41.583
77.4
385.183
187.667
143.517
74.467
301.517
494.66700000000003
201.38299999999998
64.133
247.583
355.067
33.45
16.467
244.71699999999998
208.267
506.45
11.200000000000003
187.917
221.267
350.65
-62.132999999999996
196.65
255.933
199.11700000000002
96.4
418.25
366.067
-228.483
43.533
412.783
312.067
219.583
207.8
464.183
291.867
5.716999999999999
284.2
101.183
330.933
254.71699999999998
277.2
415.117
289.933
559.45
-226.0
334.117
366.2
108.117
355.467
392.317
459.733
262.317
103.667
355.717
250.53300000000002
-63.150000000000006
116.0
333.25
311.0
134.45
11.599999999999994
417.383
447.133
58.783
-243.267
347.117
314.933
86.85
135.13299999999998
280.317
420.8
339.317
49.400000000000006
292.58299999999997
334.66700000000003
-276.08299999999997
-128.6
311.25
217.267
172.25
-7.867000000000004
336.117
275.133
51.31699999999999
221.067
410.317
301.467
246.11700000000002
-104.267
455.517
413.067
435.383
154.86700000000002
485.783
281.6
162.183
347.8
409.183
83.6
378.517
-165.333
137.65
231.667
2.316999999999993
368.33299999999997
586.717
419.2
172.183
-81.6
492.783
158.6
457.85
26.733000000000004
394.783
368.533
323.183
388.867
528.317
355.0
422.183
309.6
338.183
239.86700000000002
388.383
-349.467
396.65
362.267
170.65
145.2
139.78300000000002
323.0
473.383
176.53300000000002
247.517
311.133
115.583
-189.933
279.58299999999997
391.067
466.183
191.13299999999998
385.91700000000003
310.8
44.783
-316.133
449.45
235.2
-60.882999999999996
29.933000000000007
265.85
191.46699999999998
-1002.35
-90.467
131.917
272.133
240.983
-59.867000000000004
574.85
402.867
256.25
73.867
262.517
233.267
-105.55
422.133
525.65
271.733
-184.35
40.867000000000004
314.58299999999997
328.067
-114.083
357.33299999999997
393.65
259.0
408.183
345.4
330.517
405.66700000000003
246.183
186.53300000000002
367.85
252.933
408.517
24.667
407.117
428.66700000000003
326.91700000000003
-69.0
228.183
323.6
79.45
-284.8
376.317
344.467
258.85
-122.067
355.117
338.933
217.317
91.8
371.05
357.067
-150.417
203.067
338.183
68.2
-146.817
170.2
265.517
213.2
317.25
171.0
263.91700000000003
521.267
102.45
166.2
382.783
537.6
384.783
167.6
221.517
280.867
92.917
498.467
352.383
213.267
-155.21699999999998
109.933
209.38299999999998
286.133
264.517
-18.066999999999993
552.25
558.867
24.783
284.533
368.65
349.733
231.583
98.2
338.45
386.467
81.317
133.13299999999998
299.25
327.933
178.517
303.4
481.783
438.66700000000003
405.183
108.933
561.717
178.2
391.117
-134.6
375.65
186.6
-83.817
292.933
339.85
201.86700000000002
541.383
389.533
374.117
261.13300000000004
639.983
83.267
378.717
297.067
-33.083
275.067
642.783
417.733
549.65
-47.06700000000001
450.45
357.66700000000003
393.183
200.533
345.38300000000004
519.8
-45.61699999999999
231.933
599.917
323.86699999999996
135.383
164.2
360.05
359.2
503.183
175.067
648.383
541.267
683.45
433.733
696.117
505.4
244.25
335.86699999999996
380.183
590.6
767.117
191.13299999999998
700.117
582.0
523.783
666.933
594.5830000000001
496.933
343.45
632.933
475.117
746.0
113.78300000000002
274.467
548.783
534.6
553.317
382.933
867.983
545.6669999999999
706.05
531.733
673.983
638.133
666.783
297.867
991.117
463.267
563.183
494.267
843.783
508.333
690.45
577.3330000000001
593.65
850.4
758.383
648.733
596.117
847.3330000000001
618.117
428.6
926.183
721.4
607.717
557.6669999999999
553.05
651.933
771.783
643.267
856.117
749.0
547.717
499.79999999999995
669.983
759.933
657.05
534.467
882.783
450.0
709.183
451.26700000000005
651.05
557.467
728.183
820.0
710.05
447.067
751.783
945.8
422.783
850.467
710.917
732.667
766.517
737.0
590.517
948.133
1125.183
645.267
659.25
1247.267
883.917
1092.133
472.58299999999997
663.0
1129.517
963.8
1086.783
1178.133
708.717
663.733
795.583
769.4
1312.183
1124.867
616.517
1080.2
969.05
1186.867
1220.85
1043.467
957.317
1286.267
573.717
855.333
984.85
1151.8
1465.783
1424.333
1344.517
1296.4
1100.983
1211.133
1221.783
1117.333
764.25
968.2
1320.183
1140.933
1393.65
946.4000000000001
1449.917
1359.733
1454.65
1265.467
1428.517
1346.0
958.517
1396.867
1264.383
1177.533
1107.783
1258.8
1236.317
1352.467
1257.117
1019.733
1357.317
1135.933
1116.05
992.8
1449.917
1363.2
1292.783
1365.6
1476.45
1222.933
1213.05
1114.8
1381.317
1399.533
1277.783
1035.533
1514.783
1257.8
1315.783
1292.8
1441.983
1331.267
823.05
1278.733
1331.583
1410.4
1419.917
1615.667
1741.517
1550.6
1557.85
1547.4
1673.783
1742.2
1595.983
1671.667
1662.383
1662.533
1839.117
1683.267
2063.183
1540.467
1123.25
1386.0
1590.25
1884.533
1602.317
1698.6
2038.183
1858.533
1776.383
1704.867
1934.917
1992.8
2013.517
1741.2
2107.917
1792.667
1668.917
1578.533
1621.517
1543.667
1847.983
1211.0
1616.317
1718.0
1963.983
1615.4
1930.983
1816.267
2016.45
1830.8
1908.517
1972.133
1946.117
1877.467
2185.983
1755.0
2267.65
2026.6
2051.65
1975.533
1874.183
2074.667
2308.45
1678.133
1795.917
2123.0
2343.25
2065.733
2149.45
1894.067
1968.05
1845.667
1950.85
2074.533
2037.85
2347.667
2625.85
1910.533
2483.917
2474.933
2343.45
2245.6
2287.183
2169.933
2134.383
2440.267
2366.917
2161.4
1964.983
2087.467
2013.117
2006.333
2311.383
2198.867
2358.383
2560.067
2393.917
2519.067
2750.983
2486.267
2797.583
2649.733
2968.383
2722.267
2570.05
2818.2
2822.05
2711.733
2532.917
2701.6
2495.05
2589.8
2447.117
2644.267
2602.85
2412.8
2065.117
2342.733
2276.983
2289.0
2112.45
2062.467
2310.717
2067.933
2008.917
1714.467
2319.317
1888.0
2235.783
2248.4
2441.25
2912.0
2712.583
3000.6
2841.717
3029.333
3148.717
2777.8
2951.05
2903.533
2616.65
2541.333
2832.45
2682.933
2943.917
2514.0
2774.117
2833.267
2784.25
2952.067
2929.65
2975.2
3141.183
3082.2
3122.717
3122.0
3047.05
2754.667
3102.65
3142.8
2992.65
3239.467
3328.783
3190.867
3071.117
2784.333
3301.717
3181.467
3486.45
3779.8
3861.117
4222.733
4214.517
4053.0
3989.45
3919.867
4033.05
3619.867
4195.05
3895.267
4036.517
3958.667
4182.183
3696.6
3844.917
4000.2
3824.583
3875.8
3680.117
3380.267
3994.317
4094.933
3967.65
4164.867
4320.25
4301.933
4194.05
3933.0
4291.45
4243.4
3708.183
3928.867
3893.717
4114.933
3995.583
4225.933
4419.717
4158.6
4031.117
3496.333
3765.45
3867.6
3927.983
3656.0
4060.983
3745.8
3790.317
3557.0
3484.45
3431.733
3347.65
3424.6
3456.85
3566.467
3376.317
3489.667
3244.65
3415.333
3553.85
3670.133
3953.983
4113.6669999999995
4232.183
4429.2
4187.9169999999995
4285.133
3836.717
4366.532999999999
4167.25
4185.733
4691.917
4399.067
5097.517
5099.2
5028.85
5253.133
5817.983
5330.467
5458.717
4919.2
5090.25
5002.867
4581.45
4333.4
4396.383
4260.532999999999
4041.583
4164.6
4686.05
4289.067
4571.583
4612.667
5111.583
5083.933
5239.05
4967.2
4802.517
4678.933
4309.917
4157.6
4222.9169999999995
3832.533
3687.983
3537.267
3594.783
3539.333
2964.717
3281.6
3290.183
2969.333
2650.317
3404.4
3442.317
3583.867
3893.117
3617.867
4449.85
4685.333
4763.183
4624.2
4706.183
4467.133
4117.317
4255.0
4176.05
4359.6669999999995
4357.917
4186.667
4744.117
4409.4
4584.25
4458.133
4628.783
4582.867
4509.05
3962.8
4561.183
4439.733
4580.45
4507.533
4414.25
4431.667
4492.25
4502.267
5193.317
5243.733
5233.517
5483.0
5663.383
5725.2
5714.65
5541.533
5872.783
5631.2
6035.917
5643.867
6097.25
6542.533
5859.05
6104.067
6164.717
5928.4
5917.383
5167.733
5068.917
4502.667
4246.317
3318.8
3174.25
2639.467
2472.717
2467.667
3013.783
3286.2
3635.117
4167.733
4521.517
4753.6
5055.517
5500.4
5801.517
6204.733
6078.183
6089.667
6245.517
5667.6
5551.383
5246.533
4868.25
4080.533
3758.517
3452.867
3418.85
3789.733
3948.583
4508.133
5394.65
5694.933
5934.05
6806.067
7047.583
7190.867
7583.05
7289.6
7994.317
8049.2
8460.65
8162.933
8124.917
8562.066
8320.917
8369.133
8514.05
8368.0
8606.517
8429.4
9063.116
8877.267
8980.917
8780.8
9296.783
9132.0
8937.917
9056.134
9575.583
9330.066
9290.384
9051.4
9248.316
8758.2
8842.917
9011.134
9101.116
9547.267
9280.517
9398.866
9454.184
9112.6
8855.983
8626.667
8831.25
9100.934
9281.65
9201.533
9194.316
9223.2
9138.583
8989.134
8893.116
8898.8
8722.65
8815.066
9275.783
9017.134
9232.917
8916.8
9049.65
9280.8
9055.517
9449.134
9622.783
9617.134
9718.05
9811.934
9941.45
10248.6
10493.65
10319.4
10239.384
10149.267
9479.45
8967.866
9111.45
9032.667
8980.25
8897.066
9184.717
9444.333
9598.917
10221.267
10169.85
10772.467
10729.316
10769.667
10720.983
11156.066
10506.25
10650.267
11100.583
10622.0
10685.717
10888.6
10836.45
10618.0
11265.25
10749.733
11069.25
11004.667
10939.983
10675.066
10903.116
10774.267
10796.65
10188.4
10896.917
10701.4
10673.917
10280.733
10624.717
11031.134
11238.583
10887.134
11142.517
11254.866
11036.316
11039.267
10938.116
9935.267
10387.316
10431.934
10512.783
10014.8
10659.783
10485.866
10546.917
10260.267
10201.65
10580.267
10702.517
10633.934
10764.65
10514.267
10256.517
10245.333
9616.45
9889.0
10609.917
10402.8
10516.983
10902.066
11250.45
11301.733
11466.783
11140.066
11264.116
11400.467
11356.583
10898.066
10704.116
10176.667
10359.65
9612.8
10281.184
10491.667
10167.917
10162.6
10985.517
10928.667
10384.05
10458.333
11262.05
11490.8
11173.917
11003.934
11103.583
11191.934
10902.184
10826.4
11085.05
10884.134
11166.184
11458.0
11140.717
11397.6
11685.983
10777.134
11039.384
10925.4
10509.316
10786.4
10075.05
10358.333
10397.65
11374.6
11265.983
11073.866
11072.45
10602.467
10896.983
10873.533
11199.783
10890.267
10655.783
10094.4
9918.517
9583.467
9210.45
9118.2
8495.85
8321.467
8362.383
8331.667000000001
8847.917
9265.667
10223.783
10859.0
12005.517
12175.667
13229.45
12387.4
11834.983
12295.6
12151.583
11940.333
12724.517
12834.134
13085.316
12925.467
12819.517
12157.6
11705.983
11345.134
11576.384
11489.0
12818.316
12239.733
12857.384
12968.267
13240.316
13301.467
12944.316
13664.6
13839.85
14517.733
14347.583
14507.2
14749.783
15144.6
14073.65
14305.4
13647.517
13989.733
13985.717
14416.533
13806.116
13583.333
13157.717
12946.267
13167.25
12894.467
11968.917
12887.134
12743.116
13569.267
13737.917
13795.866
14725.717
14331.866
13942.717
14263.333
14293.25
14064.333
14037.384
14277.066
14677.65
15104.066
15186.05
14827.333
14972.316
16617.934
15357.384
15404.733
15664.583
15071.934
15666.85
15631.533
16249.45
15688.533
15078.116
15423.667
15655.65
15545.533
15041.783
14961.4
16026.917
16498.467
16153.25
15482.467
15836.184
15655.467
15511.717
14648.0
15552.983
15424.8
15022.85
14355.0
14957.184
15214.866
15211.116
14794.733
15886.05
15886.733
15702.116
16068.333
16201.583
17007.066
16243.116
16040.4
16629.116
16195.4
16562.584
15628.333
15954.85
16698.866
16259.982
16410.866
16488.184
16002.934
16188.983
16659.732
17332.117
17063.867
17004.051
17255.867
17022.051
17484.533
17966.051
17500.199
17483.717
17033.268
17046.518
16532.732
17018.783
16608.0
16940.25
16273.934
15828.184
16078.2
15982.25
15666.733
16284.116
15796.267
15934.983
16068.066
15992.184
16099.733
15942.783
16497.066
17008.05
17395.867
16474.116
16614.268
16673.05
16052.4
16949.184
16591.334
17124.982
17133.133
17513.982
17533.199
17647.184
17938.199
17336.783
16868.199
18605.518
17942.533
17872.383
18145.467
18395.916
17117.133
17871.316
17128.6
18165.717
17823.199
17079.184
17670.4
18190.117
17892.867
17979.383
19018.334
18381.184
17770.533
17581.25
17337.801
17211.117
17799.4
18547.916
18390.066
19095.383
19268.199
19634.316
19123.334
19174.982
19591.6
19356.783
19334.199
19354.051
19434.0
19872.449
19504.732
20217.65
20001.268
20135.518
20611.199
20424.584
20398.268
19876.584
20055.6
20343.916
19913.467
19767.65
19575.334
20311.25
19976.934
21026.117
20218.268
19832.783
20331.066
20496.316
21261.268
21344.65
21480.801
20849.383
21095.867
20560.051
20734.732
20447.916
20965.133
21128.65
22998.533
21236.783
22148.0
22512.85
22693.732
22136.117
23509.533
22965.184
23282.4
24054.916
24741.133
23533.916
24126.6
23554.518
23820.199
25570.051
23940.133
24185.518
23263.0
23219.184
23400.934
24014.184
23932.467
24432.916
25192.268
24651.85
25453.467
26162.051
26878.066
26906.117
27060.666
27858.117
28597.934
27933.85
26518.133
27362.117
27567.934
26775.783
27399.199
28022.449
28072.4
27842.65
28374.0
29027.117
28290.6
29837.783
30630.0
30161.717
29568.0
30633.25
30531.268
30589.051
30283.533
30656.717
30787.467
30548.051
30613.199
30179.316
30501.334
31447.449
32231.467
32638.85
32964.332
34448.582
34706.066
34065.984
34796.535
34865.984
34556.465
34639.648
33612.133
34619.582
33747.668
33761.25
35398.266
36045.582
36303.867
36403.449
36595.602
37431.785
36503.398
36764.184
36168.0
36521.516
36787.133
36197.117
36984.266
37751.184
38129.535
38287.984
38463.734
38893.051
38967.199
38236.582
38618.602
38425.984
38507.266
37843.184
38481.332
38586.984
38787.934
39235.25
38715.133
38574.117
38756.867
38795.984
38896.0
38961.648
39318.199
39055.316
39220.934
39511.316
39239.066
38041.449
37467.801
35701.852
34226.332
33259.383
32902.133
32827.982
33299.801
33252.582
34721.602
36397.715
36980.066
37648.918
37770.867
38045.25
39032.668
40064.316
39709.465
40432.918
40438.867
40027.582
39239.066
38914.785
39174.535
39796.117
40128.398
40647.051
41313.465
42267.984
42835.199
42952.648
43069.398
42240.715
42098.0
41594.117
41891.465
41946.449
41965.332
41933.785
41188.066
40739.117
40478.199
39909.25
39919.535
40292.984
40101.332
41587.449
41900.266
42232.648
42928.199
43194.383
42220.398
42442.715
42025.332
42074.051
42451.266
42793.516
43243.398
44393.918
44183.0
44822.582
44322.199
44289.852
43852.801
43051.516
43225.535
43174.785
43370.602
43118.852
43405.133
44029.918
44317.867
43900.051
43956.332
45034.383
44514.133
44907.184
44210.0
44778.051
44190.801
43218.984
42675.535
42281.648
42200.266
42426.184
42775.934
43216.383
44438.801
44160.051
45055.332
44464.117
44490.0
44314.984
43785.398
43440.648
42990.332
42294.184
42473.332
42508.051
42144.266
42442.648
42432.602
42150.648
42221.266
42073.582
42191.066
42763.117
43213.398
43185.582
43718.266
44455.852
44727.0
44667.648
45034.465
44783.984
44691.535
43893.516
43408.734
42856.25
43184.801
43652.648
43388.535
44249.582
44601.535
45237.449
45491.734
45487.316
45495.199
46331.449
46696.398
47268.984
47390.602
46990.449
46796.934
46518.582
46491.535
45764.449
45473.0
45673.25
45669.801
45306.785
45234.867
44274.918
44912.066
44495.383
44927.133
44769.051
45728.801
46272.852
46970.734
47360.715
47693.867
46668.648
46788.535
46198.051
46250.535
46633.852
46228.266
46202.516
45809.199
46264.117
46664.398
46605.785
46915.199
46984.582
47450.734
47959.117
48769.867
47973.516
47817.199
47079.582
47086.266
46227.582
46198.535
46123.117
45871.0
46495.117
46643.465
44832.184
46018.734
45930.918
45517.934
45764.316
45462.602
45330.051
45644.535
46287.25
46569.535
46633.449
46484.602
46706.051
47450.133
47498.449
47849.133
47540.184
46977.066
45500.449
43836.934
42974.582
41329.0
39560.648
39013.602
39708.852
40852.602
43304.449
44079.934
43449.117
43501.199
43696.918
43123.066
43549.918
42964.465
42447.918
43396.801
44714.852
45845.934
45687.184
46194.734
46322.184
46845.668
47706.383
47216.734
47071.852
47158.398
46284.25
46839.801
47289.984
47309.934
47161.984
48075.133
48555.582
48517.465
48546.383
47826.199
47632.316
47320.535
47570.383
47190.0
46448.984
46187.734
45680.516
46795.465
47608.984
48383.668
48122.715
48813.535
49766.582
50165.535
49545.051
49090.0
49494.449
48850.602
48636.582
47957.602
48684.852
49336.133
48745.715
48407.0
48027.117
46888.332
46144.516
44457.535
43230.383
42826.199
42834.648
43307.535
43832.449
45166.199
45444.984
46858.266
47176.984
47189.934
47960.117
48152.0
48668.516
48805.199
49030.984
49494.199
50442.316
49770.398
49320.852
48456.535
48296.582
48192.535
47998.984
48043.266
48004.984
48779.867
49871.316
49939.801
49952.184
49906.867
49823.383
49565.398
49502.516
49528.398
48303.117
47701.867
47287.648
46594.535
45707.785
45128.602
45507.516
45820.934
46326.25
46799.066
47582.918
47654.801
47458.984
47248.266
47437.918
47104.734
46716.449
46807.668
47254.984
47788.199
47998.715
47990.398
48582.715
49130.602
49149.852
49199.0
48919.648
48762.398
48041.516
47235.266
46852.051
45940.602
44841.25
46208.199
46134.316
46505.133
46654.715
47341.668
47539.785
47838.668
47266.516
47353.199
47695.117
47215.0
47040.984
46864.734
46815.25
46377.867
45655.785
45159.934
45305.051
45413.332
44865.785
44152.465
44522.582
44348.332
44048.117
44029.332
44321.648
44657.934
44901.715
45370.867
45569.184
46045.535
45752.051
45575.535
46082.316
46028.0
44738.25
45444.602
45078.648
45133.602
45328.785
44676.0
44744.184
45677.934
45863.984
46311.668
46209.25
46290.465
46228.184
45964.0
46418.117
45921.801
45299.117
45231.602
45653.785
46080.535
46212.785
45441.066
45641.715
45529.801
45048.051
45376.332
45494.316
45402.465
45137.918
45371.0
45027.852
45212.934
44614.184
44337.266
44243.852
44166.465
44437.984
44022.602
44870.383
45180.332
45720.984
45009.934
45231.25
45290.734
45539.715
45356.734
45100.648
45340.398
45223.051
45039.734
45038.25
45095.133
44733.918
44284.0
44673.25
44748.465
44915.785
44847.332
45046.785
45116.934
44938.383
45378.535
45427.582
45641.465
44787.051
44315.465
44603.785
44034.332
44088.117
43835.266
44405.715
44958.133
44794.516
44671.801
44972.785
44871.398
45180.383
45085.398
45145.316
45497.066
45225.715
45225.266
45404.918
45432.867
45377.383
45234.398
44458.449
44672.332
43888.051
44083.266
44121.648
44021.266
43676.316
43788.602
43730.984
43705.398
43689.648
44137.867
43809.449
44360.867
44117.316
44059.535
43462.516
43072.867
42708.383
42872.133
42424.984
42459.535
42157.984
42811.867
42937.852
43009.867
42789.582
42492.934
43617.117
43816.535
44101.184
44215.332
44819.449
45015.734
44288.918
44087.668
43839.852
43820.668
43052.715
43118.266
43372.984
43408.398
43743.984
43640.398
44192.117
44124.199
44172.715
43985.934
44248.516
43893.668
43622.785
43106.066
43696.051
43796.398
42915.785
43857.535
43484.582
43840.801
44011.117
43501.734
43780.918
43359.066
42542.715
42045.465
42550.715
42257.934
41946.582
42419.934
42426.316
43462.734
43233.785
43891.668
44125.449
43798.535
43689.051
44133.199
44397.449
43939.066
43346.449
43091.465
43064.852
42513.934
42334.852
42256.199
42882.852
42919.602
42870.918
42827.734
43454.918
43565.535
43102.383
42901.066
42854.785
42487.266
41761.918
41233.801
41288.785
41249.934
40870.582
41184.867
41550.918
42198.535
42497.117
42626.602
42866.184
43098.465
43488.648
43463.398
43604.852
43412.801
43174.184
43725.398
43106.516
43576.934
43238.648
42793.801
43398.25
43252.066
43424.383
43074.602
42898.918
42822.801
42787.648
42229.066
42398.449
42043.734
41848.383
42182.266
41833.648
41645.266
41588.117
41474.668
42299.918
42573.668
41712.117
41865.133
42479.316
42392.867
42256.184
42767.602
42258.051
41923.602
41817.316
40993.734
41466.316
40668.801
40860.184
40742.199
40673.516
41285.398
41045.785
41353.465
41263.516
41253.668
41569.582
41475.199
41818.648
41712.801
41238.785
41370.332
41533.715
41714.199
40886.516
41154.668
41375.449
41371.535
40812.582
41265.332
41942.648
41562.332
41256.051
42085.734
42170.648
42004.668
41686.117
41326.535
41875.785
41370.398
41601.449
41540.734
41220.582
41486.398
41327.383
41073.0
41426.051
41209.602
40471.383
40663.867
40962.117
40713.801
40070.25
40084.133
39800.516
39633.734
39454.117
39052.398
39652.449
39653.668
39259.852
40261.465
40189.852
40437.734
40379.25
40052.332
40577.648
40331.398
39992.25
39488.801
39949.117
40102.934
39266.852
38450.199
37667.715
36892.734
36295.449
35613.332
35191.316
34600.934
34086.918
35290.066
35938.383
35989.398
36610.25
37384.934
38546.051
38324.199
38748.582
38584.133
38488.516
38727.465
38225.715
38063.066
38278.715
38182.066
37743.785
37893.602
38037.918
38264.801
37982.383
37761.199
38218.852
37935.133
37963.383
37828.0
38180.383
38162.398
37760.852
38341.199
38157.316
37980.266
37544.516
37279.266
37274.852
37198.734
37184.117
37344.602
37096.984
37500.398
37621.715
37401.465
37626.516
38124.332
37732.984
37511.199
37808.648
37955.266
37806.785
37989.867
37814.184
37396.398
37271.648
37164.801
37397.516
37209.066
36502.184
36851.266
36724.918
37022.602
36820.117
36668.133
36754.316
36960.133
37224.449
36737.066
36960.051
37254.133
36652.852
36926.199
36880.449
36836.266
36262.648
36323.0
36248.051
36357.398
36421.984
36254.801
36212.648
36226.867
35597.918
35909.066
35686.117
35964.266
35501.918
35840.266
36505.648
36106.199
36562.984
36547.332
36428.785
36835.0
36602.516
36651.801
36675.582
36563.801
36760.051
36600.934
36756.449
36466.602
36719.918
36486.801
36904.516
36248.0
36375.184
36083.332
36345.316
36518.398
36052.117
35871.199
35975.984
35966.332
36013.715
36034.867
36084.316
36203.398
36137.582
36073.602
36031.25
35651.133
35172.516
35071.801
35273.918
34800.266
34452.582
34591.535
35043.316
35004.465
34509.918
34541.398
34927.715
34721.199
34464.918
34096.934
34371.449
34184.398
33772.449
33326.934
33636.785
33746.535
33715.316
34025.668
33905.449
33883.734
33328.918
33499.535
33122.316
33021.801
32239.717
32066.334
32087.717
31631.666
31610.316
30958.467
31309.717
30973.934
30342.051
29568.467
29436.584
29550.801
29342.383
28739.334
28974.184
28934.133
29196.783
29255.934
29951.184
30359.666
31168.383
31917.533
32097.316
32254.6
32304.916
32542.6
32365.518
32000.6
32047.051
31818.334
32078.982
31847.666
32187.783
32230.334
32586.85
32484.666
32738.85
32680.268
33076.518
32935.465
32669.65
33007.602
33302.648
33015.332
32728.65
32539.934
32840.916
32686.133
32500.184
32443.732
32507.051
32567.732
32963.584
32192.867
32713.25
32722.533
32717.783
32537.467
32826.782999999996
32651.6
32213.051
32161.199
32262.584
32481.666
31748.383
31671.334
31863.783
31616.066
31499.518
31747.467
31803.717
31522.533
31432.449
31200.666
31126.117
31153.6
31240.916
31177.801
31144.584
31075.0
31081.449
31004.801
30858.051
30846.732
30663.916
30061.867
30504.65
30051.467
30148.783
30092.066
30247.449
30006.801
30171.117
30102.867
30151.916
30512.533
30297.117
30599.133
30471.449
30629.268
30466.25
29936.199
30065.383
29853.666
29644.85
29870.666
29725.916
29748.199
29774.051
29678.133
30058.717
30633.867
30139.717
30719.666
30847.25
30594.533
30751.65
30399.666
30637.518
30809.6
30960.117
31158.867
31228.717
31678.467
31492.316
31869.066
32264.65
32563.6
32059.051
31930.268
32258.184
32767.934
32555.717
33112.398
33268.785
33695.934
33463.918
33655.602
33451.25
33204.0
32419.051
31356.801
30737.449
30470.533
30094.051
29833.268
29556.051
29586.0
29432.783
29358.334
29614.65
29512.732
29518.117
29487.334
29850.982
29618.467
29435.85
29137.066
29058.184
29260.533
28858.85
29146.867
28991.584
29283.867
29241.316
29308.6
29455.518
29663.801
29264.117
29410.066
29746.717
29557.199
28971.383
29349.4
29697.051
29503.934
29162.184
29431.4
29647.051
29068.801
29533.717
28783.133
29137.916
28790.6
28548.316
28652.334
28558.117
28646.268
28362.449
27887.0
28529.916
28665.199
28307.117
28304.066
28505.383
28231.533
28611.184
28032.666
28256.65
28331.467
28472.584
28455.4
28610.383
28328.533
28435.783
28605.801
28851.117
28364.066
27963.584
27946.4
28258.65
28387.666
28069.584
28266.268
28078.982
28290.0
28071.916
28038.334
28109.25
28043.533
27585.117
27367.467
28011.518
27799.199
27299.449
27180.533
27625.717
27238.066
27212.518
27321.066
27578.051
27261.801
26263.982
27076.467
27464.584
27031.0
26987.383
26622.199
26877.316
26945.6
27236.584
27150.934
27066.449
26769.934
26824.117
26812.268
26199.982
26011.467
25471.184
25747.934
25300.916
25757.666
25266.584
25368.467
26748.584
26505.867
26491.316
27122.666
26946.316
26954.533
26474.916
26324.732
26062.85
26050.867
25817.717
25891.934
26003.117
26030.867
25633.25
25901.732
26538.383
26083.801
25574.449
25897.268
26132.783
26261.4
25906.85
26002.934
26156.584
25815.4
25453.316
25125.066
25503.982
25025.934
24960.85
24547.467
24529.85
24548.934
23926.383
23433.133
23284.117
21800.4
21012.117
20182.133
20305.717
20288.268
20367.518
20637.666
21483.25
22391.6
22956.25
22998.533
23217.383
23881.334
24321.051
24289.268
23953.184
24423.801
24316.916
24448.4
24411.783
24040.533
23700.584
23599.268
24022.383
23916.867
23475.85
24152.867
24032.982
24273.066
24359.316
24266.467
24327.916
24363.0
24064.916
24216.334
24279.916
24495.268
24085.584
24039.732
24445.051
24567.268
24417.916
24504.334
24635.584
24553.066
24465.65
23963.6
24441.783
24383.268
24047.717
23795.467
24077.982
24241.268
24034.383
23576.467
23827.25
24190.934
23554.449
24218.666
24357.584
24263.0
24767.449
24446.0
24540.783
24499.801
24290.117
24438.666
24384.051
24282.066
23976.184
24033.4
24057.916
24123.066
24003.25
24071.133
24296.117
24320.666
23996.916
23765.6
24118.65
23985.334
24141.982
23692.199
24236.584
24017.867
24286.184
24246.6
24334.982
24284.867
23792.25
23519.934
24038.316
23923.334
24099.85
23692.268
23628.65
23691.4
23581.584
23912.133
23654.051
23660.268
23094.316
23148.066
23180.982
23527.0
22624.982
22874.334
23101.518
23115.268
22851.051
22729.666
23115.518
23112.268
22885.65
23015.066
23058.916
23284.4
22555.65
22787.066
23241.25
23315.0
22919.184
22780.801
22901.916
23107.334
22674.584
22712.0
22818.117
22768.801
22203.383
22495.6
22477.916
22297.133
22277.916
22407.334
22116.184
22854.334
22232.584
22118.4
22188.584
22241.0
22110.518
21556.934
22056.449
22077.732
21755.982
21530.867
22017.383
21862.268
21757.316
21242.133
21826.051
21781.666
21695.316
21724.533
21343.25
21632.6
21459.117
21036.4
21294.25
21146.533
21163.916
20663.0
21060.916
20957.666
20332.184
19981.268
20750.982
20557.533
20369.65
20236.467
20518.051
20368.801
20003.717
19917.268
20575.25
20301.533
20132.518
19952.4
20446.25
20017.467
19849.85
19743.268
20312.25
20119.4
19841.916
19804.133
20012.584
19672.4
19299.717
18949.732
19450.383
19548.533
19464.184
19727.801
19861.982
19751.867
19147.584
19805.6
19587.051
19482.4
19438.051
19417.533
19256.85
19461.934
18933.85
18837.666
18130.584
17318.268
16528.184
15751.533
15263.116
15089.333
15067.05
15055.467
16003.783
16569.333
16816.117
17300.533
17629.051
17687.334
17805.717
17716.934
17845.518
17285.066
17279.717
16569.133
17591.65
17550.666
17326.65
17274.199
17634.518
17896.6
18069.449
17766.467
18183.184
18472.4
18045.982
18206.4
18567.916
18541.4
18543.783
18646.801
18798.982
18778.467
18550.383
18214.666
19083.717
18837.533
18805.316
18369.666
19038.916
19174.133
18969.85
19167.133
19121.518
18680.732
18864.65
18506.199
19068.584
18991.066
18844.184
18759.268
18869.518
19059.4
18655.916
19182.268
19155.783
19231.934
19186.184
18767.268
19484.783
19451.0
19057.449
19218.467
19922.85
19653.934
19439.449
19893.867
20181.184
19808.732
19579.449
19671.4
19283.982
19465.533
18950.449
19116.334
19415.65
19313.6
19292.25
19773.533
19403.316
19498.666
18905.449
18763.533
19661.982
19493.732
19318.383
19456.533
19255.518
19372.467
19450.316
19141.133
19182.518
19208.334
19140.783
19072.334
19251.25
18905.934
18998.916
18874.0
19227.184
18971.533
19093.184
19034.133
19455.982
19041.0
19090.316
19045.732
19281.717
19549.268
19545.184
19481.0
19375.184
19225.268
19139.717
19369.533
19490.85
19587.4
19650.316
19208.133
19893.584
19718.066
19655.117
19203.732
19733.117
19602.867
19399.316
19283.066
19397.584
19522.066
19636.717
19559.732
19643.783
19350.533
19414.449
19635.4
19341.051
19478.666
19358.25
19208.334
19325.717
19458.467
19172.117
19139.467
19239.25
19539.467
18548.25
19303.0
19302.316
19230.4
18554.518
18936.133
19263.982
19352.867
19188.184
19264.334
19173.051
19349.4
19032.783
18918.666
19337.85
19092.732
19157.518
18804.133
19028.316
19104.6
18757.518
18679.199
19012.184
18552.934
18580.383
18391.268
18753.051
18617.268
18252.184
18596.066
18574.383
18323.133
18450.117
18601.334
18416.783
18348.934
18151.316
18133.732
18497.449
18146.533
18292.783
17915.133
17963.25
18034.133
17873.584
17968.467
17815.65
17716.533
17680.982
17667.066
17852.383
17836.732
17777.65
16803.0
17103.783
16986.867
16795.65
16139.0
15995.05
16040.8
15647.583
15007.934
15519.917
15385.667
14529.783
14947.866
14853.116
14441.6
14623.917
14082.066
14211.717
14035.866
13734.85
13875.866
14111.25
13975.066
14148.85
12884.934
13667.116
13754.0
13278.717
13595.934
13813.05
13972.134
13711.25
14140.733
14401.116
14474.934
14679.983
15109.533
15075.184
14929.467
15019.783
14824.533
14767.517
14987.467
14937.184
14391.6
14816.184
14628.267
14292.25
13643.0
14011.05
13738.667
13456.517
13339.934
13179.05
13272.2
13088.184
12988.866
13374.384
13382.8
13216.116
13224.066
13345.517
13181.6
13107.783
13015.533
13428.983
13248.134
12888.05
13349.533
13716.85
13520.467
13224.05
13389.733
13363.45
13420.2
13339.917
13228.0
13272.717
13024.533
12425.717
12985.467
12886.85
13008.267
13136.583
12706.667
13207.917
13121.667
12357.65
12652.8
12855.783
12682.134
12728.783
12976.333
13117.45
13108.667
13306.983
13239.533
13354.184
13163.0
13119.783
12808.8
13054.384
13170.267
12874.85
12913.267
13120.384
13126.333
12833.384
13335.533
13387.05
13530.733
13097.783
13321.267
13469.116
13414.667
13695.45
12952.866
13467.583
13346.134
13534.116
13113.866
13822.783
13536.134
13722.983
13334.134
13843.65
13791.667
13482.384
13269.0
13477.25
13265.733
13170.517
13362.866
13322.184
13201.6
12816.45
12809.533
13064.05
13230.467
13047.717
13269.066
13197.717
13044.533
12839.116
13044.866
13128.384
13039.0
13292.717
12714.333
13017.45
13290.4
13257.85
12952.2
12994.85
12540.4
12261.65
12675.667
12590.384
12669.733
11852.517
12407.8
12694.384
12581.533
12292.583
12608.934
12853.717
12437.667
12566.717
12409.0
12681.65
12313.8
12067.384
12034.8
12342.717
12309.733
11850.316
12176.4
12135.517
12287.0
12102.384
12159.866
12261.85
12098.934
11898.917
12127.134
12254.384
12181.934
12037.717
12414.066
12115.116
12220.667
12141.917
11937.6
12105.983
12098.134
11916.25
11795.4
11817.517
11938.533
11632.983
11511.733
11988.583
11989.467
11691.25
11752.6
11992.116
11973.733
11539.517
11606.0
11834.25
11600.6
11423.517
11809.733
11768.85
11548.667
11807.65
11550.533
11619.384
11551.066
11271.583
10917.467
11610.917
11253.533
11494.517
11318.467
11404.517
11213.134
11184.05
10995.8
11334.85
11190.467
11105.983
10824.467
11133.116
11162.934
10958.45
10918.0
11189.116
11180.533
10649.384
10850.733
11082.583
11067.467
10353.85
10561.4
10959.45
10919.2
10814.717
10505.6
11046.384
10927.533
10831.583
10581.134
10749.05
10592.2
10439.65
10576.467
10751.65
10562.733
10387.184
10471.533
10880.717
10866.467
10604.917
10375.733
10463.783
10621.533
10429.783
10271.2
10565.583
10501.267
10454.65
10136.6
10345.917
10429.533
10358.116
10208.934
10382.717
10187.0
10629.917
9910.134
10354.717
10270.066
10036.517
9630.2
10335.583
10297.8
10288.316
9970.866
10081.05
9948.333
10044.517
10170.8
10473.983
9632.934
9919.45
9717.934
9970.184
9399.4
8895.583
8221.8
7937.45
7046.733
6151.183
5493.333
4796.983
4001.867
3577.383
2886.133
3170.45
3081.6
2810.517
3025.333
3923.983
4182.6
4237.317
5241.467
5822.383
6137.867
6503.583
5831.6
6593.583
6180.867
6012.983
5613.533
5385.25
5483.067
5158.383
4923.933
5298.45
5405.867
5374.383
5196.133
5901.717
5711.933
5765.983
6396.8
6468.183
6700.133
6411.917
6918.133
7095.85
7072.933
7109.917
7374.867
7642.85
7706.867
7251.317
7518.333
8083.917
8122.467
7710.317
8200.867
8476.183
8634.066
8523.384
8582.8
9052.517
9050.8
8436.717
8579.134
9271.983
9348.066
9164.45
8909.134
9402.917
9255.0
9049.184
9060.066
9518.717
9323.267
8469.184
9324.066
9476.184
9575.267
9239.316
9048.8
9544.65
9461.533
9264.184
9211.4
9344.316
9456.2
9014.917
8863.333
9776.517
9364.066
9164.717
9171.2
9505.85
9419.533
9262.917
9243.467
9459.05
9431.6
9231.783
9209.8
9517.384
9499.733
9364.65
9229.467
9571.116
9470.866
8922.517
9144.267
9450.85
9376.934
8997.717
8924.934
9311.983
9182.667
9235.316
9000.333
9265.384
9384.267
9083.517
8623.467
9411.45
9291.333
9304.583
9139.667
9614.25
9358.8
9181.384
8940.2
9410.783
9225.2
8756.184
8620.2
9244.05
9184.6
9164.917
8590.8
9289.517
9142.866
9047.184
9106.2
9287.25
9275.134
9052.316
9005.467
9514.85
9322.6
8456.983
8809.2
9390.316
9160.2
9141.316
9001.733
9380.384
9260.4
8803.384
8636.267
9194.783
9051.2
9009.05
8883.6
9219.316
9189.0
9051.45
8565.4
9266.25
9199.134
8847.85
8518.4
9112.116
9253.066
8910.25
8848.066
9202.65
8790.866
8752.717
8892.2
8910.783
8819.866
8681.45
8531.8
9075.05
8901.934
8522.384
8471.333
8942.85
9043.4
8398.983
8464.533
8930.717
8854.0
8891.583
8648.866
8846.583
8760.0
8712.583
8388.934
9044.384
8795.4
8497.517
8479.333
8833.05
8763.333
8575.917
8102.0
8706.116
8645.6
8547.116
8044.467000000001
8784.65
8593.2
8096.517
8524.0
8606.183
8507.733
8089.717
8182.333
8342.65
8464.733
8214.317
8169.267
8458.917000000001
8217.4
8212.25
7986.733
8306.582999999999
8344.8
7867.65
7841.867
8294.117
8264.8
7985.317
7931.667
7974.517
8161.0
7721.117
7866.067
7940.383
7998.2
7803.783
7594.467
8136.717
8007.0
7631.383
7278.333
7853.517
8021.533
7820.917
7511.333
7857.717
7823.8
7145.783
7557.2
8003.85
7621.333
7469.983
7519.267
7735.65
7801.0
7413.383
7278.667
7682.85
7786.267
7596.85
7490.0
7789.117
7594.4
7289.317
7038.867
7635.583
7473.667
7710.383
7202.0
7695.917
7627.667
7146.717
7214.8
7670.517
7507.267
7305.583
7393.467
7642.65
7593.933
7173.517
7112.533
7706.05
7468.533
7297.383
7357.8
7567.983
7422.467
6974.25
6883.667
7231.783
7197.6
6683.717
6827.267
7294.717
7140.2
7301.45
6956.0
7321.317
7176.133
7382.983
6998.2
7226.983
7141.067
6788.783
6793.867
7204.717
7116.4
6625.517
6119.667
7059.05
7110.467
6633.783
6845.4
7054.25
6857.0
6680.383
6684.8
7025.45
6823.4
6653.717
6304.667
6876.917
6936.8
6211.583
6366.267
6919.05
6722.667
6461.717
6259.0
6861.85
6828.933
6727.317
6333.8
6923.783
6827.0
6768.583
6646.667
6844.05
6684.467
5499.25
5983.933
6726.717
6810.6
6419.517
6161.267
6654.183
6801.4
6132.117
6147.133
6568.25
6513.733
6059.25
6093.6
6587.117
6541.067
5895.45
5904.867
6433.65
6397.667
6129.717
6135.133
6360.25
6277.667
5849.317
6240.267
6352.517
6366.8
5839.717
6076.467
6426.583
6217.867
5755.85
5664.267
6250.983
6286.0
6094.25
5531.133
6306.517
6203.267
5518.45
5619.8
