270.383
72.417
-142.75
154.017
439.65
134.083
201.25
232.95
237.71699999999998
256.15
124.583
-161.317
204.71699999999998
201.75
16.583
-26.717
349.91700000000003
-5.382999999999996
60.917
366.41700000000003
417.983
177.28300000000002
461.58299999999997
147.95
284.58299999999997
205.683
223.05
-130.517
200.517
200.75
325.85
24.617000000000004
283.517
192.683
240.25
16.217
561.783
472.017
91.25
-63.382999999999996
236.25
128.417
-10.417000000000002
179.683
205.71699999999998
237.017
142.05
230.083
213.983
237.15
-42.283
29.483000000000004
605.85
283.017
-17.417
-252.38299999999998
429.983
439.15
25.117000000000004
46.217
371.45
433.817
383.383
220.55
408.117
357.55
151.45
321.08299999999997
388.58299999999997
387.35
313.85
-141.65
434.45
280.617
37.917
75.35
378.383
178.95
135.917
76.217
296.45
493.15
194.25
56.68300000000001
242.183
354.75
28.983000000000004
13.75
237.917
189.15
498.65
-6.25
177.983
214.75
341.58299999999997
-67.25
195.183
246.017
186.583
91.017
409.517
356.95
-235.083
22.549999999999997
396.58299999999997
305.883
220.71699999999998
205.483
457.983
286.08299999999997
7.049999999999997
273.817
101.25
320.883
242.11700000000002
280.55
412.983
288.55
554.917
-231.583
323.717
360.41700000000003
96.583
359.817
384.983
451.75
258.65
95.617
346.783
238.28300000000002
-68.083
109.283
330.317
300.883
134.317
10.417000000000002
407.25
447.35
49.25
-246.11700000000002
347.85
303.95
81.317
137.21699999999998
278.717
414.15
330.517
42.95
294.117
326.41700000000003
-280.483
-140.85
301.91700000000003
206.35
156.38299999999998
-12.716999999999999
332.383
257.683
38.717
213.35
404.783
292.483
250.38299999999998
-114.917
455.383
400.08299999999997
426.317
159.55
489.91700000000003
269.883
153.183
337.35
397.317
78.217
363.383
-168.183
136.917
227.683
6.582999999999998
363.283
585.717
413.617
165.38299999999998
-89.983
488.25
149.017
447.983
18.617000000000004
391.85
360.55
311.85
380.683
524.717
341.483
418.783
298.55
328.65
223.55
382.58299999999997
-352.717
387.05
356.75
166.85
140.083
139.183
319.817
469.783
174.483
239.85
300.217
113.583
-202.85
265.45
379.41700000000003
464.25
178.083
392.05
306.683
38.382999999999996
-313.58299999999997
441.983
239.35
-59.217
6.617000000000004
254.383
184.683
-1012.883
-102.25
129.05
269.15
248.65
-64.05
560.25
394.35
252.117
67.15
269.183
236.017
-106.417
432.35
516.917
273.683
-181.817
29.882999999999996
304.717
325.75
-120.417
349.75
375.517
261.617
393.783
336.41700000000003
336.717
402.08299999999997
248.11700000000002
183.15
372.717
244.083
403.05
25.816999999999993
396.45
434.283
327.517
-70.783
225.65
305.683
74.317
-281.65
371.58299999999997
352.95
247.65
-129.317
348.317
327.617
214.38299999999998
74.483
353.58299999999997
355.08299999999997
-150.817
204.61700000000002
327.783
67.75
-147.15
157.083
268.183
214.95
314.25
162.35
265.65
522.017
98.65
171.15
381.85
528.35
391.183
157.88299999999998
227.317
275.483
94.517
499.283
357.783
213.017
-153.61700000000002
102.617
223.05
294.55
260.383
-2.516999999999996
539.517
553.75
36.983000000000004
291.283
371.05
350.883
233.917
99.683
342.983
393.617
89.383
125.083
301.717
336.95
187.78300000000002
303.95
481.383
439.41700000000003
412.58299999999997
119.15
571.317
181.017
401.05
-122.983
386.783
195.083
-71.017
306.283
355.983
228.817
560.383
415.017
406.91700000000003
292.15
662.383
110.88300000000001
408.11699999999996
312.483
-10.61699999999999
300.683
656.183
436.35
566.85
-16.182999999999993
468.717
388.483
418.58299999999997
227.55
377.983
555.883
-21.483000000000004
267.483
642.317
357.88300000000004
170.183
210.017
384.05
378.75
544.85
205.817
677.65
573.55
726.25
476.283
731.383
542.75
265.05
384.483
431.65
651.0830000000001
821.05
239.21699999999998
754.05
620.617
576.9169999999999
718.217
650.05
550.75
386.117
680.55
523.117
799.75
163.85000000000002
322.217
603.5830000000001
591.55
609.783
440.017
912.65
594.55
743.117
581.75
726.65
682.883
727.5830000000001
352.55
1045.85
513.483
608.183
545.683
878.85
566.55
743.983
640.683
644.25
907.883
827.317
714.55
661.983
920.017
682.383
484.083
987.983
789.683
667.85
608.0830000000001
605.85
707.283
824.783
697.083
921.85
826.217
604.45
554.617
719.05
833.15
726.45
616.883
946.117
516.15
775.783
513.217
726.65
609.15
787.45
888.817
767.45
513.217
826.65
1001.883
486.65
899.883
766.25
796.617
815.317
792.683
640.117
1017.483
1190.45
699.15
723.383
1316.283
953.583
1158.683
543.05
729.483
1201.85
1042.483
1180.317
1247.017
789.717
761.017
879.45
850.0830000000001
1386.383
1210.683
689.9169999999999
1154.35
1052.85
1266.35
1309.917
1136.083
1038.05
1373.75
658.45
925.417
1057.717
1239.95
1549.317
1501.283
1429.45
1394.017
1181.917
1294.883
1315.983
1212.283
847.6500000000001
1048.417
1392.117
1221.417
1479.583
1036.417
1548.05
1440.35
1537.317
1356.017
1508.383
1430.15
1033.05
1477.217
1343.783
1257.083
1196.65
1334.55
1302.917
1430.55
1329.183
1110.017
1431.517
1207.817
1184.517
1078.883
1532.383
1442.15
1380.183
1461.15
1554.317
1307.683
1265.917
1178.55
1436.85
1450.15
1350.183
1085.217
1587.05
1330.017
1373.45
1353.083
1502.317
1406.483
898.05
1343.617
1389.717
1474.483
1497.717
1682.483
1805.717
1618.217
1632.717
1613.683
1745.117
1824.75
1672.45
1748.217
1726.85
1744.35
1904.983
1754.15
2120.25
1610.95
1201.717
1444.883
1650.05
1932.283
1672.383
1765.417
2123.65
1934.417
1846.85
1775.217
2015.317
2067.217
2092.383
1813.283
2178.917
1862.283
1753.25
1631.617
1686.85
1608.35
1908.583
1264.683
1654.383
1789.417
2028.783
1666.75
1998.517
1871.083
2086.85
1901.217
1963.917
2029.35
1997.45
1921.883
2236.117
1790.817
2347.317
2088.75
2120.783
2037.15
1937.383
2131.417
2364.25
1743.75
1857.25
2159.217
2398.983
2117.95
2196.917
1941.55
2025.117
1904.95
1988.917
2133.35
2087.517
2408.417
2668.317
1953.683
2541.983
2522.217
2397.45
2303.95
2349.317
2229.017
2173.983
2480.883
2419.383
2216.617
2010.85
2136.417
2064.317
2032.4830000000002
2356.583
2242.817
2400.517
2612.817
2440.25
2585.217
2791.517
2532.417
2871.65
2692.883
3024.717
2775.883
2626.583
2868.017
2862.45
2765.483
2585.45
2715.017
2543.117
2604.217
2500.917
2690.15
2639.183
2434.017
2097.25
2374.083
2299.383
2322.883
2140.783
2074.083
2357.983
2092.15
2035.25
1733.617
2360.117
1922.683
2257.717
2269.817
2453.917
2932.483
2748.25
3032.15
2878.65
3059.35
3199.85
2813.417
2980.917
2942.617
2655.45
2562.95
2847.717
2710.683
2949.717
2528.083
2773.583
2837.217
2818.583
2978.283
2947.583
2987.283
3154.183
3094.75
3158.25
3150.35
3061.917
2783.15
3096.317
3164.75
3018.117
3250.15
3335.517
3190.95
3071.317
2787.283
3307.183
3194.483
3487.85
3767.95
3853.45
4235.35
4216.717000000001
4065.083
4003.717
3924.083
4026.117
3631.017
4208.517
3872.75
4032.85
3937.35
4185.25
3695.083
3845.383
3992.883
3844.383
3870.817
3665.85
3388.217
3983.65
4082.283
3937.317
4137.617
4296.983
4302.15
4173.45
3940.817
4269.5830000000005
4205.4169999999995
3672.983
3899.683
3869.383
4099.483
3971.917
4220.483
4402.05
4142.35
4008.183
3487.817
3754.183
3832.35
3893.65
3611.15
4034.517
3707.017
3749.45
3526.483
3455.05
3397.017
3332.85
3386.083
3417.783
3530.817
3309.85
3461.15
3208.983
3383.95
3514.783
3620.55
3907.717
4065.817
4177.717000000001
4358.4169999999995
4141.983
4222.883
3784.583
4304.15
4099.45
4124.817
4658.45
4352.95
5047.583
5058.017
4983.317
5185.15
5763.183
5272.083
5397.117
4853.817
5031.783
4939.083
4537.983
4285.15
4341.383
4182.15
3983.05
4077.55
4594.517
4242.017
4485.45
4552.017
5045.117
5021.817
5148.05
4900.683
4719.25
4593.75
4239.05
4073.417
4157.983
3765.083
3623.383
3488.417
3545.517
3454.55
2899.45
3224.483
3220.583
2896.683
2577.917
3348.95
3383.717
3514.883
3817.85
3539.483
4374.05
4592.017
4682.717
4532.083
4610.65
4378.883
4005.05
4169.0830000000005
4085.917
4281.75
4265.05
4081.2169999999996
4637.05
4312.617
4475.25
4374.617
4534.783
4494.417
4397.317
3865.55
4476.45
4324.217
4470.983
4401.683
4316.917
4331.282999999999
4369.85
4370.35
5061.917
5100.017
5099.183
5330.083
5509.917
5590.483
5560.917
5393.15
5725.717
5481.95
5894.383
5477.75
5934.917
6368.483
5659.783
5919.017
6005.917
5775.083
5753.317
5032.75
4923.717
4354.283
4121.117
3210.083
3070.183
2554.017
2397.983
2384.017
2932.783
3210.75
3552.783
4062.883
4414.45
4629.083
4902.917
5334.683
5628.783
6036.883
5910.65
5908.55
6054.317
5481.217
5376.517
5085.15
4706.117
3950.617
3644.583
3358.15
3318.717
3680.35
3831.983
4377.617
5244.383
5508.483
5743.783
6563.083
6805.383
6922.75
7341.517
7039.15
7741.05
7772.617
8207.65
7898.283
7833.917
8266.082999999999
8025.05
8096.617
8242.25
8064.817
8311.117
8081.95
8748.383
8552.483
8671.45
8439.55
8966.25
8813.35
8638.45
8720.35
9240.25
9008.217
8983.184
8746.884
8917.116
8458.217
8535.983
8715.417
8774.65
9203.884
8969.583
9080.816
9109.983
8788.217
8505.384
8296.083
8513.116
8770.35
8932.116
8833.35
8827.45
8829.35
8790.983
8646.55
8562.582999999999
8535.017
8388.184
8478.616
8935.25
8677.283
8889.384
8572.55
8725.05
8922.417
8690.184
9088.15
9223.583
9208.75
9337.384
9398.017
9521.783
9816.684
10076.184
9893.75
9812.116
9739.75
9099.717
8561.684
8723.85
8670.417
8591.183
8500.75
8808.983
9036.75
9154.65
9801.283
9721.917
10321.083
10277.85
10295.95
10285.384
10692.217
10085.184
10213.417
10622.85
10145.017
10189.05
10401.75
10325.45
10153.283
10734.85
10237.95
10565.384
10519.283
10435.517
10148.417
10439.116
10301.283
10320.85
9709.75
10389.85
10180.55
10197.116
9791.816
10181.384
10525.217
10739.184
10389.483
10653.983
10748.884
10535.983
10539.816
10451.583
9447.816
9949.384
9941.816
10011.583
9551.283
10152.25
9981.75
10076.983
9749.017
9752.917
10102.55
10244.65
10154.816
10238.783
9987.217
9751.184
9755.75
9147.717
9393.75
10114.116
9875.083
10022.25
10379.884
10705.85
10731.884
10947.25
10583.684
10720.05
10846.483
10784.184
10354.417
10164.85
9644.417
9870.116
9125.15
9787.717
9974.417
9633.85
9628.616
10431.85
10407.083
9844.316
9887.35
10709.116
10897.884
10606.717
10391.75
10528.517
10601.884
10339.05
10252.684
10519.983
10325.35
10599.116
10888.616
10594.65
10802.217
11088.316
10227.083
10484.45
10352.95
9957.384
10239.083
9537.65
9799.15
9820.384
10776.55
10657.783
10494.55
10488.517
10051.884
10313.45
10272.884
10619.65
10304.35
10071.184
9524.95
9378.85
9098.816
8718.316
8637.083
8031.85
7899.95
7932.183
7914.55
8397.25
8779.816
9697.384
10287.95
11369.583
11500.884
12498.384
11700.95
11171.65
11619.283
11472.384
11322.35
12067.384
12139.483
12341.717
12177.55
12095.65
11454.816
11026.983
10691.083
10911.717
10846.283
12071.917
11507.616
12144.783
12194.55
12480.116
12535.55
12167.65
12889.55
13040.384
13667.35
13528.384
13687.616
13906.65
14266.017
13260.184
13488.217
12905.65
13205.816
13197.783
13573.083
13076.65
12847.083
12388.384
12208.283
12452.116
12145.816
11295.65
12126.95
11950.517
12753.55
12897.717
12952.35
13840.65
13441.15
13120.717
13422.083
13450.45
13224.75
13230.85
13389.417
13841.517
14261.017
14315.583
13964.75
14113.316
15663.95
14464.25
14499.616
14760.05
14175.55
14768.384
14711.75
15313.184
14733.816
14182.583
14522.684
14712.25
14619.616
14111.783
14004.483
15105.65
15521.017
15146.583
14539.95
14844.184
14683.417
14523.983
13686.884
14629.783
14471.15
14072.316
13462.35
14044.25
14312.95
14305.384
13891.283
14903.983
14926.75
14690.65
15106.884
15246.517
15918.217
15214.717
15009.15
15569.25
15127.684
15473.184
14609.95
14959.116
15701.15
15211.983
15383.684
15442.45
14988.283
15224.184
15627.816
16274.917
15970.417
15934.116
16133.616
15980.45
16380.283
16843.783
16405.884
16393.917
15946.417
15989.184
15463.75
15938.917
15537.15
15882.384
15219.217
14831.917
15072.083
14939.25
14663.95
15266.384
14775.017
14915.25
15018.017
14983.184
15066.083
14891.85
15460.75
15931.184
16289.35
15458.45
15530.684
15587.25
15053.35
15817.384
15482.95
16007.783
16033.283
16371.517
16343.083
16535.316
16789.551
16226.184
15757.75
17385.783
16807.684
16684.584
16922.084
17196.449
15988.35
16686.117
15949.217
16940.316
16662.283
15959.316
16504.417
16974.051
16696.018
16835.583
17720.617
17174.383
16590.684
16391.316
16174.35
16067.783
16607.018
17239.117
17170.416
17790.65
17975.416
18340.383
17851.482
17927.916
18296.75
18042.117
18014.949
18072.584
18143.15
18542.717
18198.816
18827.916
18634.283
18753.184
19147.617
18993.783
18957.283
18477.383
18657.883
18956.982
18495.217
18408.117
18213.617
18886.85
18579.883
19600.449
18834.883
18500.117
18983.482
19123.916
19811.816
19890.25
20007.482
19403.518
19641.15
19171.982
19306.416
19054.65
19433.75
19653.518
21425.084
19769.717
20622.617
20966.25
21168.883
20609.717
21911.416
21347.051
21691.949
22410.518
23075.883
21914.25
22444.482
21931.916
22166.283
23810.982
22328.217
22488.982
21643.684
21608.717
21774.75
22385.184
22252.75
22748.316
23473.816
22941.051
23685.15
24349.584
25025.75
25027.184
25224.684
25971.982
26673.35
25984.783
24634.416
25516.449
25676.684
24900.051
25471.35
26023.85
26098.883
25891.316
26345.617
26927.383
26238.15
27714.584
28374.482
27971.518
27415.482
28504.051
28297.617
28430.518
28106.35
28466.916
28616.883
28423.184
28484.084
28067.117
28367.416
29172.783
29994.35
30331.383
30674.416
32055.25
32277.084
31709.916
32414.949
32434.316
32180.15
32164.117
31223.084
32208.584
31406.949
31354.65
32906.883
33479.449
33754.418
33842.852
33992.551
34775.715
33892.551
34163.383
33594.082
33921.715
34169.75
33618.184
34348.352
35044.715
35456.883
35570.316
35696.148
36157.383
36146.484
35584.715
35859.551
35727.715
35788.285
35199.316
35782.75
35862.918
36082.418
36463.582
35947.148
35823.117
36022.148
36101.715
36195.215
36224.184
36516.082
36230.25
36384.418
36686.449
36473.484
35343.516
34719.215
33051.516
31734.617
30826.184
30432.617
30368.449
30845.816
30793.25
32166.084
33791.449
34295.883
34916.648
35030.418
35327.582
36215.75
37179.117
36783.684
37460.715
37464.617
37082.449
36267.016
36049.051
36272.75
36911.852
37128.75
37631.117
38283.949
39153.582
39722.949
39850.918
39904.215
39181.918
39041.684
38529.449
38846.551
38956.918
38897.816
38917.715
38170.082
37787.516
37562.684
36988.785
37029.551
37403.051
37154.75
38614.383
38820.684
39121.184
39772.215
40032.383
39128.418
39352.449
38899.016
38960.984
39294.551
39663.184
40080.352
41068.117
40956.949
41528.184
41050.082
41066.316
40586.484
39807.449
40011.484
39962.184
40124.285
39909.984
40179.684
40765.582
41061.551
40593.648
40680.215
41741.25
41202.816
41637.051
40837.551
41517.715
40959.551
40047.582
39526.418
39188.648
39089.148
39371.25
39633.883
40091.648
41227.883
40944.051
41762.082
41272.316
41252.883
41068.648
40611.016
40287.715
39858.148
39174.785
39341.617
39329.516
39108.75
39318.918
39269.551
39026.25
39078.285
38966.582
39079.883
39589.582
39985.215
39957.316
40465.215
41188.582
41412.949
41354.117
41679.617
41487.715
41407.949
40645.316
40199.016
39722.449
40019.684
40369.516
40112.484
40939.715
41221.352
41847.715
42078.75
42074.449
42050.949
42917.184
43228.617
43770.785
43866.684
43523.918
43334.551
43103.648
43069.75
42320.516
42126.551
42316.051
42276.016
42004.051
41874.215
40949.383
41529.551
41129.117
41537.148
41481.516
42348.418
42831.184
43448.949
43856.117
44148.617
43139.852
43276.75
42724.852
42750.352
43091.785
42719.949
42701.715
42374.082
42725.316
43145.75
43090.051
43272.418
43392.785
43843.551
44324.051
45114.352
44309.449
44219.285
43482.449
43516.816
42709.383
42692.285
42617.918
42370.215
43025.918
43159.484
41298.852
42540.215
42435.984
42076.551
42274.051
41998.684
41895.516
42187.352
42730.516
43043.684
43116.25
42965.484
43160.516
43870.75
43926.316
44229.484
43986.918
43409.75
42074.852
40441.082
39664.25
38122.949
36449.918
35967.484
36666.785
37689.082
40044.918
40735.148
40062.715
40149.949
40368.117
39786.75
40215.582
39645.352
39150.984
40056.617
41300.184
42228.883
42179.25
42608.551
42787.25
43321.418
44063.25
43568.75
43484.582
43516.418
42685.117
43276.285
43687.648
43710.684
43526.051
44439.883
44805.582
44788.484
44905.648
44164.816
43996.449
43692.75
43936.184
43585.816
42823.117
42684.883
42199.25
43185.418
43963.25
44690.484
44418.648
45140.551
46038.516
46319.285
45756.785
45339.75
45670.117
45035.285
44941.715
44232.551
44958.785
45483.684
44965.582
44640.285
44277.785
43164.082
42559.852
40937.816
39790.25
39440.816
39511.715
39924.484
40461.051
41641.816
41897.984
43274.352
43522.051
43541.949
44222.852
44432.75
44893.516
45096.617
45241.918
45714.352
46618.918
45922.016
45491.383
44704.215
44585.918
44422.484
44306.918
44302.215
44317.984
45051.215
46060.918
46080.484
46121.582
46147.148
45996.051
45745.148
45722.984
45728.352
44549.25
43980.484
43571.918
42885.352
42108.383
41616.418
42007.918
42253.215
42730.184
43181.418
43890.051
43963.148
43701.117
43587.148
43767.582
43394.816
43009.918
43175.016
43563.184
44165.285
44318.051
44375.215
44863.449
45415.816
45363.051
45422.016
45228.449
44964.484
44338.117
43577.551
43244.449
42324.551
41274.051
42644.148
42472.516
42818.484
42971.785
43698.949
43750.383
44111.816
43583.648
43624.75
43992.715
43474.484
43338.184
43137.418
43077.25
42707.352
42035.051
41599.816
41717.184
41832.883
41290.184
40623.285
40990.918
40793.285
40546.316
40509.082
40831.852
41096.215
41320.715
41780.551
41987.648
42417.684
42141.184
41930.016
42432.383
42332.684
41108.383
41922.617
41457.516
41481.75
41723.852
41034.883
41234.918
42046.215
42206.715
42661.215
42528.984
42644.816
42580.715
42265.418
42782.648
42248.352
41713.449
41615.215
41927.184
42397.816
42612.582
41829.215
41994.582
41892.816
41477.852
41723.75
41853.25
41788.418
41499.25
41745.75
41456.383
41611.75
41066.516
40771.352
40694.715
40620.883
40852.516
40419.617
41263.051
41543.684
42046.316
41345.285
41527.25
41584.816
41844.25
41700.816
41478.785
41666.816
41623.582
41405.352
41425.984
41462.352
41122.648
40654.551
41054.785
41245.215
41282.648
41228.484
41423.316
41427.684
41317.184
41704.285
41766.184
41976.285
41179.25
40684.551
40944.715
40425.883
40479.051
40241.684
40804.648
41339.484
41125.984
41018.75
41365.449
41217.016
41550.449
41406.75
41439.449
41811.75
41532.25
41549.418
41773.852
41826.883
41718.383
41543.082
40853.051
41064.418
40260.051
40511.148
40559.25
40474.215
40172.516
40251.816
40257.316
40139.883
40173.785
40566.551
40229.051
40820.883
40576.25
40474.352
39978.852
39600.949
39208.648
39394.285
39016.918
38966.949
38688.984
39274.285
39484.383
39578.148
39376.316
38973.684
40079.715
40299.949
40580.984
40631.484
41219.316
41407.352
40698.383
40504.148
40317.383
40301.816
39481.852
39572.484
39892.383
39868.883
40182.117
40090.016
40594.516
40469.75
40610.051
40362.617
40619.316
40285.75
40011.918
39491.816
40064.516
40204.883
39403.117
40312.883
39884.715
40229.148
40417.117
39947.551
40201.984
39811.352
39020.785
38472.016
39027.648
38834.949
38517.785
38909.75
38991.449
39975.215
39659.25
40365.215
40537.918
40244.949
40153.785
40479.082
40865.383
40374.418
39828.582
39584.484
39598.25
39055.016
38885.918
38820.617
39452.785
39492.883
39426.184
39329.215
39957.648
40006.816
39625.316
39397.75
39390.715
38962.215
38315.117
37801.418
37892.25
37906.148
37491.383
37819.75
38209.383
38735.816
38962.184
39088.949
39402.715
39643.285
39992.449
39886.816
40070.051
39840.016
39679.984
40208.352
39614.051
40052.684
39774.184
39304.684
39868.449
39741.949
39939.051
39568.75
39425.051
39354.418
39323.449
38781.617
38966.918
38658.352
38469.715
38750.484
38463.051
38211.148
38211.449
38090.082
38844.715
39112.949
38328.918
38440.949
39063.184
38905.551
38794.582
39311.148
38823.918
38520.75
38418.051
37651.484
38077.184
37253.883
37475.25
37368.484
37403.316
37862.617
37606.25
37952.816
37863.25
37798.75
38118.984
38070.551
38389.117
38287.617
37827.918
37889.082
38043.184
38197.684
37411.715
37787.684
37930.852
37918.684
37373.715
37799.082
38420.582
38057.352
37795.715
38598.484
38603.984
38568.816
38236.785
37821.418
38372.785
37906.285
38095.051
38002.949
37761.984
37959.75
37844.984
37583.082
37932.383
37703.148
37043.648
37179.75
37489.25
37238.75
36625.918
36671.949
36407.648
36280.617
36058.051
35680.148
36284.918
36326.285
35924.785
36818.883
36783.383
36955.883
36941.648
36632.215
37157.785
36959.215
36615.785
36106.949
36589.582
36804.684
35985.383
35217.016
34558.184
33899.285
33318.25
32678.018
32339.316
31722.018
31276.85
32442.816
33021.383
33068.883
33566.25
34298.551
35457.25
35092.082
35508.516
35346.75
35299.051
35483.352
35066.918
34929.016
35104.117
35042.816
34652.516
34739.883
34901.25
35084.684
34838.582
34589.617
34975.582
34749.285
34787.051
34553.949
34987.383
34980.816
34587.516
35176.285
35025.516
34850.551
34458.918
34176.352
34236.984
34169.285
34082.785
34240.082
34027.648
34402.016
34483.449
34244.484
34433.117
34926.684
34608.582
34350.617
34631.117
34780.551
34618.383
34760.418
34718.785
34282.082
34103.785
33983.949
34203.852
34096.816
33344.516
33730.215
33570.316
33848.617
33687.918
33538.883
33660.184
33759.75
34041.852
33585.551
33789.051
34050.949
33477.516
33755.617
33761.918
33653.418
33122.25
33139.418
33111.316
33183.75
33273.184
33149.217000000004
33091.982
33088.285
32508.518
32811.551
32563.783
32818.15
32396.117
32724.283
33306.982
32951.617
33389.383
33341.082
33233.449
33622.418
33401.715
33468.352
33519.984
33419.551
33576.449
33410.215
33557.051
33295.617
33536.785
33304.551
33719.785
33047.082
33220.117
32943.285
33175.316
33311.883
32942.584
32729.75
32801.717000000004
32820.352
32794.316
32916.217000000004
32959.916
33034.285
33006.582
32923.484
32840.65
32531.883
32052.783
32024.617
32207.916
31726.084
31406.051
31524.617
31991.184
31874.15
31420.65
31476.283
31830.982
31619.551
31292.717
31069.217
31340.316
31174.217
30789.051
30319.416
30700.051
30771.551
30711.65
30938.15
30849.518
30880.15
30329.85
30528.084
30132.184
30038.816
29309.717
29199.617
29250.783
28822.283
28769.518
28114.617
28485.051
28151.949
27613.85
26897.35
26739.783
26872.684
26709.117
26138.15
26415.449
26305.35
26551.85
26617.949
27215.65
27582.217
28398.383
29077.217
29136.916
29389.883
29347.117
29620.35
29469.184
29061.217
29188.916
28970.283
29221.65
28940.018
29247.85
29358.217
29643.518
29581.217
29779.65
29690.949
30111.051
29977.816
29724.184
29959.35
30256.65
30039.217
29765.982
29580.217
29975.584
29802.416
29535.184
29491.75
29585.584
29644.018
29948.051
29198.283
29757.982
29714.551
29797.65
29595.482
29829.916
29632.816
29234.518
29219.018
29415.584
29532.551
28863.117
28816.283
28965.383
28711.283
28631.584
28852.949
28983.051
28648.75
28573.916
28331.018
28320.584
28332.75
28387.184
28375.35
28309.916
28238.416
28300.316
28193.217
28075.25
28053.283
27872.584
27308.35
27746.584
27257.482
27392.717
27357.283
27513.717
27272.35
27418.25
27351.482
27428.051
27758.15
27531.25
27817.482
27683.184
27906.084
27663.584
27186.75
27366.783
27171.283
27023.25
27233.15
27098.584
27104.617
27143.982
27012.816
27427.85
27887.684
27424.982
27968.617
28103.717
27844.949
27985.982
27678.684
27917.584
28053.551
28123.184
28342.416
28439.051
28758.949
28690.184
29027.617
29403.982
29639.416
29086.051
28975.15
29327.982
29787.949
29615.117
30085.018
30268.85
30643.75
30456.717
30542.617
30453.184
30169.084
29496.051
28434.35
27966.85
27634.684
27357.584
27077.15
26880.316
26859.551
26754.982
26644.684
26870.449
26782.617
26788.65
26741.482
27112.25
26829.15
26699.051
26370.416
26379.449
26576.018
26156.25
26442.283
26317.449
26531.15
26497.383
26617.35
26706.184
26933.283
26541.184
26668.15
26991.184
26834.15
26215.449
26528.416
26930.65
26764.15
26383.518
26603.283
26911.783
26345.684
26735.25
26102.684
26433.316
26060.35
25879.916
26028.816
25854.184
25954.283
25699.916
25198.551
25878.316
25942.482
25614.982
25589.949
25804.316
25612.283
25952.184
25386.35
25601.65
25638.416
25773.316
25784.482
25892.584
25634.084
25752.184
25897.416
26144.449
25704.816
25291.916
25320.018
25581.916
25685.283
25460.051
25562.684
25427.916
25650.482
25424.25
25369.416
25467.783
25406.217
25022.717
24735.684
25374.85
25169.684
24697.184
24613.018
25050.916
24690.617
24644.449
24778.684
25016.982
24699.15
23752.383
24515.816
24932.65
24557.217
24504.65
24097.883
24423.916
24470.551
24745.184
24662.684
24569.184
24286.084
24350.982
24329.15
23783.117
23598.816
23085.85
23365.15
22888.584
23314.75
22873.982
22958.75
24229.783
23954.684
23946.117
24552.283
24383.316
24429.75
23998.518
23807.75
23636.051
23661.551
23388.916
23471.283
23573.982
23574.482
23207.916
23426.617
24050.65
23591.482
23077.916
23414.416
23697.184
23733.883
23427.117
23560.482
23683.449
23347.217
23049.518
22653.816
23071.85
22654.217
22619.916
22143.949
22203.25
22250.283
21585.65
21144.283
21034.584
19694.283
18962.449
18176.35
18384.783
18375.283
18434.982
18673.217
19450.783
20281.816
20707.783
20754.35
20950.051
21585.35
22049.85
21933.217
21626.717
22076.551
21984.316
22089.283
22084.518
21701.617
21378.783
21229.416
21720.518
21590.018
21119.982
21794.084
21763.117
21885.883
21987.85
21888.949
21994.982
21947.482
21701.65
21846.283
21939.85
22122.482
21667.316
21647.75
22079.25
22166.35
22020.518
22074.283
22234.584
22217.949
22065.383
21584.283
22063.783
22020.084
21671.051
21469.35
21733.449
21872.084
21711.051
21255.482
21524.783
21778.551
21231.916
21861.617
21993.982
21936.816
22321.65
22066.816
22142.316
22139.617
21917.449
22037.15
21995.383
21934.15
21543.584
21625.283
21693.316
21769.949
21676.051
21700.75
21943.717
21970.551
21664.65
21424.75
21713.916
21577.217
21790.85
21343.416
21850.383
21691.617
21862.783
21865.15
21947.783
21887.816
21470.449
21155.084
21707.717
21548.75
21741.316
21352.75
21270.85
21368.416
21294.117
21566.35
21329.316
21317.816
20762.85
20838.617
20913.051
21197.018
20290.051
20636.949
20802.117
20817.018
20616.783
20457.416
20826.051
20809.084
20589.449
20721.684
20786.916
20976.416
20245.383
20456.617
20976.518
20988.35
20642.65
20518.15
20637.717
20863.949
20438.584
20444.283
20566.916
20522.416
19961.518
20248.018
20280.916
20082.617
20061.982
20175.416
19891.584
20622.416
19991.717
19875.35
20009.316
20021.35
19895.316
19360.018
19847.449
19934.816
19618.383
19356.15
19818.717
19700.617
19579.184
19099.551
19604.783
19607.35
19525.184
19558.617
19235.916
19511.084
19345.783
18891.816
19214.051
19017.816
19037.117
18534.551
18957.982
18887.482
18242.184
17920.35
18686.449
18501.684
18299.584
18213.35
18455.25
18312.949
18010.316
17900.75
18565.316
18271.416
18116.783
17942.617
18410.717
18012.482
17850.184
17743.018
18322.449
18137.617
17844.449
17834.217
17984.383
17697.883
17342.85
17011.15
17528.982
17581.482
17569.051
17804.217
17917.783
17779.551
17184.25
17850.551
17631.117
17552.883
17528.316
17407.283
17332.051
17501.217
17029.316
17035.283
16418.917
15772.483
15087.983
14375.616
14014.583
13867.684
13862.45
13797.083
14665.65
15149.017
15322.384
15738.35
16007.25
16053.283
16170.25
16072.616
16223.116
15697.816
15725.116
14957.55
16021.917
15958.417
15700.717
15611.35
16009.05
16241.884
16385.85
16099.684
16488.583
16694.75
16362.583
16419.15
16772.982
16755.217
16764.65
16873.482
17024.051
17014.551
16746.051
16354.416000000001
17262.383
17022.949
17011.316
16607.816
17275.117
17398.283
17165.25
17369.416
17381.584
16909.816
17146.783
16748.283
17310.982
17206.084
17101.383
17018.35
17068.717
17258.816
16837.65
17387.617
17342.25
17405.617
17374.051
16932.75
17643.316
17607.283
17205.85
17345.75
18031.85
17728.217
17432.65
17982.551
18171.051
17802.883
17585.916
17718.217
17396.65
17542.15
17065.717
17211.949
17502.383
17408.283
17415.051
17872.35
17511.982
17663.15
17051.184
16879.551
17799.518
17630.15
17435.383
17598.416
17408.85
17477.883
17578.916
17294.15
17335.717
17312.617
17266.051
17212.617
17397.117
17052.018
17185.051
17004.949
17403.383
17151.217
17265.383
17185.283
17641.383
17209.684
17286.982
17159.416
17386.051
17618.416
17638.584
17486.949
17429.383
17342.35
17185.184
17439.084
17600.85
17703.883
17659.584
17291.617
17912.916
17779.816
17732.584
17251.816
17775.383
17681.35
17460.982
17363.75
17481.518
17621.816
17737.051
17611.018
17686.449
17411.35
17521.916
17710.883
17429.449
17498.75
17394.117
17248.018
17347.982
17480.084
17227.117
17174.416
17291.518
17559.217
16613.584
17388.35
17405.85
17358.217
16617.717
17038.217
17346.117
17396.684
17276.117
17305.75
17281.383
17381.684
17105.518
16990.35
17388.916
17130.684
17221.584
16905.35
17161.717
17192.684
16836.117
16766.684
17112.25
16666.35
16707.518
16536.816
16860.982
16738.816
16422.449
16709.084
16704.25
16435.684
16573.25
16759.217
16534.583
16511.75
16282.184
16293.35
16618.517
16290.017
16417.316
16076.217
16210.384
16259.017
16122.05
16200.483
16041.65
15966.35
15915.316
15871.483
16109.384
16072.75
16033.983
15152.816
15458.45
15339.417
15219.517
14655.55
14608.583
14661.35
14302.983
13716.017
14281.517
14111.083
13308.384
13711.083
13615.116
13293.684
13410.783
12898.083
13027.25
12861.417
12617.917
12731.816
12985.717
12846.483
13008.05
11767.95
12578.717
12654.483
12160.65
12459.616
12702.116
12791.684
12481.25
12925.95
13075.116
13113.283
13290.517
13681.283
13639.65
13489.684
13588.45
13341.816
13348.384
13523.417
13518.05
12954.35
13423.983
13281.884
12947.184
12388.483
12739.85
12554.217
12246.983
12181.483
12073.85
12148.483
11943.65
11841.816
12204.316
12213.684
12070.717
12051.816
12181.583
12032.684
11917.316
11846.884
12277.65
12081.684
11732.717
12193.816
12595.583
12346.684
12059.45
12200.217
12159.517
12211.483
12159.116
12060.75
12105.583
11865.75
11328.45
11882.083
11734.116
11910.283
11973.85
11495.816
12027.717
11873.75
11178.05
11475.217
11688.184
11543.217
11600.65
11833.816
11952.517
11936.35
12105.983
12015.95
12137.85
11976.15
11952.116
11685.816
11891.65
12004.083
11691.184
11700.017
11963.517
11939.483
11660.45
12130.816
12132.583
12259.017
11844.45
12038.95
12198.917
12128.217
12334.25
11647.35
12149.717
12023.75
12234.45
11772.217
12467.583
12201.35
12333.717
11966.616
12516.65
12444.017
12116.65
11915.017
12159.45
11941.15
11844.25
12063.816
12000.717
11875.35
11554.517
11513.884
11747.583
11930.616
11783.583
11951.217
11904.45
11745.217
11526.45
11737.283
11847.45
11708.816
11999.583
11380.35
11690.116
11956.35
11926.983
11612.15
11688.184
11273.684
10944.517
11413.684
11333.184
11376.217
10589.983
11157.017
11423.583
11250.684
10984.45
11319.417
11551.05
11160.55
11297.517
11140.217
11408.783
11054.017
10792.517
10767.816
11106.583
11017.95
10610.583
10892.816
10899.917
11047.35
10867.184
10921.55
11008.517
10822.616
10660.25
10883.95
11009.05
10936.35
10796.65
11149.684
10862.583
10976.417
10875.983
10695.884
10852.783
10830.017
10681.116
10554.083
10591.184
10681.217
10387.05
10282.75
10767.384
10765.884
10446.116
10518.616
10782.583
10740.884
10342.316
10410.884
10621.316
10407.217
10211.983
10594.816
10549.85
10338.684
10544.384
10358.75
10408.983
10345.616
10081.85
9749.417
10422.05
10052.15
10285.717
10107.483
10216.116
10042.217
9984.45
9813.816
10162.316
10041.684
9940.116
9681.017
9940.25
10009.884
9828.517
9769.616
10062.184
10052.217
9510.25
9671.95
9983.583
9966.15
9256.517
9438.083
9848.517
9793.884
9668.917
9360.483
9891.85
9803.283
9736.25
9486.017
9638.783
9471.75
9312.917
9510.483
9655.25
9444.283
9276.917
9337.616
9777.783
9753.55
9545.184
9265.083
9378.05
9492.017
9321.116
9163.95
9500.783
9384.417
9390.05
9046.884
9241.583
9362.017
9304.517
9140.616
9332.384
9135.616
9566.05
8848.417
9295.384
9202.217
8998.25
8574.35
9302.116
9223.95
9240.717
8960.15
9049.783
8895.483
8999.517
9129.95
9410.85
8596.083
8920.783
8694.55
9001.184
8424.15
8035.917
7426.883
7220.717
6467.283
5702.583
5161.217
4588.917
3875.95
3504.117
2862.617
3185.517
3087.017
2813.05
2997.35
3880.583
4054.15
4019.05
4978.417
5469.25
5735.35
6043.05
5376.283
6146.45
5756.017
5599.183
5273.15
5081.983
5184.95
4878.717
4658.017
5018.517
5098.75
5071.517
4820.15
5555.517
5337.95
5374.117
5987.083
6018.25
6237.817
5900.583
6407.083
6563.25
6513.883
6535.717
6762.017
7036.45
7046.283
6572.183
6846.35
7376.85
7353.483
6957.317
7441.35
7688.383
7819.417
7723.383
7719.417
8190.45
8156.483
7562.717
7668.817
8353.517
8443.75
8263.117
7997.683
8492.517
8333.95
8116.65
8123.283
8613.25
8404.017
7532.983
8381.817
8550.05
8646.483
8294.45
8068.15
8593.05
8494.75
8313.517
8211.483
8346.717
8477.95
8051.383
7900.083
8816.983
8406.883
8205.183
8247.817
8537.05
8455.417000000001
8298.917000000001
8281.483
8482.917000000001
8439.75
8280.85
8216.483
8528.45
8524.217
8346.517
8246.017
8589.65
8508.616
7956.717000000001
8188.35
8475.317
8396.616
8014.317
7971.217
8368.05
8225.15
8290.183
8038.617
8322.717
8419.617
8134.983
7658.417
8454.85
8344.75
8346.05
8134.417
8642.05
8387.883
8179.717
7982.15
8458.85
8258.217
7804.783
7664.95
8306.65
8237.35
8244.317
7648.483
8344.45
8212.017
8059.917
8147.217
8323.117
8288.35
8112.783
8029.15
8550.383
8302.15
7499.183
7853.15
8453.65
8214.883
8212.783
8035.417
8444.317
8320.082999999999
7878.517
7696.083
8237.317
8117.083
8061.05
7964.75
8250.05
8221.483
8100.317
7636.217
8300.983
8220.683
7890.05
7566.483
8181.783
8298.483
8008.25
7918.217
8248.717
7891.617
7845.583
7971.017
7987.117
7903.283
7783.45
7566.483
8142.25
7977.683
7625.717
7550.883
8023.25
8158.817
7461.05
7563.75
8012.317
7934.683
7972.85
7722.35
7952.317
7870.617
7802.583
7506.617
8113.317
7901.95
7618.717
7597.283
7940.583
7889.15
7695.783
7218.283
7847.783
7783.017
7658.317
7170.55
7922.383
7730.083
7237.717
7644.083
7718.05
7675.083
7230.45
7346.217
7495.917
7636.417
7389.117
7362.483
7670.517
7414.483
7377.25
7173.883
7494.183
7537.35
7059.05
6987.35
7480.917
7451.283
7165.183
7102.217
7174.183
7348.417
6908.85
7082.817
7132.517
7162.35
7003.583
6785.017
7323.05
7201.883
6834.183
6489.617
7058.85
7219.15
7042.983
6743.817
7069.717
7027.083
6358.85
6755.083
7187.25
6815.75
6664.85
6748.283
6959.117
7002.217
6614.65
6485.217
6901.917
6991.35
6821.117
6708.75
7019.05
6842.75
6549.45
6295.683
6906.917
6743.95
6985.983
6466.483
6947.583
6909.617
6388.183
6441.283
6919.317
6736.55
6551.05
6617.35
6881.05
6823.817
6392.05
6351.817
6956.983
6694.217
6556.517
6601.417
6845.05
6677.483
6263.05
6149.217
6527.317
6475.15
5967.917
6087.217
6599.717
6431.55
6605.117
6262.55
6606.383
6464.083
6673.583
6291.15
6540.717
6431.35
6078.25
6083.683
6518.65
6384.15
5938.85
5405.75
6369.583
6400.883
5937.583
6127.817
6368.983
6191.217
6013.717
5969.017
6325.117
6150.217
5965.85
5622.617
6188.917
6255.95
5524.983
5691.483
6265.05
6043.75
5787.05
5571.55
6165.45
6128.417
6052.383
5633.217
6232.383
6136.817
6085.05
5963.283
6160.783
6010.95
4789.583
5277.817
6065.117
6131.683
5767.117
5495.483
5999.317
6120.417
5470.983
5473.083
5931.25
5891.35
5420.117
5443.817
5910.583
5900.483
5255.917
5242.617
5791.117
5764.883
5489.117
5499.883
5739.783
5648.417
5244.783
5608.417
5717.783
5753.683
5204.85
5443.217
5846.183
5607.217
5146.383
5046.15
5655.717
5672.35
5514.85
4959.417
5735.383
5608.75
4940.25
5080.817
