267.1
67.567
-137.833
151.1
440.16700000000003
122.63300000000001
201.1
232.167
235.63299999999998
254.833
121.967
-163.833
206.9
205.767
25.833
-45.367
336.3
-11.566999999999993
62.43300000000001
358.033
419.567
174.9
466.367
159.233
279.567
198.767
214.767
-132.5
188.233
189.167
317.1
21.233000000000004
283.567
192.1
239.233
16.233000000000004
551.833
470.3
84.5
-68.1
244.36700000000002
116.9
-11.566999999999993
183.567
196.36700000000002
224.3
145.233
224.833
207.5
242.3
-47.233000000000004
29.367000000000004
606.033
275.967
-19.167
-268.7
427.9
437.233
23.833
40.833
371.83299999999997
423.767
375.033
216.03300000000002
418.5
361.83299999999997
148.5
317.633
391.233
381.83299999999997
328.16700000000003
-149.833
432.033
281.633
32.3
68.567
379.233
181.9
137.96699999999998
61.632999999999996
294.7
486.633
194.63299999999998
60.632999999999996
235.433
329.7
21.900000000000006
1.766999999999996
244.36700000000002
209.9
490.233
-5.632999999999996
176.567
212.63299999999998
333.433
-64.167
192.7
249.03300000000002
196.7
89.367
414.367
359.5
-236.36700000000002
13.832999999999998
404.767
298.3
220.03300000000002
204.96699999999998
455.9
278.567
-8.233000000000004
268.233
94.5
322.967
247.233
272.9
396.767
263.633
542.633
-234.567
328.3
363.7
103.5
358.433
390.233
447.567
249.167
99.5
344.233
239.03300000000002
-73.767
103.567
328.433
302.767
129.36700000000002
-2.566999999999993
400.433
435.5
49.3
-251.167
340.567
310.233
76.3
137.833
266.433
420.967
327.5
46.43300000000001
284.767
321.633
-287.567
-141.36700000000002
298.967
201.9
162.833
-13.566999999999993
328.033
267.5
45.632999999999996
205.7
397.433
286.767
239.367
-122.633
448.633
402.967
418.967
146.5
487.1
267.3
150.1
328.967
400.633
73.833
364.033
-174.36700000000002
131.5
227.36700000000002
-3.9669999999999987
353.767
580.833
417.9
151.433
-93.833
491.767
148.167
447.567
18.632999999999996
389.767
350.3
315.7
386.567
522.367
341.5
421.16700000000003
299.83299999999997
328.967
216.7
376.3
-348.233
383.567
353.033
167.567
134.1
138.36700000000002
319.7
473.633
176.03300000000002
238.96699999999998
293.7
116.033
-211.5
267.967
380.567
458.16700000000003
174.1
387.633
295.233
41.56699999999999
-325.233
433.367
236.567
-71.567
11.5
248.7
185.433
-1003.5
-99.633
121.233
269.967
238.9
-69.633
556.567
397.767
262.033
59.766999999999996
262.3
216.233
-122.1
420.233
517.567
268.5
-187.3
33.43300000000001
306.567
318.3
-122.433
338.7
374.1
250.96699999999998
388.233
328.433
320.5
404.233
244.5
172.433
359.367
242.36700000000002
400.83299999999997
18.766999999999996
391.233
426.567
332.433
-82.633
215.5
297.633
73.967
-286.7
366.3
336.3
251.233
-124.833
341.767
330.3
209.433
74.367
353.967
350.767
-161.03300000000002
210.5
332.5
59.766999999999996
-146.5
162.1
261.233
211.9
306.033
164.567
262.3
514.367
88.567
165.1
380.9
529.433
385.7
161.63299999999998
219.63299999999998
282.83299999999997
89.9
493.7
351.767
207.233
-160.03300000000002
102.5
216.5
286.7
262.7
-16.167
542.767
546.767
19.433000000000007
286.367
373.633
344.967
233.5
98.967
338.433
389.433
82.233
123.433
298.83299999999997
331.3
175.03300000000002
300.9
484.433
439.7
412.3
104.3
570.767
184.7
396.16700000000003
-122.69999999999999
380.233
192.767
-80.43299999999999
299.633
353.967
215.833
553.5
405.63300000000004
390.033
282.83299999999997
646.433
105.96700000000001
397.83299999999997
305.5
-20.5
293.233
651.167
429.63300000000004
559.633
-27.099999999999994
457.9
386.16700000000003
402.967
213.433
365.767
551.367
-22.432999999999993
250.033
632.633
352.7
163.1
197.633
376.233
371.1
533.833
204.367
673.1
567.233
711.633
464.967
716.367
536.767
258.1
368.167
421.233
637.633
811.9
235.7
743.033
614.3
567.1
713.7
632.5
536.5
393.1
681.5
525.033
787.1
154.83300000000003
324.033
600.3
574.033
599.633
435.833
922.633
591.7
752.1669999999999
584.8330000000001
722.3
687.433
718.1
361.433
1043.367
502.5
600.567
537.033
875.633
557.633
739.033
625.033
636.233
902.5
820.367
708.233
655.3
919.033
677.1669999999999
484.5
992.767
767.8330000000001
664.967
601.567
606.633
705.3
819.3
695.3
927.167
824.567
594.633
556.367
717.1
832.967
725.567
606.9
946.167
522.567
777.1
509.5
724.9
617.3
784.3
889.567
770.233
512.167
820.567
1003.233
484.567
908.1
758.033
791.567
814.433
800.233
647.7
1008.633
1209.833
714.567
743.433
1327.833
959.633
1169.567
553.567
741.233
1216.367
1046.233
1182.9
1258.767
803.1
762.1
883.433
865.9670000000001
1399.567
1216.233
705.433
1175.633
1065.433
1279.633
1310.5
1142.5
1051.9
1388.567
666.7
959.9000000000001
1072.3
1243.3
1566.767
1512.233
1452.567
1394.167
1207.833
1308.367
1329.7
1245.967
855.433
1077.567
1417.9
1222.167
1502.167
1055.433
1557.767
1448.967
1557.567
1383.033
1526.433
1440.833
1048.833
1511.367
1363.433
1277.1
1219.7
1342.967
1325.433
1450.3
1361.7
1133.367
1453.7
1239.967
1219.033
1093.1
1562.5
1455.833
1399.167
1476.7
1594.567
1326.1
1297.833
1190.033
1463.567
1498.033
1371.633
1119.967
1597.767
1361.167
1392.767
1384.5
1523.367
1416.367
917.5
1362.633
1433.567
1505.833
1529.7
1718.767
1841.3
1653.3
1680.367
1644.033
1786.767
1846.433
1693.7
1784.033
1775.167
1785.433
1949.3
1784.5
2182.367
1647.567
1226.7
1483.1
1691.367
1987.5
1711.233
1810.367
2156.633
1968.833
1887.233
1818.1
2063.3
2110.9
2135.7
1839.767
2211.7
1903.7
1779.233
1672.167
1712.233
1625.3
1943.367
1298.967
1694.233
1824.9
2063.5
1716.1
2030.767
1930.167
2127.433
1936.767
2010.167
2083.5
2056.7
1978.433
2270.567
1847.5
2390.033
2146.033
2164.5
2080.567
1984.567
2167.767
2404.967
1788.833
1895.767
2221.167
2455.033
2158.967
2239.9
1998.767
2062.567
1948.567
2041.9
2181.167
2146.367
2446.1
2720.7
2014.3000000000002
2613.167
2578.767
2458.3
2357.9
2404.5
2271.833
2229.233
2533.433
2481.433
2271.633
2065.7
2179.5
2112.1
2094.033
2421.1
2298.7
2459.967
2683.567
2495.1
2632.1
2859.3
2589.433
2911.9
2767.167
3100.7
2852.167
2685.433
2927.967
2934.7
2834.9
2641.233
2791.1
2596.433
2689.233
2554.433
2728.767
2707.233
2502.633
2159.633
2427.5
2357.433
2377.9
2210.967
2146.167
2402.167
2156.767
2087.7
1786.033
2400.167
1972.567
2294.3
2317.9
2529.033
2990.033
2796.967
3098.167
2968.433
3138.7
3252.233
2874.367
3056.367
3007.967
2718.433
2619.967
2915.567
2777.633
3024.567
2587.167
2849.5
2902.1
2879.7
3052.767
3019.967
3054.367
3230.433
3175.1
3229.167
3230.5
3120.033
2857.1
3180.833
3249.833
3089.967
3338.3
3409.7
3273.367
3156.367
2850.9
3386.633
3270.633
3577.967
3856.633
3959.433
4330.5
4327.3
4171.8330000000005
4102.967000000001
4016.167
4130.1669999999995
3725.833
4304.967000000001
3984.1
4135.633
4060.3
4288.233
3790.9
3964.633
4087.7
3907.9
3975.633
3748.433
3474.7
4090.567
4173.1669999999995
4072.233
4265.233
4407.033
4399.367
4292.9
4036.9669999999996
4374.367
4297.433
3790.033
4001.5
3975.767
4205.032999999999
4082.967
4323.233
4502.7
4244.5
4110.3
3571.233
3841.633
3945.633
3990.1
3723.633
4155.433
3809.7
3830.833
3621.633
3538.767
3477.033
3407.633
3487.9
3493.567
3628.7
3395.967
3548.967
3298.833
3487.367
3624.633
3704.833
4028.5
4180.967000000001
4282.633
4451.767
4245.8330000000005
4341.233
3903.1
4419.5
4214.9
4228.167
4757.3
4453.767
5143.567
5181.033
5115.367
5335.167
5906.5
5406.233
5549.3
4989.7
5155.967
5079.1
4648.233
4391.833
4444.233
4293.233
4080.167
4209.967
4716.033
4341.7
4621.167
4664.167
5174.567
5151.433
5282.633
5027.633
4841.767
4709.433
4335.9
4180.233
4262.9
3850.5
3717.033
3563.767
3618.7
3554.967
2963.767
3306.9
3305.367
2980.1
2639.233
3412.833
3452.367
3584.033
3908.367
3656.433
4483.5
4709.367
4798.1
4623.633
4707.5
4500.167
4115.1669999999995
4255.967000000001
4196.967000000001
4371.5
4375.1
4195.233
4746.633
4427.3
4619.567
4474.3
4655.567
4596.967
4513.1
3971.9669999999996
4577.1
4447.033
4587.833
4503.233
4409.433
4449.033
4485.167
4496.3
5175.567
5239.567
5239.167
5494.833
5670.367
5740.7
5700.233
5552.033
5856.233
5629.367
6047.7
5637.3
6088.833
6519.767
5830.1
6071.767
6169.967
5922.033
5907.367
5170.5
5053.033
4484.567
4224.8330000000005
3308.967
3144.233
2646.833
2447.1
2456.433
3009.1
3269.233
3643.967
4141.9
4508.367
4727.3
5013.367
5461.1
5796.9
6195.7
6055.433
6054.367
6198.033
5643.167
5518.233
5209.033
4831.967
4058.9
3729.433
3435.233
3401.1
3762.167
3922.433
4486.433
5376.033
5682.1
5908.567
6759.633
7028.433
7118.033
7546.167
7237.033
7951.567
8009.1
8386.167000000001
8134.167
8037.967
8508.1
8251.3
8315.633
8441.433
8295.967
8552.9
8345.233
8976.033
8805.9
8923.833
8716.967
9174.833
9047.767
8890.5
8960.167
9485.233
9276.833
9201.033
8997.167
9148.434
8669.3
8762.033
8912.833
9010.7
9443.767
9170.434
9296.167
9350.7
9029.167
8736.833
8535.634
8734.1
8997.3
9168.566
9068.233
9067.233
9075.7
9022.9
8840.7
8785.233
8783.366
8612.833
8681.3
9160.9
8913.366
9107.767
8779.434
8935.967
9155.634
8935.1
9315.033
9471.9
9499.434
9579.434
9698.1
9756.3
10094.366
10362.634
10152.7
10094.634
10027.167
9339.233
8804.434
8949.9
8918.366
8837.967
8720.767
9043.9
9268.967
9423.9
10086.233
9988.366
10597.3
10540.833
10570.1
10581.5
10966.233
10355.5
10465.566
10896.434
10407.967
10474.434
10674.967
10617.366
10457.833
11029.566
10548.7
10878.5
10853.566
10735.167
10433.566
10729.5
10563.233
10578.5
9979.634
10642.9
10473.7
10458.3
10059.033
10442.7
10813.566
11020.366
10645.033
10912.9
11027.967
10798.5
10801.1
10751.9
9739.366
10174.366
10208.033
10281.167
9812.967
10406.3
10218.1
10295.366
10024.233
9987.233
10351.3
10502.3
10408.3
10479.7
10238.1
10003.3
9996.9
9398.033
9665.833
10384.833
10137.366
10280.967
10653.9
10996.167
11047.967
11207.167
10860.233
10963.833
11134.5
11063.7
10614.167
10431.366
9923.033
10090.1
9359.833
10044.233
10250.233
9905.434
9891.7
10694.033
10702.967
10136.3
10193.833
10994.566
11200.566
10879.167
10693.634
10795.233
10877.833
10604.167
10541.9
10774.1
10594.033
10859.3
11152.434
10820.967
11086.033
11365.634
10463.566
10757.9
10596.634
10201.233
10487.1
9781.833
10057.566
10074.833
11043.434
10942.1
10776.5
10779.233
10280.1
10582.634
10549.233
10886.033
10548.366
10338.167
9771.366
9600.434
9271.833
8935.7
8852.7
8204.767
8083.767
8123.1
8078.1
8595.3
8996.434
9926.7
10522.3
11656.167
11777.033
12789.366
11992.033
11442.767
11864.434
11748.5
11552.033
12345.7
12434.9
12661.366
12512.3
12378.967
11734.634
11306.3
10972.767
11198.1
11112.1
12370.366
11827.1
12462.9
12533.767
12821.5
12857.634
12521.767
13208.7
13379.366
13978.9
13882.167
14025.3
14274.3
14625.167
13613.5
13829.7
13204.767
13517.5
13485.5
13905.767
13374.7
13125.434
12683.366
12500.033
12747.767
12445.366
11574.9
12429.634
12297.366
13084.233
13261.233
13308.5
14208.1
13785.833
13465.1
13764.7
13757.967
13559.7
13528.9
13719.5
14135.366
14579.566
14634.566
14278.9
14432.233
16005.634
14802.033
14864.3
15095.634
14485.7
15094.566
15034.233
15668.5
15097.767
14548.9
14854.1
15100.233
14969.033
14466.7
14367.7
15452.9
15906.833
15556.566
14901.7
15230.366
15057.1
14935.167
14080.566
14990.833
14847.833
14479.434
13763.366
14412.167
14651.634
14652.033
14206.434
15268.833
15294.566
15057.5
15443.1
15591.3
16318.5
15603.7
15395.634
16009.167
15555.233
15876.1
14999.7
15340.566
16044.9
15599.7
15753.434
15776.033
15360.233
15583.5
16012.767
16647.366
16352.566
16345.7
16501.9
16358.434
16762.834
17253.768
16802.367
16706.833
16331.434
16353.1
15835.366
16276.767
15885.1
16243.233
15585.434
15170.833
15411.033
15358.634
15005.167
15579.434
15116.167
15251.3
15361.9
15333.7
15421.167
15247.634
15803.167
16278.167
16644.9
15793.366
15883.634
15942.5
15374.767
16250.1
15836.833
16409.434
16377.967
16740.166
16766.967
16877.9
17124.967
16583.833
16148.233
17779.633
17168.9
17092.699
17339.033
17585.367
16370.366
17096.633
16351.5
17320.9
17037.566
16311.967
16878.5
17378.1
17063.434
17204.699
18150.566
17548.5
16962.434
16781.9
16565.967
16457.033
16997.434
17671.232
17550.301
18235.566
18404.033
18742.633
18273.967
18303.5
18717.367
18449.1
18440.5
18461.566
18510.699
18959.5
18625.566
19313.166
19070.5
19179.033
19634.367
19468.834
19428.9
18935.5
19090.1
19367.967
18960.033
18815.834
18626.1
19327.232
19009.5
20019.566
19264.699
18864.1
19376.566
19535.1
20256.5
20307.033
20418.301
19854.699
20069.367
19551.434
19715.834
19500.9
19909.033
20102.699
21879.301
20210.367
21096.166
21401.699
21600.033
21060.367
22343.1
21823.9
22126.166
22926.166
23583.232
22382.301
22929.967
22393.699
22671.633
24323.834
22799.434
22975.1
22123.1
22081.566
22222.1
22857.033
22680.699
23247.5
23955.566
23393.834
24172.367
24838.699
25530.633
25499.434
25756.033
26489.1
27197.834
26528.434
25142.434
26032.633
26207.768
25423.1
25954.9
26628.033
26633.5
26478.633
26921.301
27551.033
26845.434
28331.967
29003.967
28571.967
28035.633
29133.967
28942.033
29011.033
28694.699
29047.699
29216.166
29006.699
29059.367
28620.301
28934.301
29809.9
30568.1
30984.367
31305.301
32692.768
32900.434
32347.633
33054.301
33078.166
32791.633
32812.032999999996
31804.768
32814.1
32024.768
31943.566
33574.434
34158.367
34469.898
34496.367
34677.035
35429.633
34629.035
34824.832
34305.566
34590.766
34825.102
34300.766
35037.766
35772.699
36104.035
36281.5
36479.766
36864.566
36833.633
36269.102
36579.035
36429.301
36509.102
35875.234
36414.965
36587.102
36722.633
37162.434
36636.367
36463.965
36651.168
36798.699
36821.102
36863.367
37240.234
36929.301
37109.566
37334.699
37118.434
36019.168
35422.5
33745.898
32333.434
31405.9
31066.834
30923.9
31487.434
31417.1
32800.032999999996
34361.035
34922.102
35531.633
35695.965
35962.168
36918.832
37883.832
37552.898
38231.434
38229.766
37878.234
37122.633
36765.832
37052.965
37626.5
37906.566
38416.766
39065.566
39988.965
40482.367
40593.234
40693.434
39943.965
39758.035
39253.766
39563.965
39604.633
39590.832
39607.301
38895.766
38470.234
38232.434
37706.168
37719.367
38061.434
37830.367
39269.5
39505.102
39905.301
40492.102
40760.566
39874.766
40074.5
39644.699
39710.832
40056.102
40397.367
40842.102
41883.234
41745.301
42359.633
41791.5
41811.234
41380.035
40646.898
40831.434
40722.699
40895.301
40676.832
40952.168
41562.699
41875.898
41377.898
41452.301
42520.102
41972.5
42392.633
41599.965
42276.699
41658.5
40741.566
40225.301
39835.234
39755.5
39984.699
40293.566
40759.699
41878.434
41624.367
42469.566
41947.965
41976.965
41754.301
41241.965
40950.832
40544.301
39798.301
40035.5
39983.965
39718.633
39959.367
39967.965
39648.699
39728.566
39657.301
39738.367
40254.234
40747.168
40654.234
41184.035
41940.566
42117.965
42050.633
42417.898
42233.035
42151.633
41371.234
40923.832
40442.832
40732.168
41124.832
40849.5
41671.699
42009.234
42646.699
42858.633
42874.699
42821.898
43702.102
43940.566
44530.234
44659.035
44292.434
44113.699
43849.5
43814.766
43092.832
42880.367
43005.367
43011.766
42685.766
42569.965
41704.898
42236.898
41801.965
42260.766
42122.301
43036.898
43533.898
44224.234
44581.5
44897.434
43949.5
43999.766
43526.367
43488.168
43822.234
43496.566
43442.766
43045.035
43485.301
43856.699
43855.367
44063.434
44086.102
44599.168
45081.766
45899.367
45099.168
44925.301
44248.633
44255.766
43449.766
43440.699
43304.633
43063.367
43690.301
43840.832
42006.832
43203.234
43124.301
42747.168
42966.168
42678.633
42563.832
42873.434
43417.168
43761.633
43799.566
43672.965
43838.234
44554.035
44645.898
44964.5
44632.434
44104.234
42706.633
41097.234
40248.699
38752.965
37054.102
36543.301
37197.434
38291.5
40625.766
41285.035
40696.898
40742.699
40944.367
40415.633
40821.035
40215.234
39707.301
40714.234
41927.633
42915.234
42834.566
43238.965
43433.566
43927.234
44803.566
44292.766
44151.766
44229.633
43362.898
43874.566
44369.965
44380.965
44191.5
45061.035
45491.434
45518.633
45586.699
44810.434
44681.367
44335.566
44574.898
44229.633
43570.102
43238.832
42816.898
43845.434
44630.234
45379.633
45125.566
45771.699
46686.234
47057.5
46459.633
46016.035
46376.965
45790.832
45650.301
44952.566
45656.434
46224.168
45705.434
45405.898
45055.832
43885.633
43216.367
41649.434
40436.367
39996.766
40118.699
40515.234
41086.699
42294.434
42537.898
43875.898
44133.035
44280.633
44914.301
45167.699
45551.5
45770.898
45921.301
46389.566
47231.367
46579.766
46185.699
45377.5
45183.5
45052.035
44949.633
44945.633
44937.633
45741.434
46746.5
46752.965
46800.832
46827.766
46695.234
46361.168
46376.5
46355.301
45248.766
44642.367
44259.898
43555.301
42719.367
42180.168
42574.566
42852.832
43327.766
43764.965
44462.832
44558.234
44365.5
44182.301
44344.766
44027.699
43614.766
43785.633
44205.965
44762.766
44938.434
44911.367
45498.699
46051.301
45940.633
46061.965
45781.234
45553.832
44926.965
44161.234
43798.766
42881.301
41864.965
43157.168
43063.035
43404.832
43577.035
44206.168
44382.301
44709.5
44155.035
44248.832
44605.566
44081.5
43990.832
43764.898
43704.5
43361.035
42590.898
42166.633
42291.633
42340.234
41901.434
41186.566
41539.699
41367.035
41080.102
41077.102
41371.035
41660.035
41875.367
42392.035
42544.832
42993.699
42731.566
42536.234
43028.766
42962.699
41689.168
42465.633
42106.5
42133.035
42305.566
41719.234
41834.965
42657.633
42848.367
43209.633
43092.965
43207.633
43178.234
42848.965
43291.898
42824.832
42276.5
42191.965
42488.234
42941.898
43193.633
42370.367
42602.699
42468.965
41993.035
42282.566
42425.434
42340.035
42066.168
42285.898
41984.898
42195.301
41584.633
41299.965
41192.367
41155.566
41420.633
40944.965
41860.832
42041.102
42580.699
41965.234
42136.102
42126.965
42418.234
42313.566
42048.832
42267.168
42167.699
41969.035
41944.102
42008.434
41589.168
41129.766
41548.168
41685.168
41844.566
41769.367
41968.832
41954.965
41914.301
42269.633
42282.898
42521.965
41721.035
41273.168
41497.766
40978.168
41018.367
40806.102
41341.832
41873.5
41723.566
41527.301
41846.832
41788.832
42064.301
41903.566
41974.102
42346.434
42124.566
42117.102
42298.898
42349.367
42183.633
42082.566
41368.234
41531.965
40775.234
40961.898
41084.5
40963.102
40611.699
40756.102
40703.566
40613.633
40689.965
41032.699
40710.234
41305.434
41051.5
41016.102
40465.102
40110.234
39721.301
39800.633
39415.633
39474.566
39138.766
39759.5
39933.633
39960.102
39795.102
39500.5
40513.035
40754.035
41009.102
41158.035
41675.5
41830.102
41176.832
40958.832
40809.832
40777.766
39949.168
40062.5
40333.633
40325.301
40674.766
40601.566
41055.965
40977.766
41095.102
40926.102
41144.234
40802.965
40558.234
39961.367
40584.035
40712.168
39886.035
40747.965
40370.035
40721.898
40941.168
40390.035
40712.234
40253.965
39516.434
39032.434
39508.301
39260.234
38969.898
39362.699
39414.035
40445.699
40158.633
40820.832
41007.832
40699.566
40621.633
40950.566
41289.566
40801.234
40269.168
40055.766
40022.766
39542.832
39345.367
39295.898
39859.5
39938.699
39849.898
39810.566
40446.168
40532.168
40099.5
39831.633
39845.035
39478.699
38813.234
38310.898
38366.301
38329.633
37968.234
38261.566
38618.367
39158.832
39422.168
39524.5
39875.301
40043.434
40440.566
40390.898
40535.102
40330.566
40159.832
40709.234
40052.301
40489.367
40187.035
39772.234
40339.766
40229.699
40381.367
40016.699
39821.766
39762.035
39789.434
39195.965
39409.633
39036.367
38824.965
39148.434
38821.832
38628.766
38641.832
38452.832
39244.102
39574.301
38737.234
38859.633
39487.898
39342.898
39232.832
39698.301
39237.699
38958.832
38803.102
38038.035
38505.301
37739.566
37896.633
37788.566
37732.301
38265.5
38083.832
38366.5
38282.832
38211.367
38623.301
38443.566
38752.102
38685.102
38234.699
38247.102
38449.832
38554.367
37786.035
38155.168
38325.766
38356.168
37726.301
38204.434
38841.832
38413.434
38167.699
38970.301
39074.168
38935.234
38600.766
38196.234
38775.766
38329.566
38494.168
38429.5
38144.832
38343.301
38217.168
37965.035
38360.898
38061.5
37401.102
37614.832
37881.766
37670.965
37092.035
37066.5
36775.434
36649.434
36458.035
36018.766
36648.832
36660.633
36293.5
37239.766
37163.5
37364.234
37325.301
37054.035
37554.434
37320.5
37018.434
36538.832
36993.566
37173.965
36413.633
35633.898
34893.102
34207.102
33720.168
33019.699
32654.301
32097.033
31649.699
32730.699
33349.434
33378.566
33897.766
34649.367
35760.102
35518.633
35901.301
35755.633
35645.5
35868.367
35445.5
35328.367
35439.766
35403.566
35001.965
35146.168
35273.5
35480.168
35266.168
34955.766
35369.234
35116.965
35136.766
34959.035
35339.633
35256.168
34979.102
35536.367
35372.898
35205.832
34793.699
34541.434
34633.699
34483.5
34443.301
34584.035
34369.301
34718.633
34781.102
34556.234
34763.234
35266.367
34947.633
34699.301
35011.234
35133.234
34945.301
35090.367
34999.168
34558.965
34412.102
34307.699
34571.234
34410.965
33629.965
34013.5
33910.898
34175.367
33934.102
33852.168
33955.168
34081.699
34408.633
33910.5
34102.102
34369.965
33760.965
34090.367
34046.301
33990.566
33420.5
33525.035
33471.965
33505.035
33593.367
33501.301
33393.367
33381.168
32792.1
33094.834
32889.967000000004
33169.768
32688.033
33038.035
33630.035
33255.367
33702.766
33651.965
33549.898
33953.301
33706.566
33788.102
33795.832
33685.699
33916.102
33667.699
33841.234
33572.832
33847.766
33621.699
33987.434
33368.168
33524.566
33248.766
33451.234
33609.898
33185.367
33053.633
33128.768
33115.301
33114.234
33155.234
33225.965
33358.5
33272.832
33194.168
33197.035
32786.367
32395.232
32255.9
32472.301
31984.566
31685.033
31808.633
32229.9
32232.967
31681.367
31781.033
32113.367
31901.834
31584.566
31367.834
31672.434
31422.566
31090.033
30585.768
30931.699
31052.1
30987.367
31217.699
31127.301
31158.301
30568.301
30806.301
30403.166
30306.9
29621.166
29435.5
29490.033
29053.033
29024.834
28374.5
28708.566
28447.834
27850.033
27107.768
26983.434
27116.434
26914.232
26357.566
26627.967
26564.699
26749.033
26862.166
27476.768
27804.1
28583.633
29334.434
29441.301
29592.699
29622.967
29881.1
29698.166
29319.834
29413.566
29194.301
29454.633
29209.834
29567.967
29603.699
29886.434
29826.033
30022.434
29908.232
30357.633
30173.967
29957.301
30228.834
30538.301
30269.967
30033.232
29803.301
30128.834
30008.232
29782.633
29732.967
29855.5
29821.834
30272.566
29430.434
29999.9
29963.834
30032.166
29830.434
30077.633
29853.301
29545.1
29473.434
29605.9
29807.301
29111.434
29013.1
29242.834
28961.699
28873.166
29052.699
29172.566
28903.434
28802.5
28524.166
28477.967
28516.367
28625.166
28588.699
28545.434
28499.768
28485.033
28422.967
28264.301
28261.232
28111.834
27510.301
27923.633
27485.699
27618.434
27619.5
27714.033
27467.9
27604.5
27574.633
27617.367
27930.699
27755.834
28058.301
27867.768
28120.367
27892.633
27368.434
27549.5
27401.5
27222.9
27453.166
27344.566
27335.1
27316.367
27227.033
27588.166
28092.166
27610.166
28213.566
28299.9
28054.633
28186.699
27856.1
28085.1
28271.9
28399.232
28555.1
28600.768
29007.232
28878.166
29265.033
29537.434
29826.1
29320.566
29198.9
29504.434
29997.967
29833.301
30359.699
30501.434
30842.699
30681.633
30812.633
30648.367
30425.768
29682.1
28682.967
28163.301
27840.1
27560.232
27273.033
27046.699
27081.434
26929.1
26824.301
27059.1
26961.033
26973.434
26929.5
27284.633
27004.9
26884.566
26607.768
26577.5
26742.166
26345.5
26627.232
26508.367
26702.9
26667.301
26806.768
26884.033
27076.699
26674.1
26861.1
27236.834
26994.434
26452.301
26769.566
27123.367
26973.768
26556.1
26817.566
27088.967
26536.5
26956.434
26232.367
26592.166
26271.768
26043.633
26165.834
26081.1
26131.434
25893.367
25404.768
26081.9
26142.967
25767.633
25788.434
25979.834
25799.434
26124.367
25522.166
25758.434
25817.1
25948.367
25945.967
26074.834
25802.5
25949.699
26078.166
26313.768
25887.633
25495.5
25489.232
25728.699
25902.232
25613.232
25727.232
25631.633
25803.633
25559.367
25575.232
25590.232
25541.1
25135.033
24887.232
25572.232
25343.834
24872.768
24823.033
25210.967
24829.967
24829.033
24976.768
25215.301
24895.166
23914.367
24704.434
25135.967
24692.301
24694.5
24295.699
24563.566
24642.5
24883.367
24834.301
24692.434
24454.033
24512.033
24502.033
23924.699
23770.768
23239.434
23536.9
23048.699
23456.768
22977.301
23115.434
24340.232
24132.9
24111.232
24731.768
24537.367
24616.367
24155.768
23927.301
23799.367
23808.699
23535.699
23617.232
23727.834
23752.434
23319.566
23575.633
24211.301
23749.566
23208.434
23547.301
23790.434
23896.633
23531.166
23722.232
23849.633
23477.301
23162.367
22797.5
23214.967
22793.232
22759.566
22296.301
22334.5
22357.633
21750.166
21287.566
21140.166
19796.768
19075.232
18317.5
18427.768
18470.967
18522.967
18735.033
19520.9
20372.232
20843.232
20901.033
21079.699
21686.166
22179.301
22091.768
21712.967
22207.232
22084.566
22188.301
22186.1
21849.699
21495.033
21345.434
21804.633
21699.699
21268.434
21931.434
21845.166
22020.768
22125.166
22029.768
22084.967
22076.033
21818.9
21966.768
22081.834
22224.1
21777.834
21782.301
22212.1
22303.5
22150.367
22209.033
22332.699
22349.367
22204.768
21713.633
22168.967
22111.033
21771.033
21566.434
21828.1
21991.301
21785.232
21345.967
21613.301
21959.301
21314.633
21949.699
22124.301
22018.232
22455.301
22168.5
22250.967
22249.1
22026.633
22161.166
22091.633
22006.768
21692.301
21738.834
21803.1
21842.5
21763.834
21837.633
22032.166
22056.232
21742.434
21528.1
21813.232
21706.967
21867.033
21458.166
21962.768
21771.834
21983.5
21963.367
22107.367
21988.699
21551.367
21277.699
21822.367
21699.768
21867.566
21392.434
21394.5
21456.566
21343.633
21722.633
21508.9
21437.967
20883.5
20933.301
21058.5
21313.232
20434.5
20692.1
20919.834
20933.566
20660.1
20518.301
20954.9
20904.5
20687.768
20826.367
20870.5
21086.834
20341.633
20580.232
21079.367
21105.166
20754.699
20586.834
20772.699
20903.834
20568.566
20539.1
20688.768
20609.033
20035.9
20358.166
20352.699
20188.232
20169.434
20278.633
19983.033
20718.834
20093.434
19952.834
20092.166
20124.232
20028.166
19441.166
19947.633
20024.1
19696.633
19436.633
19936.301
19800.232
19663.967
19173.1
19703.5
19701.9
19622.166
19681.434
19311.1
19577.834
19452.232
18980.9
19255.566
19070.166
19106.434
18588.699
19083.699
18959.301
18344.5
18005.834
18765.301
18573.566
18397.9
18289.166
18534.1
18415.166
18080.834
17987.967
18626.633
18338.5
18164.434
18058.1
18500.566
18088.232
17902.768
17836.301
18420.367
18207.232
17941.301
17912.834
18094.699
17792.768
17395.166
17101.232
17570.301
17658.166
17549.834
17848.699
18017.033
17867.768
17277.768
17908.232
17702.967
17601.033
17554.967
17515.633
17416.9
17556.566
17097.033
17084.699
16524.366
15824.967
15128.434
14424.1
14052.833
13926.233
13872.7
13810.3
14705.366
15170.833
15360.366
15777.967
16059.833
16121.3
16242.7
16139.767
16264.5
15731.434
15748.167
15034.566
16065.033
15994.833
15766.366
15675.167
16094.967
16315.967
16445.767
16133.566
16562.634
16743.967
16396.634
16445.166
16830.9
16824.301
16801.633
16954.301
17063.434
17045.367
16783.768
16444.699
17361.5
17069.834
17063.232
16663.967
17324.834
17456.768
17199.1
17396.166
17449.367
17005.367
17178.301
16819.5
17422.232
17289.834
17151.367
17095.9
17135.166
17337.367
16891.232
17429.768
17458.1
17439.699
17437.434
16981.566
17711.367
17686.033
17269.367
17409.232
18079.566
17775.834
17544.1
18032.768
18242.699
17917.9
17660.633
17771.301
17420.633
17605.5
17113.033
17277.434
17576.967
17482.9
17472.566
17936.434
17576.434
17728.301
17115.367
16976.5
17831.699
17688.633
17472.434
17642.967
17501.834
17573.9
17683.301
17356.301
17383.1
17369.967
17334.033
17316.967
17454.033
17137.633
17226.768
17086.5
17476.232
17172.9
17299.1
17249.1
17674.834
17271.566
17288.699
17228.232
17479.166
17708.699
17723.9
17577.768
17503.166
17388.5
17235.699
17502.434
17619.5
17739.1
17733.566
17340.967
17992.834
17827.566
17773.166
17253.834
17829.434
17766.768
17541.768
17430.566
17499.301
17663.434
17771.566
17662.434
17743.768
17464.232
17576.633
17780.633
17474.301
17591.1
17439.9
17321.768
17458.699
17544.5
17300.566
17225.232
17355.301
17624.768
16660.967
17404.166
17439.967
17368.434
16677.768
17067.566
17394.566
17460.633
17325.967
17360.232
17313.633
17471.768
17168.834
17053.967
17460.834
17181.166
17267.301
16948.768
17166.9
17207.166
16917.699
16818.1
17131.301
16755.166
16760.633
16555.699
16914.367
16785.633
16460.033
16787.301
16753.768
16500.1
16666.768
16782.699
16619.232
16563.566
16358.033
16354.7
16631.367
16325.566
16465.833
16133.7
16257.967
16261.3
16143.566
16266.167
16090.9
16004.566
15966.967
15916.9
16143.366
16123.5
16058.5
15200.3
15482.833
15418.767
15260.5
14683.434
14660.033
14711.233
14380.3
13801.434
14340.033
14197.7
13353.434
13770.434
13676.167
13349.833
13466.566
12926.566
13091.833
12938.833
12678.3
12795.767
13041.566
12877.5
13083.434
11845.833
12620.366
12711.167
12209.5
12549.833
12781.967
12853.833
12556.634
12954.767
13164.233
13143.233
13358.366
13733.434
13709.634
13508.233
13598.7
13382.9
13378.3
13576.833
13550.7
12981.5
13461.167
13314.5
13019.767
12454.7
12825.9
12596.033
12332.3
12224.033
12097.233
12183.9
12021.366
11853.967
12280.3
12233.967
12111.634
12121.366
12259.366
12067.5
11966.1
11904.033
12346.967
12139.566
11812.833
12239.9
12586.967
12366.366
12101.767
12225.3
12178.566
12262.1
12196.9
12084.7
12159.366
11919.7
11368.9
11910.233
11783.634
11919.434
12020.833
11550.434
12073.767
11919.366
11210.167
11524.1
11766.634
11573.9
11622.167
11906.233
12000.434
11973.434
12155.833
12052.9
12197.3
12014.033
11987.7
11678.833
11934.767
12021.767
11693.9
11753.366
12019.167
11970.5
11702.167
12131.3
12177.634
12339.767
11861.967
12052.167
12208.833
12135.7
12345.767
11657.233
12164.434
12042.7
12238.366
11825.366
12509.3
12230.167
12381.5
11997.366
12531.1
12462.1
12118.566
11974.167
12176.833
11975.366
11845.5
12094.167
12039.767
11868.7
11536.566
11521.5
11770.3
11966.5
11799.233
11987.967
11913.566
11778.967
11582.366
11798.366
11859.9
11755.233
11999.767
11402.767
11737.3
11983.033
11966.967
11645.5
11693.7
11257.1
10990.634
11455.233
11337.434
11417.3
10603.833
11171.7
11467.033
11325.967
11028.5
11334.566
11585.967
11162.7
11311.566
11176.434
11404.5
11079.9
10791.033
10744.233
11126.1
11076.366
10628.5
10917.9
10879.366
11052.033
10899.7
10922.967
10996.1
10863.566
10681.233
10877.833
11052.434
10954.366
10807.233
11144.833
10868.634
10974.3
10880.233
10679.566
10862.1
10853.233
10677.967
10542.033
10633.833
10717.634
10421.566
10303.9
10794.566
10784.566
10459.5
10533.634
10763.767
10769.767
10359.7
10397.3
10611.566
10433.167
10204.167
10611.3
10578.434
10340.1
10590.434
10375.833
10405.233
10350.9
10101.9
9755.634
10431.767
10081.9
10301.634
10131.3
10261.566
10033.767
9995.967
9844.434
10197.033
10074.033
9952.434
9713.566
9986.233
10013.7
9826.366
9808.366
10056.3
10022.967
9509.767
9706.434
9991.7
9949.1
9270.7
9429.767
9852.9
9818.1
9708.033
9375.634
9943.434
9825.634
9710.1
9477.167
9638.3
9466.7
9339.1
9502.1
9652.1
9469.3
9278.5
9358.033
9777.967
9762.7
9552.233
9271.233
9395.833
9540.9
9343.634
9173.566
9485.1
9408.634
9398.167
9077.5
9279.233
9348.233
9302.566
9132.9
9361.833
9154.5
9555.233
8867.233
9317.033
9248.233
9007.5
8598.566
9307.9
9243.1
9265.9
8947.9
9062.566
8895.5
9029.1
9147.1
9451.3
8633.566
8925.767
8707.634
8975.767
8428.967
8042.033
7435.367
7231.967
6484.233
5686.9
5157.967
4579.567
3856.033
3512.233
2831.967
3159.233
3058.9
2790.7
2982.9
3867.367
4028.5
4003.0330000000004
4939.833
5462.967
5731.967
6033.233
5365.9
6130.033
5750.3
5612.5
5290.5
5082.567
5164.1
4860.833
4653.1
5005.433
5088.233
5052.567
4815.1
5554.1
5337.833
5366.567
5960.433
6026.5
6223.7
5917.7
6403.767
6565.7
6518.033
6506.9
6771.567
7031.967
7060.367
6592.567
6835.633
7370.233
7372.033
6958.833
7445.567
7674.367
7796.033
7728.3
7730.833
8201.5
8161.833
7562.3
7653.367
8351.1
8444.767
8277.567
7988.433
8508.767
8331.567
8139.967
8120.767
8618.832999999999
8435.5
7549.367
8393.767
8535.567
8617.7
8292.167000000001
8102.633
8579.367
8483.5
8314.1
8209.366
8365.767
8486.1
8059.967000000001
7895.233
8815.167000000001
8423.832999999999
8211.1
8225.7
8543.367
8459.5
8306.5
8282.5
8506.3
8444.3
8279.033
8244.634
8551.5
8520.7
8388.167
8264.033
8562.367
8485.967
7941.634
8166.700000000001
8501.167000000001
8382.633
8039.367
7975.1
8377.9
8255.433
8297.567
8034.033
8324.767
8435.767
8141.5
7703.9
8457.567
8359.767
8340.433
8152.1
8633.233
8382.5
8206.233
7993.033
8457.832999999999
8255.767
7807.633
7670.5
8304.7
8242.567
8232.767
7659.367
8368.567
8221.233
8078.367
8146.767
8349.433
8294.832999999999
8115.833
8051.633
8530.9
8356.967
7526.3
7886.167
8466.433
8202.033
8208.233
8024.967
8438.367
8335.367
7872.3
7704.1
8276.767
8109.833
8094.033
7965.767
8275.633
8246.633
8085.167
7622.033
8324.1
8236.767
7891.233
7571.033
8156.967
8322.5
8006.5
7935.167
8257.233
7898.9
7857.9
7997.1
7993.7
7924.433
7784.233
7582.433
8173.7
8007.633
7624.5
7549.633
8016.567
8178.433
7454.233
7542.367
8007.367
7939.033
7971.433
7765.433
7960.9
7883.567
7817.833
7485.367
8139.367
7934.233
7608.567
7612.233
7987.367
7883.033
7709.367
7231.1
7842.767
7800.9
7688.967
7172.833
7943.833
7741.967
7247.567
7684.367
7759.1
7640.967
7254.367
7355.433
7540.367
7642.7
7410.367
7358.9
7643.5
7433.1
7410.633
7185.9
7499.9
7540.167
7056.1
6996.567
7501.033
7463.3
7185.1
7125.967
7181.633
7369.433
6900.5
7075.633
7170.567
7183.7
7029.167
6779.9
7347.3
7217.9
6833.9
6492.9
7063.433
7221.367
7051.767
6743.833
7084.833
7064.5
6357.567
6767.167
7200.167
6841.033
6676.433
6744.9
6987.033
6995.5
6624.833
6528.567
6897.833
6994.833
6832.7
6749.9
7044.367
6855.033
6572.9
6316.5
6923.233
6748.567
6980.033
6480.233
6981.367
6883.167
6376.7
6421.967
6921.833
6748.767
6556.1
6627.1
6926.633
6823.633
6430.633
6361.967
6963.833
6698.767
6562.9
6600.033
6844.167
6687.367
6290.033
6148.167
6544.7
6496.1
6000.433
6128.033
6592.433
6418.167
6616.5
6258.233
6608.967
6474.5
6696.433
6316.033
6531.033
6443.5
6101.833
6074.633
6522.5
6419.633
5939.767
5448.5
6370.3
6421.967
5965.967
6166.833
6387.5
6184.9
6035.767
5986.233
6353.833
6145.3
5960.567
5629.167
6211.233
6270.833
5535.567
5704.567
6275.167
6054.367
5798.767
5567.567
6175.633
6163.433
6050.433
5658.9
6231.3
6140.233
6069.767
5965.9
6172.367
6034.1
4798.1
5300.967
6067.833
6159.167
5755.3
5501.1
6003.5
6144.233
5484.5
5493.767
5907.833
5893.5
5433.1
5451.833
5952.767
5908.433
5273.9
5275.3
5800.1
5766.7
5501.633
5523.167
5750.5
5667.5
5252.767
5643.433
5730.233
5733.9
5221.967
5487.9
5839.367
5629.767
5156.833
5089.033
5671.833
5682.233
5512.167
4953.567
5735.3
5625.767
4956.567
5087.033
