252.833
58.483000000000004
-142.5
146.083
441.9
130.88299999999998
196.233
237.683
227.567
247.883
114.767
-173.317
202.567
203.617
20.1
-42.849999999999994
341.1
-9.382999999999996
52.7
360.683
408.967
181.35
460.16700000000003
138.617
272.633
192.817
217.167
-138.71699999999998
186.03300000000002
195.55
323.7
14.349999999999994
278.5
187.483
232.833
15.016999999999996
545.167
466.217
83.767
-72.117
244.3
116.817
-17.900000000000006
173.75
191.567
231.083
138.9
218.083
209.96699999999998
231.35
-45.900000000000006
30.549999999999997
611.633
276.75
-25.033
-272.317
418.5
440.95
25.766999999999996
29.349999999999994
364.9
426.08299999999997
373.9
225.75
401.433
364.283
136.833
308.217
384.233
385.35
312.9
-148.583
436.3
280.95
19.566999999999993
71.417
377.1
178.35
133.167
57.55
298.9
487.283
200.03300000000002
56.55
221.433
337.41700000000003
19.632999999999996
-6.316999999999993
229.36700000000002
190.35
491.5
-7.582999999999998
174.9
204.95
329.233
-72.117
182.3
242.683
194.433
80.417
407.633
353.41700000000003
-243.767
13.483000000000004
395.1
301.883
223.767
197.88299999999998
453.83299999999997
272.283
-6.632999999999996
264.55
93.3
314.75
245.167
270.683
387.233
281.55
550.3
-224.517
317.367
366.017
101.367
349.617
382.1
450.75
238.5
99.35
341.5
228.017
-72.767
98.55
327.16700000000003
292.75
126.567
0.5499999999999972
408.233
435.217
46.233000000000004
-250.183
347.567
312.55
78.833
131.55
264.5
409.683
327.767
33.217
282.233
306.817
-285.567
-142.917
295.16700000000003
192.483
158.767
-14.316999999999993
323.033
259.15
45.5
206.417
387.83299999999997
286.483
236.767
-116.517
446.7
397.75
422.5
143.61700000000002
481.633
269.55
153.767
331.15
394.1
66.883
364.16700000000003
-178.183
125.433
219.683
-4.766999999999996
361.41700000000003
568.233
406.883
155.9
-96.983
487.7
137.417
447.7
13.417000000000002
389.16700000000003
355.017
311.233
374.017
516.367
338.017
417.16700000000003
289.883
324.767
215.95
375.7
-355.65
379.033
343.883
166.167
128.683
136.9
316.41700000000003
469.033
172.083
242.433
297.95
108.367
-217.38299999999998
269.767
373.483
448.1
182.083
379.3
305.283
40.033
-335.85
436.83299999999997
230.15
-63.900000000000006
12.016999999999996
257.16700000000003
180.417
-1010.233
-102.717
115.7
258.08299999999997
234.367
-75.117
559.033
387.75
250.833
54.417
248.1
225.95
-117.633
423.35
521.3
274.017
-190.03300000000002
33.55
304.567
307.55
-119.5
342.617
365.367
249.15
391.567
332.217
321.16700000000003
393.683
231.233
166.95
369.233
245.017
391.9
11.483000000000004
393.767
424.017
330.433
-81.183
222.96699999999998
305.817
71.9
-286.317
367.367
338.283
241.567
-129.183
340.7
323.75
204.03300000000002
76.15
357.633
345.283
-157.233
192.817
328.9
60.95
-160.9
143.28300000000002
255.36700000000002
199.483
309.033
168.15
255.833
512.417
82.233
151.95
371.9
525.817
385.233
156.083
208.7
271.55
94.367
485.217
347.83299999999997
204.083
-159.36700000000002
90.683
202.36700000000002
280.283
255.7
-12.450000000000003
531.633
549.483
19.233000000000004
285.217
365.5
340.35
216.633
96.95
334.767
390.35
73.233
126.817
289.767
310.15
172.567
286.883
464.233
430.483
391.83299999999997
97.217
556.033
179.417
388.033
-137.183
367.633
179.017
-98.767
288.15
331.567
197.21699999999998
531.767
399.683
382.16700000000003
273.017
639.367
87.15
379.767
301.283
-33.167
274.683
631.767
416.41700000000003
552.3
-34.38300000000001
455.83299999999997
371.15
396.7
202.417
349.767
532.95
-39.69999999999999
236.15
615.7
347.483
143.433
176.35
356.36699999999996
366.15
512.233
190.017
655.5
546.95
693.167
440.817
695.3
511.683
230.367
339.08299999999997
388.967
610.15
779.8330000000001
200.55
717.1
587.55
542.3
679.617
613.7
502.017
352.967
647.683
496.3
760.283
115.56700000000001
284.283
564.3
537.55
558.633
397.55
883.5
560.55
706.433
541.75
681.233
648.017
675.767
312.95
1004.3
465.95
572.1669999999999
494.55
841.967
521.683
698.367
596.95
603.367
860.483
766.433
648.483
613.3
866.0830000000001
636.8330000000001
436.283
946.3
729.017
618.633
556.75
558.567
663.283
770.967
647.75
865.1669999999999
763.4169999999999
553.567
507.817
665.567
787.95
672.233
542.617
899.033
463.15
727.367
457.48299999999995
668.633
563.017
736.5
823.283
720.7
448.08299999999997
763.767
949.15
442.36699999999996
862.15
710.9
742.683
768.9
739.35
590.567
947.617
1137.1
657.083
670.167
1243.95
889.367
1092.15
470.5
661.817
1137.9
968.683
1113.167
1175.483
713.7
675.883
809.167
776.817
1306.767
1138.15
617.167
1085.35
964.767
1201.283
1231.5
1049.75
970.633
1297.017
584.1
854.95
984.3
1152.083
1470.167
1418.017
1357.233
1290.35
1104.967
1210.483
1218.1
1119.883
753.5
985.3499999999999
1323.367
1131.817
1385.967
956.4169999999999
1455.367
1343.95
1448.767
1274.083
1420.833
1347.15
939.1669999999999
1400.217
1263.967
1175.617
1112.233
1243.75
1218.233
1343.683
1246.833
1023.817
1339.1
1128.15
1105.967
989.817
1437.633
1351.483
1271.5
1357.55
1455.367
1215.35
1200.7
1095.883
1357.5
1379.15
1276.5
1028.817
1509.7
1246.35
1291.833
1273.95
1436.433
1305.55
808.0329999999999
1241.617
1304.9
1385.817
1411.767
1577.483
1716.633
1520.75
1546.233
1513.817
1655.167
1728.883
1566.967
1640.083
1624.633
1642.55
1803.033
1643.217
2031.233
1511.95
1099.633
1344.417
1559.3
1852.617
1569.1
1679.617
2016.033
1818.35
1748.233
1677.417
1918.433
1968.35
1978.1
1702.083
2075.3
1754.35
1645.833
1534.017
1577.633
1503.283
1812.833
1181.683
1581.1
1691.55
1926.567
1574.883
1880.5
1772.217
1967.167
1789.017
1855.767
1937.883
1925.833
1824.883
2131.433
1699.817
2230.7
1968.75
1999.633
1933.017
1835.167
2016.15
2253.7
1632.617
1746.633
2049.083
2295.233
2028.15
2104.367
1828.417
1930.233
1807.017
1889.167
2016.483
1974.1
2282.883
2541.433
1824.35
2422.233
2394.55
2269.433
2179.617
2241.433
2097.083
2053.7
2366.617
2307.633
2105.017
1897.3
2020.617
1948.5
1923.217
2253.233
2140.083
2282.033
2482.15
2308.3
2450.083
2652.767
2397.417
2715.967
2564.017
2908.033
2654.083
2478.3
2720.683
2738.833
2622.883
2439.167
2579.617
2405.433
2486.95
2352.033
2547.083
2517.233
2322.417
1994.567
2254.95
2201.433
2210.483
2047.1
1985.483
2238.633
1999.617
1916.833
1638.817
2249.167
1824.15
2151.767
2170.417
2336.567
2829.083
2589.367
2882.35
2730.633
2920.35
3047.9
2647.883
2844.967
2788.617
2512.167
2438.483
2736.433
2583.683
2843.567
2405.217
2653.633
2706.817
2691.7
2837.083
2802.033
2847.95
3016.033
2950.817
3003.233
2990.817
2889.3
2620.95
2951.167
3014.683
2844.833
3092.017
3188.833
3048.617
2932.3
2641.483
3156.367
3026.55
3332.433
3604.683
3678.033
4034.55
4026.967
3871.683
3807.567
3733.617
3857.033
3453.417
4012.3
3690.95
3850.7
3767.683
4002.3
3517.283
3677.633
3800.617
3660.9
3701.817
3488.767
3205.95
3810.5
3900.35
3762.9
3935.483
4099.1
4095.483
3984.233
3721.683
4075.7
4029.483
3497.5
3718.75
3687.7
3916.217
3769.3
4002.617
4201.5
3948.017
3813.633
3290.35
3588.033
3668.75
3723.433
3435.817
3865.967
3548.283
3576.5
3373.617
3313.3
3273.217
3174.7
3247.35
3255.167
3380.55
3167.633
3310.483
3065.833
3247.017
3367.567
3453.417
3735.433
3901.817
4002.1
4179.95
3967.767
4045.15
3621.633
4144.282999999999
3918.1
3932.017
4444.5
4137.35
4831.9
4834.283
4745.633
4935.017
5557.367
5021.15
5169.967
4627.817
4802.9
4731.55
4335.3
4095.55
4154.7
3988.283
3787.5
3915.55
4400.767
4025.483
4308.7
4326.75
4831.033
4797.55
4941.233
4666.483
4528.967
4397.55
4046.433
3898.817
3998.633
3600.283
3460.567
3344.883
3398.5
3338.483
2753.967
3096.55
3095.5
2767.083
2443.5
3216.617
3244.967
3357.483
3654.5
3370.217
4187.1669999999995
4395.417
4486.233
4342.95
4409.7
4214.35
3850.7
3979.617
3923.9
4099.0830000000005
4076.1
3900.617
4460.767
4126.15
4297.567
4179.017
4370.967000000001
4302.4169999999995
4227.5
3697.483
4274.967000000001
4133.15
4288.7
4234.15
4126.633
4149.617
4184.367
4172.283
4859.9
4898.75
4865.7
5124.483
5263.033
5356.483
5327.433
5158.95
5494.033
5235.617
5650.7
5238.617
5678.3
6114.283
5427.833
5676.617
5755.167
5547.617
5517.567
4805.083
4727.167
4181.017
3950.9
3065.083
2932.567
2440.15
2275.567
2281.95
2816.5
3074.483
3409.7
3866.75
4225.1
4417.617
4704.3
5117.95
5401.7
5789.35
5668.7
5664.817
5804.833
5256.217
5144.967
4875.483
4526.833
3785.483
3494.3
3213.417
3189.7
3519.217
3664.967
4194.883
5023.833
5289.083
5498.433
6303.083
6578.833
6650.417
7031.433
6751.017
7421.767
7460.217
7885.7
7568.883
7513.433
7940.55
7721.3
7764.883
7909.1
7725.683
8000.033
7787.283
8444.5
8243.082999999999
8346.5
8104.683
8612.433
8444.017
8300.434
8360.616
8864.434
8671.884
8619.366
8396.017
8554.967
8103.483
8164.367
8355.417000000001
8433.767
8845.217
8593.9
8679.35
8757.3
8446.083
8183.1
7942.083
8159.9
8413.55
8602.5
8512.884
8479.767
8466.083
8413.433
8292.75
8217.567
8220.483
8050.1
8119.017
8583.7
8333.217
8521.434
8224.283
8383.633
8561.75
8368.767
8747.35
8871.366
8857.684
8978.7
9051.95
9127.033
9452.15
9674.967
9516.55
9433.167
9393.816
8721.7
8223.35
8402.367
8306.683
8271.167000000001
8151.55
8458.1
8695.95
8817.434
9411.15
9356.7
9933.017
9859.5
9889.616
9871.634
10298.616
9665.767
9766.417
10236.566
9732.483
9799.634
10017.616
9944.9
9770.017
10348.3
9857.616
10173.167
10137.017
10034.3
9762.017
10042.033
9912.816
9919.967
9332.75
10006.366
9817.217
9780.1
9422.816
9794.566
10147.217
10337.5
9975.15
10237.434
10315.75
10123.967
10142.017
10037.767
9104.283
9520.634
9576.816
9637.1
9169.816
9793.967
9601.35
9703.566
9397.483
9357.366
9715.15
9856.434
9766.417
9846.767
9603.483
9390.3
9367.483
8791.7
9033.283
9733.233
9506.35
9640.033
9970.684
10327.634
10341.083
10532.767
10187.417
10323.566
10434.616
10378.5
9939.55
9824.5
9291.816
9506.5
8763.017
9410.3
9608.283
9267.634
9270.884
10052.7
10032.95
9463.833
9536.35
10305.033
10526.483
10209.366
10026.75
10162.1
10215.417
9984.833
9891.95
10119.033
9947.483
10208.9
10464.616
10191.767
10404.75
10704.366
9831.35
10104.767
9967.283
9589.634
9885.684
9154.233
9440.283
9404.634
10352.816
10280.9
10115.417
10086.434
9643.35
9927.767
9883.884
10238.233
9912.283
9720.366
9148.616
9036.767
8737.616
8397.367
8312.616
7718.633
7620.617
7623.367
7601.283
8068.9
8463.884
9349.634
9907.35
10926.833
11072.55
12028.033
11223.483
10743.1
11169.616
11020.434
10872.15
11580.634
11684.684
11892.833
11719.616
11619.9
11011.816
10643.5
10275.017
10516.3
10407.283
11622.366
11115.95
11710.033
11732.616
12028.366
12094.217
11696.7
12450.017
12575.9
13143.417
13066.634
13176.35
13438.9
13771.684
12766.833
12980.483
12415.434
12691.417
12674.233
13092.616
12560.1
12373.017
11928.366
11760.483
11984.233
11729.884
10870.767
11689.95
11551.767
12278.684
12472.634
12495.15
13380.7
12969.816
12650.967
12932.017
12923.434
12748.417
12708.9
12880.95
13311.634
13688.15
13759.9
13442.083
13547.967
15090.684
13916.7
13948.417
14190.366
13631.616
14173.434
14129.884
14756.366
14215.884
13652.3
13982.75
14194.566
14051.217
13585.967
13490.15
14532.033
14963.816
14633.434
14012.616
14342.967
14138.884
13992.7
13209.816
14099.7
13942.95
13575.233
12981.017
13539.9
13782.884
13758.366
13364.884
14366.9
14394.95
14150.167
14532.816
14666.1
15335.217
14670.1
14463.616
15027.967
14612.884
14931.1
14081.35
14444.434
15126.616
14674.033
14825.816
14868.566
14469.217
14695.634
15034.684
15689.3
15369.15
15380.7
15533.483
15398.967
15784.616
16229.833
15793.884
15749.9
15381.35
15379.233
14885.35
15345.833
14942.417
15296.9
14673.616
14304.7
14499.483
14414.9
14125.684
14733.9
14219.884
14350.233
14455.816
14427.967
14500.15
14326.1
14878.616
15374.434
15696.083
14879.566
14924.55
15010.033
14479.95
15260.434
14888.95
15426.833
15468.684
15755.3
15767.283
15949.366
16154.15
15652.434
15164.15
16736.232
16165.35
16086.767
16300.017
16571.167
15430.95
16078.233
15381.75
16323.033
16106.55
15371.033
15891.417
16356.434
16106.55
16216.634
17070.617
16543.366
16003.55
15817.5
15583.616
15481.3
16003.083
16595.232
16576.083
17191.699
17260.551
17640.434
17188.084
17302.033
17610.75
17411.1
17354.75
17408.967
17492.75
17824.633
17547.551
18188.834
17970.084
18077.166
18484.084
18364.699
18300.684
17820.434
17950.018
18265.967
17867.816
17704.033
17566.684
18191.166
17899.551
18874.301
18166.084
17842.434
18246.482
18425.232
19029.816
19159.1
19244.35
18669.967
18918.482
18454.967
18616.217
18350.033
18696.35
18961.699
20615.018
19057.834
19892.816
20217.232
20386.283
19822.768
21121.816
20576.1
20889.617
21588.834
22224.416
21081.367
21673.949
21117.367
21370.35
22936.768
21461.482
21659.768
20800.084
20787.834
20928.084
21567.834
21429.949
21901.633
22591.15
22057.434
22836.75
23416.033
24020.283
24031.9
24261.617
24995.834
25664.084
25026.566
23722.949
24552.768
24732.416
23989.9
24498.684
25113.232
25116.816
24970.367
25433.084
26017.699
25303.35
26750.9
27348.084
27003.232
26402.482
27473.566
27345.684
27390.768
27082.018
27437.967
27558.75
27349.699
27402.75
27016.232
27313.551
28155.434
28838.018
29249.834
29553.217
30902.232
31078.883
30531.301
31167.217
31246.033
30926.883
31033.566
30052.15
31075.5
30246.018
30150.9
31731.084
32252.166
32543.084
32648.434
32803.617
33502.168
32652.551
32898.967000000004
32398.75
32655.699
32885.285
32358.834
33077.418
33841.434
34155.949
34275.168
34430.215
34838.367
34807.285
34288.566
34504.883
34406.5
34544.617
33834.5
34441.684
34564.566
34702.352
35124.633
34605.418
34523.168
34705.148
34742.168
34810.949
34887.766
35199.617
34905.434
35104.684
35275.965
35110.75
34027.168
33491.816
31858.1
30555.35
29626.699
29298.217
29230.633
29689.949
29616.834
30925.551
32459.232
32982.148
33635.965
33757.551
34010.168
34905.617
35857.832
35477.016
36146.766
36155.082
35823.699
35080.016
34776.301
34995.684
35620.766
35898.418
36338.633
36951.75
37806.301
38301.617
38421.168
38491.484
37757.766
37615.484
37125.301
37452.484
37561.102
37494.883
37472.965
36805.285
36412.965
36201.148
35651.566
35710.484
36069.102
35827.949
37201.102
37420.883
37694.301
38391.617
38595.965
37731.016
37945.234
37495.816
37589.234
37907.484
38238.434
38720.418
39659.566
39511.949
40087.301
39654.016
39638.832
39133.75
38490.301
38605.215
38608.633
38747.285
38523.301
38765.285
39359.766
39637.352
39128.301
39302.148
40298.965
39734.684
40173.102
39444.082
40052.301
39477.883
38570.633
38122.617
37751.5
37687.016
37872.832
38192.484
38595.566
39726.551
39415.898
40248.883
39734.633
39763.148
39526.965
39098.484
38830.367
38399.883
37753.434
37865.215
37848.434
37626.75
37864.234
37832.082
37599.5
37668.285
37558.168
37635.484
38152.832
38585.215
38538.102
38979.617
39737.832
39945.617
39868.898
40214.883
40038.5
39925.082
39239.633
38754.285
38288.234
38534.285
38997.965
38693.484
39522.898
39771.148
40380.699
40643.949
40623.566
40570.215
41389.766
41709.816
42226.898
42341.816
41998.234
41807.883
41566.102
41569.551
40846.434
40617.75
40729.566
40756.551
40421.234
40367.617
39447.367
40022.082
39648.832
40043.816
39931.566
40823.082
41300.898
41931.883
42282.633
42609.016
41624.766
41734.148
41180.965
41256.215
41571.102
41200.684
41206.699
40878.484
41208.168
41585.883
41634.832
41848.617
41797.102
42326.484
42739.898
43573.418
42772.234
42595.082
41942.633
41959.418
41177.5
41176.148
41109.301
40867.949
41483.367
41616.816
39790.168
40969.418
40891.633
40531.75
40740.965
40466.684
40363.035
40614.148
41195.168
41538.949
41538.301
41444.484
41572.898
42289.551
42350.234
42655.816
42313.102
41870.285
40501.965
38990.949
38170.234
36704.148
35137.5
34573.418
35322.633
36296.418
38596.367
39178.883
38576.035
38623.484
38875.566
38318.75
38741.102
38213.617
37718.898
38584.617
39800.434
40737.082
40626.168
41061.551
41214.766
41694.418
42502.766
42034.816
41903.633
41963.215
41160.832
41658.684
42106.566
42149.285
41982.5
42794.418
43189.766
43192.684
43248.633
42557.816
42412.234
42122.082
42360.965
42011.016
41306.301
41112.148
40622.766
41579.082
42391.301
43086.883
42791.633
43484.484
44361.234
44709.551
44106.766
43736.949
44088.832
43462.016
43306.766
42700.148
43367.102
43909.75
43379.367
43079.285
42762.301
41723.551
41044.168
39534.016
38347.898
37956.016
38129.234
38442.551
38997.301
40145.949
40356.367
41679.418
41925.5
42002.484
42628.168
42845.617
43310.898
43470.551
43594.5
44125.418
44939.898
44254.75
43864.301
43049.082
42968.168
42807.016
42658.5
42704.016
42718.965
43407.418
44464.367
44429.215
44423.699
44439.352
44338.898
44034.816
44033.566
44090.418
42941.434
42423.082
42014.633
41380.484
40557.301
40085.285
40428.965
40722.617
41168.301
41594.215
42285.434
42292.883
42154.898
41983.617
42157.301
41802.082
41449.301
41587.418
42005.234
42522.418
42674.301
42662.016
43208.035
43724.215
43686.5
43783.684
43486.965
43317.816
42664.367
41921.816
41617.102
40765.215
39764.234
41012.082
40907.5
41195.082
41395.5
41975.352
42124.766
42515.551
41946.234
42028.75
42409.301
41896.883
41791.699
41603.949
41513.699
41199.148
40504.766
40070.75
40193.633
40251.082
39767.832
39111.418
39456.5
39276.949
39008.699
39063.148
39264.367
39533.949
39810.832
40252.082
40424.301
40840.082
40593.566
40453.418
40837.5
40770.883
39622.566
40327.816
39923.566
39991.883
40194.035
39549.684
39681.766
40507.082
40691.367
41110.949
40940.102
41049.082
41026.5
40729.082
41203.035
40682.883
40177.035
40109.949
40405.301
40850.883
41040.301
40225.551
40447.5
40331.285
39872.301
40199.617
40348.766
40261.883
39999.234
40191.883
39934.699
40114.551
39514.633
39265.215
39166.766
39118.684
39390.434
38897.484
39784.035
39962.816
40523.168
39803.75
40077.832
40027.816
40325.234
40164.484
39937.035
40111.949
40069.699
39858.215
39872.434
39921.816
39568.898
39147.883
39510.699
39613.082
39725.5
39698.215
39917.965
39906.352
39764.367
40173.484
40217.965
40468.285
39613.234
39225.484
39466.699
38863.418
38923.035
38692.551
39346.367
39817.484
39586.434
39430.883
39766.168
39753.551
39974.898
39818.285
39948.367
40280.75
40069.234
40010.617
40249.367
40267.816
40144.898
40008.352
39349.434
39508.617
38744.965
38971.883
39038.168
38945.551
38577.301
38761.551
38684.832
38584.816
38698.898
39064.082
38661.102
39252.418
39035.367
39002.949
38502.766
38132.016
37729.035
37878.215
37478.566
37524.484
37169.965
37756.816
38003.301
38007.352
37838.367
37476.75
38564.965
38777.617
39052.832
39068.352
39608.035
39796.215
39126.234
38958.148
38854.168
38786.215
37973.367
38098.082
38396.367
38300.816
38637.699
38572.285
39042.035
38940.016
39061.301
38874.883
39105.301
38795.816
38534.234
37976.617
38629.832
38727.75
37867.766
38736.75
38413.301
38723.285
38942.898
38429.352
38675.699
38264.551
37501.766
37059.75
37540.633
37331.016
37049.434
37474.418
37514.168
38503.484
38183.898
38848.285
39006.035
38694.551
38653.234
38962.418
39330.035
38808.418
38330.234
38053.617
38063.965
37612.082
37445.367
37316.816
37957.367
37990.148
37909.367
37883.75
38481.234
38498.484
38144.965
37915.883
37879.035
37505.949
36864.5
36380.75
36444.301
36477.215
36056.035
36337.418
36741.832
37267.617
37516.699
37576.285
37876.234
38120.551
38440.965
38369.75
38574.898
38342.75
38153.234
38691.082
38105.102
38542.883
38203.301
37766.418
38348.5
38267.148
38432.566
38013.016
37864.898
37864.148
37824.035
37254.883
37419.168
37168.816
36971.102
37263.551
36961.633
36768.016
36754.434
36582.215
37388.301
37638.418
36830.898
36964.551
37488.633
37432.684
37294.102
37767.883
37323.965
36982.816
36894.633
36159.285
36634.965
35872.418
36009.566
35933.949
35928.434
36407.418
36209.234
36485.352
36415.102
36354.148
36706.102
36615.082
36875.766
36864.816
36359.566
36430.75
36622.566
36756.082
35970.898
36283.016
36465.5
36454.551
35873.5
36330.352
36942.766
36554.418
36308.5
37069.016
37175.832
37046.418
36727.5
36365.418
36857.168
36394.551
36635.898
36577.684
36378.965
36481.148
36375.832
36122.016
36481.168
36275.484
35585.965
35775.883
36057.102
35868.883
35221.832
35280.617
34980.699
34842.484
34669.367
34280.949
34884.898
34884.148
34507.234
35399.148
35335.035
35595.684
35483.633
35192.883
35743.832
35548.949
35218.766
34748.949
35205.965
35386.949
34621.367
33842.75
33207.566
32551.35
31982.367
31391.75
31057.434
30531.084
30101.434
31188.084
31696.5
31741.949
32263.768
32933.883
34033.766
33759.816
34131.832
33997.215
33941.699
34145.551
33684.699
33546.75
33720.102
33660.148
33322.699
33394.816
33548.367
33723.418
33536.832
33209.617
33686.766
33421.949
33464.035
33280.016
33649.301
33620.484
33245.234
33809.148
33653.965
33458.285
33086.566
32843.285
32920.9
32822.617
32762.1
32906.75
32679.1
33045.416
33130.434
32887.684
33052.367
33582.617
33247.301
32999.684
33276.367
33401.484
33304.5
33417.949
33325.102
32871.282999999996
32739.699
32646.15
32841.967000000004
32729.217
32008.1
32401.482
32280.768
32518.283
32334.033
32163.018
32314.9
32417.883
32749.232
32249.283
32451.5
32756.551
32110.768
32440.684
32391.232
32354.018
31778.967
31925.217
31837.367
31937.35
31945.967
31866.018
31749.699
31767.684
31203.9
31481.283
31267.9
31562.018
31103.5
31451.816
32005.301
31666.217
32041.166
31980.617
31930.633
32273.482
32040.566
32152.217
32178.232
32071.75
32253.5
32054.416
32200.232
31959.883
32205.5
31962.949
32394.434
31750.018
31895.566
31627.15
31858.301
31991.551
31559.566
31428.018
31545.699
31465.617
31518.367
31553.617
31637.166
31746.018
31649.633
31567.883
31559.768
31208.018
30866.768
30696.35
30937.768
30451.883
30130.367
30271.283
30696.1
30624.617
30144.232
30194.416
30581.232
30375.217
30034.301
29850.35
30117.301
29920.551
29524.834
29126.551
29432.232
29569.018
29470.1
29709.084
29640.967
29668.617
29084.9
29315.617
28956.367
28889.35
28127.699
27997.75
28052.566
27625.816
27658.699
26982.084
27316.699
27038.482
26497.5
25793.217
25666.434
25807.084
25630.033
25060.617
25320.301
25244.018
25509.699
25588.75
26177.967
26506.551
27197.301
27916.416
28001.9
28160.283
28173.633
28446.551
28270.699
27909.816
28008.1
27754.949
28053.301
27739.684
28068.301
28125.684
28452.301
28375.684
28595.5
28508.35
28908.566
28819.883
28518.967
28765.283
29082.301
28827.084
28584.9
28367.75
28681.5
28603.617
28357.1
28322.15
28411.967
28418.482
28817.166
28027.949
28558.834
28520.416
28601.166
28401.283
28644.834
28419.018
28093.566
28092.551
28205.633
28367.283
27726.367
27629.551
27794.434
27517.416
27489.768
27716.084
27828.9
27574.684
27398.699
27148.35
27152.9
27134.217
27258.5
27175.883
27193.967
27123.084
27100.1
27002.15
26963.301
26895.018
26755.1
26225.084
26640.566
26169.35
26298.1
26280.816
26390.301
26128.949
26336.967
26221.283
26319.434
26653.217
26400.9
26696.15
26572.033
26765.684
26552.367
26041.15
26210.434
26041.551
25930.566
26156.018
26044.033
26023.75
26003.5
25856.551
26327.301
26742.883
26298.9
26822.617
26944.5
26693.283
26839.5
26495.15
26794.1
26855.283
27032.033
27195.217
27234.232
27600.75
27481.768
27842.551
28186.033
28414.217
27947.5
27769.816
28141.768
28609.217
28420.5
28852.15
29027.566
29413.883
29205.834
29285.617
29256.633
28970.35
28290.1
27291.35
26795.967
26473.883
26254.834
25952.816
25751.699
25814.949
25655.566
25529.75
25769.434
25661.816
25670.566
25632.084
25985.768
25750.816
25652.967
25348.416
25307.967
25518.684
25058.367
25345.482
25256.434
25452.883
25447.834
25515.018
25622.232
25796.551
25404.1
25617.75
25945.9
25699.084
25191.301
25493.283
25811.1
25671.816
25271.699
25589.35
25825.301
25249.883
25698.633
24979.883
25391.699
25011.15
24826.633
24960.35
24780.633
24902.15
24648.033
24166.75
24848.5
24927.551
24566.367
24542.018
24743.367
24538.684
24932.768
24396.551
24534.367
24641.018
24701.633
24745.084
24880.033
24596.684
24726.166
24812.018
25093.699
24660.684
24249.566
24270.75
24564.033
24675.084
24398.834
24541.617
24394.434
24636.949
24357.633
24363.75
24405.166
24367.283
23950.834
23705.217
24374.232
24103.217
23669.967
23593.482
24042.9
23659.883
23660.232
23740.15
24000.834
23713.018
22718.232
23474.551
23945.434
23513.551
23474.033
23134.617
23390.967
23484.416
23719.232
23651.617
23582.232
23314.416
23364.9
23329.883
22817.967
22623.018
22112.967
22404.35
21963.699
22341.617
21908.566
21961.617
23233.367
22969.551
22956.033
23535.35
23406.9
23435.684
23047.9
22827.15
22663.5
22695.416
22472.367
22516.283
22611.367
22617.15
22214.633
22450.684
23063.633
22610.949
22126.301
22422.551
22719.033
22809.416
22458.166
22571.949
22725.9
22366.416
22100.1
21726.15
22147.033
21706.15
21637.367
21229.018
21253.768
21338.018
20694.301
20244.283
20152.301
18876.084
18194.232
17398.084
17602.9
17587.217
17651.768
17828.551
18588.232
19380.551
19841.9
19879.084
20080.434
20676.018
21170.5
21005.816
20684.434
21138.283
21055.367
21132.15
21168.367
20772.684
20455.566
20328.75
20806.434
20662.482
20229.1
20920.084
20805.5
21031.416
21108.566
20983.816
21064.768
21065.217
20808.232
20946.816
21036.699
21223.75
20740.967
20754.35
21163.232
21217.084
21119.9
21134.617
21314.566
21279.617
21183.1
20671.416
21146.9
21087.75
20789.5
20552.551
20812.768
20975.35
20760.5
20321.084
20610.301
20890.084
20290.301
20924.15
21076.566
20989.217
21398.834
21127.283
21190.9
21213.416
20995.367
21124.283
21074.434
20987.35
20656.232
20737.15
20790.232
20824.883
20751.434
20808.283
20988.566
20994.482
20730.301
20505.482
20782.5
20704.482
20899.301
20471.75
20982.967
20782.684
20993.301
20971.217
21061.367
20970.75
20483.5
20264.551
20854.166
20697.883
20860.566
20438.35
20416.033
20470.949
20320.033
20699.482
20486.834
20439.816
19901.434
19969.617
20036.232
20328.482
19469.434
19728.217
19972.5
19925.482
19740.434
19603.551
20018.9
19947.883
19716.5
19846.416
19945.1
20131.018
19414.1
19626.084
20051.301
20130.35
19780.1
19606.551
19789.566
19964.018
19617.367
19580.75
19745.9
19644.416
19131.5
19406.35
19445.232
19236.617
19220.5
19309.35
19039.834
19740.482
19167.566
19050.416
19197.768
19231.949
19098.1
18525.816
19048.9
19102.482
18813.834
18557.217
19005.033
18903.816
18713.367
18271.816
18813.033
18772.15
18694.967
18740.482
18434.166
18677.416
18565.301
18113.949
18384.367
18258.949
18254.033
17791.217
18199.699
18096.018
17535.434
17158.018
17946.232
17771.684
17537.033
17437.416
17708.1
17549.018
17241.033
17152.283
17801.834
17530.35
17351.434
17187.75
17689.633
17270.816
17066.9
16963.949
17582.166
17369.217
17126.232
17088.084
17254.033
16961.482
16586.699
16274.482
16806.367
16858.416
16784.834
17080.482
17153.5
17043.018
16461.9
17085.551
16862.1
16780.551
16766.834
16665.35
16632.434
16762.15
16307.767
16298.616
15738.967
15105.217
14440.5
13764.483
13352.5
13237.15
13224.967
13168.684
14022.9
14497.75
14612.767
15048.217
15346.167
15380.217
15476.634
15377.217
15500.9
14985.083
15012.967
14294.684
15323.7
15259.15
15006.767
14940.684
15342.634
15556.684
15713.767
15337.75
15800.5
15985.616
15652.434
15705.75
16069.366
16071.75
16039.167
16164.483
16265.3
16260.816
15996.9
15639.816
16557.5
16296.15
16267.033
15874.417
16534.1
16656.55
16392.7
16634.684
16650.9
16196.616
16410.033
16057.35
16623.366
16482.616
16402.167
16308.083
16323.1
16548.55
16133.167
16672.15
16624.699
16673.482
16606.566
16222.883000000002
16899.834
16860.949
16435.566
16596.416
17257.699
16999.816
16707.367
17213.816
17413.967
17072.949
16835.5
16981.018
16657.9
16786.816
16324.033
16458.816
16765.633
16659.018
16671.232
17111.283
16780.834
16885.949
16303.5
16138.551
17052.1
16834.75
16698.434
16824.551
16685.5
16775.283
16893.3
16564.483
16628.834
16590.217
16531.833
16480.15
16652.1
16325.95
16430.434
16292.017
16636.434
16420.017
16525.634
16446.417
16895.233
16492.684
16529.767
16452.15
16671.9
16913.551
16917.967
16793.75
16701.232
16600.283
16454.699
16681.617
16853.699
16961.15
16911.232
16556.883
17177.1
17038.75
16962.1
16468.816
17003.1
16918.15
16776.633
16618.816
16720.301
16833.15
17001.834
16890.482
16981.967
16699.684
16771.5
16969.617
16666.834
16785.084
16664.1
16511.084
16647.768
16747.35
16473.5
16392.35
16567.367
16807.217
15881.5
16649.684
16640.167
16593.884
15926.5
16273.616
16582.7
16683.017
16537.767
16575.483
16536.767
16659.217
16369.366
16248.217
16665.434
16416.884
16480.767
16169.017
16386.767
16431.017
16132.167
16033.95
16382.7
15991.017
15948.566
15791.55
16165.9
16019.616
15677.033
16016.684
16006.3
15746.95
15870.5
16042.217
15836.634
15826.083
15598.434
15596.55
15922.1
15614.15
15704.9
15392.483
15492.833
15558.017
15451.967
15525.55
15325.967
15288.283
15231.366
15177.684
15430.033
15373.35
15350.167
14465.35
14799.233
14703.616
14580.3
14032.283
13977.767
14025.35
13710.233
13133.15
13693.566
13525.816
12742.634
13131.15
13076.7
12712.217
12875.5
12342.684
12484.3
12354.616
12058.1
12205.884
12472.566
12277.483
12463.434
11266.75
12020.033
12126.417
11689.7
11979.15
12173.233
12246.217
11981.366
12354.083
12539.3
12596.884
12708.967
13110.616
13044.634
12899.35
12995.566
12778.017
12784.233
12968.616
12959.566
12400.283
12848.9
12734.283
12405.434
11860.15
12236.434
12044.75
11763.566
11652.684
11550.233
11649.55
11432.1
11298.217
11707.5
11677.616
11559.7
11579.816
11682.5
11528.684
11435.033
11338.75
11785.434
11576.884
11246.366
11661.816
12044.767
11833.75
11505.434
11702.217
11668.634
11716.283
11644.7
11513.083
11617.566
11401.884
10836.967
11379.15
11223.5
11386.417
11471.033
11002.816
11495.9
11369.217
10688.167
10993.083
11205.5
11068.283
11120.3
11337.217
11465.033
11419.55
11603.634
11523.217
11644.833
11489.217
11459.1
11168.616
11392.033
11496.483
11164.833
11197.816
11448.9
11403.483
11142.7
11618.75
11638.033
11797.816
11314.434
11523.616
11664.7
11599.684
11821.967
11116.616
11616.767
11504.55
11702.833
11254.15
11956.5
11684.816
11818.3
11433.217
11986.3
11947.616
11588.9
11408.017
11666.434
11409.217
11325.833
11540.35
11478.7
11345.816
11022.566
11014.55
11241.033
11433.75
11254.634
11440.35
11400.434
11255.55
11042.767
11243.816
11347.167
11207.283
11448.767
10872.95
11201.767
11437.483
11409.634
11150.884
11212.7
10790.35
10459.233
10924.816
10849.833
10909.283
10103.1
10631.283
10967.233
10790.616
10512.833
10827.75
11059.434
10671.483
10829.033
10644.55
10901.167
10576.217
10311.967
10272.35
10629.434
10585.55
10121.434
10411.55
10405.9
10565.283
10410.967
10434.95
10535.1
10396.283
10190.833
10419.417
10545.366
10470.684
10321.634
10633.417
10374.7
10479.35
10388.366
10215.75
10411.167
10375.15
10210.767
10091.417
10175.233
10236.017
9928.434
9852.816
10320.5
10305.75
9998.566
10040.35
10310.3
10314.35
9872.1
9951.083
10164.5
9945.616
9736.7
10158.283
10120.366
9908.217
10108.833
9910.616
9970.233
9915.75
9650.833
9261.217
9972.033
9626.15
9873.9
9670.75
9791.967
9597.884
9570.1
9382.95
9735.833
9596.884
9522.833
9254.083
9531.366
9576.483
9373.634
9378.417
9632.967
9598.15
9069.9
9273.417
9570.1
9519.95
8849.233
8996.017
9434.1
9392.483
9264.434
8946.884
9490.366
9379.75
9326.233
9071.75
9223.366
9064.15
8926.566
9098.684
9229.967
9037.083
8865.833
8923.483
9349.366
9365.684
9125.967
8858.15
8976.7
9085.017
8910.634
8742.55
9080.3
8989.684
8975.5
8670.417
8843.967
8950.684
8897.033
8738.884
8936.366
8734.35
9160.767
8493.217
8883.833
8810.55
8612.7
8186.884
8895.3
8857.217
8877.167
8567.283
8643.233
8499.35
8625.967
8734.083
9023.767
8249.017
8534.566
8312.017
8600.7
8058.017
7667.433
7097.217
6912.967
6172.75
5436.3
4945.883
4352.1669999999995
3671.95
3328.633
2674.35
3001.5
2919.95
2632.033
2837.95
3685.033
3855.083
3795.7
4713.083
5217.3
5462.483
5770.233
5112.95
5863.3
5480.217
5348.433
5019.683
4848.367
4917.417
4628.7
4389.617
4778.833
4844.883
4790.967
4579.283
5296.1
5083.75
5105.167
5687.017
5743.9
5953.15
5606.7
6092.617
6252.5
6213.683
6222.7
6463.283
6732.633
6743.15
6284.367
6528.683
7076.633
7028.017
6614.233
7115.683
7352.033
7492.883
7367.3
7380.55
7843.767
7808.95
7199.1
7338.817
8006.833
8088.283
7915.367
7629.55
8130.833
7955.883
7795.7
7743.683
8254.5
8057.417
7188.633
8061.417
8194.3
8261.617
7941.367
7716.75
8218.832999999999
8127.683
7945.567
7850.15
8008.9
8103.55
7699.833
7537.55
8444.3
8053.083
7839.1
7870.35
8189.367
8087.883
7937.7
7920.417
8144.167
8073.483
7898.1
7879.35
8176.1
8154.083
8000.9
7895.35
8218.633
8117.283
7581.433
7777.817
8123.967
8031.55
7679.233
7605.617
8019.967
7882.883
7919.433
7694.083
7959.9
8092.083
7782.567
7333.75
8097.433
7987.817
7969.3
7788.083
8270.033
8019.883
7829.033
7605.683
8109.433
7892.217
7479.367
7324.35
7961.7
7915.083
7898.9
7312.817
8003.3
7874.617
7710.033
7782.083
7990.7
7941.683
7754.767
7705.417
8192.367
7996.017
7168.3
7525.55
8112.567
7861.417
7849.967
7688.683
8079.167
7960.283
7526.033
7339.817
7895.3
7771.817
7736.633
7607.75
7942.1
7877.75
7742.3
7282.017
7963.633
7901.617
7547.567
7233.017
7843.567
7952.017
7639.833
7577.017
7928.967
7551.95
7514.567
7642.35
7664.833
7569.283
7425.367
7243.417
7829.367
7668.55
7290.3
7232.75
7681.967
7820.817
7135.367
7215.95
7690.833
7610.483
7636.1
7407.483
7614.433
7526.15
7465.233
7155.883
7803.833
7574.15
7283.9
7246.35
7625.433
7534.883
7371.9
6894.95
7543.1
7463.017
7355.167
6847.75
7615.9
7401.883
6923.233
7360.55
7438.567
7355.283
6929.167
7028.817
7208.567
7346.95
7060.1
7022.95
7319.767
7105.55
7090.367
6864.483
7190.633
7217.417
6733.5
6697.75
7172.233
7165.017
6858.3
6826.817
6877.433
7059.95
6600.3
6790.35
6842.567
6891.817
6702.167
6484.95
7054.433
6904.683
6526.767
6205.283
6757.9
6941.483
6724.1
6433.083
6789.167
6770.817
6066.033
6479.417
6911.433
6552.683
6403.033
6460.083
6682.7
6713.017
6339.167
6186.083
6617.833
6713.017
6561.5
6433.75
6766.3
6555.15
6281.7
6024.95
6629.3
6449.617
6686.233
6190.817
6687.633
6613.483
6100.967
6154.417
6614.5
6452.417
6264.1
6348.483
6624.967
6540.15
6122.767
6056.683
6693.233
6420.217
6285.033
6298.083
6570.5
6420.083
5993.433
5898.683
6301.3
6214.55
5718.367
5839.017
6329.233
6172.683
6330.833
5983.55
6353.567
6195.217
6422.367
6024.683
6272.967
6151.883
5804.167
5802.683
6249.967
6148.883
5691.9
5149.083
6114.833
6154.617
5693.967
5867.75
6151.3
5905.017
5772.1
5714.617
6086.7
5896.683
5711.233
5365.75
5947.1
6018.683
5262.633
5444.283
6022.167
5816.95
5551.367
5305.883
5912.033
5904.883
5801.033
5385.283
5977.3
5890.483
5847.167
5703.217
5915.033
5776.083
4529.833
5048.683
5803.3
5899.083
5508.1
5263.217
5757.033
5894.217
5240.367
5245.417
5667.033
5638.75
5177.233
5209.483
5699.767
5680.417
5026.967
5038.083
5579.433
5524.617
5269.7
5282.217
5503.3
5437.35
5033.567
5401.083
5502.367
5504.75
4990.033
5243.283
5618.233
5386.617
4940.167
4852.35
5430.367
5441.617
5290.767
4735.55
5521.767
5401.55
4730.3
4841.617
