250.067
53.349999999999994
-159.733
137.817
439.0
121.017
197.133
222.15
216.46699999999998
238.21699999999998
104.93299999999999
-183.583
192.267
195.95
5.866999999999997
-55.65
327.0
-23.317
41.8
351.283
414.8
167.683
450.2
138.95
266.133
189.817
201.067
-141.917
178.46699999999998
189.483
317.8
5.549999999999997
272.067
175.75
214.333
2.6169999999999973
540.067
446.883
68.06700000000001
-81.18299999999999
224.933
96.75
-34.733
157.817
182.333
216.817
125.13300000000001
206.683
201.133
220.483
-64.467
17.549999999999997
590.667
261.483
-37.467
-285.45
411.8
412.883
10.200000000000003
19.083
357.4
420.483
366.867
207.28300000000002
400.267
348.15
130.46699999999998
298.817
375.133
372.683
305.467
-166.583
421.2
265.483
11.067
54.883
364.733
160.817
116.733
39.483
271.067
469.217
181.933
50.217
210.133
329.95
7.933
-12.049999999999997
228.2
184.15
465.933
-30.583
162.8
196.483
320.6
-83.11699999999999
174.8
229.617
172.933
71.75
388.867
336.683
-244.333
0.75
378.733
284.75
203.2
183.683
439.0
259.817
-20.067
247.95
81.467
295.55
227.733
259.35
376.533
262.017
528.733
-257.383
297.533
349.483
85.667
331.95
359.267
429.41700000000003
232.4
80.88300000000001
320.467
223.883
-85.933
84.35
316.6
284.883
113.06700000000001
-18.783
391.267
423.217
36.533
-269.317
330.733
294.75
73.2
112.55
246.46699999999998
400.55
310.4
23.35
271.867
298.55
-303.4
-158.983
284.6
182.883
136.133
-35.05
318.533
240.883
24.467
194.95
375.733
272.017
227.6
-132.65
440.133
389.683
401.867
138.417
474.66700000000003
253.083
132.667
318.55
380.933
51.617
340.933
-184.517
107.93299999999999
204.817
-16.267000000000003
348.217
565.4
399.883
143.067
-102.717
469.067
131.55
433.733
-1.25
372.8
338.883
298.267
362.95
500.733
336.483
402.867
282.483
301.2
210.617
366.6
-376.85
370.2
332.017
147.53300000000002
114.217
116.4
301.35
444.66700000000003
147.15
220.667
270.483
97.733
-222.05
252.0
360.41700000000003
446.733
169.883
375.33299999999997
282.883
24.799999999999997
-335.65
423.467
219.017
-82.467
-5.982999999999997
248.133
166.617
-1022.533
-126.11699999999999
101.93299999999999
242.483
218.2
-80.45
541.4
381.683
229.667
51.55
238.8
206.417
-134.333
399.683
506.867
251.95
-205.667
14.417000000000002
290.467
300.817
-131.733
323.283
363.267
231.617
367.133
319.75
306.267
391.35
220.667
160.21699999999998
352.66700000000003
224.15
390.66700000000003
-9.783000000000001
367.133
412.217
316.2
-93.183
204.2
296.41700000000003
54.267
-303.183
343.6
313.08299999999997
234.667
-148.05
327.133
305.483
190.6
54.35
339.6
329.217
-171.8
176.15
300.66700000000003
50.882999999999996
-169.067
136.817
239.0
187.95
287.6
141.417
238.933
499.55
70.13300000000001
140.28300000000002
359.867
514.483
361.66700000000003
137.617
190.333
251.017
72.2
464.08299999999997
327.2
182.75
-177.933
78.95
185.0
261.017
238.733
-41.25
512.8
516.417
0.732999999999997
253.683
344.2
316.883
203.0
65.483
310.33299999999997
348.283
49.533
90.68299999999999
262.733
291.75
146.867
255.617
429.0
398.08299999999997
357.467
59.483
513.667
127.35
334.533
-196.38299999999998
308.733
123.75
-144.46699999999998
241.75
281.867
144.21699999999998
488.733
318.217
313.067
186.55
567.933
1.6829999999999998
308.267
208.883
-115.933
203.15
564.8
327.817
457.133
-124.05
363.2
270.283
288.467
86.15
240.267
414.55
-157.933
111.683
487.733
215.817
28.799999999999997
50.150000000000006
231.0
243.61700000000002
401.467
65.683
537.0
436.883
577.133
332.08299999999997
567.133
360.08299999999997
78.867
163.417
211.267
414.883
570.6
5.549999999999997
520.667
389.217
338.933
481.883
423.467
313.283
156.8
435.617
285.33299999999997
544.55
-99.733
75.483
344.0
314.217
323.133
169.75
650.933
325.283
479.467
311.217
451.067
408.217
436.533
56.75
768.533
239.483
344.933
273.017
621.867
289.217
463.267
333.41700000000003
318.8
556.283
450.733
330.683
285.6
541.75
324.4
155.017
653.733
437.683
334.0
264.61699999999996
259.4
345.683
461.4
325.35
545.4
447.08299999999997
217.733
153.283
296.733
384.95
270.13300000000004
150.95
513.867
91.68299999999999
362.66700000000003
97.083
319.6
202.883
376.733
456.817
336.33299999999997
74.15
401.733
581.817
83.06700000000001
494.283
356.33299999999997
398.483
410.533
372.217
199.733
541.75
714.067
214.683
236.4
799.683
438.067
639.15
6.932999999999993
188.35000000000002
635.067
439.683
554.533
601.217
125.53300000000002
85.68299999999999
201.66699999999997
157.14999999999998
707.867
518.683
0.8000000000000114
475.217
371.8
599.75
632.6669999999999
442.017
368.8
718.683
-6.333000000000027
275.75
381.4
511.15
828.133
743.817
655.067
561.017
350.867
441.617
489.133
392.683
57.466999999999985
267.883
629.8
462.683
718.933
271.35
768.933
662.683
746.133
562.817
720.067
634.883
235.46699999999998
685.883
563.867
457.817
386.4
526.683
533.8
648.55
551.533
313.883
640.867
401.017
360.933
223.61700000000002
690.4
552.883
499.4
542.15
655.3330000000001
418.95
440.667
347.883
643.0
681.4169999999999
593.267
353.017
852.133
562.017
608.267
571.617
716.067
571.4169999999999
76.93299999999999
477.55
530.533
576.95
604.6
757.283
885.267
677.95
704.6
672.817
795.8
832.083
665.4
706.683
687.267
663.017
831.333
680.817
1093.4
598.283
187.26700000000005
476.08299999999997
687.0
955.683
655.733
731.083
1100.467
880.15
776.2
695.283
915.333
931.017
974.2
695.883
1050.0
730.883
670.8
631.817
727.6
692.283
1019.867
387.41700000000003
755.0
821.283
1023.533
602.017
903.8
754.55
967.0
804.683
893.8
949.483
941.0
851.683
1133.867
661.55
1187.467
935.55
1006.333
923.417
820.0
1027.883
1280.8
652.817
759.733
1014.283
1239.333
985.017
1094.267
846.483
918.8
807.017
906.067
974.15
889.6
1143.55
1372.667
613.017
1185.867
1147.217
1064.533
996.683
1090.2
946.95
907.0
1206.617
1158.067
965.817
789.867
910.617
882.133
837.017
1163.333
1016.217
1115.667
1276.083
1043.133
1157.883
1361.133
1060.083
1381.733
1191.017
1522.8
1256.217
1108.467
1349.55
1355.667
1275.95
1102.0
1271.083
1113.933
1186.017
1076.6
1279.483
1313.6
1144.017
899.667
1177.617
1139.133
1142.75
959.867
889.15
1152.733
952.75
927.0
674.35
1347.733
909.95
1196.333
1119.95
1229.533
1586.283
1257.2
1440.817
1246.733
1396.55
1538.867
1185.483
1432.933
1437.017
1236.2
1177.417
1483.667
1301.217
1571.467
1146.483
1412.6
1418.417
1362.667
1484.75
1421.2
1384.683
1493.667
1423.15
1514.667
1547.817
1440.533
1198.95
1510.6
1511.817
1324.533
1542.75
1654.467
1515.883
1439.467
1151.15
1661.133
1465.75
1710.4
1913.417
1879.333
2161.483
2122.067
1972.083
1923.067
1850.883
1987.6
1584.55
2149.733
1850.95
2002.867
1908.817
2190.467
1718.75
1885.733
2039.883
1987.733
2009.283
1813.6
1464.883
2035.667
2075.55
1941.533
2008.35
2147.0
2085.083
1951.933
1763.15
2172.4
2170.35
1698.733
1975.017
1956.333
2100.017
1912.333
2043.95
2238.667
2049.75
1983.667
1508.017
1885.533
1973.15
2073.067
1731.55
2128.4
1815.55
1968.467
1820.217
1842.867
1762.283
1665.333
1769.817
1756.6
1836.417
1652.8
1793.217
1620.0
1725.95
1776.067
1756.15
2009.4
2105.817
2138.267
2293.35
2151.8
2263.75
1883.4
2340.15
2082.333
2027.55
2508.133
2079.683
2746.667
2654.95
2486.933
2579.217
3159.4
2631.15
2826.667
2341.95
2594.533
2558.417
2354.133
2170.083
2295.2
2215.217
1992.6
2067.683
2515.867
2070.683
2288.6
2207.817
2632.0
2549.35
2777.0
2582.083
2524.6
2384.55
2213.133
2174.617
2361.0
2033.817
1981.6
1900.883
2024.2
1990.15
1470.6
1837.15
1862.733
1532.017
1232.267
1954.15
1876.133
1907.75
2097.733
1685.617
2426.133
2490.95
2560.333
2389.217
2487.2
2349.683
2089.067
2232.017
2211.333
2352.483
2296.4
2070.483
2622.933
2301.817
2437.267
2324.75
2541.267
2449.95
2412.267
1874.0169999999998
2458.4
2271.683
2470.067
2469.017
2343.8
2400.817
2329.733
2261.483
2865.067
2812.483
2714.667
2852.817
2989.133
3057.617
3096.867
2928.15
3234.267
2944.883
3297.8
2801.15
3252.0
3548.283
2905.2
3137.217
3331.667
3175.283
3229.0
2629.35
2715.333
2291.017
2271.267
1606.55
1698.0
1362.817
1284.933
1257.017
1714.733
1861.617
2037.6
2318.883
2477.4
2456.683
2642.267
2940.683
3161.0
3331.483
3239.133
3220.817
3464.667
2977.75
2976.2
2897.883
2678.933
2166.883
2109.067
1921.017
1917.533
2178.55
2205.333
2515.95
3031.267
3040.75
3146.667
3670.55
3875.4
3801.417
4069.6
3759.15
4391.532999999999
4325.817
4799.933
4382.617
4350.867
4730.617
4474.067
4549.683
4702.733
4487.017
4703.733
4532.817
5117.467
4879.017
5017.8
4699.883
5190.8
4977.683
4842.733
4772.75
5332.733
5120.483
5098.333
4940.35
5092.6
4715.95
4836.733
4975.883
5044.533
5362.55
5164.333
5186.083
5232.4
5056.883
4801.467
4607.683
4861.133
5049.417
5247.933
5094.083
4990.8
5019.217
5071.2
4876.15
5024.733
4934.35
4833.933
4839.817
5305.133
5090.017
5127.4
4908.017
5080.8
5205.817
5059.4
5409.283
5392.933
5389.283
5415.067
5503.417
5514.933
5781.283
5934.067
5774.483
5703.133
5739.683
5333.067
4911.417
5180.467
5137.483
5154.133
5045.483
5168.2
5360.083
5328.133
5759.417
5718.733
6143.75
6040.267
6078.55
6099.8
6393.217
5837.133
5919.083
6405.667
5926.283
6030.0
6163.283
6190.467
6060.283
6548.6
5972.35
6311.0
6250.15
6178.467
5941.283
6256.2
6123.55
6218.333
5737.217
6210.733
6107.283
5956.6
5656.283
6136.0
6323.617
6450.667
6087.75
6426.8
6411.683
6309.2
6327.683
6273.0
5573.217
6036.867
6007.617
6163.667
5710.75
6210.333
5974.483
6191.8
5985.15
5889.933
6147.35
6262.0
6209.883
6240.6
6029.35
5943.467
5908.55
5448.533
5650.017
6291.8
5885.15
6076.2
6224.75
6534.4
6522.35
6799.067
6421.217
6631.333
6651.683
6640.2
6336.483
6393.333
5844.417
6110.4
5483.883
6102.2
6194.417
5900.667
5818.817
6470.067
6449.617
6026.733
6081.417
6608.2
6760.817
6598.933
6420.883
6529.867
6556.017
6455.667
6377.417
6572.533
6423.95
6653.0
6859.617
6535.4
6751.283
6955.467
6232.683
6534.733
6400.083
6078.667
6417.017
5824.867
6083.417
5958.733
6648.483
6725.0
6561.95
6494.933
6204.417
6537.067
6397.217
6793.533
6455.217
6313.267
5866.35
5929.133
5764.817
5515.267
5393.95
5093.133
5072.617
5047.533
5032.55
5322.733
5556.017
6223.8
6527.017
7139.4
7171.75
7891.2
7218.283
7035.533
7282.55
7205.067
7174.483
7697.067
7672.283
7857.933
7716.15
7746.0
7163.55
7012.8
6741.617
7037.333
6839.55
7796.933
7308.417
7857.933
7778.817
8034.4
8053.483
7746.133
8360.483
8330.267
8774.75
8719.866
8765.684
8909.467
9183.217
8473.2
8641.75
8310.733
8357.616
8422.333
8634.35
8428.267
8268.817
7926.733
7841.483
8108.067
7882.617
7181.467
7872.017
7741.8
8134.15
8381.533
8348.684
9046.533
8739.55
8592.2
8699.417
8738.934
8575.017
8484.8
8442.684
8967.134
9204.15
9276.0
8935.95
9057.066
10174.616
9367.2
9346.95
9550.6
9116.75
9434.066
9445.884
9968.0
9609.283
9170.134
9474.417
9643.8
9504.017
9130.467
8985.017
9886.4
10203.15
9897.667
9513.816
9784.4
9559.083
9411.733
8774.15
9620.8
9524.684
9203.467
8778.283
9210.134
9415.217
9392.467
9054.217
9788.934
9846.217
9545.467
9890.083
9977.8
10460.684
10063.267
9885.55
10400.0
10000.083
10158.333
9590.217
9949.533
10426.483
9964.934
10188.35
10180.866
9975.616
10107.866
10310.816
10794.6
10539.884
10553.934
10590.15
10659.2
10850.417
11199.733
10896.884
10907.333
10578.684
10614.2
10211.417
10656.533
10303.55
10667.134
10057.283
9923.934
10082.15
9945.533
9740.417
10361.267
9879.816
9871.533
9907.616
10011.934
10026.083
9842.934
10352.083
10828.467
10969.55
10396.267
10316.35
10465.4
10044.75
10599.4
10239.684
10800.0
10788.616
10942.934
11001.017
11192.066
11303.95
10962.934
10488.55
11712.134
11300.083
11256.2
11310.816
11607.667
10786.15
11254.2
10704.884
11509.667
11348.816
10857.134
11155.483
11529.467
11274.55
11464.667
11941.616
11617.8
11203.483
11183.8
10910.55
10958.4
11226.017
11601.2
11724.35
12157.667
12153.684
12431.8
12162.684
12199.066
12450.283
12262.467
12119.017
12339.733
12364.816
12548.934
12280.083
12891.733
12728.417
12798.733
13088.017
13029.8
12943.217
12554.333
12769.217
12995.733
12625.884
12459.467
12457.75
12923.066
12733.616
13428.667
12907.75
12653.533
12988.083
13063.533
13579.083
13590.0
13621.15
13167.0
13461.483
13142.533
13316.017
13083.333
13184.55
13546.333
14743.15
13748.4
14240.55
14504.8
14578.483
13999.533
15138.684
14697.333
15002.616
15404.667
15875.217
15040.8
15471.95
15068.4
15322.55
16509.4
15478.55
15457.866
14817.417
14947.333
14968.417
15519.267
15364.017
15701.267
16263.684
15775.667
16363.816
16876.334
17310.416
17311.732
17397.949
18002.133
18502.883
18036.199
17083.816
17762.533
17830.684
17350.934
17618.883
18180.934
18115.35
18010.133
18410.283
18823.066
18276.084
19378.934
19732.217
19508.4
19059.816
19909.334
19777.018
19734.533
19568.883
19848.666
19843.617
19717.6
19823.617
19403.334
19678.416
20421.801
20861.217
21221.4
21313.949
22402.0
22568.617
22149.533
22712.482
22705.533
22410.883
22502.934
21705.482
22582.467
21970.217
21742.6
23051.617
23539.666
23778.617
23871.4
23916.15
24524.6
23913.217
24066.666
23623.416
23869.133
24056.018
23553.666
24166.018
24792.801
24987.684
25130.533
25227.816
25586.867
25570.551
25198.199
25388.883
25346.4
25417.018
24812.801
25326.816
25441.467
25466.416
25850.066
25374.15
25500.066
25573.084
25638.0
25613.75
25800.4
26119.617
25690.934
25864.416
26075.334
25975.816
25130.6
24789.283
23534.666
22638.283
21896.4
21681.551
21613.732
21938.15
21812.066
22947.018
24129.934
24425.217
24941.0
24919.883
25222.334
25912.551
26734.133
26243.816
26955.133
26937.15
26753.133
26063.15
25956.0
26160.35
26566.867
26722.551
27080.268
27568.617
28246.732
28609.883
28783.0
28811.35
28124.6
28107.416
27807.4
28011.551
28083.801
27970.15
28103.666
27539.217
27235.801
27121.684
26753.4
26710.018
27095.133
26751.15
27972.867
28039.617
28297.732
28810.084
28991.801
28310.75
28615.867
28171.949
28281.4
28517.018
28843.0
29183.684
29965.867
29796.617
30291.6
29830.75
29962.6
29552.684
28977.4
29174.551
29055.133
29318.416
29091.6
29268.482
29742.732
29953.416
29498.0
29644.684
30541.666
30056.416
30399.4
29699.883
30314.533
29870.35
29204.199
28799.084
28494.199
28443.684
28682.867
28919.416
29222.732
30185.883
29754.199
30533.482
30127.732
30100.75
30014.133
29628.617
29427.199
29109.816
28463.133
28627.283
28724.467
28548.949
28669.066
28606.684
28429.666
28602.084
28445.199
28494.15
28944.268
29311.416
29211.666
29494.15
30180.0
30230.816
30134.934
30442.283
30230.066
30082.416
29544.4
29107.816
28789.0
29011.75
29418.867
29216.551
29971.4
30209.482
30749.533
30929.684
30931.6
30764.551
31445.533
31713.551
32140.732
32239.482
31952.199
31831.416
31649.334
31678.816
31090.334
30910.949
31056.867
31018.816
30707.6
30708.217
30034.133
30551.416
30173.533
30522.084
30456.801
31265.018
31605.6
32114.551
32400.801
32665.084
31848.801
32007.416
31627.4
31652.949
31954.4
31714.283
31773.867
31414.217
31705.4
31983.684
32061.467
32239.15
32157.133
32646.084
32989.602
33700.016
32985.801
32904.617
32352.533
32443.551
31803.4
31851.15
31739.867
31525.084
32075.268
32161.551
30382.334
31612.416
31601.066
31321.949
31557.6
31286.883
31197.4
31383.816
31926.334
32133.617
32143.934
32081.883
32166.066
32760.217
32883.0
33121.75
32875.6
32458.816
31434.934
30128.883
29547.801
28404.551
27149.4
26724.15
27337.6
28097.482
29946.6
30448.684
29934.133
29997.949
30280.066
29692.35
30139.732
29652.949
29282.533
30013.617
30923.467
31711.084
31620.334
31940.949
32154.533
32456.75
33184.266
32704.816
32677.533
32778.416
31981.066
32477.283
32854.801
32888.15
32655.066
33490.883
33734.066
33765.684
33772.332
33170.684
33133.133
32872.282999999996
33169.066
32892.416
32334.133
32105.35
31687.666
32519.283
33164.066
33712.816
33436.398
34008.016
34827.332
35071.949
34520.398
34173.684
34550.801
34026.617
33973.398
33403.484
34020.934
34435.484
33953.535
33752.617
33598.199
32682.883
32182.666
30835.482
30004.133
29659.35
29781.533
30095.816
30542.334
31415.018
31617.066
32619.018
32889.268
32950.883
33454.066
33502.082
33980.734
34149.082
34193.934
34605.418
35284.934
34765.883
34512.066
33791.484
33705.734
33651.816
33508.934
33533.148
33574.066
34098.617
34974.066
34905.551
35003.266
34987.684
34918.801
34646.551
34677.867
34782.352
33781.934
33350.418
32995.266
32525.283
31839.0
31466.416
31773.732
31984.883
32414.801
32713.084
33328.602
33322.082
33088.0
32997.352
33279.266
32948.949
32663.066
32745.416
33108.332
33572.016
33633.0
33668.816
34139.266
34620.352
34516.332
34637.215
34381.066
34289.016
33691.266
33085.016
32962.801
32223.416
31321.4
32465.949
32343.934
32565.551
32756.533
33244.484
33334.668
33695.484
33216.867
33237.215
33694.867
33207.617
33179.666
32993.285
32916.066
32657.482
32114.133
31806.482
31882.334
31939.018
31532.467
30897.482
31262.268
31076.416
30892.133
30854.084
31120.467
31292.084
31417.934
31848.551
31978.066
32349.283
32131.6
32014.617
32424.268
32357.416
31373.334
32060.018
31728.4
31747.949
31908.6
31389.35
31492.0
32175.75
32298.066
32599.15
32518.732
32645.75
32620.732
32367.15
32762.0
32364.018
31961.066
31859.35
32148.801
32491.949
32603.066
31966.35
32190.0
32026.217
31609.0
31885.15
32080.801
31945.75
31789.334
31941.883
31800.4
31993.75
31476.666
31240.018
31316.867
31201.684
31371.533
30930.617
31799.732
31974.15
32363.0
31736.018
31917.066
32000.949
32287.666
32110.883
31925.732
32098.283
32088.199
31860.15
31958.732
32000.949
31646.4
31283.684
31654.199
31739.883
31887.6
31796.75
31969.133
31962.018
31814.4
32162.15
32310.199
32505.018
31802.0
31365.283
31675.334
31153.883
31261.268
31038.35
31547.066
31993.084
31797.133
31613.15
31941.133
31905.75
32144.4
31940.883
32120.666
32353.883
32206.666
32105.15
32355.4
32325.15
32254.268
32155.684
31595.066
31856.551
30958.934
31265.084
31476.066
31347.35
31075.867
31178.283
31173.268
31040.949
31065.0
31419.816
31080.533
31584.551
31398.666
31388.816
31000.268
30640.75
30360.4
30513.084
30198.867
30145.283
29810.867
30445.617
30541.732
30612.416
30491.066
30073.35
31066.4
31188.15
31484.533
31474.949
31900.867
32104.15
31517.6
31434.883
31299.199
31256.283
30490.732
30692.283
30920.801
30865.35
31084.934
31067.684
31457.0
31366.684
31434.0
31232.35
31541.6
31234.684
31014.199
30445.949
31145.533
31192.883
30455.268
31214.15
30943.467
31188.617
31329.133
30951.482
31213.934
30840.551
30182.801
29739.617
30263.066
30041.883
29748.867
30158.35
30218.666
30999.084
30732.199
31298.949
31491.268
31163.949
31057.334
31391.018
31640.867
31205.283
30760.867
30540.816
30542.934
30076.018
29908.801
29758.416
30321.867
30378.018
30318.533
30218.283
30797.066
30832.949
30570.268
30280.217
30374.801
30026.15
29517.0
29118.949
29330.467
29311.75
28955.133
29209.883
29514.732
29989.617
30062.533
30037.217
30402.666
30505.15
30793.334
30663.617
30887.867
30735.816
30519.467
31046.15
30534.6
30918.883
30633.867
30212.018
30792.268
30649.684
30848.867
30423.883
30344.533
30304.816
30347.801
29819.816
30006.268
29800.617
29689.268
29904.35
29660.334
29449.482
29453.133
29276.416
30012.0
30244.684
29528.133
29650.084
30155.467
30096.551
29968.801
30371.283
30054.467
29786.684
29741.934
29040.217
29537.6
28907.018
29034.268
28944.949
28955.334
29416.482
29175.666
29426.217
29464.133
29372.084
29684.934
29659.416
29960.199
29896.416
29466.467
29462.551
29740.0
29857.551
29142.066
29489.75
29695.268
29651.482
29084.4
29555.217
30116.0
29760.416
29534.268
30287.883
30376.4
30246.75
29964.4
29643.482
30179.133
29760.949
29984.801
29914.617
29738.666
29859.551
29774.268
29610.283
29911.066
29685.15
29058.4
29222.15
29567.133
29440.883
28860.334
28915.15
28692.934
28601.684
28390.199
27958.018
28547.133
28572.75
28202.334
28998.75
28923.533
29114.416
29000.732
28705.084
29153.268
28938.684
28559.0
28006.551
28429.801
28498.482
27733.533
26987.684
26437.334
25780.949
25315.934
24728.684
24522.666
24042.15
23621.801
24491.018
24902.199
24942.551
25487.666
26079.883
27054.133
26839.084
27228.867
27163.283
27228.133
27382.617
26904.0
26714.617
26850.666
26792.482
26374.533
26382.018
26543.732
26786.684
26743.533
26586.949
27022.6
26887.416
27020.066
26894.084
27305.533
27175.482
26686.666
27093.75
26899.867
26539.217
26156.268
25813.949
25955.0
25993.949
26079.801
26332.084
26206.467
26560.35
26719.334
26533.018
26835.4
27214.416
26936.533
26664.416
26919.066
27025.084
26977.6
27037.482
26963.268
26543.816
26437.334
26454.416
26714.133
26595.551
25984.801
26375.551
26385.268
26621.018
26456.268
26305.482
26428.4
26475.816
26867.6
26368.084
26583.6
26831.949
26374.934
26661.084
26662.934
26595.949
26164.867
26277.883
26205.334
26287.217
26366.199
26303.084
26208.867
26208.684
25738.867
26057.15
25853.268
26143.75
25654.6
25966.617
26561.801
26221.217
26563.199
26539.084
26432.533
26780.684
26553.801
26650.15
26667.4
26554.75
26781.801
26552.018
26751.199
26493.949
26768.934
26482.283
26976.467
26408.482
26521.4
26201.35
26571.732
26620.75
26272.801
26086.949
26261.066
26204.35
26229.334
26242.551
26365.6
26427.283
26339.801
26318.018
26285.934
25992.551
25673.0
25555.283
25826.066
25406.482
25125.732
25226.551
25642.867
25600.018
25168.467
25187.949
25608.0
25376.416
25055.533
24889.816
25229.4
25071.283
24754.0
24251.018
24615.732
24717.816
24722.0
24894.217
24867.0
24903.416
24332.732
24532.617
24298.732
24172.883
23480.199
23463.15
23552.867
23184.883
23229.533
22589.617
22938.0
22677.883
22221.4
21601.35
21510.732
21675.617
21577.6
21040.416
21338.732
21176.816
21383.066
21448.084
22049.268
22329.15
22910.801
23448.482
23626.732
23734.35
23718.4
23987.15
23850.0
23480.816
23579.801
23389.883
23714.199
23402.482
23642.934
23673.816
24030.066
23928.816
24143.133
24003.816
24446.066
24294.75
24046.934
24306.816
24600.533
24380.949
24141.066
23917.217
24300.199
24203.482
23908.867
23919.617
24012.467
24064.684
24371.467
23635.416
24145.0
24152.617
24199.467
24026.416
24243.467
24038.551
23727.066
23716.551
23872.066
24116.283
23443.801
23371.816
23526.533
23321.482
23248.666
23369.084
23570.867
23321.15
23195.867
22974.75
22994.199
22992.75
23109.199
23049.949
23087.0
22974.75
23029.666
22904.883
22842.268
22849.482
22667.6
22135.018
22579.4
22156.75
22314.4
22255.35
22422.4
22211.416
22295.133
22229.617
22237.6
22519.883
22287.533
22633.35
22499.533
22641.482
22428.199
21881.551
21985.801
21732.482
21569.199
21715.482
21636.4
21590.416
21592.334
21528.482
22018.199
22431.217
22022.334
22539.949
22624.533
22358.217
22456.533
22216.283
22523.801
22580.684
22780.268
22889.283
23019.0
23302.416
23145.867
23435.35
23844.732
24052.283
23497.066
23379.283
23736.4
24141.283
23985.199
24408.217
24575.4
24959.883
24742.133
24884.482
24833.199
24652.084
24127.133
23298.551
22880.334
22562.217
22345.0
22143.949
22031.4
22007.617
21912.334
21779.15
22014.199
21886.684
21938.467
21872.018
22261.4
21995.416
21923.533
21631.283
21756.533
21902.816
21471.801
21746.482
21654.867
21821.018
21836.732
21896.084
21997.199
22178.35
21826.732
21966.617
22335.533
22109.018
21646.934
21945.217
22332.934
22119.684
21751.6
22017.551
22295.133
21778.217
22188.0
21542.75
21890.801
21597.816
21421.6
21559.416
21434.732
21480.75
21303.533
20780.084
21451.334
21579.482
21246.533
21260.883
21458.867
21305.949
21635.732
21075.084
21260.066
21313.018
21411.533
21408.949
21562.0
21330.684
21422.801
21517.617
21801.732
21384.217
21083.199
21053.949
21288.066
21384.551
21111.199
21204.949
21179.666
21360.75
21079.801
21112.482
21141.934
21110.416
20714.801
20505.551
21069.4
20825.551
20392.066
20261.084
20639.6
20283.416
20211.199
20300.217
20529.268
20182.35
19187.732
19862.816
20264.666
19799.816
19790.4
19371.018
19639.732
19701.684
19956.133
19934.482
19893.732
19662.018
19732.0
19756.15
19365.467
19227.084
18799.666
19094.15
18804.268
19187.35
18787.533
18877.482
20108.268
19861.551
19881.4
20408.482
20226.199
20224.018
19669.732
19398.283
19171.533
19227.816
18929.467
18993.551
19127.934
19282.816
19012.133
19302.684
20008.0
19545.617
19102.4
19434.684
19699.133
19733.684
19398.199
19540.949
19683.732
19346.617
19086.133
18735.684
19138.732
18711.217
18652.6
18203.018
18264.666
18415.15
17810.801
17380.018
17413.133
16294.616
15736.866
15024.684
15248.4
15226.75
15367.267
15503.616
16144.934
16827.084
17208.801
17194.684
17414.199
17945.75
18459.934
18319.883
18062.467
18537.551
18444.666
18486.883
18506.268
18133.35
17918.268
17750.416
18246.4
18129.883
17719.934
18369.75
18277.732
18426.949
18543.6
18387.416
18529.066
18517.482
18310.066
18412.949
18501.334
18711.551
18265.268
18257.816
18651.467
18760.684
18666.6
18663.35
18877.133
18846.75
18690.0
18200.617
18756.4
18627.617
18335.934
18167.416
18429.199
18569.416
18362.732
17943.018
18213.801
18497.551
17909.801
18509.617
18725.334
18596.084
18984.732
18745.283
18821.867
18783.684
18616.268
18744.416
18691.334
18667.75
18343.4
18384.35
18451.4
18497.617
18422.867
18459.617
18669.666
18684.816
18444.0
18171.482
18502.666
18396.551
18619.066
18160.217
18670.4
18495.217
18712.934
18652.551
18765.801
18671.949
18233.801
17948.883
18530.268
18467.617
18568.467
18199.217
18163.133
18275.217
18166.4
18460.617
18286.4
18240.551
17704.867
17729.482
17884.133
18123.684
17270.934
17600.684
17826.467
17807.018
17623.133
17486.084
17879.732
17796.617
17556.867
17705.684
17787.732
18012.816
17290.666
17506.283
17993.066
17998.551
17679.467
17535.617
17724.066
17906.949
17518.934
17528.217
17727.0
17596.35
17096.934
17423.15
17441.533
17241.283
17217.133
17286.816
17058.533
17740.217
17132.867
17045.551
17179.0
17186.883
17134.533
16573.416
17096.666
17158.283
16846.133
16560.617
17094.133
16951.15
16838.4
16316.551
16904.533
16867.416
16803.066
16822.816
16560.334
16828.283
16672.0
16207.283
16526.467
16373.417
16402.2
15940.55
16348.8
16277.217
15664.2
15348.95
16118.934
15925.483
15764.2
15649.616
15905.467
15761.684
15473.0
15378.217
16045.8
15716.083
15567.066
15415.417
15888.066
15507.083
15285.8
15216.684
15807.066
15629.15
15377.8
15387.217
15549.866
15279.884
14911.733
14615.283
15108.2
15163.816
15074.2
15383.55
15503.733
15362.217
14737.6
15406.15
15193.8
15104.616
15109.866
14985.55
14942.667
15060.616
14567.333
14462.816
13784.6
12975.684
12154.333
11336.15
10873.8
10702.083
10586.066
10600.017
11592.2
12142.283
12413.333
12844.884
13230.533
13281.083
13382.733
13269.483
13347.0
12830.217
12805.667
12075.483
13128.667
13057.95
12813.2
12810.616
13216.267
13428.017
13565.667
13266.684
13708.467
13930.017
13626.267
13664.35
14079.2
14058.283
14097.0
14194.616
14285.6
14259.083
14025.866
13590.95
14455.066
14104.55
13988.467
13512.95
14147.2
14239.017
13966.4
14142.884
14139.6
13625.55
13729.066
13456.816
14040.333
13883.75
13776.6
13762.616
13866.8
14156.816
13751.8
14290.483
14199.267
14279.616
14231.333
13872.35
14567.8
14567.816
14232.267
14456.35
15219.267
15020.884
14830.6
15343.15
15604.066
15273.15
15046.333
15119.217
14868.467
14997.35
14490.267
14626.35
14888.2
14679.017
14610.2
14957.417
14579.6
14609.75
13964.267
13811.616
14720.4
14561.55
14456.533
14630.017
14492.934
14522.417
14643.733
14311.283
14366.934
14349.217
14302.533
14233.483
14481.2
14167.884
14304.866
14123.95
14569.2
14252.55
14397.934
14319.616
14680.2
14269.75
14343.733
14295.95
14613.0
14887.884
14935.733
14860.75
14802.134
14713.55
14533.2
14754.816
14903.4
14996.217
14978.6
14598.616
15271.533
15111.616
15051.667
14545.217
15032.467
14935.816
14747.667
14650.15
14814.8
14938.816
15075.866
14992.95
15092.134
14840.55
14964.533
15144.35
14900.134
15056.483
14930.733
14736.017
14867.333
14921.75
14714.2
14668.55
14836.8
15057.816
14233.0
14957.283
14993.267
14921.083
14260.2
14618.35
14914.6
15052.217
14872.866
14911.616
14874.467
14966.083
14702.066
14607.816
15001.467
14734.35
14864.333
14568.017
14811.4
14863.15
14545.267
14482.95
14818.733
14453.15
14426.8
14313.75
14632.467
14493.483
14168.066
14468.684
14455.467
14240.283
14334.667
14442.684
14281.2
14263.283
14046.467
14057.884
14353.8
14041.15
14115.2
13782.417
13826.6
13901.75
13765.8
13868.483
13643.267
13562.816
13506.866
13475.283
13702.0
13652.616
13537.533
12576.483
12747.4
12535.616
12242.267
11502.15
11225.467
11145.616
10707.0
9978.95
10569.267
10445.616
9732.8
10210.816
10180.667
9865.017
10017.934
9609.017
9764.267
9572.15
9261.467
9342.217
9607.533
9489.616
9631.4
8345.75
9108.733
9180.55
8749.267
9085.35
9432.866
9559.816
9466.4
9991.15
10394.866
10514.017
10773.333
11206.017
11261.533
11144.417
11295.667
11088.283
11072.866
11253.884
11251.134
10686.217
11103.866
10830.083
10421.333
9714.417
10014.0
9797.75
9435.4
9278.483
9164.4
9258.283
9148.866
9010.083
9403.533
9412.35
9266.4
9184.217
9307.934
9174.283
9095.134
8993.083
9401.667
9200.55
8911.6
9353.217
9702.4
9522.75
9291.066
9476.75
9487.934
9546.35
9531.4
9337.083
9366.2
9055.95
8480.4
9001.417
8915.066
9121.816
9321.934
8943.55
9534.733
9442.483
8728.066
8981.95
9115.134
8897.083
8942.4
9150.017
9333.066
9295.017
9448.667
9389.684
9551.6
9414.884
9344.866
9041.217
9263.8
9380.95
9142.934
9179.816
9382.0
9293.483
9140.066
9668.684
9777.333
9975.884
9606.2
9888.083
10132.6
10143.283
10375.2
9643.083
10135.467
10024.884
10238.4
9850.083
10575.733
10360.35
10524.533
10155.083
10728.8
10639.616
10306.467
10085.15
10312.467
10077.884
9999.134
10227.816
10205.2
10072.15
9739.733
9713.35
9950.333
10088.283
9943.533
10114.483
10057.934
9903.75
9730.733
9959.884
10105.467
9984.083
10307.8
9736.017
10065.467
10332.75
10322.533
10034.483
10069.866
9701.884
9402.0
9840.616
9797.533
9851.884
9081.733
9620.083
9893.134
9766.95
9505.267
9866.217
10106.0
9724.017
9906.733
9762.417
10034.733
9701.684
9459.6
9395.35
9777.934
9703.55
9339.134
9586.083
9594.733
9740.083
9588.533
9626.283
9690.2
9567.55
9368.2
9578.75
9752.934
9676.75
9518.0
9850.283
9616.467
9713.35
9630.267
9434.083
9649.6
9633.483
9457.134
9332.95
9433.6
9496.616
9196.2
9093.417
9581.134
9587.217
9284.333
9296.417
9600.467
9588.684
9168.333
9225.083
9458.467
9251.75
9053.066
9439.483
9412.467
9187.217
9424.667
9206.616
9273.6
9204.15
8971.8
8602.083
9301.533
8954.083
9180.0
9000.55
9118.467
8919.684
8885.934
8712.884
9097.6
8972.95
8863.934
8625.884
8893.733
8908.95
8753.866
8705.083
8970.667
8964.616
8416.066
8634.15
8913.267
8897.95
8214.467
8372.816
8834.066
8762.616
8639.467
8313.283
8885.2
8774.816
8700.667
8451.616
8618.733
8434.684
8330.2
8458.15
8614.667
8398.217
8258.0
8307.283
8739.6
8754.15
8539.2
8244.15
8375.333
8482.017
8338.333
8144.0830000000005
8482.934
8380.75
8376.8
8041.217
8263.4
8366.217
8303.533
8156.417
8324.533
8172.15
8550.067
7899.817
8320.8
8247.95
8018.667
7594.617
8295.0
8235.15
8303.2
7961.75
8065.4
7914.35
8032.4
8144.817
8444.067
7660.883
7952.933
7711.483
7990.2
7392.083
6938.4
6239.617
5980.333
5126.683
4305.467
3716.417
3099.6
2368.95
2006.2
1364.217
1670.933
1564.083
1292.933
1434.417
2266.133
2451.683
2443.267
3414.283
3919.2
4212.017
4524.867
3869.617
4610.0
4220.017
4035.533
3654.683
3444.0
3495.15
3207.533
2973.483
3365.0
3433.283
3421.0
3207.35
3943.467
3734.417
3801.867
4393.95
4473.6
4695.817
4379.667
4880.35
5092.733
5051.483
5102.733
5393.15
5705.267
5776.283
5320.4
5612.35
6155.0
6206.483
5808.0
6310.817
6585.8
6717.95
6625.4
6644.683
7120.267
7133.617
6517.467
6641.017
7335.6
7441.35
7253.067
6984.417
7533.4
7373.35
7174.6
7166.817
7636.533
7443.75
6607.8
7469.217
7599.8
7706.683
7369.667
7165.417
7689.933
7574.217
7437.467
7315.55
7476.267
7587.017
7161.533
7017.617
7952.533
7535.883
7331.533
7353.15
7685.467
7574.55
7441.8
7405.95
7631.467
7582.417
7407.2
7380.75
7690.4
7641.017
7513.667
7398.55
7731.667
7646.15
7088.067
7317.15
7635.4
7539.817
7181.133
7101.217
7546.067
7413.95
7459.6
7232.95
7499.467
7623.617
7295.6
6852.417
7630.467
7517.217
7512.267
7303.15
7809.533
7551.417
7379.933
7158.55
7627.067
7422.617
7004.2
6864.217
7501.333
7440.15
7448.267
6852.083
7548.933
7404.75
7251.467
7346.15
7521.533
7450.083
7301.533
7209.617
7727.933
7531.883
6704.067
7037.017
7637.667
7435.417
7400.133
7230.95
7613.067
7507.483
7071.8
6862.617
7433.667
7275.683
7273.533
7152.283
7485.667
7434.55
7297.467
6823.95
7485.133
7428.683
7096.267
6781.75
7374.533
7492.817
7190.333
7122.617
7447.333
7101.683
7077.667
7195.55
7219.733
7111.95
6951.933
6794.55
7357.067
7189.95
6829.667
6770.55
7210.6
7367.217
6650.0
6766.883
7216.133
7145.35
7168.0
6955.75
7128.867
7047.75
6981.8
6668.883
7283.467
7051.95
6774.533
6703.283
7070.0
6991.817
6822.867
6342.75
6984.133
6908.083
6782.533
6313.617
7067.467
6843.283
6394.933
6802.083
6853.267
6730.483
6308.8
6404.683
6564.4
6703.55
6413.2
6402.683
6650.333
6444.75
6447.867
6244.75
6560.333
6582.283
6135.333
6082.083
6609.333
6575.217
6290.4
6207.217
6293.733
6504.75
6062.733
6204.683
6275.333
6315.817
6139.2
5921.017
6480.067
6334.15
5972.533
5662.617
6247.333
6405.617
6250.933
5966.75
6341.0
6340.15
5654.267
6041.283
6518.4
6120.217
5950.067
5993.417
6226.933
6262.683
5885.667
5726.283
6123.4
6208.817
5989.267
5854.217
6142.467
5942.35
5645.6
5369.75
5988.933
5814.817
6066.867
5615.55
6102.2
6062.75
5584.333
5655.017
6156.867
5971.35
5773.6
5876.55
6130.533
6059.217
5655.467
5579.617
6180.733
5910.55
5799.533
5841.75
6087.933
5931.95
5524.133
5377.35
5764.733
5709.283
5189.667
5303.95
5797.333
5627.75
5774.533
5441.883
5818.533
5656.55
5854.6
5487.35
5727.267
5657.417
5280.6
5272.017
5740.533
5616.817
5169.133
4625.95
5580.333
5612.35
5171.867
5354.083
5619.533
5404.15
5276.467
5228.083
5596.6
5403.95
5221.667
4856.617
5461.6
5514.283
4811.667
4974.483
5566.733
5364.017
5137.933
4925.817
5525.8
5519.083
5418.933
4987.15
5595.8
5509.283
5442.467
5319.55
5511.8
5367.417
4151.0
4653.417
5427.533
5496.017
5126.0
4854.817
5361.8
5513.283
4862.333
4828.95
5263.667
5229.75
4785.267
4798.483
5278.0
5254.217
4604.933
4613.35
5126.0
5097.15
4838.733
4823.817
5051.467
4964.083
4558.467
4948.883
5027.867
5027.75
4514.2
4739.683
5103.933
4859.217
4399.867
4302.417
4895.733
4894.017
4732.8
4158.017
4934.533
4808.417
4124.467
4233.217
