275.133
75.217
-131.2
151.883
465.933
134.61700000000002
219.333
247.21699999999998
238.53300000000002
250.75
129.733
-176.45
211.8
212.15
32.467
-26.049999999999997
360.6
5.75
72.533
374.017
433.2
177.017
464.533
155.21699999999998
288.4
202.817
229.53300000000002
-120.25
203.0
197.35
333.33299999999997
25.417
291.533
199.88299999999998
239.53300000000002
24.083
570.667
476.283
104.6
-56.05
250.46699999999998
129.15
-8.599999999999994
180.417
205.53300000000002
233.083
150.067
235.683
224.0
243.28300000000002
-35.533
42.016999999999996
623.533
290.817
-9.733000000000004
-254.317
444.867
443.217
40.132999999999996
42.617000000000004
385.6
439.483
399.733
238.483
422.4
371.75
155.13299999999998
322.017
401.867
392.883
332.6
-128.78300000000002
442.2
287.683
37.667
85.617
391.133
195.75
150.8
69.417
301.467
494.15
213.267
56.083
245.267
350.817
32.533
4.683000000000007
251.46699999999998
205.61700000000002
505.533
-0.9830000000000041
185.46699999999998
208.61700000000002
355.067
-62.25
201.4
257.283
193.933
88.017
425.2
358.41700000000003
-219.933
30.882999999999996
405.6
305.75
229.4
208.817
471.2
294.683
8.200000000000003
270.683
116.467
337.617
256.2
278.95
415.467
288.41700000000003
556.467
-226.517
335.33299999999997
366.15
111.533
366.08299999999997
389.867
452.15
263.0
96.35
354.133
250.28300000000002
-59.333
116.617
336.067
311.817
139.2
3.683000000000007
416.267
446.617
59.0
-230.45
363.067
319.483
88.867
139.683
288.6
427.883
342.467
41.217
306.867
326.95
-270.933
-132.11700000000002
319.6
198.683
178.86700000000002
-8.382999999999996
340.8
261.15
58.266999999999996
214.21699999999998
413.66700000000003
301.35
258.867
-104.583
464.867
411.217
448.933
152.017
497.66700000000003
271.41700000000003
173.6
344.883
406.33299999999997
87.217
379.2
-167.05
139.2
229.35
11.132999999999996
363.683
590.6
423.08299999999997
168.667
-88.383
505.933
150.083
471.8
29.417
402.6
355.483
328.733
374.283
527.4
349.15
434.66700000000003
304.217
344.2
229.21699999999998
389.66700000000003
-347.117
391.733
352.95
178.46699999999998
149.483
148.333
326.283
478.33299999999997
175.417
246.86700000000002
302.75
128.933
-201.183
280.733
388.483
469.66700000000003
184.417
400.66700000000003
305.08299999999997
51.8
-308.783
453.733
249.417
-62.533
18.016999999999996
270.467
190.75
-1000.533
-91.917
125.4
276.283
252.6
-62.516999999999996
569.8
403.75
270.6
63.882999999999996
259.2
229.683
-101.8
419.41700000000003
531.6
284.617
-174.2
34.483000000000004
319.133
317.817
-109.733
348.617
374.267
248.817
405.4
348.08299999999997
331.267
409.017
250.0
185.88299999999998
383.267
252.61700000000002
407.2
35.882999999999996
415.2
429.883
343.133
-76.317
231.53300000000002
314.41700000000003
85.6
-277.25
384.733
340.95
257.867
-118.383
344.4
334.217
217.53300000000002
87.15
369.933
362.483
-141.333
206.15
346.267
70.55
-143.067
165.55
271.733
220.817
323.067
157.88299999999998
275.2
527.55
105.733
166.21699999999998
379.267
531.017
399.66700000000003
168.95
228.6
286.617
101.6
506.41700000000003
358.8
211.35
-149.8
105.15
222.667
296.283
279.733
-2.450000000000003
549.133
560.283
35.599999999999994
290.817
385.2
353.75
243.86700000000002
109.55
349.733
388.883
94.333
136.88299999999998
312.133
336.75
195.53300000000002
307.41700000000003
492.933
446.41700000000003
414.33299999999997
121.15
576.467
188.95
413.067
-117.78299999999999
384.733
199.083
-72.46700000000001
305.75
367.2
220.017
575.8
409.217
406.4
293.55
665.667
115.483
414.13300000000004
323.15
-4.199999999999989
297.15
660.867
442.95
579.733
-14.983000000000004
485.13300000000004
406.15
426.467
235.483
387.4
565.417
-13.599999999999994
262.217
652.4
373.683
180.4
212.15
400.933
391.75
561.733
222.683
692.933
585.483
732.8
490.95
743.533
543.75
289.133
393.283
452.6
655.283
834.133
250.95
765.3330000000001
643.0830000000001
594.067
735.75
665.0
554.217
403.4
697.617
547.2
820.75
184.66699999999997
345.617
629.067
611.483
635.133
461.683
947.467
617.017
780.867
599.55
753.2
714.017
742.933
370.883
1077.533
531.95
640.0
556.0830000000001
907.2
588.55
769.8
661.35
677.6
947.817
860.867
744.95
704.667
944.35
724.333
513.95
1011.0
807.817
705.467
642.283
642.0
738.483
851.733
734.083
965.533
847.55
630.067
583.75
767.4
862.017
765.533
649.683
987.667
556.283
822.2
537.15
759.333
649.883
824.067
916.417
802.067
537.35
857.0
1029.683
521.667
932.617
789.8
826.217
854.267
821.55
696.067
1049.283
1233.2
753.417
771.2
1357.95
992.267
1197.217
583.2
772.75
1253.133
1085.817
1228.667
1306.35
848.4670000000001
815.617
942.067
909.817
1451.733
1264.817
743.0
1204.75
1094.333
1311.283
1365.133
1166.283
1089.133
1427.217
710.2
974.75
1112.2
1283.683
1600.533
1559.683
1502.067
1446.683
1268.6
1354.417
1367.333
1262.75
907.733
1112.35
1464.0
1266.617
1537.667
1088.483
1594.733
1491.75
1596.733
1409.083
1575.333
1486.35
1081.667
1538.417
1400.667
1307.75
1247.8
1375.35
1359.067
1478.217
1379.667
1165.15
1499.0
1261.35
1249.933
1130.75
1583.4
1486.617
1444.667
1514.017
1621.8
1375.617
1344.6
1222.817
1494.067
1525.617
1405.733
1149.017
1654.067
1374.217
1434.867
1415.017
1566.333
1445.817
938.4000000000001
1386.883
1458.933
1538.683
1555.667
1734.617
1874.533
1676.55
1695.667
1671.417
1812.8
1863.017
1738.133
1798.217
1801.0
1811.55
1984.067
1820.95
2214.133
1669.15
1267.733
1508.617
1729.6
2013.083
1738.6
1825.95
2192.533
1998.75
1930.0
1857.683
2088.2
2125.083
2160.333
1882.15
2259.667
1925.75
1818.333
1705.817
1744.733
1653.417
1976.667
1310.95
1718.067
1844.95
2098.2
1733.55
2081.467
1972.483
2173.267
1960.35
2031.8
2106.75
2089.8
1995.083
2310.667
1881.817
2421.867
2181.15
2201.8
2116.75
2003.733
2203.55
2455.733
1814.483
1928.067
2249.017
2476.4
2195.417
2288.0
2021.617
2109.533
1989.95
2076.6
2217.617
2190.133
2496.283
2767.6
2074.683
2650.267
2626.217
2495.533
2404.817
2457.733
2320.35
2273.467
2582.483
2537.467
2320.483
2108.133
2240.417
2160.733
2123.417
2452.0
2352.95
2516.8
2746.017
2559.0
2691.483
2912.933
2653.55
2984.467
2820.083
3158.867
2914.15
2763.8
2978.15
2971.733
2893.817
2702.867
2842.683
2674.467
2739.083
2623.133
2796.283
2752.867
2539.683
2216.333
2480.75
2422.6
2435.617
2250.667
2186.683
2448.8
2186.15
2132.8
1841.483
2445.267
2011.75
2354.933
2375.817
2583.533
3072.883
2878.067
3168.883
3034.933
3208.35
3354.0
2962.817
3124.933
3092.417
2788.4
2704.75
2993.133
2833.683
3097.467
2679.217
2937.4
2998.883
2957.4
3144.15
3098.533
3163.883
3335.267
3265.617
3336.267
3313.15
3236.333
2943.217
3278.2
3338.217
3176.733
3427.75
3511.067
3369.75
3248.333
2966.617
3497.467
3373.75
3700.4
3977.75
4067.6
4449.817
4454.2
4297.282999999999
4249.867
4166.282999999999
4275.067
3859.817
4441.6
4101.35
4279.6669999999995
4180.35
4429.3330000000005
3924.75
4064.867
4218.75
4046.533
4093.217
3875.133
3616.95
4226.133
4331.0830000000005
4196.067
4387.883
4558.8
4541.95
4451.733
4180.217
4518.267
4452.35
3931.067
4131.35
4119.067
4339.95
4236.733
4484.683
4675.667
4403.95
4271.4
3726.15
3996.0
4081.683
4132.532999999999
3858.483
4282.267
3943.95
3973.2
3743.35
3672.333
3628.75
3523.733
3607.417
3646.733
3773.75
3543.133
3681.417
3439.733
3617.617
3754.2
3875.817
4179.6
4355.15
4479.267
4633.75
4419.667
4492.083
4053.067
4597.217
4388.067
4412.083
4941.133
4650.617
5351.533
5390.017
5337.6
5528.283
6130.733
5623.483
5744.4
5198.417
5379.867
5260.883
4824.533
4587.55
4625.0
4465.55
4269.133
4397.683
4909.667
4538.417
4836.6
4890.683
5388.333
5332.15
5491.0
5207.55
5033.0
4898.817
4515.933
4349.95
4415.3330000000005
4001.283
3879.733
3721.483
3764.667
3700.683
3124.667
3470.55
3459.533
3123.483
2797.267
3576.017
3640.267
3773.417
4087.333
3832.4170000000004
4664.267
4896.883
5010.867
4846.683
4940.067
4692.017
4315.667
4452.683
4390.533
4582.017
4557.067
4407.483
4970.267
4619.75
4819.0
4669.95
4849.4
4830.083
4711.4
4180.95
4801.467
4662.217
4790.8
4703.017
4628.4
4646.083
4731.4
4733.35
5433.933
5499.95
5505.267
5762.883
5929.333
6004.083
5958.2
5800.017
6132.333
5894.617
6304.133
5938.75
6398.333
6812.017
6129.667
6374.95
6463.067
6201.083
6184.867
5441.283
5290.333
4721.083
4456.733
3492.15
3308.733
2787.75
2600.667
2608.95
3177.6
3446.483
3832.733
4365.35
4750.733
4992.217
5319.2
5769.217
6070.067
6500.95
6392.6
6361.883
6497.467
5932.083
5810.133
5477.617
5072.8
4266.883
3936.733
3611.283
3603.067
3965.483
4163.6669999999995
4732.283
5662.267
5966.417
6227.467
7103.417
7358.133
7498.35
7923.933
7642.017
8356.8
8413.95
8824.2
8550.083
8501.4
8905.483
8675.066
8725.017
8908.667
8734.35
8992.2
8781.616
9431.0
9267.017
9340.533
9148.017
9666.467
9502.684
9352.267
9437.55
9980.467
9760.217
9701.866
9450.083
9639.934
9153.217
9221.866
9411.616
9498.333
9941.35
9659.0
9747.75
9849.2
9509.884
9202.267
8997.616
9208.4
9511.15
9649.6
9539.35
9559.8
9577.283
9493.934
9353.75
9282.267
9267.55
9082.134
9184.017
9614.467
9406.35
9618.066
9285.75
9447.733
9649.684
9432.066
9849.417
10028.333
10008.616
10142.866
10201.684
10315.8
10656.15
10923.333
10731.283
10663.733
10602.083
9890.0
9343.483
9489.2
9414.616
9338.066
9251.217
9594.467
9837.884
10015.866
10651.816
10579.733
11211.616
11130.4
11206.283
11170.733
11608.483
10952.267
11091.217
11522.866
11007.616
11094.2
11313.684
11223.667
11031.55
11669.267
11144.417
11464.267
11436.816
11343.533
11082.75
11325.6
11188.816
11180.8
10593.816
11285.6
11092.55
11092.866
10683.017
11067.2
11456.95
11660.333
11295.884
11601.467
11673.483
11476.866
11449.283
11376.4
10329.017
10777.934
10831.55
10891.6
10402.417
11017.8
10851.35
10915.934
10614.816
10585.533
10951.017
11137.4
11044.217
11138.2
10883.15
10592.134
10613.483
9976.934
10271.816
10985.6
10761.684
10920.934
11310.816
11637.134
11687.684
11909.6
11531.616
11652.8
11796.75
11699.733
11259.283
11040.4
10537.55
10728.733
9959.15
10647.0
10865.15
10501.134
10508.35
11351.6
11327.95
10771.8
10806.684
11672.267
11875.083
11528.533
11326.75
11475.267
11548.75
11282.066
11160.816
11473.267
11227.95
11524.467
11850.017
11502.866
11787.95
12073.733
11164.55
11433.0
11297.283
10897.6
11123.55
10424.4
10689.483
10737.6
11733.75
11633.2
11432.816
11449.267
10973.283
11253.467
11242.616
11569.6
11222.884
11005.667
10429.083
10236.2
9879.35
9495.8
9416.35
8748.866
8610.75
8621.8
8601.684
9159.267
9563.616
10534.866
11202.616
12424.8
12592.75
13642.467
12803.816
12210.8
12709.55
12551.2
12322.95
13153.2
13261.35
13527.333
13325.816
13204.066
12586.15
12092.4
11710.017
11948.6
11860.684
13196.8
12645.816
13266.866
13323.816
13637.8
13643.283
13316.0
14052.684
14279.934
14921.15
14768.134
14937.083
15226.934
15578.483
14505.866
14706.684
14041.333
14420.95
14406.333
14813.15
14261.0
14009.884
13567.6
13336.217
13551.866
13270.483
12327.333
13251.75
13094.467
13967.017
14112.934
14158.417
15120.267
14708.15
14320.6
14663.217
14677.4
14431.017
14457.4
14721.083
15117.733
15563.483
15650.267
15249.217
15438.667
17115.084
15810.934
15828.616
16121.667
15487.15
16092.2
16081.283
16713.866
16068.95
15538.267
15830.75
16092.134
15971.616
15440.2
15343.15
16471.333
16973.35
16583.934
15900.15
16259.134
16030.55
15919.4
15028.55
15981.134
15808.55
15384.467
14743.417
15370.934
15641.017
15658.667
15215.684
16281.267
16328.417
16082.934
16495.684
16625.6
17450.75
16628.0
16414.684
17042.268
16577.617
16959.4
16003.75
16340.934
17127.018
16705.334
16805.816
16882.467
16375.417
16625.934
17079.15
17782.133
17485.684
17477.934
17683.883
17443.066
17921.416
18402.867
17911.75
17891.533
17441.217
17440.268
16914.35
17409.801
16992.018
17359.199
16674.084
16227.467
16455.017
16368.467
16043.283
16652.333
16155.35
16339.934
16440.15
16414.333
16469.617
16339.467
16909.816
17394.666
17801.617
16888.732
17017.416
17063.6
16473.883
17396.666
16973.75
17533.867
17511.617
17916.934
17911.816
18072.533
18349.949
17760.4
17286.949
19043.133
18362.018
18255.4
18567.283
18763.268
17500.217
18278.934
17459.883
18522.066
18227.551
17455.199
18080.15
18561.934
18271.018
18384.533
19402.883
18765.133
18145.551
17903.732
17707.35
17553.934
18172.883
18941.133
18764.949
19526.867
19639.816
20048.467
19564.617
19593.533
20007.551
19745.199
19770.617
19720.934
19871.482
20316.467
19899.283
20616.268
20362.684
20544.533
20987.75
20824.732
20780.018
20292.533
20416.883
20708.334
20278.617
20132.666
19937.816
20682.334
20355.35
21446.666
20657.684
20310.133
20803.816
20928.066
21678.416
21751.334
21872.949
21292.801
21518.283
20927.732
21121.551
20842.268
21351.617
21486.268
23433.684
21621.732
22561.949
22934.4
23144.949
22608.268
23943.35
23355.4
23684.684
24513.801
25269.084
23994.867
24587.283
24025.867
24306.416
26045.199
24435.018
24624.732
23715.018
23665.467
23810.416
24477.334
24365.551
24900.6
25717.018
25131.867
25926.684
26649.268
27374.883
27402.4
27520.018
28363.268
29061.35
28471.467
26976.35
27863.6
28073.416
27219.732
27881.816
28508.533
28508.883
28322.867
28836.949
29478.6
28736.084
30346.666
31045.15
30621.066
30004.482
31150.867
30958.883
31073.066
30742.416
31140.0
31302.018
31067.066
31112.75
30714.801
31006.684
31934.934
32745.416
33159.334
33542.016
35019.734
35236.617
34650.867
35358.75
35404.266
35150.352
35192.133
34157.949
35182.934
34286.352
34295.801
35914.684
36506.867
36879.617
36911.266
37137.215
37949.0
36976.285
37307.934
36729.551
37005.734
37270.484
36747.133
37547.082
38279.199
38702.352
38797.734
39000.148
39455.465
39478.484
38825.934
39150.352
38990.465
39088.418
38409.266
39088.484
39160.602
39361.949
39762.332
39352.285
39149.0
39337.215
39462.867
39505.016
39548.0
39903.816
39559.332
39812.148
40030.734
39778.75
38598.801
38013.082
36254.133
34803.75
33766.734
33440.352
33373.801
33836.016
33816.934
35212.016
36968.867
37499.016
38181.133
38323.484
38577.0
39550.949
40621.535
40178.016
40907.398
40933.617
40545.266
39684.215
39347.0
39608.883
40277.668
40588.949
41098.668
41812.148
42771.602
43303.215
43434.801
43516.949
42752.066
42565.816
42068.0
42375.816
42463.867
42457.883
42380.266
41634.684
41200.867
40938.551
40312.801
40427.949
40758.801
40531.883
42093.199
42355.484
42678.398
43350.617
43634.602
42634.148
42890.535
42410.684
42517.398
42874.352
43264.668
43709.148
44814.199
44674.016
45259.266
44736.285
44720.535
44251.418
43508.734
43683.883
43611.332
43763.352
43545.801
43835.949
44495.602
44755.082
44251.668
44368.816
45461.602
44931.75
45361.535
44574.949
45195.266
44600.215
43615.801
43063.949
42664.0
42635.148
42875.066
43213.75
43658.0
44893.551
44591.801
45449.617
44916.0
44947.75
44713.199
44181.617
43845.398
43409.285
42746.0
42853.148
42876.133
42567.617
42805.133
42816.016
42549.867
42626.418
42477.535
42586.215
43118.734
43584.617
43495.801
44128.75
44803.535
45131.883
45080.398
45446.551
45176.734
45015.816
44293.0
43802.617
43232.133
43576.215
43977.465
43664.75
44553.0
44958.285
45583.668
45835.551
45850.266
45785.215
46667.266
47057.215
47659.465
47727.551
47350.668
47167.215
46936.668
46812.684
46107.602
45872.883
46020.465
46071.148
45690.934
45584.016
44608.934
45233.75
44780.734
45240.551
45086.332
46034.418
46578.133
47292.484
47688.734
48014.484
46962.465
47033.418
46479.602
46548.285
46843.734
46530.816
46449.668
46023.484
46515.465
46928.148
46895.801
47131.949
47225.668
47695.082
48207.398
49064.883
48226.332
47984.816
47320.066
47300.75
46469.332
46463.148
46377.734
46095.016
46739.934
46876.816
45020.602
46295.215
46181.066
45735.551
45989.0
45733.816
45581.266
45904.551
46468.0
46841.016
46875.867
46739.949
46961.199
47741.285
47798.133
48019.949
47806.398
47242.148
45668.332
44024.285
43153.734
41548.352
39754.934
39250.148
39961.465
41110.484
43623.332
44292.484
43684.602
43683.816
43908.0
43287.418
43743.199
43171.082
42627.199
43675.551
45002.199
45986.082
45910.801
46360.082
46533.734
47067.883
47907.535
47361.617
47264.066
47259.016
46475.602
46944.418
47503.199
47500.148
47387.266
48252.816
48742.801
48682.949
48779.668
48009.352
47837.398
47469.215
47704.066
47380.684
46560.332
46360.684
45846.332
46978.551
47791.133
48543.352
48290.801
49006.816
49958.465
50274.285
49693.801
49241.418
49595.398
48977.949
48818.066
48157.352
48784.266
49370.418
48852.867
48582.883
48129.0
46970.148
46255.602
44583.082
43283.266
42926.484
43013.867
43416.215
44029.801
45312.215
45586.133
46989.285
47293.602
47326.617
48039.535
48338.285
48801.867
48930.551
49147.133
49659.816
50580.332
49805.484
49416.266
48506.551
48391.934
48213.949
48143.332
48121.617
48171.465
48917.016
50001.734
50022.285
49971.066
50009.418
49968.734
49674.016
49575.934
49559.75
48385.332
47737.684
47321.398
46622.016
45774.734
45217.418
45579.133
45918.352
46376.934
46908.949
47609.668
47683.082
47493.0
47332.617
47498.465
47160.285
46774.734
46890.551
47332.066
47914.285
48090.867
48165.352
48704.398
49248.016
49263.266
49265.285
48987.066
48783.148
48126.332
47288.215
46895.066
45993.883
44889.535
46286.148
46180.398
46502.883
46691.867
47434.949
47498.867
47865.016
47257.867
47447.816
47730.199
47214.949
47061.066
46880.816
46765.398
46407.949
45664.668
45189.617
45341.867
45405.883
44855.398
44175.551
44543.867
44358.949
44073.535
44090.285
44349.801
44680.883
44881.668
45430.617
45671.535
46083.617
45788.199
45617.016
46099.934
46012.016
44751.332
45494.352
45053.734
45023.617
45284.602
44599.551
44780.066
45681.949
45885.734
46316.816
46157.934
46266.75
46211.535
45919.75
46411.602
45851.148
45297.199
45220.082
45568.801
46063.148
46242.133
45386.617
45614.535
45486.418
45045.934
45385.352
45499.199
45379.684
45097.602
45351.082
44995.199
45228.016
44592.133
44287.418
44191.535
44147.484
44330.668
43910.617
44785.266
45072.684
45603.668
44921.883
45155.602
45143.949
45451.266
45293.016
45056.398
45251.418
45149.332
44942.148
44936.266
44992.484
44590.332
44133.285
44548.199
44678.684
44848.934
44772.684
44999.602
45002.684
44895.0
45320.285
45345.465
45574.551
44671.398
44217.148
44451.465
43898.883
43989.535
43694.551
44311.199
44836.816
44678.066
44532.75
44838.066
44861.352
45116.602
44981.016
45036.199
45377.285
45164.668
45107.418
45322.398
45365.215
45247.0
45108.418
44334.332
44581.883
43780.535
43990.484
43974.266
43908.551
43554.398
43720.082
43677.801
43598.285
43690.602
44050.684
43644.602
44294.816
44021.398
43935.551
43408.535
42972.215
42640.535
42711.816
42292.668
42358.816
42050.465
42683.285
42893.867
42923.082
42671.266
42348.484
43476.734
43723.148
44044.0
44083.551
44676.0
44832.75
44135.332
43950.816
43750.602
43704.75
42859.266
42977.949
43236.199
43203.949
43573.934
43490.684
43975.066
43901.285
44082.066
43850.082
44063.398
43755.215
43401.668
42894.816
43505.734
43600.949
42794.602
43712.148
43319.332
43710.75
43847.801
43288.418
43611.133
43209.215
42332.332
41857.816
42362.867
42119.016
41811.465
42272.285
42310.934
43366.816
43074.465
43726.215
43966.398
43643.617
43562.0
43971.551
44292.668
43775.883
43158.734
42894.617
42917.266
42327.082
42206.801
42105.418
42771.199
42739.816
42745.332
42632.617
43390.602
43431.75
42994.465
42774.148
42700.199
42271.949
41582.668
41092.551
41118.801
41105.418
40726.398
41041.082
41386.535
41977.215
42252.934
42440.684
42736.465
42969.082
43350.066
43270.883
43448.602
43208.285
43025.465
43573.617
42940.668
43352.883
43055.199
42595.617
43190.867
43075.215
43297.133
42929.148
42728.602
42607.215
42627.398
42045.484
42219.199
41873.75
41644.266
41982.883
41626.867
41467.352
41389.398
41274.75
42101.066
42356.551
41501.535
41694.215
42294.602
42191.484
42102.465
42554.816
42065.734
41709.883
41617.0
40815.684
41239.934
40460.418
40640.0
40539.352
40495.266
41014.016
40793.867
41168.883
41059.133
40968.617
41380.602
41280.484
41586.934
41525.816
41014.934
41101.883
41260.602
41461.484
40584.0
40911.215
41125.535
41155.418
40557.801
41025.016
41686.602
41327.215
41034.535
41833.285
41906.0
41807.148
41482.734
40996.082
41593.0
41158.883
41351.266
41294.617
40970.398
41122.684
41078.602
40810.082
41188.668
40940.551
40240.398
40420.352
40688.266
40481.016
39824.867
39827.016
39539.465
39390.352
39157.867
38769.352
39374.465
39421.617
39025.0
40027.949
39940.801
40122.082
40152.332
39817.016
40357.801
40096.949
39792.867
39292.551
39728.734
39951.883
39089.398
38272.352
37542.465
36765.016
36297.133
35508.215
35135.465
34517.352
34067.867
35220.082
35863.266
35976.148
36508.734
37268.617
38471.332
38188.551
38629.465
38398.617
38355.465
38557.016
38115.535
37958.551
38128.332
38079.684
37709.066
37758.684
37904.332
38109.016
37887.734
37564.148
38034.266
37782.352
37770.934
37591.082
38004.0
37950.75
37628.398
38204.484
38023.066
37864.883
37430.0
37186.418
37211.734
37106.352
37079.602
37231.617
36994.934
37350.949
37386.734
37177.816
37432.266
37858.148
37514.535
37296.75
37659.332
37763.617
37617.934
37776.215
37661.133
37266.418
37026.734
36949.352
37153.867
37027.016
36283.199
36612.215
36469.535
36772.215
36607.535
36408.883
36573.332
36689.484
36968.867
36480.016
36695.801
36980.016
36357.199
36663.617
36613.535
36548.418
35974.668
36099.75
35973.199
36059.418
36103.133
35968.949
35929.734
35936.016
35301.934
35632.148
35413.801
35691.617
35197.398
35581.082
36173.734
35822.418
36243.602
36259.949
36066.398
36583.617
36339.801
36358.617
36370.0
36258.285
36473.398
36286.148
36417.398
36174.352
36394.0
36171.418
36581.133
35915.617
36061.133
35820.551
36021.734
36165.551
35688.066
35586.949
35635.133
35679.285
35677.0
35746.082
35776.867
35877.148
35840.734
35761.418
35710.867
35281.082
34875.133
34788.684
34964.934
34468.75
34170.801
34280.484
34730.266
34658.215
34165.934
34175.148
34609.602
34381.484
34125.199
33756.949
34053.199
33860.082
33483.535
32947.617
33308.199
33398.418
33401.066
33695.816
33547.0
33575.215
32992.934
33149.484
32779.732
32692.949
31897.934
31688.75
31795.4
31342.75
31300.066
30615.416
30959.133
30658.416
30008.801
29275.75
29167.066
29273.75
29054.934
28432.15
28672.467
28600.816
28920.6
28982.283
29637.133
29991.217
30855.732
31664.617
31772.199
31892.816
31962.0
32189.883
32035.066
31637.018
31746.334
31488.816
31769.066
31526.416
31842.867
31902.482
32212.4
32165.416
32464.334
32336.883
32737.533
32626.684
32302.867
32657.416
32931.532999999996
32688.816
32428.334
32196.217
32556.666
32422.283
32159.6
32056.084
32182.6
32248.551
32620.0
31812.75
32352.934
32287.883
32363.133
32182.617
32464.0
32249.949
31833.334
31809.816
31992.199
32100.551
31361.867
31329.617
31541.334
31275.883
31198.467
31358.617
31472.6
31176.949
31070.268
30880.482
30783.133
30805.883
30834.467
30816.217
30815.0
30712.35
30773.6
30680.75
30545.867
30466.283
30299.467
29731.816
30158.6
29688.283
29819.4
29812.617
29905.467
29664.35
29849.133
29819.684
29847.133
30145.018
29926.533
30221.482
30089.199
30321.217
30067.066
29574.084
29735.467
29486.018
29329.801
29524.084
29424.334
29414.084
29458.4
29378.482
29824.467
30290.551
29798.066
30381.283
30539.467
30224.551
30409.666
30074.283
30273.801
30422.217
30601.801
30816.75
30806.533
31276.949
31153.732
31608.416
31885.934
32207.283
31655.6
31562.084
31889.934
32440.617
32247.533
32748.75
32911.532999999996
33324.883
33109.602
33206.816
33124.732
32809.617
32000.732
30972.15
30373.666
30078.217
29790.6
29480.018
29226.6
29271.283
29127.133
29046.217
29297.6
29182.883
29166.199
29136.551
29509.6
29230.684
29111.6
28745.617
28665.934
28945.283
28514.867
28816.35
28663.467
28889.816
28900.268
28978.217
29091.268
29256.551
28857.732
29032.816
29378.6
29158.018
28620.4
28983.283
29365.133
29121.217
28800.0
29059.883
29304.934
28710.018
29087.732
28424.883
28770.732
28429.416
28180.867
28356.684
28209.867
28267.35
28023.0
27530.684
28194.066
28244.883
27894.6
27916.35
28100.801
27891.75
28243.934
27710.816
27909.133
27968.816
28117.066
28087.949
28224.732
27953.617
28097.467
28196.018
28472.801
28012.084
27603.801
27624.217
27891.133
28022.416
27747.268
27869.35
27772.268
27943.15
27682.467
27680.35
27726.801
27658.217
27199.199
26997.949
27662.334
27395.816
26935.199
26828.482
27300.066
26909.217
26929.268
27017.75
27242.467
26957.482
25972.334
26740.816
27209.867
26804.018
26755.133
26357.684
26619.467
26709.283
27023.801
26932.018
26797.467
26477.551
26574.867
26534.551
25913.334
25786.35
25195.334
25493.084
25024.066
25456.217
24992.533
25099.018
26391.066
26171.883
26159.334
26762.283
26559.334
26667.018
26219.4
25995.217
25837.867
25866.551
25553.467
25608.283
25722.4
25734.551
25359.732
25561.482
26249.801
25754.416
25206.6
25541.217
25833.934
25953.482
25554.133
25690.883
25847.066
25500.283
25183.801
24770.949
25216.334
24755.283
24715.6
24253.551
24261.732
24273.283
23600.0
23124.15
23009.666
21516.283
20795.6
19958.018
20114.6
20070.551
20187.666
20418.883
21247.467
22171.551
22687.467
22712.416
22954.867
23589.949
24077.533
23993.551
23619.666
24106.217
23980.0
24050.816
24085.268
23713.551
23340.0
23233.551
23707.801
23556.816
23130.666
23836.283
23707.867
23889.684
24001.533
23873.816
24002.867
23973.35
23708.467
23824.217
23909.334
24151.684
23688.533
23707.35
24087.4
24197.35
24056.533
24076.75
24258.467
24217.018
24122.268
23573.482
24049.732
23995.283
23650.801
23444.684
23702.666
23869.084
23661.4
23260.883
23473.268
23815.883
23153.199
23811.816
23985.268
23881.416
24368.732
24079.15
24217.199
24126.018
23909.334
24042.084
23974.334
23926.416
23539.934
23636.15
23654.0
23735.416
23620.4
23697.416
23899.199
23970.084
23665.732
23413.617
23702.533
23593.084
23796.268
23336.15
23853.268
23647.816
23887.334
23838.883
23978.199
23905.551
23412.666
23120.482
23694.4
23546.75
23745.732
23285.283
23244.533
23317.084
23192.467
23552.217
23312.732
23291.684
22688.4
22768.283
22821.199
23116.684
22222.732
22531.018
22742.732
22731.482
22536.133
22329.684
22770.6
22758.217
22469.199
22645.551
22689.268
22910.35
22178.6
22372.416
22844.0
22879.217
22541.066
22402.684
22492.133
22700.949
22339.867
22308.684
22439.533
22355.15
21806.467
22093.018
22090.801
21936.816
21899.133
22073.018
21759.6
22474.75
21848.268
21723.416
21824.666
21851.949
21792.467
21158.15
21678.867
21730.75
21444.0
21176.617
21633.066
21537.551
21374.066
20911.416
21462.133
21384.949
21270.268
21366.217
20998.467
21228.35
21118.533
20684.15
20945.6
20760.018
20762.934
20277.416
20699.133
20622.551
19964.732
19614.883
20370.6
20177.75
20027.0
19865.084
20125.732
20017.15
19695.199
19588.084
20225.867
19959.283
19742.334
19614.551
20096.732
19688.35
19514.268
19375.617
20009.4
19749.018
19484.268
19452.551
19655.666
19342.551
18959.467
18662.084
19119.934
19227.018
19125.533
19406.684
19547.467
19383.084
18806.199
19462.883
19294.199
19131.684
19117.801
19001.416
18934.0
19113.75
18606.199
18511.75
17842.4
17018.816
16261.866
15519.283
15060.533
14875.35
14863.4
14831.95
15783.333
16325.217
16606.334
17044.551
17352.199
17381.084
17511.867
17408.482
17589.732
17008.15
17019.801
16285.150000000001
17329.934
17270.816
17055.133
16982.883
17398.6
17605.684
17787.867
17482.551
17910.0
18149.949
17776.199
17871.883
18214.867
18222.816
18239.334
18391.551
18514.133
18466.15
18255.533
17894.75
18829.934
18552.35
18532.934
18147.75
18847.467
18983.217
18726.199
18916.75
18927.268
18488.883
18677.467
18371.416
18928.199
18800.283
18665.732
18620.482
18637.0
18920.35
18439.6
19004.416
18943.133
18991.684
18983.666
18558.482
19268.268
19215.15
18824.133
18997.416
19655.0
19353.283
19110.334
19630.15
19843.4
19490.35
19212.732
19308.75
18977.533
19142.283
18658.533
18796.018
19121.467
19040.217
19056.801
19495.617
19140.467
19310.217
18709.732
18549.217
19418.066
19244.816
19057.732
19193.75
19010.4
19099.949
19200.0
18907.35
18931.732
18943.416
18868.0
18854.684
18985.133
18647.684
18757.334
18594.482
19014.0
18741.35
18851.666
18787.883
19235.533
18765.15
18866.533
18769.482
19021.6
19274.75
19267.6
19165.283
19045.334
18912.283
18806.334
19083.35
19227.268
19337.551
19295.801
18921.949
19569.0
19375.482
19367.334
18838.018
19383.867
19317.617
19122.801
18992.217
19103.533
19197.75
19349.666
19231.551
19347.6
19014.15
19109.934
19310.816
19046.867
19124.551
19037.666
18869.75
18988.268
19148.15
18837.334
18784.75
18929.4
19171.084
18222.666
18975.75
18961.533
18920.75
18226.666
18577.684
18913.666
19002.949
18838.0
18907.084
18831.334
19019.15
18718.6
18583.75
18962.133
18730.684
18839.066
18479.949
18697.732
18730.482
18410.268
18336.816
18627.867
18229.684
18224.133
18037.416
18404.133
18281.283
17960.732
18222.75
18224.867
17990.15
18125.0
18250.949
18063.801
18022.084
17795.467
17811.551
18150.133
17781.551
17941.533
17567.482
17628.533
17707.883
17594.066
17708.75
17493.0
17454.217
17356.199
17363.416
17581.934
17564.217
17480.4
16554.949
16877.732
16801.018
16605.467
15997.884
15947.467
16022.083
15640.667
15025.35
15586.866
15444.884
14588.267
14989.083
14881.4
14490.95
14678.934
14073.217
14244.667
14059.75
13798.667
13950.35
14157.134
14046.483
14186.733
12962.95
13724.533
13845.616
13331.667
13654.483
13855.0
13915.75
13683.0
14061.083
14309.667
14338.35
14499.6
14923.017
14908.467
14747.217
14820.866
14616.75
14580.733
14756.417
14714.866
14178.35
14660.267
14499.816
14160.667
13564.616
13925.733
13691.283
13379.533
13310.616
13168.733
13249.95
13071.866
12951.884
13346.8
13321.417
13165.866
13205.75
13359.866
13151.417
13062.467
12978.684
13389.934
13228.35
12890.6
13337.283
13693.866
13457.816
13171.467
13306.083
13278.667
13336.684
13280.733
13185.35
13230.467
12990.884
12433.333
12963.483
12843.0
12968.616
13107.2
12619.75
13139.333
12974.217
12254.667
12562.95
12783.467
12636.283
12699.467
12957.616
13022.8
13038.95
13213.866
13156.55
13265.267
13088.217
13053.066
12731.884
12985.467
13057.35
12777.934
12803.017
13043.066
13028.283
12781.267
13204.35
13263.6
13383.35
12964.0
13156.483
13317.6
13245.283
13474.934
12723.616
13284.066
13137.283
13328.2
12925.483
13580.2
13320.283
13453.533
13079.483
13614.934
13571.95
13241.8
13045.75
13255.467
13011.55
12938.934
13162.884
13092.934
12925.417
12620.4
12593.283
12858.934
13002.483
12876.066
13044.616
12980.733
12817.283
12596.733
12833.417
12908.467
12771.55
13056.134
12444.75
12749.066
13017.017
12986.333
12677.816
12745.934
12297.616
11989.4
12430.483
12316.467
12398.417
11618.533
12134.684
12433.2
12290.417
12051.4
12353.816
12575.2
12180.083
12331.733
12150.283
12401.8
12053.95
11796.533
11728.283
12085.066
12031.95
11603.0
11921.417
11886.4
12019.884
11815.2
11874.55
11966.467
11815.884
11638.533
11846.283
12003.066
11893.417
11766.6
12101.95
11828.733
11933.95
11845.333
11660.55
11822.134
11770.75
11630.2
11514.15
11541.134
11624.684
11323.4
11216.75
11687.066
11701.017
11411.733
11470.35
11721.8
11701.283
11281.533
11339.884
11555.0
11346.483
11111.934
11503.55
11488.866
11241.95
11511.4
11259.95
11334.066
11293.283
10989.733
10640.95
11332.6
10985.816
11208.0
11012.55
11122.866
10921.616
10895.066
10707.483
11055.533
10936.75
10844.467
10552.75
10843.6
10849.55
10708.333
10664.483
10931.533
10902.217
10360.2
10572.95
10852.6
10800.417
10105.467
10275.95
10702.333
10677.483
10545.0
10214.083
10773.066
10646.483
10579.733
10322.816
10480.866
10309.483
10183.6
10318.083
10504.533
10279.95
10131.134
10163.616
10613.8
10619.75
10404.8
10111.217
10212.533
10348.417
10184.066
9969.75
10301.267
10213.55
10205.0
9861.884
10062.667
10146.083
10094.134
9936.417
10117.533
9931.217
10353.733
9647.083
10094.8
10009.483
9787.8
9375.75
10051.667
10030.15
10035.267
9707.017
9803.6
9667.283
9799.467
9900.083
10200.134
9399.75
9708.4
9458.75
9746.667
9109.083
8664.667
7977.75
7718.8
6866.95
6009.533
5370.017
4711.933
3942.95
3551.2
2848.95
3156.6
3054.683
2791.267
3000.75
3928.6
4133.0830000000005
4168.6
5167.35
5737.667
6030.15
6350.467
5722.083
6467.0
6044.75
5875.067
5511.617
5282.067
5377.55
5045.0
4830.35
5226.467
5305.35
5262.533
5071.75
5808.4
5578.617
5640.733
6259.617
6349.267
6572.75
6265.067
6751.75
6945.4
6934.15
6945.067
7216.35
7480.533
7526.883
7072.067
7337.483
7881.8
7912.883
7515.067
7998.283
8273.6
8404.817
8330.933
8374.35
8841.6
8801.816
8214.267
8355.75
9050.066
9072.95
8922.8
8669.017
9186.267
9013.616
8819.467
8822.417
9305.0
9075.417
8237.533
9124.283
9231.467
9328.75
9008.733
8787.217
9283.866
9204.217
9030.134
8943.35
9079.134
9185.417
8780.533
8614.884
9507.533
9085.616
8910.333
8934.483
9259.333
9156.884
9021.267
8988.95
9217.066
9152.55
8968.533
8940.483
9223.866
9223.15
9081.267
8958.684
9291.733
9242.083
8670.333
8874.017
9206.267
9075.684
8733.333
8647.616
9074.934
8936.483
8973.8
8740.884
9011.4
9134.283
8837.333
8348.684
9146.333
9043.217
9021.733
8877.616
9305.467
9088.017
8903.0
8659.15
9164.667
8914.483
8494.333
8363.483
8998.066
8956.684
8936.4
8319.616
9044.733
8887.35
8762.4
8854.75
9054.2
8986.55
8774.866
8732.35
9232.533
9048.217
8193.267
8561.483
9123.667
8898.283
8874.4
8718.95
9111.733
8982.417
8554.8
8362.616
8952.533
8780.75
8751.934
8598.816
8941.333
8895.884
8771.934
8310.616
8990.134
8921.417
8587.934
8237.75
8852.866
8976.417
8645.6
8580.417
8936.066
8553.884
8510.533
8640.55
8649.733
8582.884
8428.667
8230.417
8838.066
8660.75
8302.533
8200.483
8658.8
8805.95
8117.134
8184.884
8668.533
8589.35
8640.667
8386.483
8595.733
8492.884
8459.934
8148.884
8780.134
8540.217
8236.467
8196.55
8580.933
8494.55
8337.267
7844.217
8473.867
8411.617
8281.867
7806.483
8548.133
8356.15
7858.533
8288.082999999999
8377.533
8255.082999999999
7867.267
7973.15
8112.6
8234.15
7993.0
7972.883
8261.4
8022.95
8007.467
7787.817
8105.733
8099.283
7646.133
7596.883
8073.533
8057.417
7755.733
7702.483
7767.867
7962.017
7461.133
7659.217
7692.933
7758.55
7585.4
7346.883
7924.133
7767.35
7406.4
7041.75
7626.867
7786.083
7605.867
7284.55
7650.467
7605.35
6922.0
7318.95
7739.8
7367.35
7219.333
7276.283
7511.267
7553.35
7172.533
7036.617
7466.0
7548.817
7347.067
7250.417
7590.0
7372.283
7091.467
6841.683
7467.8
7286.75
7514.933
7014.083
7499.533
7426.617
6910.4
6989.95
7453.4
7263.15
7071.0
7163.15
7429.533
7338.15
6920.667
6882.55
7487.2
7217.75
7077.467
7095.617
7353.933
7198.483
6765.333
6664.75
7044.0
7004.617
6500.933
6611.083
7083.867
6913.283
7097.933
6767.083
7127.533
6953.417
7190.8
6768.817
7018.0
6925.017
6597.8
6557.083
7019.333
6867.083
6424.733
5884.817
6861.067
6883.617
6442.4
6600.483
6872.867
6670.95
6494.333
6461.75
6834.533
6617.95
6449.267
6103.417
6674.333
6715.217
6013.467
6167.55
6723.067
6507.683
6266.667
6040.75
6627.133
6622.95
6525.0
6086.15
6679.8
6611.683
6535.533
6430.75
6631.667
6487.55
5254.067
5754.617
6506.333
6596.817
6206.267
5923.817
6425.867
6561.95
5905.0
5914.483
6342.933
6315.883
5830.533
5877.883
6373.867
6328.217
5680.267
5666.75
6224.733
6189.95
5935.267
5945.55
6145.8
6057.817
5663.667
6051.55
6151.6
6152.017
5626.2
5877.817
6269.133
6026.683
5583.533
5483.75
6081.4
6075.217
5920.6
5356.017
6153.067
6021.817
5358.133
5476.617
