272.933
70.967
-131.667
153.3
450.4
131.1
216.733
236.233
240.53300000000002
265.16700000000003
125.267
-153.7
209.13299999999998
209.63299999999998
22.733000000000004
-29.5
347.467
-1.6329999999999956
63.667
362.7
428.6
183.233
471.267
145.7
290.33299999999997
202.36700000000002
231.2
-125.833
210.333
208.567
331.8
25.766999999999996
280.867
194.567
236.0
24.900000000000006
560.267
474.633
95.933
-58.43300000000001
260.66700000000003
124.3
-9.066999999999993
188.36700000000002
210.8
233.9
149.333
231.5
230.333
250.03300000000002
-34.599999999999994
39.632999999999996
611.933
280.7
-4.867000000000004
-259.567
435.133
436.967
35.333
41.833
381.2
437.16700000000003
390.133
241.63299999999998
413.733
376.9
162.4
322.7
403.4
397.367
328.867
-136.767
448.66700000000003
284.567
39.467
81.367
387.267
186.3
145.733
76.633
307.867
492.7
213.0
67.1
235.46699999999998
343.3
44.867000000000004
12.5
246.13299999999998
199.9
502.133
1.233000000000004
183.933
210.96699999999998
347.133
-62.766999999999996
199.333
264.3
207.667
88.5
413.33299999999997
364.233
-224.0
33.5
410.867
305.16700000000003
230.4
211.03300000000002
469.133
289.967
3.200000000000003
271.9
98.6
319.1
252.4
278.83299999999997
407.867
289.16700000000003
554.133
-230.96699999999998
330.867
360.767
109.467
361.3
391.8
447.9
259.267
99.433
356.933
238.96699999999998
-56.867000000000004
114.633
344.733
309.767
132.733
9.632999999999996
427.867
442.767
61.599999999999994
-235.5
360.133
307.367
90.2
138.3
275.2
413.233
340.66700000000003
32.7
291.067
320.7
-269.6
-144.63299999999998
316.6
207.03300000000002
168.067
-16.033
336.733
270.1
58.467
213.5
406.133
292.83299999999997
256.067
-107.367
468.4
404.5
433.733
158.3
490.533
273.5
161.4
336.567
407.33299999999997
77.833
370.267
-168.567
148.933
222.3
4.066999999999993
366.83299999999997
587.667
416.033
175.267
-80.9
498.533
164.1
459.133
19.566999999999993
396.733
364.83299999999997
318.467
384.433
527.6
344.633
431.267
304.567
342.0
227.96699999999998
387.66700000000003
-353.1
393.467
354.3
183.267
142.03300000000002
138.733
319.1
477.867
178.7
236.46699999999998
303.633
126.667
-203.5
277.4
378.767
473.867
186.833
392.33299999999997
306.3
51.599999999999994
-315.5
441.133
241.767
-53.533
2.5
261.8
190.7
-1006.2
-94.433
129.733
280.233
246.267
-63.7
564.2
405.633
266.66700000000003
69.9
267.933
229.1
-109.2
430.033
526.067
278.567
-182.53300000000002
31.632999999999996
312.33299999999997
322.1
-102.533
347.233
384.267
262.767
399.933
344.767
338.2
407.767
248.067
173.167
383.66700000000003
252.63299999999998
410.733
31.766999999999996
402.133
429.7
337.33299999999997
-68.833
227.733
317.633
81.533
-290.033
376.067
340.433
263.66700000000003
-119.5
349.66700000000003
338.233
213.667
79.633
371.133
362.967
-149.333
208.9
330.733
67.967
-141.13299999999998
156.03300000000002
273.133
209.833
319.6
168.03300000000002
277.467
521.5
105.2
164.233
381.933
531.367
394.933
166.5
231.13299999999998
275.233
96.2
499.3
363.133
213.5
-149.733
103.033
221.46699999999998
293.83299999999997
259.2
-2.299999999999997
543.067
563.967
42.0
285.233
379.933
352.9
238.4
105.167
351.2
392.233
94.6
135.767
305.8
330.767
194.6
298.233
482.933
445.7
418.533
120.033
589.467
190.1
403.0
-119.56700000000001
391.533
195.7
-70.6
317.5
364.4
225.767
567.0
411.233
415.66700000000003
282.3
674.667
115.69999999999999
411.733
312.5
-3.0670000000000073
295.433
678.533
443.5
579.267
-15.63300000000001
482.733
397.7
429.8
239.3
391.8
570.367
-2.1330000000000098
270.1
651.4
372.9
186.933
218.767
395.2
397.767
556.333
219.767
679.333
584.1
731.267
482.3
740.333
544.433
279.0
386.433
443.067
663.967
835.867
262.633
763.933
638.3
595.867
722.633
659.133
555.233
405.067
697.633
546.4
809.3
175.39999999999998
334.433
619.067
604.567
622.8
453.833
940.6
605.1669999999999
765.4
606.567
752.2
716.3
751.467
365.833
1063.2
526.8330000000001
636.067
553.1669999999999
902.6
580.967
760.267
649.433
673.0
933.567
849.6
737.033
681.067
934.433
708.467
518.5
1004.133
789.367
691.267
624.967
633.6
739.967
841.067
725.1
954.533
841.967
619.867
584.233
763.267
865.567
756.733
623.7
986.333
539.633
806.8
536.5
748.0
630.1
821.733
903.5
797.267
526.233
848.533
1019.967
522.2
932.833
784.8
818.367
849.0
831.7
683.267
1042.433
1227.0
743.433
772.2
1336.833
989.8
1190.3
575.467
770.033
1241.4
1075.433
1223.067
1307.9
840.133
794.633
924.133
896.3
1434.867
1248.367
739.133
1212.967
1088.267
1306.633
1340.467
1172.767
1085.0
1421.967
708.067
979.5
1109.0
1273.567
1597.667
1547.767
1486.267
1442.567
1246.6
1359.967
1377.267
1264.833
888.5999999999999
1108.767
1456.4
1270.767
1532.067
1082.233
1593.6
1495.833
1588.667
1399.433
1564.0
1482.9
1080.067
1548.233
1390.4
1314.9
1248.0
1382.9
1375.0
1485.767
1387.267
1159.833
1483.333
1267.567
1250.4
1125.567
1603.267
1482.833
1441.8
1521.233
1618.667
1368.033
1348.067
1240.833
1503.933
1515.5
1407.4
1147.9
1647.067
1371.433
1425.467
1415.5
1573.2
1448.567
957.867
1390.633
1466.867
1547.433
1561.333
1738.7
1886.867
1683.5
1714.4
1683.633
1820.733
1883.633
1745.267
1821.367
1805.0
1814.633
2009.133
1840.567
2228.533
1685.767
1277.267
1521.233
1730.2
2026.233
1743.333
1840.033
2193.133
2003.967
1944.0
1846.033
2091.333
2145.833
2168.4
1890.633
2265.933
1937.633
1833.867
1711.833
1757.867
1670.5
1980.8
1333.7
1731.333
1839.633
2105.733
1745.9
2079.333
1975.567
2148.8
1978.3
2051.333
2097.633
2095.4
2019.033
2316.8
1890.367
2426.333
2166.833
2207.267
2126.567
2019.867
2217.367
2453.933
1816.5
1927.6
2246.167
2504.2
2213.567
2290.0
2034.967
2117.467
1987.367
2083.333
2213.1
2195.267
2489.967
2760.4
2077.967
2665.867
2624.433
2499.933
2419.767
2458.267
2313.3
2270.133
2576.3
2515.8
2325.367
2101.667
2241.967
2161.533
2130.767
2470.933
2335.7
2509.4
2720.5
2560.467
2693.033
2917.0
2669.633
2982.6
2798.567
3146.0
2915.9
2750.333
2964.7
2993.8
2868.433
2691.067
2830.5
2650.267
2724.9
2626.267
2795.967
2739.733
2531.567
2192.8
2461.833
2398.467
2403.367
2241.067
2187.433
2451.067
2188.033
2122.867
1821.033
2425.533
1994.1
2353.133
2345.5
2567.6
3048.5
2855.267
3148.767
3020.267
3193.833
3335.667
2931.7
3106.867
3060.433
2773.933
2674.167
2973.4
2813.167
3082.133
2642.167
2912.933
2957.233
2935.4
3095.1
3071.067
3119.3
3296.467
3234.567
3293.4
3275.433
3201.0
2911.633
3252.333
3307.433
3145.867
3406.767
3483.733
3346.5
3215.133
2922.167
3460.2
3330.433
3653.133
3924.433
4040.067
4382.9
4398.0
4247.9
4178.6669999999995
4107.233
4208.133
3777.567
4376.467000000001
4045.167
4211.8
4124.9
4359.867
3858.1
4010.8
4169.1669999999995
4014.2
4034.3
3825.267
3543.633
4150.467000000001
4254.9
4129.867
4321.767
4481.867
4470.567
4365.333
4116.433
4454.733
4402.5
3867.067
4065.967
4044.0
4272.433
4167.733
4398.567
4595.467
4323.433
4192.8
3630.833
3925.267
4009.967
4057.4
3762.033
4213.733
3859.767
3897.533
3670.567
3593.933
3564.833
3476.867
3549.767
3580.0
3698.1
3470.067
3589.967
3354.0
3537.967
3669.467
3783.433
4088.2
4255.367
4376.933
4536.433
4333.4
4415.433
3985.2
4510.567
4308.533
4314.233
4846.0
4539.1
5246.4
5264.1
5202.467
5431.167
6005.667
5497.967
5620.733
5078.967
5259.733
5150.567
4731.867
4454.567
4517.4
4356.967
4174.267
4274.167
4791.733
4425.033
4710.133
4749.833
5273.067
5241.5
5366.533
5101.1
4927.4
4798.5
4420.4
4245.1
4346.3330000000005
3927.167
3778.667
3612.367
3682.8
3604.567
3036.267
3360.5
3375.067
3025.7
2725.267
3485.167
3543.067
3660.9
3983.8
3723.233
4558.933
4793.3
4867.2
4728.033
4818.667
4577.233
4207.133
4339.967
4272.733
4457.167
4443.8
4274.833
4832.2
4505.167
4680.533
4552.033
4733.933
4675.7
4604.4
4042.767
4651.0
4518.033
4648.133
4593.633
4505.0
4528.833
4594.0
4589.567
5273.933
5334.967
5349.4
5584.1
5778.267
5831.967
5820.8
5617.233
5995.667
5739.167
6158.467
5736.433
6206.133
6645.367
5937.867
6181.633
6272.067
6049.633
6025.867
5272.767
5163.333
4577.367
4315.533
3384.967
3201.467
2694.5
2522.267
2501.5
3060.667
3350.767
3702.867
4223.767
4595.867
4825.5
5174.2
5563.1
5881.133
6290.7
6156.467
6166.367
6315.067
5745.033
5623.133
5291.3
4927.267
4134.033
3819.2
3490.7
3475.733
3835.5
4003.6
4572.033
5495.267
5773.967
6018.067
6874.3
7155.267
7245.233
7678.8
7378.3
8092.467
8125.5
8560.332999999999
8238.832999999999
8221.533
8648.366
8410.667
8434.9
8600.866
8425.1
8701.066
8485.9
9146.934
8978.7
9078.267
8849.366
9347.934
9189.967
9059.6
9127.5
9659.267
9444.5
9368.6
9147.434
9347.333
8860.634
8903.934
9099.434
9180.733
9612.566
9336.733
9450.033
9510.267
9185.566
8906.8
8702.767
8899.733
9171.434
9328.4
9247.434
9248.066
9238.833
9178.733
9052.434
8934.733
8937.566
8773.533
8854.3
9329.934
9077.767
9305.6
8967.9
9106.2
9305.634
9095.467
9489.366
9652.8
9642.434
9770.066
9842.033
9947.6
10301.9
10529.4
10339.1
10255.8
10192.634
9516.533
8990.7
9137.866
9077.9
8999.866
8892.233
9223.667
9453.5
9630.8
10267.167
10192.6
10804.634
10720.533
10784.5
10766.6
11199.967
10515.866
10682.1
11094.533
10613.033
10674.066
10877.9
10808.934
10600.033
11228.0
10733.833
11064.467
11005.566
10912.6
10620.033
10904.134
10765.5
10786.934
10168.7
10870.333
10682.566
10679.134
10274.7
10625.934
11018.9
11240.733
10895.3
11153.267
11246.366
11005.8
10999.1
10963.533
9907.634
10363.333
10400.033
10477.467
10006.167
10635.467
10435.833
10511.0
10200.167
10203.733
10552.634
10711.6
10617.3
10704.2
10445.7
10209.6
10190.434
9582.134
9828.967
10557.267
10313.833
10473.0
10857.233
11182.8
11251.167
11436.0
11100.167
11183.267
11345.233
11279.2
10796.5
10613.0
10081.5
10288.467
9539.233
10212.533
10450.033
10071.4
10093.767
10901.6
10885.767
10334.467
10366.833
11218.733
11391.033
11088.333
10874.366
11018.4
11104.634
10843.134
10741.9
10981.333
10809.967
11082.467
11357.1
11056.934
11329.833
11611.267
10693.366
10979.333
10819.5
10409.0
10692.434
9987.533
10261.767
10262.934
11242.366
11172.8
10941.634
10975.8
10508.434
10780.667
10774.167
11094.0
10770.7
10554.866
9990.3
9823.0
9491.434
9101.667
9047.033
8409.8
8271.1
8293.867
8252.7
8773.533
9184.833
10119.267
10755.033
11906.533
12044.634
13076.667
12245.7
11709.134
12150.167
12032.333
11825.3
12625.267
12713.5
12914.8
12750.033
12642.4
12016.233
11540.467
11207.967
11419.8
11343.634
12645.866
12074.9
12708.134
12770.5
13060.0
13127.033
12760.6
13465.233
13672.934
14274.233
14165.8
14291.7
14546.8
14943.033
13882.4
14104.833
13493.866
13842.3
13807.533
14217.366
13653.467
13432.967
12997.733
12776.233
13002.934
12708.767
11820.6
12695.566
12543.533
13362.3
13529.333
13557.1
14466.0
14073.634
13730.733
14041.366
14071.533
13843.3
13820.4
14019.634
14456.2
14896.9
14942.934
14629.967
14749.333
16400.233
15149.066
15173.5
15424.267
14827.767
15427.533
15437.233
16024.6
15396.833
14889.4
15168.366
15426.8
15299.566
14784.8
14674.566
15834.0
16232.033
15898.066
15200.767
15567.667
15362.833
15221.0
14383.5
15287.267
15147.033
14727.066
14111.033
14715.667
14958.634
14970.0
14529.967
15617.667
15648.9
15402.533
15751.167
15903.934
16671.834
15939.8
15707.7
16310.467
15874.967
16186.4
15284.967
15642.4
16379.366
15975.0
16074.3
16168.134
15679.7
15916.667
16353.634
17027.666
16712.9
16708.0
16893.367
16707.934
17143.232
17625.666
17141.1
17108.4
16700.1
16718.666
16194.5
16627.866
16251.167
16618.733
15919.3
15493.2
15759.1
15643.733
15344.967
15946.267
15468.566
15624.866
15735.7
15646.267
15758.833
15611.4
16191.366
16643.866
17050.5
16161.4
16233.1
16326.667
15719.167
16609.934
16180.232
16780.533
16772.167
17127.6
17133.166
17306.0
17547.5
17002.133
16516.166
18177.801
17569.566
17508.199
17712.434
17970.467
16711.768
17459.0
16695.1
17739.666
17425.434
16712.4
17286.1
17801.4
17494.834
17598.467
18580.633
17976.666
17346.566
17154.467
16926.166
16807.934
17369.434
18090.199
17982.699
18646.199
18777.5
19189.133
18701.768
18754.268
19142.1
18911.268
18880.1
18889.666
18985.834
19421.334
19046.5
19762.268
19514.699
19605.732
20077.967
19904.268
19857.367
19387.801
19498.367
19795.334
19389.768
19254.934
19062.1
19761.268
19441.9
20500.334
19687.633
19364.133
19838.699
19979.133
20716.566
20817.133
20917.5
20284.666
20584.834
20036.199
20168.301
19927.666
20349.232
20563.732
22440.834
20709.4
21572.033
21935.268
22117.5
21586.334
22867.768
22354.133
22641.9
23467.934
24120.232
22938.934
23475.9
22904.732
23185.301
24922.268
23336.834
23509.666
22675.633
22613.066
22733.768
23392.334
23256.9
23784.066
24583.434
23970.6
24740.768
25451.6
26150.967
26137.268
26326.566
27124.268
27851.834
27181.6
25786.566
26650.334
26820.834
26044.0
26680.1
27230.6
27252.633
27076.934
27526.367
28174.801
27495.768
28984.268
29667.1
29261.4
28647.033
29798.666
29670.1
29678.934
29367.367
29768.0
29939.367
29672.934
29750.699
29340.066
29649.699
30560.066
31350.033
31735.066
32070.166
33498.199
33754.234
33164.133
33835.699
33859.535
33606.367
33627.199
32671.5
33646.0
32833.566
32761.801
34389.035
34986.133
35299.367
35355.066
35566.5
36338.668
35423.566
35717.602
35144.766
35440.668
35693.168
35122.465
35908.367
36628.934
37022.434
37159.734
37345.633
37789.133
37762.699
37131.0
37479.566
37321.266
37477.832
36753.133
37420.102
37435.535
37647.832
38150.266
37590.367
37444.867
37611.699
37726.199
37755.5
37841.934
38152.766
37893.332
38087.898
38329.867
38127.434
36911.602
36378.168
34605.668
33206.699
32220.666
31880.699
31803.199
32273.5
32270.0
33663.633
35287.801
35809.035
36487.199
36662.102
36941.332
37867.035
38833.734
38446.234
39156.668
39205.766
38785.332
37962.633
37676.066
37928.102
38563.535
38862.965
39356.867
39971.168
40922.266
41439.766
41599.133
41703.168
40943.734
40772.5
40273.934
40556.102
40669.133
40623.566
40596.867
39879.566
39464.0
39234.035
38672.801
38719.766
39051.465
38802.301
40302.535
40571.035
40907.734
41523.566
41790.133
40871.766
41096.801
40664.766
40681.199
41051.5
41372.801
41864.766
42947.266
42746.699
43338.0
42867.898
42859.801
42369.367
41624.332
41837.965
41787.0
41959.301
41709.535
41976.965
42590.133
42850.766
42398.199
42477.367
43574.734
43029.832
43453.199
42682.301
43328.867
42723.102
41788.199
41294.965
40880.066
40808.367
41090.332
41366.102
41840.332
43023.434
42723.668
43618.832
43044.465
43113.898
42880.602
42336.367
42086.398
41598.965
40918.734
41114.5
41113.066
40809.766
41014.801
40976.035
40719.934
40822.566
40707.266
40821.102
41327.734
41810.633
41730.734
42245.766
42964.465
43233.168
43209.867
43544.035
43306.668
43233.5
42454.0
41973.699
41484.199
41757.301
42142.801
41888.832
42721.535
43056.965
43699.801
43965.898
43973.332
43899.766
44815.133
45182.633
45724.199
45774.234
45468.801
45201.367
45000.934
44959.102
44204.266
43983.965
44177.465
44172.102
43811.867
43695.566
42769.465
43388.234
42935.133
43372.102
43237.602
44198.832
44706.535
45340.832
45748.066
46076.898
45045.133
45134.168
44566.266
44637.566
44980.332
44585.898
44624.398
44163.168
44589.535
45040.832
45032.801
45279.766
45269.801
45788.766
46287.867
47144.898
46261.332
46122.301
45418.199
45424.699
44600.398
44609.5
44495.668
44173.832
44895.066
44993.168
43178.867
44369.434
44249.332
43883.766
44171.465
43849.832
43720.266
43989.832
44638.332
44921.5
44930.801
44853.699
45035.066
45777.035
45829.801
46136.965
45835.332
45316.898
43874.535
42239.035
41398.398
39793.102
38069.867
37578.035
38263.398
39397.035
41866.867
42442.699
41868.934
41930.832
42131.867
41516.367
41970.801
41360.699
40829.332
41836.898
43131.734
44089.699
43995.398
44447.699
44704.066
45104.301
45970.266
45496.301
45394.867
45394.035
44588.465
45097.434
45566.266
45611.367
45475.934
46268.434
46761.266
46752.898
46832.133
46077.102
45940.266
45563.5
45849.199
45438.832
44773.133
44488.898
44008.266
45074.766
45875.734
46643.633
46393.133
47040.234
47976.266
48311.898
47717.0
47294.699
47663.867
46978.168
46814.535
46162.301
46850.934
47471.965
46974.465
46588.832
46280.0
45057.965
44433.398
42766.699
41500.602
41163.566
41241.734
41638.699
42253.266
43500.301
43745.133
45137.566
45436.332
45498.699
46145.801
46387.766
46867.465
47048.566
47181.133
47666.035
48578.0
47885.766
47496.133
46645.035
46486.801
46340.965
46228.602
46258.035
46280.332
46985.035
48048.0
48131.766
48103.801
48069.035
47942.0
47742.102
47683.066
47666.766
46463.332
45932.699
45521.066
44783.898
43929.867
43387.633
43855.133
44062.832
44589.066
45038.965
45715.0
45834.5
45627.199
45491.633
45673.066
45302.898
44941.332
45034.102
45532.934
46063.633
46179.0
46225.832
46800.734
47367.102
47342.602
47380.168
47085.465
46894.234
46247.734
45437.832
45086.066
44159.699
43093.465
44467.566
44353.133
44673.832
44873.199
45537.234
45656.398
46020.766
45457.0
45541.965
45921.668
45388.965
45217.668
45048.5
44957.398
44542.965
43882.066
43426.898
43567.0
43597.766
43083.465
42438.832
42747.801
42559.633
42337.465
42332.566
42618.535
42920.367
43125.801
43613.766
43836.602
44277.965
43997.266
43743.633
44317.0
44201.633
42980.266
43675.633
43325.266
43360.102
43592.133
42887.965
43042.668
43923.234
44097.465
44486.633
44369.0
44512.301
44442.668
44099.832
44558.266
44033.434
43538.867
43455.168
43788.602
44246.965
44404.0
43625.965
43845.867
43731.832
43306.535
43565.766
43688.266
43593.5
43377.465
43533.965
43247.332
43441.832
42836.0
42553.699
42446.801
42373.832
42620.066
42226.102
43063.133
43357.699
43879.398
43211.965
43381.934
43433.633
43717.332
43545.434
43294.066
43492.5
43411.668
43259.965
43229.535
43232.035
42922.199
42395.898
42848.332
42985.102
43120.199
42980.301
43236.465
43236.367
43149.133
43583.367
43614.465
43818.566
42942.0
42500.102
42754.398
42190.5
42262.266
42000.633
42613.465
43149.035
42987.465
42829.434
43155.133
43052.301
43362.0
43222.965
43303.535
43622.102
43412.734
43394.168
43591.668
43623.832
43504.535
43347.434
42619.465
42825.168
41995.465
42246.566
42310.801
42232.168
41878.133
42053.832
41988.867
41963.766
41907.066
42328.102
41991.332
42594.168
42357.0
42234.367
41700.398
41292.168
40985.465
41087.965
40671.066
40720.5
40394.398
41045.168
41230.934
41225.434
41034.465
40744.168
41798.398
42000.699
42333.266
42428.035
42980.867
43152.168
42452.266
42308.566
42066.934
42040.367
41234.535
41323.234
41575.535
41552.367
41936.934
41857.5
42359.133
42257.633
42348.465
42180.035
42415.535
42081.566
41742.133
41235.301
41857.066
41950.766
41136.668
42060.832
41643.867
41980.168
42164.535
41675.766
41938.668
41559.434
40770.398
40254.168
40722.465
40465.5
40220.465
40623.5
40638.867
41716.367
41425.602
42136.766
42304.801
42015.367
41894.465
42256.234
42607.801
42088.766
41571.801
41297.367
41275.734
40732.832
40592.266
40511.168
41141.133
41191.035
41177.199
41094.234
41700.465
41764.898
41389.465
41139.832
41106.266
40697.168
40001.801
39470.434
39572.535
39556.168
39178.535
39509.168
39815.398
40473.367
40719.465
40819.832
41153.465
41374.965
41747.535
41709.699
41853.602
41591.566
41437.199
42002.832
41328.066
41808.566
41484.266
41049.766
41603.066
41488.965
41684.602
41322.434
41146.734
41091.367
41054.199
40464.434
40670.066
40331.832
40146.668
40441.566
40125.066
39892.434
39887.465
39774.898
40554.066
40844.566
39966.465
40157.367
40764.398
40621.766
40581.0
40961.898
40558.934
40195.035
40086.535
39336.699
39779.734
38898.965
39208.332
39008.898
38987.934
39553.566
39344.867
39604.234
39564.133
39492.766
39834.801
39731.367
40034.867
39964.633
39518.199
39541.035
39767.734
39910.633
39133.535
39403.699
39578.668
39569.766
38995.801
39493.234
40134.066
39682.102
39461.734
40286.566
40340.199
40187.766
39879.867
39479.965
40046.199
39594.5
39783.398
39698.367
39466.133
39632.699
39486.398
39288.367
39580.066
39351.832
38706.934
38809.168
39137.734
38922.633
38255.398
38273.035
37982.535
37886.168
37673.867
37263.633
37885.867
37874.434
37511.535
38505.301
38362.398
38632.5
38601.0
38281.168
38782.535
38543.766
38261.465
37811.832
38255.398
38425.965
37612.867
36823.566
36086.801
35381.301
34868.668
34130.234
33781.535
33166.234
32729.732
33874.035
34492.801
34554.035
35122.734
35817.566
36982.199
36645.699
37098.199
36898.566
36872.133
37017.699
36602.199
36468.633
36673.066
36563.301
36192.332
36340.766
36397.133
36595.832
36373.934
36126.301
36561.801
36341.035
36293.0
36122.832
36547.602
36529.566
36174.668
36731.898
36573.266
36386.035
36004.266
35747.035
35815.867
35662.633
35640.398
35740.5
35557.266
35901.168
35976.867
35730.832
35952.066
36452.566
36125.867
35926.965
36183.066
36310.633
36174.199
36313.168
36227.668
35760.699
35609.867
35525.367
35737.867
35580.434
34838.867
35190.301
35077.398
35348.168
35165.801
35028.898
35124.266
35271.566
35593.0
35104.566
35323.465
35608.5
34947.066
35300.367
35242.801
35174.367
34546.332
34701.035
34649.266
34671.5
34763.332
34635.566
34559.867
34530.699
33938.668
34237.566
34041.801
34299.234
33848.801
34169.168
34781.668
34427.035
34849.266
34851.102
34738.266
35168.566
34945.266
34954.766
34917.934
34887.168
35087.734
34896.434
35027.266
34751.168
35039.934
34736.699
35174.266
34555.102
34707.801
34397.367
34668.199
34834.898
34367.734
34188.766
34293.801
34281.699
34276.0
34318.168
34452.734
34529.035
34450.867
34349.035
34360.133
33970.168
33559.398
33380.301
33626.266
33120.434
32832.332
32949.102
33353.199
33308.965
32849.734
32882.699
33271.133
33044.301
32769.734
32438.768
32751.666
32588.301
32202.666
31692.434
32079.6
32126.232
32132.133
32348.5
32191.533
32218.434
31669.666
31863.232
31484.801
31375.033
30630.4
30474.434
30537.133
30096.633
30072.666
29411.434
29815.0
29446.834
28834.199
28115.5
27984.066
28070.166
27883.732
27342.9
27593.934
27465.166
27765.867
27835.633
28503.334
28867.1
29654.467
30334.301
30531.6
30663.768
30680.133
30892.967
30796.4
30390.367
30486.199
30214.566
30482.6
30249.967
30630.0
30619.434
31019.334
30924.967
31105.6
30969.633
31457.4
31305.367
31044.533
31365.434
31662.6
31400.9
31081.533
30885.5
31215.6
31107.434
30883.867
30853.1
30918.6
30947.9
31334.4
30559.434
31049.934
31102.166
31109.732
30923.367
31176.133
30948.834
30615.867
30560.1
30668.934
30807.367
30162.334
30037.166
30305.0
29999.033
29945.533
30112.301
30267.133
29969.566
29819.268
29606.834
29576.533
29559.301
29699.268
29638.699
29611.334
29507.967
29524.133
29448.367
29296.4
29316.232
29129.268
28556.5
28943.199
28504.633
28652.6
28601.434
28747.0
28481.033
28644.801
28589.166
28615.732
28930.967
28750.066
29117.967
28876.268
29156.633
28924.0
28433.301
28627.6
28447.834
28261.867
28509.834
28343.867
28330.367
28348.732
28226.768
28670.6
29143.967
28627.268
29200.166
29348.199
29091.166
29241.467
28925.434
29134.934
29306.1
29438.666
29571.166
29695.666
30062.699
29969.801
30354.5
30702.801
30936.1
30423.199
30307.367
30658.666
31145.566
30983.0
31456.033
31586.801
32000.633
31779.666
31965.768
31779.867
31523.434
30761.133
29729.967
29198.334
28847.633
28597.0
28282.834
28045.6
28092.768
27928.133
27849.5
28067.6
27959.967
27995.801
27936.434
28333.732
28011.367
27918.732
27576.232
27563.199
27785.232
27350.666
27616.301
27514.867
27705.367
27748.6
27798.834
27907.533
28081.9
27693.6
27874.166
28221.6
28011.967
27400.801
27819.768
28149.133
27928.834
27560.666
27893.1
28122.066
27534.033
27909.533
27237.033
27593.867
27272.5
27027.4
27164.834
27052.6
27112.367
26861.199
26356.301
27014.934
27143.1
26773.268
26771.9
26944.334
26758.033
27084.533
26529.699
26735.0
26787.1
26937.4
26909.1
27066.0
26813.9
26924.467
27096.834
27274.867
26863.768
26429.732
26471.033
26728.6
26895.033
26589.934
26732.5
26568.801
26798.9
26558.268
26550.434
26592.533
26486.699
26137.533
25888.033
26518.199
26230.967
25836.867
25740.434
26174.6
25769.834
25794.334
25881.232
26152.133
25869.1
24853.066
25615.033
26069.133
25656.434
25608.732
25243.434
25561.732
25587.699
25851.4
25787.166
25701.533
25390.5
25491.334
25428.834
24859.6
24678.768
24115.268
24419.232
23927.199
24361.166
23901.934
23987.633
25294.666
25076.301
25066.732
25625.301
25500.268
25570.166
25098.732
24869.367
24734.467
24773.967
24502.199
24529.633
24664.268
24661.232
24223.199
24483.367
25153.666
24635.166
24148.0
24478.967
24746.801
24846.367
24539.934
24578.367
24764.133
24383.633
24095.268
23739.633
24110.334
23683.232
23630.0
23225.301
23196.066
23244.301
22626.334
22130.768
22013.467
20582.166
19827.467
19031.367
19195.867
19201.633
19245.066
19517.232
20344.467
21168.9
21685.6
21743.033
21925.934
22582.166
23052.0
22957.232
22608.666
23085.9
22974.934
23060.699
23102.6
22697.5
22355.066
22249.768
22719.268
22505.5
22118.066
22798.699
22720.133
22924.232
22987.268
22850.434
22992.666
22944.967
22719.6
22840.768
22930.666
23082.166
22696.801
22675.434
23082.268
23142.9
23047.732
23079.699
23231.199
23201.9
23063.066
22608.367
23040.867
22974.301
22646.801
22453.834
22686.934
22853.768
22668.4
22221.367
22450.334
22803.633
22131.199
22827.566
22947.066
22904.834
23361.268
23021.566
23147.133
23118.1
22889.4
23060.768
22947.666
22896.633
22572.867
22611.232
22660.199
22718.367
22635.199
22667.699
22909.533
22908.301
22609.066
22415.1
22697.801
22545.1
22765.934
22343.232
22818.666
22666.9
22864.732
22834.301
22938.6
22845.434
22409.801
22143.166
22662.0
22533.434
22711.334
22313.166
22242.533
22330.699
22199.066
22561.768
22310.801
22299.301
21719.066
21740.967
21875.133
22131.1
21250.867
21532.301
21783.801
21760.5
21508.533
21404.367
21793.4
21734.967
21499.467
21652.232
21705.133
21918.768
21188.666
21420.566
21927.268
21918.967
21559.867
21479.768
21603.066
21730.633
21392.732
21350.367
21491.934
21378.9
20855.133
21181.9
21158.199
21017.434
20963.0
21117.033
20772.334
21500.434
20881.732
20768.967
20914.066
20930.033
20792.066
20234.1
20775.533
20830.033
20510.4
20243.768
20716.4
20585.232
20459.133
19965.033
20543.4
20506.9
20411.066
20427.367
20094.6
20389.434
20247.6
19772.232
20056.934
19871.699
19844.6
19380.967
19827.6
19710.232
19117.732
18774.5
19533.268
19322.768
19158.199
19011.768
19307.732
19145.967
18819.666
18750.967
19400.867
19088.367
18958.867
18779.033
19236.934
18818.566
18633.0
18542.699
19163.4
18925.9
18667.6
18631.232
18821.666
18503.967
18108.467
17811.5
18296.199
18371.232
18314.467
18560.834
18716.0
18594.367
17988.801
18672.434
18421.934
18336.301
18324.0
18211.5
18133.666
18289.434
17839.934
17787.1
17186.133
16445.5
15723.134
15032.967
14630.333
14500.566
14496.4
14439.3
15305.333
15824.566
16021.2
16431.5
16745.667
16735.434
16891.334
16803.967
16958.199
16408.367
16395.134
15695.033
16715.333
16672.166
16446.268
16382.033
16752.934
16959.9
17101.732
16835.1
17234.334
17454.5
17096.4
17180.033
17517.666
17520.5
17529.934
17623.699
17753.666
17726.5
17531.666
17122.566
18053.467
17808.834
17758.533
17384.967
18072.6
18177.367
17928.533
18129.633
18153.066
17740.633
17866.199
17547.1
18105.867
17973.301
17891.268
17782.232
17838.133
18039.367
17631.467
18174.768
18122.199
18186.633
18159.6
17746.566
18426.533
18422.232
18038.533
18124.633
18801.6
18515.301
18284.666
18763.768
19013.533
18611.9
18398.066
18514.033
18163.732
18345.1
17820.066
17999.9
18316.268
18204.699
18202.0
18644.5
18319.801
18451.367
17818.801
17668.834
18609.6
18395.166
18236.268
18346.699
18215.467
18318.166
18383.199
18092.5
18145.0
18117.434
18023.666
18002.1
18160.0
17782.566
17935.934
17788.768
18179.334
17930.033
18037.867
17987.768
18416.199
18006.699
18038.268
17936.9
18191.199
18441.301
18438.732
18287.367
18242.666
18085.166
17989.4
18227.5
18362.4
18470.633
18484.199
18089.232
18725.732
18566.5
18516.199
17993.166
18565.934
18468.1
18270.867
18152.834
18233.199
18346.5
18556.066
18394.033
18489.4
18192.033
18283.133
18478.166
18203.334
18328.434
18184.6
18066.232
18138.533
18279.434
18044.533
17971.633
18077.801
18352.9
17391.467
18143.166
18197.0
18085.699
17403.467
17787.633
18080.666
18179.566
18045.066
18086.033
18037.467
18181.033
17889.4
17756.9
18206.801
17905.9
17986.867
17636.9
17926.334
17947.566
17617.133
17541.232
17850.066
17427.367
17456.732
17257.768
17599.666
17509.166
17155.066
17477.434
17439.6
17190.834
17311.199
17454.5
17300.4
17277.5
17036.268
17040.633
17345.666
17034.834
17155.066
16813.1
16912.467
16963.301
16822.934
16918.566
16744.801
16686.9
16644.467
16577.166
16827.533
16819.1
16738.467
15825.3
16116.467
16064.366
15923.533
15316.3
15273.733
15319.767
15001.533
14390.434
14926.267
14776.434
13921.866
14364.5
14243.333
13886.3
14046.2
13504.434
13613.866
13473.9
13185.8
13330.767
13570.6
13407.767
13570.467
12381.767
13138.8
13245.833
12775.267
13056.967
13300.6
13376.167
13090.667
13495.167
13704.066
13723.7
13913.6
14258.366
14259.6
14098.566
14171.2
13963.5
13951.134
14136.434
14105.134
13576.3
14047.667
13864.366
13552.467
12962.767
13349.6
13084.7
12827.267
12745.5
12647.667
12685.833
12534.667
12390.833
12770.333
12744.767
12609.733
12636.566
12733.333
12592.033
12512.667
12402.233
12837.6
12644.233
12313.4
12733.634
13138.934
12900.833
12616.066
12762.033
12714.134
12761.634
12716.0
12603.1
12676.667
12428.566
11883.0
12413.566
12282.8
12447.3
12553.8
12051.833
12563.866
12412.1
11705.134
12002.566
12237.934
12078.634
12125.4
12394.5
12496.934
12473.7
12670.4
12574.566
12698.467
12538.1
12465.866
12179.767
12426.2
12553.3
12235.134
12245.434
12493.667
12508.833
12224.0
12651.967
12713.733
12848.1
12393.0
12591.7
12739.6
12683.3
12889.866
12208.233
12693.4
12569.1
12780.0
12335.767
13051.934
12793.033
12892.467
12513.5
13060.934
13001.767
12646.667
12492.3
12710.6
12490.5
12372.134
12597.9
12563.934
12398.833
12050.6
12029.366
12292.733
12468.434
12330.4
12461.5
12447.134
12294.434
12061.733
12268.767
12340.8
12250.033
12547.333
11912.233
12230.4
12464.3
12453.733
12157.833
12228.6
11777.233
11490.066
11936.3
11813.0
11916.3
11067.267
11633.5
11923.467
11819.1
11504.6
11824.434
12077.866
11649.3
11788.8
11625.833
11887.2
11536.967
11278.134
11263.634
11607.0
11555.967
11098.134
11393.033
11380.6
11525.1
11352.667
11373.7
11464.267
11354.5
11142.267
11370.5
11504.667
11426.566
11304.134
11621.7
11349.667
11473.3
11342.667
11176.566
11328.866
11315.5
11136.533
11039.9
11094.667
11148.7
10856.667
10755.233
11246.934
11228.767
10944.2
10986.9
11221.667
11224.566
10800.6
10858.434
11092.467
10852.233
10666.533
11037.233
11029.533
10803.1
11035.934
10814.366
10881.667
10822.767
10540.733
10181.833
10869.467
10532.233
10728.134
10586.833
10691.533
10489.634
10444.866
10241.167
10604.0
10500.233
10390.934
10132.9
10403.467
10421.767
10255.4
10219.434
10492.866
10475.967
9929.467
10109.967
10431.8
10357.033
9686.267
9866.7
10259.533
10213.3
10133.4
9806.1
10345.267
10247.767
10162.467
9893.1
10059.4
9889.9
9753.333
9909.3
10078.667
9878.833
9724.134
9776.033
10197.333
10165.833
9951.467
9695.233
9821.467
9925.9
9756.2
9602.767
9901.4
9803.566
9809.2
9473.233
9642.866
9755.833
9720.8
9536.767
9752.6
9525.566
9966.733
9269.366
9702.267
9608.366
9412.066
8979.233
9674.467
9653.967
9667.333
9322.033
9460.267
9272.167
9403.934
9514.967
9828.8
9013.434
9292.934
9084.9
9374.733
8797.167
8383.0
7723.767
7542.8
6743.567
5939.2
5373.5
4784.667
4036.9
3665.533
2995.9
3312.2
3202.567
2952.533
3148.567
4060.667
4233.633
4207.867
5186.233
5695.533
5970.1
6327.733
5637.633
6396.267
6013.1
5884.933
5529.033
5336.133
5384.833
5095.4
4843.633
5265.8
5316.967
5288.667
5071.233
5800.867
5575.9
5625.667
6226.967
6275.867
6515.167
6188.133
6670.633
6820.333
6816.167
6793.0
7052.967
7331.6
7366.233
6884.2
7145.233
7673.0
7703.7
7310.4
7769.167
8014.333
8157.5
8066.867
8055.567
8547.867
8506.1
7918.267
8026.299999999999
8735.134
8792.9
8612.866
8353.9
8879.8
8696.3
8510.6
8487.3
9001.934
8754.967
7898.866
8754.566
8922.733
9003.033
8664.866
8447.3
8965.733
8863.566
8675.134
8575.634
8747.134
8848.233
8429.6
8262.434
9193.2
8772.7
8580.267
8596.366
8916.066
8815.634
8662.667
8650.233
8874.733
8821.566
8642.066
8583.833
8914.467
8890.434
8742.333
8637.1
8968.333
8866.833
8324.733
8540.634
8860.066
8757.033
8389.267
8334.566
8745.934
8589.366
8639.733
8401.033
8669.2
8805.366
8512.267
8046.1
8836.134
8703.033
8694.934
8526.5
9003.866
8746.033
8560.533
8342.5
8820.934
8611.1
8187.866
8026.299999999999
8678.4
8591.634
8624.533
7999.433999999999
8728.066
8567.5
8452.333
8514.767
8693.467
8660.9
8488.667
8409.366
8900.0
8710.167
7885.933999999999
8210.767
8834.267
8553.9
8552.733
8412.5
8805.934
8683.5
8222.333
8049.233
8638.6
8471.767
8453.6
8318.833
8615.133
8600.767
8441.8
7995.5
8688.733
8597.566
8254.6
7930.566000000001
8519.4
8657.967
8332.4
8293.9
8611.467
8218.7
8197.667000000001
8333.567
8324.667000000001
8246.1
8113.667
7932.767
8494.2
8337.567
7984.733
7911.833
8373.133
8489.9
7807.733
7902.967
8344.0
8275.033
8320.133
8069.3
8286.533
8197.767
8155.4
7848.433
8486.332999999999
8233.033
7965.0
7941.167
8297.6
8198.033
8046.133
7530.567
8169.067
8115.5
8018.2
7499.367
8250.4
8049.767
7560.667
7992.367
8088.0
7965.5
7577.533
7671.167
7856.133
7968.567
7710.533
7689.1
7976.933
7749.633
7715.2
7499.767
7828.067
7827.567
7352.6
7311.5
7812.533
7784.367
7504.333
7435.9
7494.8
7675.567
7214.267
7393.967
7459.933
7497.1
7332.733
7087.7
7673.933
7495.3
7129.6
6790.033
7357.267
7521.167
7336.933
7035.167
7393.933
7333.433
6648.067
7060.767
7501.533
7153.233
6993.8
7037.233
7271.667
7316.7
6935.467
6779.033
7200.8
7292.967
7120.2
7022.7
7336.333
7141.7
6878.067
6600.9
7215.733
7025.1
7252.267
6784.167
7257.333
7203.833
6696.2
6732.833
7205.733
7028.633
6843.533
6910.167
7194.467
7122.3
6720.867
6638.967
7259.133
6982.9
6845.533
6873.833
7122.2
6967.833
6539.467
6437.833
6811.4
6770.9
6259.333
6375.633
6878.4
6700.3
6884.467
6515.367
6892.0
6727.433
6965.0
6580.767
6799.6
6692.9
6364.8
6313.967
6786.8
6681.633
6211.8
5671.633
6624.733
6645.033
6218.667
6414.833
6640.933
6439.5
6282.133
6257.233
6624.0
6413.633
6226.667
5894.767
6484.2
6507.9
5798.733
5971.767
6526.333
6296.167
6060.333
5805.5
6421.933
6403.5
6314.867
5879.5
6494.333
6381.3
6331.8
6224.967
6433.2
6281.967
5059.4
5528.767
6317.133
6391.9
6010.933
5725.567
6260.867
6384.567
5716.533
5738.7
6159.533
6130.433
5659.267
5674.167
6165.733
6156.3
5510.4
5489.167
6032.267
5979.7
5762.6
5753.233
5984.933
5896.833
5465.0
5849.5
5958.267
5961.033
5478.8
5683.7
6070.067
5851.433
5401.6
5303.767
5889.067
5895.5
5762.267
5179.633
5976.733
5835.1
5160.267
5292.1
