273.767
69.45
-132.233
156.71699999999998
452.7
137.45
207.833
242.983
240.433
254.517
129.96699999999998
-164.95
219.3
208.11700000000002
19.700000000000003
-27.950000000000003
354.633
-11.683000000000007
75.9
371.517
427.633
180.917
470.9
150.05
282.16700000000003
206.85
223.833
-124.217
210.96699999999998
207.517
322.16700000000003
28.183000000000007
291.3
201.45
244.567
30.117000000000004
555.167
477.717
85.7
-60.483000000000004
257.3
129.983
-9.566999999999993
184.983
213.63299999999998
235.583
154.7
229.11700000000002
212.567
245.38299999999998
-31.566999999999993
35.917
623.1
280.45
-4.832999999999998
-265.35
432.5
438.717
45.766999999999996
43.849999999999994
379.033
433.983
392.1
230.05
416.767
373.45
153.767
322.717
395.433
394.05
335.633
-134.95
453.033
285.717
32.900000000000006
75.983
384.767
188.317
155.167
71.117
295.367
494.117
206.233
73.983
240.567
347.183
31.833
7.716999999999999
244.36700000000002
210.71699999999998
502.5
1.4500000000000028
189.03300000000002
217.983
345.233
-63.217
207.63299999999998
251.917
202.9
91.717
417.633
357.983
-229.167
29.849999999999994
395.033
301.517
227.3
209.78300000000002
469.7
296.983
-0.2330000000000041
276.85
100.233
324.783
255.233
286.85
409.233
288.717
559.5
-229.61700000000002
323.1
364.983
114.3
365.317
388.5
453.85
255.167
103.05
352.1
247.45
-66.1
115.783
337.83299999999997
314.717
136.63299999999998
3.450000000000003
415.9
451.45
56.833
-246.817
354.367
319.783
85.833
133.183
269.967
426.91700000000003
340.433
42.783
297.9
323.517
-277.1
-133.21699999999998
311.633
217.71699999999998
167.833
-5.816999999999993
338.3
268.91700000000003
56.367000000000004
219.38299999999998
405.16700000000003
295.25
254.03300000000002
-113.75
455.7
399.183
430.233
155.05
490.16700000000003
269.91700000000003
160.7
345.717
408.233
72.317
366.83299999999997
-163.28300000000002
146.3
229.183
8.367000000000004
364.717
582.433
422.91700000000003
168.833
-84.017
504.7
153.517
462.16700000000003
25.650000000000006
397.3
368.91700000000003
310.7
390.383
526.433
346.783
438.033
302.983
326.367
230.583
391.9
-349.41700000000003
394.367
357.45
175.5
136.517
147.567
323.717
465.767
186.517
245.5
295.58299999999997
119.367
-196.75
269.967
382.783
464.5
188.917
392.9
308.45
49.367000000000004
-320.617
444.3
245.25
-59.900000000000006
14.183000000000007
268.3
188.65
-992.9
-93.75
130.167
274.517
247.3
-67.483
571.633
406.91700000000003
256.16700000000003
64.717
264.1
228.917
-120.5
437.383
530.233
279.117
-191.433
39.117000000000004
307.9
319.383
-106.767
341.517
378.7
252.25
393.1
342.783
329.767
413.65
242.63299999999998
185.917
368.1
254.25
404.567
29.717
394.633
442.58299999999997
343.83299999999997
-74.417
224.9
319.05
73.767
-277.75
371.633
346.25
258.033
-118.817
344.83299999999997
329.783
222.233
82.583
365.7
358.85
-154.36700000000002
209.38299999999998
335.7
62.31699999999999
-141.767
154.78300000000002
274.3
220.183
317.7
169.11700000000002
270.567
519.183
98.367
168.65
383.1
530.917
387.5
163.45
216.03300000000002
280.517
94.033
503.65
358.9
209.71699999999998
-149.7
96.05
223.233
290.117
266.567
-8.216999999999999
549.433
558.183
34.833
283.58299999999997
373.3
353.983
233.167
115.783
347.767
400.317
86.167
138.85
296.767
331.517
179.36700000000002
305.58299999999997
475.7
440.45
401.16700000000003
109.517
567.767
176.78300000000002
391.967
-130.883
384.433
186.05
-77.96700000000001
295.45
348.16700000000003
223.05
558.967
406.517
392.233
282.183
649.367
99.18299999999999
388.9
291.517
-20.766999999999996
286.45
655.433
431.05
557.7
-31.083
468.433
386.91700000000003
405.63300000000004
209.717
362.16700000000003
536.983
-18.69999999999999
252.45
629.767
348.25
164.1
196.917
374.83299999999997
376.85
539.367
191.317
665.367
570.917
716.633
462.91700000000003
726.9
524.983
251.567
355.85
420.967
621.9169999999999
802.7
220.85000000000002
751.633
612.717
557.3
698.983
621.7
529.65
380.833
665.05
521.633
770.25
136.5
316.583
592.7
568.45
592.367
419.383
901.8330000000001
578.5830000000001
736.1
573.25
715.967
675.05
709.433
333.983
1033.767
496.583
601.3
544.183
875.7
547.983
728.433
614.45
642.033
901.383
814.1669999999999
700.517
643.567
900.05
667.5
466.65
981.1
765.85
652.1669999999999
596.65
594.8330000000001
689.983
811.967
684.917
913.767
810.65
592.567
542.45
713.567
811.917
713.233
590.383
945.767
504.11699999999996
768.367
500.783
708.033
598.183
779.033
885.583
763.7
503.717
816.767
989.25
483.63300000000004
899.25
751.367
786.583
822.767
785.783
649.967
1008.65
1185.767
706.45
730.5
1305.717
947.367
1161.45
535.567
728.85
1211.167
1038.05
1173.3
1256.65
790.9
764.583
892.633
855.5830000000001
1403.7
1207.983
693.0999999999999
1155.45
1057.367
1276.45
1306.5
1128.117
1055.033
1378.983
669.7
936.65
1064.767
1228.05
1552.433
1507.383
1450.033
1405.183
1206.833
1308.583
1328.967
1229.783
853.633
1077.783
1412.5
1232.25
1484.033
1045.183
1553.633
1452.85
1567.7
1364.183
1523.767
1452.85
1047.1
1498.583
1377.633
1278.583
1205.1
1332.517
1341.7
1447.117
1362.567
1125.85
1450.567
1239.85
1213.7
1091.45
1560.1
1461.25
1407.433
1485.85
1587.833
1337.383
1300.5
1205.25
1473.633
1497.917
1374.9
1135.917
1614.833
1352.183
1411.833
1386.583
1548.3
1431.85
931.9670000000001
1362.783
1433.633
1524.717
1547.7
1722.317
1854.567
1655.983
1689.433
1661.65
1796.5
1855.917
1708.233
1782.85
1786.767
1797.65
1959.5
1804.85
2192.5
1663.117
1236.5
1489.183
1707.433
1995.717
1726.233
1819.05
2169.833
1979.917
1904.167
1834.917
2059.433
2131.65
2135.767
1873.983
2235.567
1918.383
1798.633
1692.583
1727.033
1646.783
1958.433
1308.383
1695.1
1844.717
2084.433
1727.85
2057.5
1955.517
2148.233
1955.517
2022.167
2084.983
2090.767
1991.25
2307.1
1881.85
2409.967
2165.85
2187.367
2091.25
2001.5
2201.45
2433.167
1806.45
1919.433
2235.65
2473.167
2196.117
2271.833
2023.717
2107.5
1975.783
2053.833
2205.783
2168.367
2478.917
2747.5
2052.717
2634.7
2617.45
2499.433
2386.25
2447.567
2311.05
2275.767
2570.783
2495.033
2313.317
2089.3
2216.583
2153.033
2140.183
2445.1
2337.717
2505.033
2713.05
2546.167
2688.383
2894.167
2652.183
2950.1
2819.85
3148.767
2902.85
2731.233
2978.717
2982.7
2869.917
2693.3
2838.983
2655.9
2735.85
2616.033
2794.917
2744.1
2543.117
2211.1
2469.317
2394.1
2411.983
2248.233
2179.917
2452.1
2188.65
2118.633
1820.25
2431.833
1995.183
2347.1
2360.117
2579.7
3057.983
2850.3
3158.05
3012.167
3194.85
3339.1
2938.117
3120.767
3053.917
2769.767
2687.65
2981.9
2830.583
3082.7
2652.317
2906.433
2972.45
2937.433
3108.917
3070.367
3126.317
3310.367
3267.05
3292.5
3286.383
3201.3
2921.85
3254.633
3319.717
3168.167
3414.383
3496.633
3351.517
3235.967
2945.517
3474.033
3349.717
3659.3
3965.183
4055.567
4414.983
4424.5
4279.983
4202.032999999999
4128.5830000000005
4231.1
3834.65
4418.767
4079.25
4237.233
4154.983
4386.567
3874.85
4032.167
4174.782999999999
4022.833
4067.117
3835.633
3574.717
4189.433
4280.9169999999995
4165.032999999999
4349.05
4528.833
4506.917
4393.433
4136.383
4487.3
4411.517
3875.367
4108.517
4069.367
4292.317
4200.033
4426.517
4622.567
4347.517
4224.567
3686.783
3938.033
4053.783
4093.633
3809.65
4246.032999999999
3917.45
3938.367
3696.65
3637.433
3571.317
3487.767
3555.583
3583.9
3713.317
3503.633
3630.117
3383.767
3573.983
3706.9
3832.85
4119.032999999999
4287.517
4431.033
4591.25
4359.5
4467.5830000000005
4008.767
4567.383
4330.1
4349.45
4885.3
4613.717
5294.167
5322.25
5250.9
5474.717
6066.767
5563.05
5705.167
5137.85
5313.967
5200.117
4776.567
4515.65
4578.433
4428.25
4230.033
4346.45
4855.967
4481.45
4758.9
4815.85
5319.833
5310.183
5421.433
5168.45
4975.833
4836.983
4473.433
4303.517
4373.367
3962.717
3812.5
3661.117
3722.033
3652.917
3067.233
3410.05
3395.633
3059.983
2743.367
3505.783
3578.3
3705.65
4020.433
3787.183
4603.033
4874.85
4942.633
4802.117
4875.567
4641.85
4270.3
4417.85
4329.3
4521.45
4518.367
4340.783
4898.1
4578.45
4754.5
4630.917
4794.967
4745.917
4679.3
4112.25
4726.5
4607.583
4745.767
4651.85
4571.833
4591.383
4650.033
4661.25
5352.367
5407.85
5412.967
5687.517
5869.567
5937.85
5892.567
5729.85
6067.033
5817.45
6223.967
5852.317
6308.233
6748.183
6046.033
6290.717
6380.567
6134.983
6101.367
5370.25
5225.967
4632.85
4384.367
3452.317
3252.567
2722.983
2552.3
2552.183
3108.767
3389.45
3770.5
4291.317
4657.767
4909.983
5216.1
5654.383
5963.633
6415.25
6272.7
6274.783
6417.5
5840.717
5725.5
5376.917
5021.9
4217.917
3888.7
3548.583
3538.567
3886.717
4080.433
4665.717
5572.167
5872.05
6106.7
6997.65
7263.033
7390.783
7792.567
7529.583
8238.033
8268.317
8687.567
8398.45
8358.1
8799.116
8567.767
8629.116
8754.9
8611.583
8847.566
8630.717
9313.167
9140.45
9228.366
9009.25
9516.1
9373.583
9209.7
9306.25
9841.434
9627.316
9538.7
9314.05
9496.233
8997.917
9058.833
9268.184
9331.634
9783.583
9526.967
9616.116
9676.1
9365.184
9056.434
8873.517
9030.7
9337.316
9511.634
9403.25
9411.233
9405.583
9331.366
9199.783
9120.9
9108.116
8929.1
9020.517
9493.566
9237.917
9459.833
9103.783
9262.7
9490.05
9256.9
9666.116
9847.167
9827.05
9957.833
10052.184
10134.634
10486.583
10727.1
10548.983
10474.5
10390.316
9709.9
9165.116
9304.233
9243.783
9178.1
9072.65
9393.5
9639.316
9822.5
10470.583
10378.1
11027.45
10934.233
10970.783
10958.1
11388.05
10757.833
10903.983
11330.566
10856.917
10882.033
11103.85
11034.1
10824.783
11479.3
10974.983
11308.366
11283.05
11157.566
10859.517
11144.3
10962.25
11004.9
10392.517
11066.167
10891.184
10905.167
10491.184
10846.566
11227.583
11433.566
11084.184
11352.967
11456.517
11218.9
11212.583
11167.767
10121.783
10581.566
10618.85
10699.7
10206.05
10847.634
10647.917
10716.566
10389.25
10392.1
10786.65
10908.767
10819.184
10917.9
10695.583
10425.233
10401.184
9792.967
10051.85
10791.566
10571.717
10719.767
11099.85
11414.833
11503.517
11674.434
11295.517
11439.167
11563.783
11502.366
11048.65
10857.033
10356.583
10531.366
9739.45
10412.566
10658.65
10327.767
10308.983
11164.1
11118.783
10546.167
10604.316
11466.366
11650.316
11339.167
11144.184
11267.967
11348.25
11052.767
10967.783
11230.9
11034.05
11290.033
11605.184
11285.833
11535.917
11819.833
10912.384
11213.3
11049.65
10659.167
10937.517
10218.566
10491.116
10514.7
11507.45
11408.967
11225.917
11230.566
10751.116
11039.033
10995.85
11308.566
11009.517
10778.9
10174.184
10025.167
9684.983
9282.767
9228.45
8570.767
8446.183
8459.167000000001
8410.117
8955.967
9387.316
10316.033
11008.25
12172.366
12284.25
13370.7
12535.85
11945.7
12409.25
12266.5
12051.05
12831.7
12982.116
13214.9
13024.65
12909.833
12324.116
11821.833
11450.583
11685.767
11595.983
12926.5
12358.116
12988.967
13069.983
13385.9
13437.384
13051.7
13805.184
14001.7
14613.85
14498.767
14625.517
14913.167
15284.917
14204.366
14393.583
13772.7
14111.65
14083.833
14518.25
13896.9
13660.25
13246.366
13051.783
13304.5
12974.783
12089.9
12998.45
12824.9
13699.384
13874.233
13886.384
14849.434
14409.184
14013.3
14340.384
14383.9
14156.917
14146.566
14334.116
14746.033
15222.983
15281.3
14937.583
15037.1
16716.25
15455.1
15487.25
15770.634
15121.517
15761.3
15699.783
16341.566
15750.717
15181.967
15498.917
15748.634
15631.116
15075.233
14988.45
16150.7
16622.25
16260.233
15554.316
15938.434
15703.85
15589.366
14752.983
15610.5
15486.65
15117.366
14407.783
15050.1
15284.85
15288.233
14869.65
15932.767
15975.05
15757.233
16122.85
16310.033
17066.051
16277.1
16086.384
16726.767
16269.983
16634.5
15700.583
16045.967
16767.517
16323.099999999999
16462.583
16512.366
16020.583
16272.9
16728.383
17366.834
17083.65
17074.033
17248.25
17070.434
17506.518
18018.166
17506.783
17505.434
17061.916
17061.1
16540.051
17011.699
16590.717
16977.834
16290.45
15875.833
16109.583
16006.167
15690.65
16308.3
15810.116
15968.033
16088.05
15984.967
16131.65
15939.7
16519.116
17026.033
17421.117
16493.634
16609.783
16686.7
16128.05
16948.633
16608.916
17142.566
17143.584
17491.834
17508.316
17654.367
17935.117
17339.5
16904.316
18556.633
17977.916
17870.166
18137.783
18407.967
17126.051
17882.768
17115.584
18142.5
17822.518
17080.033
17652.717
18138.301
17856.717
17991.9
18973.117
18371.301
17766.051
17518.699
17337.383
17187.566
17750.383
18513.967
18335.117
19049.566
19228.65
19600.301
19120.117
19152.1
19563.117
19291.301
19283.25
19291.699
19423.65
19832.834
19460.982
20222.566
19957.916
20089.5
20601.383
20407.633
20320.184
19872.033
19986.916
20297.633
19882.184
19698.033
19507.518
20192.967
19904.717
20971.967
20173.051
19771.768
20310.383
20400.1
21178.25
21236.367
21358.717
20767.5
21027.518
20485.967
20667.85
20402.9
20828.449
21014.566
22914.584
21109.633
22082.051
22429.566
22584.717
22071.1
23433.383
22812.768
23138.85
23945.699
24641.383
23404.9
23988.449
23419.967
23700.184
25426.967
23835.717
24030.9
23135.518
23111.633
23237.184
23901.5
23751.051
24281.699
25080.316
24492.566
25300.518
25988.633
26684.65
26715.768
26915.051
27685.166
28416.584
27720.367
26362.184
27226.301
27396.65
26633.232
27240.518
27884.566
27888.65
27698.166
28183.717
28821.633
28125.916
29664.834
30406.449
29973.9
29398.584
30527.5
30336.518
30379.834
30062.717
30444.301
30576.85
30347.434
30405.65
29961.699
30269.85
31186.768
31978.85
32388.768
32728.983999999997
34200.035
34408.918
33825.566
34564.582
34615.898
34310.648
34366.234
33359.715
34388.633
33501.051
33480.832
35142.984
35738.832
36076.449
36129.965
36293.984
37121.898
36201.582
36501.434
35935.918
36189.699
36508.852
35909.633
36668.316
37416.832
37792.648
37928.367
38132.516
38570.766
38576.918
37921.102
38237.918
38099.832
38205.918
37486.434
38117.383
38241.234
38416.516
38825.301
38385.184
38150.566
38359.918
38480.301
38566.582
38563.699
38985.648
38663.434
38896.051
39100.566
38837.316
37686.965
37144.383
35366.566
33871.918
32898.566
32558.051
32492.566
32960.984
32935.898
34326.117
36047.234
36569.316
37220.699
37406.715
37696.035
38601.316
39669.5
39296.383
39953.633
39976.648
39671.633
38871.852
38507.367
38818.184
39416.5
39706.582
40250.566
40878.984
41843.168
42368.184
42498.832
42501.984
41804.5
41594.918
41095.434
41352.852
41469.168
41467.449
41382.301
40629.316
40234.168
40025.582
39407.566
39479.785
39818.102
39580.316
41110.965
41392.852
41705.434
42357.117
42616.633
41706.051
41981.035
41534.516
41523.367
41942.648
42282.035
42757.984
43876.699
43703.25
44280.102
43783.852
43737.766
43321.918
42493.102
42707.715
42624.102
42821.25
42596.965
42898.383
43450.168
43755.117
43270.102
43369.516
44445.898
43910.648
44354.566
43555.25
44205.434
43595.316
42616.367
42109.316
41705.434
41585.648
41833.965
42140.051
42620.699
43819.785
43587.434
44357.852
43884.301
43885.516
43654.898
43170.051
42775.301
42378.117
41656.234
41829.184
41860.434
41584.449
41818.633
41798.648
41512.035
41639.785
41468.102
41628.449
42110.234
42586.051
42534.035
43106.984
43830.434
44109.785
44087.5
44402.715
44090.102
44120.051
43278.965
42765.117
42301.367
42619.184
42996.766
42751.852
43586.234
44005.715
44611.965
44890.117
44825.168
44805.852
45636.699
45986.785
46571.035
46710.715
46267.367
46058.715
45808.633
45817.715
45096.168
44813.648
45015.898
44997.918
44659.699
44499.918
43545.035
44122.984
43743.301
44222.184
44070.566
45003.316
45555.367
46239.984
46658.633
46945.582
45940.898
46084.715
45461.633
45525.316
45852.566
45510.715
45468.434
45088.918
45495.965
45877.852
45875.566
46133.383
46130.367
46647.516
47137.699
48006.051
47170.301
46999.648
46286.898
46254.449
45497.633
45440.715
45384.965
45045.785
45714.5
45881.184
44037.367
45251.516
45138.234
44737.117
44967.898
44639.785
44462.898
44877.785
45428.566
45781.648
45768.832
45675.785
45852.633
46598.184
46682.965
47015.715
46691.832
46131.582
44667.434
43029.715
42160.5
40537.051
38796.832
38289.383
38991.566
40096.648
42522.234
43268.715
42604.699
42668.648
42907.832
42315.25
42743.965
42168.316
41613.301
42598.25
43888.766
44936.184
44821.301
45292.184
45521.168
45972.383
46832.434
46336.918
46186.832
46227.051
45378.035
45928.25
46391.566
46397.715
46241.633
47136.051
47629.699
47609.715
47707.434
46910.648
46780.766
46433.918
46610.035
46283.516
45536.434
45304.449
44777.102
45881.184
46741.566
47506.852
47183.699
47858.184
48804.699
49170.582
48577.633
48142.715
48520.234
47861.582
47753.234
47051.984
47766.367
48388.984
47837.766
47542.918
47118.035
45966.051
45281.168
43575.383
42359.766
41904.852
42036.566
42426.516
42991.301
44266.449
44518.168
45875.984
46227.168
46302.852
46977.168
47244.984
47723.035
47862.051
48044.035
48530.785
49367.367
48740.051
48282.633
47422.316
47314.832
47133.184
47022.168
47025.715
47069.102
47753.25
48826.633
48927.582
48930.102
48898.117
48777.965
48551.184
48467.766
48514.449
47257.633
46701.383
46318.301
45585.648
44735.301
44214.582
44556.035
44886.785
45374.699
45782.984
46509.367
46631.852
46418.832
46234.715
46452.766
46017.582
45651.633
45775.715
46254.168
46818.316
47021.301
46988.918
47577.832
48108.184
48066.5
48150.852
47880.434
47700.785
47004.699
46186.582
45821.234
44886.316
43853.102
45182.648
45010.102
45386.449
45607.168
46300.051
46364.898
46756.918
46179.168
46310.785
46678.832
46153.117
46008.102
45841.184
45718.035
45347.316
44670.434
44162.648
44280.699
44362.516
43860.633
43107.785
43511.168
43275.25
43027.102
42989.449
43312.766
43615.25
43889.633
44322.25
44574.5
45027.449
44723.832
44580.715
45028.633
44941.051
43733.633
44452.852
44026.434
44014.984
44265.367
43635.785
43720.035
44628.785
44852.633
45285.383
45109.168
45265.785
45195.965
44879.715
45407.168
44783.785
44284.168
44146.383
44521.766
45000.648
45148.434
44368.117
44563.102
44431.117
43990.832
44267.918
44479.566
44330.918
44056.766
44278.117
43959.301
44135.184
43552.832
43262.582
43176.898
43116.316
43355.766
42917.449
43745.102
44086.785
44575.832
43915.918
44081.633
44140.918
44399.898
44289.648
44016.367
44199.648
44167.699
43928.051
43863.301
43911.383
43598.434
43107.383
43514.898
43651.051
43773.965
43718.852
43929.102
43953.051
43854.434
44224.984
44295.301
44538.715
43649.898
43212.316
43435.035
42928.582
42960.102
42663.383
43277.367
43808.383
43674.102
43538.852
43775.699
43751.918
44016.699
43925.984
43981.102
44305.785
44046.566
44057.051
44229.832
44259.582
44138.434
44057.25
43276.699
43521.383
42678.367
42959.582
42990.699
42842.918
42542.434
42677.117
42612.301
42531.25
42582.633
42962.516
42611.367
43199.648
42995.367
42909.383
42329.234
41962.051
41563.633
41706.582
41265.566
41326.051
41029.434
41602.918
41799.367
41871.316
41686.434
41314.785
42464.102
42659.516
42930.832
43050.984
43633.102
43807.984
43127.898
42859.918
42721.367
42698.383
41832.234
41967.648
42188.102
42176.516
42570.367
42488.984
43033.898
42927.852
43043.766
42784.117
43045.168
42717.918
42447.367
41926.383
42495.5
42636.516
41813.234
42686.383
42288.5
42656.383
42782.434
42315.25
42588.234
42157.918
41329.633
40842.516
41362.766
41092.648
40808.434
41259.648
41248.168
42321.715
42046.102
42706.383
42937.035
42612.984
42529.102
42833.051
43265.633
42702.051
42211.699
41905.785
41957.965
41406.316
41195.699
41115.184
41727.367
41740.383
41744.367
41684.984
42322.832
42395.25
41985.766
41739.984
41707.566
41284.117
40644.301
40109.051
40113.699
40145.117
39765.367
40070.852
40417.766
41032.449
41270.102
41451.516
41725.699
41989.648
42359.301
42288.918
42428.5
42191.785
42041.168
42569.316
41915.234
42430.184
42034.566
41603.516
42213.898
42084.184
42266.898
41871.648
41696.566
41659.316
41621.367
41034.184
41167.367
40875.715
40694.301
40985.785
40633.234
40424.785
40420.168
40281.582
41097.234
41352.051
40555.699
40677.117
41293.367
41152.984
41040.234
41536.051
41045.234
40709.984
40608.699
39826.648
40305.434
39466.516
39684.5
39558.984
39479.566
40093.25
39862.5
40218.25
40088.898
39995.984
40395.566
40256.383
40575.766
40538.316
40037.633
40137.25
40350.168
40445.184
39622.766
39952.918
40106.633
40163.383
39523.699
40010.449
40703.766
40259.117
39994.965
40822.785
40893.898
40799.785
40467.035
40018.918
40618.965
40104.918
40321.035
40270.25
39993.434
40150.117
40106.035
39822.852
40185.898
39887.117
39217.965
39426.516
39709.168
39428.449
38821.766
38851.25
38581.102
38422.117
38259.301
37844.184
38416.035
38451.918
38050.898
38985.25
38933.035
39160.25
39101.434
38797.449
39338.566
39128.582
38789.566
38247.25
38766.035
39009.785
38141.699
37301.25
36629.367
35844.051
35310.234
34636.516
34250.301
33619.516
33098.434
34295.184
34987.699
35014.516
35583.035
36285.316
37506.832
37162.516
37644.5
37454.316
37391.102
37540.449
37129.102
36955.785
37135.832
37139.918
36688.766
36820.383
36947.234
37178.25
36952.898
36632.918
37076.035
36850.117
36784.102
36624.852
37012.898
36994.715
36655.898
37276.051
37076.5
36880.918
36467.965
36232.984
36272.5
36095.852
36084.168
36242.449
36021.633
36426.648
36470.898
36206.316
36471.766
36993.051
36621.633
36347.582
36603.035
36821.516
36660.234
36774.984
36675.965
36247.449
36046.234
35943.25
36210.102
36080.184
35293.434
35670.184
35537.832
35842.918
35625.434
35465.051
35593.832
35725.785
36044.234
35598.785
35751.102
36052.918
35424.234
35729.117
35688.766
35625.051
35027.035
35150.516
35120.301
35165.316
35217.102
35048.648
35028.832
34999.117
34338.5
34706.383
34494.102
34759.117
34296.566
34665.715
35187.234
34907.715
35298.168
35276.316
35151.434
35608.316
35362.832
35379.25
35464.234
35326.316
35528.234
35322.25
35517.102
35226.316
35489.367
35239.918
35658.965
34993.383
35083.766
34841.918
35100.898
35208.516
34795.434
34621.984
34718.168
34730.715
34698.766
34766.648
34828.035
34968.051
34903.168
34821.184
34760.301
34402.516
33957.168
33882.316
34066.633
33535.582
33258.699
33366.449
33848.5
33746.984
33305.168
33306.051
33711.234
33489.852
33187.633
32864.918
33186.898
32988.383
32556.301
32086.518
32475.9
32525.717
32513.699
32750.982
32679.232
32646.383
32092.033
32292.518
31892.367
31805.584
31067.699
30919.117
30978.367
30476.85
30459.768
29796.518
30202.033
29854.117
29292.9
28535.65
28337.967
28468.117
28263.434
27661.383
27910.699
27853.383
28146.166
28209.518
28817.367
29214.316
30029.967
30782.117
30952.967
31060.85
31106.5
31318.316
31207.367
30822.051
30905.1
30608.717
30895.967
30648.25
30975.633
31022.916
31397.768
31313.85
31546.1
31440.518
31862.1
31720.184
31486.834
31746.783
32075.633
31823.916
31493.166
31305.916
31618.301
31494.916
31291.768
31209.783
31311.166
31346.25
31737.768
30983.916
31508.232
31477.65
31520.033
31340.916
31588.434
31337.916
30978.768
30978.316
31058.834
31284.584
30551.967
30425.316
30686.301
30410.783
30341.633
30491.916
30650.033
30301.717
30207.967
29974.783
29915.9
29987.717
30025.633
29972.184
29993.768
29921.383
29905.166
29819.383
29715.434
29692.383
29472.633
28913.051
29346.834
28877.316
28969.768
29012.916
29077.301
28870.85
29008.967
28978.518
28971.967
29340.85
29162.166
29473.982
29297.9
29471.051
29269.166
28759.316
28949.301
28720.783
28569.033
28776.051
28607.967
28644.982
28603.434
28591.25
29019.434
29464.916
28993.5
29585.316
29665.5
29432.117
29550.166
29269.783
29503.301
29610.916
29776.367
29940.65
30031.699
30415.316
30318.5
30680.449
31041.699
31311.25
30793.1
30680.783
31008.033
31515.518
31357.434
31859.584
31957.5
32358.982
32185.967
32342.316
32178.434
31897.783
31099.699
30121.184
29601.166
29256.051
28927.367
28680.051
28380.434
28422.916
28274.033
28181.051
28448.301
28299.383
28365.1
28287.717
28656.834
28426.051
28249.301
27944.051
27940.166
28105.184
27661.1
27967.982
27832.367
28089.184
28074.566
28147.449
28238.367
28440.518
28077.301
28222.85
28540.967
28361.316
27781.967
28148.85
28495.566
28339.982
27902.301
28212.184
28455.633
27874.717
28290.1
27579.982
27959.367
27608.383
27342.301
27523.051
27368.232
27454.584
27208.633
26737.117
27373.768
27523.518
27107.699
27121.316
27293.033
27076.449
27444.699
26917.783
27083.5
27130.916
27298.301
27283.25
27458.301
27137.916
27285.301
27415.316
27653.699
27250.25
26773.367
26842.982
27061.834
27213.383
26936.5
27061.982
26923.566
27150.982
26865.834
26853.051
26909.5
26848.85
26464.699
26181.383
26825.967
26602.85
26145.367
26061.584
26512.5
26095.783
26114.434
26219.85
26448.166
26190.584
25207.166
25954.316
26394.232
25993.982
25940.1
25528.584
25855.9
25893.316
26169.434
26111.982
26037.033
25673.916
25766.1
25740.982
25208.5
25005.65
24439.166
24695.051
24251.967
24665.117
24207.301
24309.783
25618.834
25372.783
25338.1
25951.316
25802.834
25869.117
25382.1
25224.449
25037.9
25032.783
24782.834
24829.65
24939.566
24943.184
24535.1
24813.584
25449.834
24969.85
24423.699
24792.316
25042.834
25098.584
24788.434
24913.383
25055.301
24700.316
24401.301
24009.584
24418.301
23970.916
23915.699
23505.65
23501.301
23546.916
22881.768
22432.982
22316.232
20860.65
20122.301
19281.449
19431.434
19399.916
19507.9
19736.85
20552.367
21430.383
21951.633
22001.316
22199.566
22867.85
23299.033
23247.316
22901.633
23364.717
23271.5
23326.584
23367.633
22995.717
22617.9
22530.717
22979.9
22842.316
22411.633
23089.916
22985.834
23192.184
23308.434
23165.85
23292.301
23260.449
23020.699
23129.051
23205.9
23411.051
22968.434
22921.916
23359.367
23430.184
23311.5
23373.916
23522.967
23500.783
23335.566
22871.184
23332.232
23282.584
22939.1
22749.25
22982.1
23111.65
22904.633
22497.982
22757.699
23085.518
22436.9
23056.117
23241.232
23201.449
23614.367
23323.449
23442.967
23397.051
23220.033
23360.184
23278.834
23213.25
22832.367
22892.518
22946.301
23048.717
22888.166
22988.051
23178.367
23210.65
22876.367
22666.25
22979.834
22833.449
23035.367
22575.717
23128.9
22969.383
23144.367
23106.982
23212.232
23165.383
22681.566
22403.85
22950.699
22845.449
23001.434
22589.25
22528.367
22562.783
22477.232
22857.916
22583.768
22534.184
21983.434
22055.518
22138.633
22415.584
21515.166
21822.383
22049.699
22027.316
21797.967
21663.916
22055.834
22025.85
21812.232
21869.584
21953.699
22186.117
21455.699
21681.383
22157.768
22186.85
21861.834
21721.916
21831.301
22014.184
21653.566
21643.316
21762.5
21690.518
21123.9
21439.383
21425.232
21255.449
21220.9
21362.316
21059.566
21778.184
21133.967
21047.316
21138.699
21185.316
21066.768
20501.518
21047.367
21060.982
20753.9
20494.982
20959.5
20823.449
20710.566
20212.25
20745.699
20747.916
20663.967
20723.25
20319.967
20569.916
20472.033
20010.85
20302.967
20112.383
20127.834
19648.449
20069.5
20000.584
19337.1
19011.449
19744.967
19558.117
19353.033
19288.25
19558.9
19394.383
19027.367
18973.783
19619.232
19304.051
19130.434
19004.783
19489.434
19033.518
18873.1
18743.25
19391.166
19154.65
18909.434
18878.783
19037.768
18749.383
18337.566
18046.584
18499.367
18614.25
18513.434
18805.783
18939.834
18822.051
18207.834
18868.25
18582.1
18534.25
18520.633
18458.85
18315.566
18500.25
18011.768
17974.916
17343.566
16567.917
15820.233
15119.783
14684.9
14544.783
14481.634
14459.517
15363.1
15878.917
16100.033
16533.45
16865.967
16907.25
17011.033
16941.584
17056.166
16519.65
16536.366
15801.383000000002
16857.301
16763.717
16579.232
16480.65
16875.699
17114.783
17281.834
16960.184
17408.699
17586.184
17247.301
17322.383
17656.5
17695.982
17665.633
17814.916
17949.9
17906.449
17679.232
17336.584
18225.768
17993.584
17940.967
17562.584
18205.834
18365.85
18121.566
18331.25
18348.9
17869.518
18066.367
17748.25
18300.033
18196.316
18072.834
18007.051
17993.967
18235.449
17789.232
18347.518
18317.434
18408.051
18316.768
17940.717
18639.9
18611.982
18163.967
18328.85
18999.633
18746.584
18492.5
18965.518
19229.768
18851.916
18602.367
18720.783
18376.834
18576.316
18023.9
18220.383
18506.967
18395.783
18432.834
18853.65
18523.699
18678.184
18028.301
17861.783
18810.834
18574.783
18414.033
18602.916
18384.633
18507.184
18595.033
18264.783
18313.9
18286.051
18260.699
18214.717
18367.768
18048.449
18129.633
18014.449
18360.166
18118.717
18247.166
18179.85
18614.166
18163.184
18229.633
18139.051
18409.699
18644.584
18621.166
18506.449
18442.768
18320.518
18192.566
18405.85
18583.633
18673.85
18667.367
18289.584
18942.768
18802.783
18716.834
18196.449
18773.033
18686.518
18485.699
18322.449
18447.5
18554.184
18699.699
18591.717
18689.301
18391.982
18493.834
18706.051
18417.434
18520.65
18412.768
18233.316
18390.699
18469.518
18215.232
18154.584
18299.5
18555.85
17600.9
18349.982
18391.9
18319.518
17597.367
17979.051
18303.367
18420.916
18235.434
18290.783
18207.699
18370.316
18074.301
17989.982
18375.367
18128.717
18193.1
17874.717
18115.768
18117.383
17816.301
17737.783
18035.367
17659.051
17615.566
17455.518
17800.1
17683.316
17365.768
17658.717
17659.232
17382.25
17555.367
17648.449
17520.367
17433.449
17242.633
17256.383
17569.9
17210.916
17329.033
17008.117
17087.566
17135.449
17020.301
17097.85
16920.033
16871.316
16804.967
16784.717
17021.367
16945.184
16921.699
16001.717
16272.1
16220.65
16049.566
15470.184
15455.167
15453.65
15087.767
14511.116
15039.1
14906.384
14082.167
14437.316
14388.7
13988.983
14151.566
13613.316
13761.434
13611.384
13339.033
13433.184
13696.7
13550.384
13719.9
12499.45
13280.033
13309.116
12876.366
13175.25
13422.767
13494.184
13236.366
13618.917
13852.9
13852.116
14050.7
14410.45
14389.1
14248.316
14363.9
14111.45
14115.3
14262.316
14262.9
13719.583
14141.9
14038.45
13676.5
13094.583
13473.566
13257.316
12962.9
12863.517
12749.033
12812.717
12655.033
12513.583
12884.434
12888.45
12741.9
12746.517
12882.967
12699.783
12593.7
12501.65
12936.767
12755.184
12409.033
12860.384
13253.967
13003.983
12722.967
12877.517
12849.7
12875.45
12833.1
12717.05
12788.233
12552.85
11963.3
12530.316
12383.366
12519.85
12637.967
12173.316
12702.233
12561.85
11835.167
12118.85
12327.9
12175.25
12243.1
12487.917
12612.233
12573.25
12737.566
12665.316
12809.167
12637.45
12602.833
12302.783
12550.3
12631.85
12321.1
12370.25
12614.167
12580.917
12293.434
12769.917
12822.366
12949.384
12507.833
12705.717
12852.366
12815.184
13016.1
12315.517
12833.434
12705.717
12905.9
12469.583
13185.033
12882.917
13046.566
12629.917
13167.434
13093.783
12786.233
12594.917
12834.566
12599.917
12509.434
12719.65
12674.033
12505.05
12179.566
12161.316
12405.033
12573.917
12459.1
12632.85
12551.3
12388.45
12197.5
12412.85
12492.767
12373.05
12634.767
12025.384
12338.566
12600.184
12570.5
12295.384
12333.233
11863.184
11602.233
12060.05
11934.434
12002.983
11223.566
11763.717
12079.233
11918.316
11620.9
11931.05
12180.167
11759.05
11884.366
11788.316
12029.233
11624.717
11382.233
11365.25
11697.7
11639.316
11205.7
11498.717
11486.434
11649.116
11458.3
11500.783
11604.033
11475.583
11257.9
11482.983
11618.366
11530.65
11383.3
11731.65
11443.634
11550.184
11451.634
11293.45
11467.967
11413.184
11213.634
11127.917
11172.3
11262.983
10962.033
10893.45
11351.7
11343.65
11039.833
11115.384
11324.366
11327.45
10893.7
10981.517
11143.434
10969.65
10760.5
11159.116
11125.967
10907.583
11137.634
10900.783
10970.833
10914.25
10650.3
10282.384
10968.767
10631.85
10857.1
10670.583
10792.967
10580.384
10525.3
10384.116
10701.233
10604.85
10485.5
10204.184
10501.167
10548.116
10340.3
10303.25
10594.233
10575.116
10062.967
10218.45
10506.3
10441.184
9792.7
9950.983
10374.434
10340.85
10230.967
9890.917
10435.033
10310.517
10277.033
9984.85
10185.767
9981.983
9847.967
10020.983
10155.3
9987.116
9809.033
9867.116
10283.767
10294.45
10072.434
9784.384
9894.434
10006.384
9836.366
9673.05
9995.9
9908.05
9890.233
9572.05
9772.1
9869.184
9811.5
9619.783
9825.967
9625.517
10043.434
9341.184
9797.967
9687.717
9508.167
9074.717
9801.3
9760.783
9749.9
9397.45
9565.434
9375.184
9500.033
9594.116
9906.566
9120.45
9393.833
9183.517
9440.366
8854.85
8435.7
7798.983
7542.367
6745.917
5929.833
5321.65
4689.433
3933.117
3563.233
2873.85
3185.833
3090.117
2811.5
3029.65
3919.7
4110.983
4135.833
5107.85
5633.833
5939.117
6253.367
5618.05
6351.967
5962.717
5799.633
5452.65
5241.3
5313.783
5015.033
4765.383
5177.833
5241.117
5216.9
4996.383
5749.233
5515.117
5555.3
6157.383
6214.3
6464.117
6148.567
6648.917
6807.967
6796.917
6793.7
7072.25
7324.167
7361.183
6885.167
7155.85
7708.833
7689.383
7293.233
7802.517
8049.5
8181.85
8088.567
8099.45
8614.9
8559.117
7970.700000000001
8094.116
8774.7
8869.917
8689.634
8394.384
8930.566
8758.384
8556.233
8546.517
9036.434
8830.65
7961.1669999999995
8840.583
8963.833
9063.983
8723.033
8505.517
9032.566
8945.184
8753.033
8655.717
8795.1
8910.65
8511.833
8336.65
9259.634
8843.65
8647.833
8659.316
8986.833
8904.25
8758.967
8725.116
8931.1
8901.917
8716.233
8689.583
8988.434
8956.583
8819.5
8716.517
9027.033
8958.583
8399.167
8616.184
8927.434
8841.384
8486.233
8411.783
8801.233
8659.783
8735.434
8490.05
8756.566
8856.316
8576.7
8118.983
8900.9
8764.25
8763.9
8597.25
9076.3
8806.316
8626.634
8428.917
8905.9
8684.783
8261.366
8097.116
8736.3
8680.116
8678.833
8094.9169999999995
8763.967
8628.917
8513.233
8611.583
8763.1
8758.316
8545.5
8461.717
8997.1
8768.583
7965.299999999999
8299.583
8882.233
8653.45
8623.366
8486.316
8872.033
8751.783
8302.5
8124.183999999999
8672.767
8516.45
8499.033
8373.45
8690.033
8655.45
8547.7
8071.25
8754.366
8663.917
8303.967
8022.517
8610.1
8723.983
8413.233
8352.117
8686.5
8318.983
8255.967
8410.317
8402.7
8304.05
8191.833
8008.05
8595.5
8381.117
8043.167
7974.383
8431.1
8583.517
7873.433
7956.783
8411.832999999999
8356.65
8365.9
8143.117
8353.767
8268.183
8228.832999999999
7914.583
8523.9
8306.05
8040.367
7989.383
8372.767
8256.25
8083.767
7596.85
8244.3
8182.85
8049.033
7542.183
8336.567
8129.917
7622.567
8047.383
8125.633
8037.85
7632.033
7744.317
7922.833
8008.983
7774.233
7742.85
8023.167
7801.117
7784.3
7561.05
7862.033
7912.717
7429.367
7367.517
7875.833
7821.717
7564.7
7507.117
7559.767
7736.85
7258.167
7443.65
7503.567
7535.917
7365.833
7156.183
7718.367
7570.717
7194.7
6857.583
7426.433
7606.383
7406.7
7092.183
7458.367
7404.983
6699.233
7106.917
7550.767
7170.85
7035.033
7090.783
7338.233
7356.383
6967.567
6860.383
7251.633
7357.85
7168.967
7078.65
7384.367
7180.317
6910.633
6643.45
7240.9
7098.85
7304.3
6833.983
7305.967
7257.25
6721.767
6784.65
7257.567
7091.117
6901.7
6962.85
7263.633
7167.317
6756.9
6701.317
7317.9
7056.117
6914.3
6931.05
7177.367
7026.25
6599.833
6489.583
6858.233
6829.45
6328.1
6450.917
6914.7
6744.917
6923.3
6562.05
6936.433
6793.583
7005.233
6618.85
6841.1
6747.117
6411.633
6386.983
6851.767
6729.317
6263.033
5728.117
6700.7
6710.317
6248.367
6455.717
6701.367
6480.117
6326.367
6287.783
6678.833
6464.783
6280.7
5938.25
6511.167
6563.717
5830.7
6004.917
6569.967
6351.917
6088.367
5875.583
6477.567
6447.05
6370.233
5954.517
6523.833
6443.317
6379.367
6276.183
6455.3
6302.717
5103.367
5579.25
6372.1
6427.183
6044.567
5800.45
6311.367
6441.583
5767.833
5788.783
6211.633
6171.05
5718.3
5725.917
6238.967
6204.517
5554.1
5559.583
6095.967
6029.917
5782.3
5795.517
6030.233
5928.05
5516.167
5911.717
6008.833
6011.717
5520.167
5756.183
6105.7
5912.45
5428.1
5344.65
5932.3
5944.583
5794.767
5241.117
6017.9
5891.05
5199.767
5340.85
