268.767
68.95
-141.233
152.883
442.9
135.817
198.767
242.61700000000002
225.5
255.15
115.56700000000001
-174.583
210.9
203.95
14.167000000000002
-38.25
342.3
-0.5829999999999984
50.967
365.883
418.567
175.21699999999998
457.367
153.683
282.1
202.15
219.567
-121.05
194.5
187.417
305.9
15.016999999999996
275.367
196.55
230.233
21.016999999999996
555.367
471.55
80.1
-70.983
249.63299999999998
131.35
-21.033
177.817
200.567
231.083
137.567
223.35
217.833
242.21699999999998
-52.766999999999996
39.417
607.233
283.217
-20.566999999999993
-266.517
426.033
435.817
21.632999999999996
37.016999999999996
381.033
427.217
377.3
225.083
414.9
362.883
140.767
316.883
384.5
387.483
327.033
-143.983
434.967
278.483
33.3
75.817
377.767
186.683
133.433
62.882999999999996
288.633
487.483
189.167
55.150000000000006
236.1
348.08299999999997
18.967
0.6170000000000044
227.833
202.35
493.567
-5.716999999999999
181.5
217.083
339.433
-72.183
182.833
264.08299999999997
191.833
88.683
404.83299999999997
359.55
-231.9
29.016999999999996
395.567
297.95
210.5
204.21699999999998
463.967
286.017
-7.233000000000004
264.883
96.9
318.95
236.1
273.883
399.83299999999997
287.15
544.833
-234.983
320.433
365.283
101.033
354.017
380.233
451.217
243.7
101.75
337.9
245.017
-68.1
106.35
325.033
299.817
124.567
7.549999999999997
406.633
430.683
52.5
-245.11700000000002
347.83299999999997
317.95
81.767
139.55
266.767
416.95
322.967
33.81699999999999
288.5
330.283
-290.033
-133.25
305.567
201.017
161.03300000000002
0.75
326.7
262.15
50.099999999999994
207.35
401.83299999999997
291.35
245.63299999999998
-111.783
443.9
410.817
423.633
148.61700000000002
482.5
273.883
150.9
340.617
396.433
70.817
364.033
-168.45
139.9
224.28300000000002
1.2999999999999972
363.95
580.767
416.15
161.36700000000002
-83.783
485.633
150.55
448.233
18.882999999999996
383.3
353.41700000000003
310.7
382.817
515.167
343.75
410.16700000000003
306.283
325.567
229.35
380.83299999999997
-357.85
378.9
368.483
158.03300000000002
137.083
130.03300000000002
316.08299999999997
458.83299999999997
167.21699999999998
237.9
300.683
110.567
-200.05
277.767
381.55
459.1
185.15
383.1
296.35
41.43300000000001
-323.25
432.233
228.21699999999998
-73.633
12.683000000000007
252.03300000000002
191.817
-1006.233
-97.05
118.9
265.08299999999997
236.9
-78.05
552.5
397.883
258.83299999999997
73.75
262.033
228.683
-127.633
422.617
508.567
269.15
-192.167
30.816999999999993
305.7
314.95
-119.833
347.283
375.16700000000003
256.55
383.1
343.35
320.433
409.15
223.5
179.55
362.9
251.21699999999998
399.767
22.549999999999997
396.433
432.41700000000003
326.033
-83.717
213.567
309.95
73.433
-282.58299999999997
367.367
338.683
244.9
-128.25
334.9
337.55
208.96699999999998
75.083
357.5
350.217
-165.36700000000002
196.883
319.5
63.150000000000006
-152.9
145.883
250.3
210.28300000000002
310.5
159.683
257.1
514.35
81.833
157.15
369.5
525.083
380.83299999999997
157.15
215.9
274.08299999999997
83.167
486.617
335.7
202.483
-171.167
103.15
212.767
279.55
242.833
-18.516999999999996
520.567
549.95
11.966999999999999
281.15
363.5
340.08299999999997
220.9
100.217
327.633
376.283
75.033
116.217
281.433
306.95
160.433
286.617
454.433
423.617
382.767
96.083
540.367
159.017
362.83299999999997
-154.11700000000002
348.83299999999997
155.683
-104.833
259.883
311.3
179.28300000000002
510.633
366.283
347.83299999999997
237.15
599.3
48.083
344.967
261.08299999999997
-66.833
251.21699999999998
604.633
384.883
511.1
-68.517
412.1
324.817
348.633
152.483
301.033
483.08299999999997
-98.69999999999999
190.483
556.9
289.75
94.167
122.68299999999999
302.967
308.817
472.3
135.817
604.767
496.08299999999997
642.167
386.217
640.633
457.017
167.833
271.217
306.233
524.617
686.567
113.81700000000001
619.167
508.283
462.033
596.817
535.033
428.88300000000004
262.63300000000004
559.35
397.1
665.617
24.833
182.35
466.7
448.75
461.9
302.55
785.233
464.15
626.9
447.08299999999997
582.367
551.217
575.9
208.08300000000003
901.033
370.217
474.033
409.88300000000004
755.967
431.217
600.833
489.817
480.5
731.017
635.767
528.0830000000001
467.367
738.95
500.033
331.15
830.967
617.0830000000001
497.5
438.75
442.1
534.483
647.8330000000001
526.15
740.7
629.817
417.1
361.35
507.367
624.55
509.967
394.15
743.433
318.817
582.8330000000001
309.617
529.8330000000001
418.883
590.1
680.817
564.233
303.083
619.5
809.017
290.767
723.883
569.567
603.617
634.767
600.883
435.3
787.883
966.1
482.88300000000004
499.29999999999995
1084.15
715.3
921.883
292.76700000000005
483.35
938.567
759.417
891.9
952.15
482.033
448.48299999999995
562.567
536.083
1078.5
892.95
374.567
851.217
728.567
954.35
994.3
818.95
723.3
1068.35
354.16700000000003
628.15
748.767
909.15
1220.633
1157.55
1074.633
1021.55
808.5
919.283
930.9
846.95
478.5
702.55
1040.7
874.883
1137.767
698.417
1190.633
1096.55
1185.767
1012.283
1152.167
1083.817
677.233
1126.55
983.167
921.617
832.967
982.817
961.167
1088.35
975.633
760.417
1083.433
856.217
825.7
697.417
1164.767
1043.15
987.167
1061.017
1167.7
921.617
917.167
829.083
1096.967
1123.083
1018.633
777.817
1269.567
1003.283
1034.5
1019.083
1154.767
1041.417
534.7
969.283
1025.367
1094.283
1098.567
1282.483
1409.5
1218.75
1228.833
1207.883
1338.5
1402.883
1234.7
1311.817
1279.7
1282.283
1460.433
1297.35
1685.567
1180.217
766.233
1039.15
1245.367
1518.217
1234.767
1333.617
1689.9
1489.083
1398.567
1323.817
1547.367
1607.217
1613.1
1351.283
1701.433
1390.017
1294.567
1210.283
1277.9
1226.083
1548.7
899.683
1289.233
1376.617
1606.9
1226.483
1544.033
1415.15
1624.5
1448.217
1513.1
1585.017
1573.233
1480.75
1766.233
1339.55
1854.967
1605.883
1652.833
1583.083
1476.5
1691.55
1916.767
1291.15
1402.1
1687.283
1934.7
1660.883
1754.167
1505.283
1572.3
1461.483
1547.767
1661.217
1590.9
1892.75
2146.233
1426.417
2005.767
1959.683
1849.367
1764.55
1842.433
1707.217
1674.5
1980.083
1895.9
1707.083
1520.3
1650.95
1592.033
1557.283
1890.9
1748.417
1889.433
2088.683
1880.433
2021.617
2217.567
1938.883
2253.633
2098.95
2438.367
2195.217
2020.433
2255.817
2253.433
2187.083
1983.833
2137.95
1975.7
2053.817
1929.9
2129.95
2113.7
1923.017
1623.233
1897.817
1854.833
1855.15
1690.767
1619.55
1863.967
1649.683
1604.033
1332.417
1963.033
1531.083
1843.167
1816.95
1978.433
2417.883
2168.367
2411.55
2243.3
2412.817
2564.567
2178.283
2383.967
2360.95
2104.433
2025.417
2328.233
2168.15
2433.833
2006.083
2260.033
2299.817
2252.1
2403.217
2355.9
2368.483
2532.9
2472.817
2534.767
2547.75
2440.3
2160.883
2501.567
2545.417
2365.233
2606.55
2697.833
2564.55
2457.3
2178.95
2686.7
2555.017
2821.767
3077.95
3118.5
3446.817
3424.367
3288.883
3218.433
3135.95
3266.033
2858.95
3426.033
3127.75
3261.5
3193.55
3448.9
2947.083
3121.833
3269.95
3148.433
3188.883
2971.167
2663.417
3263.167
3345.083
3203.033
3344.95
3500.833
3480.55
3365.9
3124.683
3500.767
3452.017
2955.767
3184.883
3155.033
3365.617
3200.1
3408.817
3601.7
3366.217
3265.9
2757.35
3057.833
3165.217
3231.233
2911.883
3329.233
3026.55
3091.5
2915.217
2866.9
2821.217
2729.1
2807.883
2805.5
2929.083
2716.167
2872.817
2657.433
2801.083
2878.033
2961.617
3227.833
3379.35
3446.3
3612.417
3433.1
3531.083
3107.967
3617.683
3374.433
3374.883
3876.633
3529.483
4210.3
4196.75
4068.233
4277.75
4838.367
4327.083
4467.833
3960.2830000000004
4158.032999999999
4080.883
3769.967
3539.083
3599.167
3486.883
3276.433
3379.417
3869.167
3459.483
3722.567
3739.217
4191.433
4138.0830000000005
4305.367
4070.083
3940.3
3815.683
3508.967
3400.35
3541.7
3163.95
3036.1
2938.083
3023.5
2968.95
2400.167
2770.483
2751.967
2450.217
2104.5
2873.95
2862.567
2975.483
3226.833
2901.617
3699.5
3884.083
3947.367
3781.75
3885.9
3675.417
3338.433
3509.883
3426.367
3624.283
3589.167
3411.883
3949.7
3632.95
3772.233
3675.817
3851.7
3799.35
3723.367
3188.083
3771.1
3613.417
3799.033
3741.95
3624.7
3691.683
3680.3
3667.417
4312.8330000000005
4334.0830000000005
4301.1
4506.417
4649.7
4736.15
4732.9
4554.817
4892.9
4636.55
5001.633
4586.817
5031.1
5419.417
4736.7
4987.283
5124.1
4917.817
4902.5
4227.75
4205.1669999999995
3678.017
3508.433
2683.617
2617.3
2174.75
2037.3
2037.083
2539.767
2772.883
3058.633
3467.817
3766.9
3898.95
4162.567
4559.817
4820.7
5129.017
5033.433
5018.883
5195.967
4660.95
4597.033
4366.75
4042.767
3371.617
3155.033
2891.283
2890.367
3212.15
3315.5
3795.217
4531.833
4736.017
4894.033
5636.417
5869.233
5909.883
6277.3
5988.483
6668.1
6691.883
7086.7
6739.417
6727.233
7136.817
6885.033
6944.217
7081.9
6926.217
7156.767
6968.55
7577.7
7385.217
7505.9
7255.617
7757.033
7580.683
7418.567
7474.883
8000.167
7778.617
7738.9
7538.883
7704.433
7266.017
7329.767
7527.35
7603.767
7970.083
7783.567
7824.283
7875.433
7621.15
7327.5
7129.883
7354.433
7588.217
7792.633
7663.483
7632.5
7642.417
7599.167
7472.883
7472.5
7447.683
7267.167
7329.75
7801.833
7566.483
7726.233
7427.95
7573.3
7765.35
7579.033
7949.15
8046.833
8052.017
8099.767
8232.483
8293.767
8596.75
8802.9
8638.884
8586.833
8536.283
7954.233
7458.15
7639.167
7599.883
7576.033
7474.617
7714.633
7921.283
8031.367
8583.684
8533.167
9060.35
9008.033
9057.684
9024.833
9424.884
8786.767
8898.017
9344.833
8900.417
8958.1
9132.816
9101.767
8918.55
9490.3
8986.55
9301.5
9247.417
9156.767
8912.017
9188.967
9041.15
9085.833
8552.616
9135.833
9003.684
8917.434
8573.083
8998.167
9269.816
9467.233
9144.283
9392.233
9474.616
9309.7
9313.684
9243.967
8325.083
8787.566
8794.75
8904.833
8423.417
9008.1
8825.15
8937.634
8691.283
8631.767
8941.95
9090.5
9014.616
9082.3
8852.217
8665.3
8667.816
8103.433999999999
8342.95
9021.1
8730.75
8864.1
9165.083
9483.366
9559.616
9746.1
9391.283
9565.767
9655.217
9609.967
9218.816
9108.833
8602.684
8805.7
8072.616
8735.566
8932.283
8601.3
8566.483
9331.366
9286.017
8796.167
8871.95
9558.7
9741.483
9480.634
9312.616
9399.967
9486.55
9269.833
9217.017
9394.634
9266.15
9488.233
9769.083
9449.833
9697.684
9959.5
9109.417
9430.9
9279.816
8892.9
9195.884
8521.1
8781.083
8756.767
9637.483
9590.566
9432.616
9394.9
8996.15
9296.7
9233.35
9592.167
9262.283
9054.1
8548.35
8468.9
8196.75
7862.833
7753.483
7239.433
7147.617
7176.5
7150.283
7564.9
7910.083
8757.967
9276.017
10220.366
10339.75
11239.9
10516.55
10072.1
10461.15
10356.634
10205.017
10883.566
10975.684
11170.9
11036.884
10973.167
10386.35
9995.833
9685.616
9948.634
9818.55
11004.767
10457.283
11028.033
11050.684
11349.634
11372.217
11016.634
11720.55
11865.033
12417.35
12303.3
12434.55
12648.3
12957.283
12034.366
12238.283
11720.767
11954.017
11946.167
12341.217
11848.1
11687.884
11249.366
11087.283
11344.3
11079.283
10230.1
11050.15
10876.9
11608.083
11772.233
11813.017
12619.5
12269.55
11975.3
12247.75
12276.767
12088.816
12056.9
12169.95
12619.366
12996.884
13052.634
12713.217
12855.434
14306.083
13211.566
13241.816
13437.434
12935.417
13422.767
13398.55
13999.767
13495.217
12982.434
13269.75
13482.634
13379.417
12900.9
12792.884
13834.167
14224.35
13880.1
13328.083
13657.9
13450.55
13311.634
12521.55
13422.634
13324.217
12950.167
12327.283
12913.9
13161.884
13163.233
12747.017
13671.1
13724.55
13457.1
13845.75
13984.233
14632.35
14006.434
13814.816
14396.167
13955.15
14217.833
13455.417
13794.167
14446.483
13992.033
14174.083
14187.1
13823.55
14035.167
14412.616
15011.233
14724.816
14703.233
14863.417
14776.9
15073.283
15561.3
15112.684
15106.7
14736.15
14704.967
14266.083
14728.634
14337.55
14693.366
14071.616
13705.3
13931.283
13864.7
13538.75
14139.9
13653.417
13791.167
13869.15
13885.967
13934.95
13744.434
14312.417
14781.233
15094.816
14314.9
14359.017
14475.634
13919.017
14663.434
14311.15
14857.3
14888.083
15182.366
15183.283
15402.7
15561.283
15085.1
14607.816
16125.767
15613.75
15481.566
15698.95
15980.566
14890.616
15538.9
14812.75
15792.3
15508.684
14865.833
15355.083
15830.634
15527.616
15662.1
16493.617
15964.967
15466.083
15293.634
15085.55
14998.434
15499.15
16060.833
16041.017
16647.833
16754.617
17061.9
16665.217
16735.366
17096.15
16865.633
16781.551
16870.301
16948.217
17261.967
16949.551
17629.367
17405.35
17514.967
17910.217
17793.434
17796.617
17284.033
17425.217
17700.5
17356.15
17209.367
17043.949
17673.232
17395.35
18350.633
17611.75
17323.301
17757.816
17897.166
18549.15
18658.232
18684.15
18179.301
18412.883
17967.834
18105.35
17867.5
18190.217
18435.9
20087.816
18579.566
19403.551
19704.699
19827.949
19315.1
20571.35
20031.367
20372.35
21025.367
21667.617
20546.834
21098.15
20567.166
20840.217
22394.633
20973.283
21118.301
20328.217
20353.434
20437.816
21072.5
20948.084
21397.9
22105.75
21554.9
22303.35
22937.967
23523.084
23544.699
23699.217
24430.301
25142.816
24489.834
23230.617
24012.699
24151.416
23519.367
23980.018
24587.699
24591.018
24409.9
24879.084
25471.232
24774.551
26190.232
26804.35
26443.834
25898.15
26922.1
26795.217
26806.367
26552.75
26896.9
26996.816
26785.768
26896.617
26449.768
26773.217
27609.699
28304.217
28727.566
28969.35
30294.5
30517.75
29993.834
30687.617
30658.566
30420.617
30472.232
29559.018
30463.367
29724.617
29617.9
31206.15
31725.566
32040.15
32055.232
32244.684
32988.633
32120.75
32408.434
31888.75
32196.232
32430.75
31822.967
32593.551
33290.434
33641.352
33797.898
33954.949
34368.832
34309.883
33791.035
34110.75
33948.5
34095.484
33420.566
34049.418
34089.766
34290.617
34681.898
34190.551
34100.965
34330.484
34395.367
34414.418
34488.633
34845.484
34550.035
34783.148
35001.566
34747.016
33702.832
33203.285
31644.367
30333.35
29460.367
29109.949
29039.367
29495.084
29400.232
30719.684
32256.033
32767.551
33401.898
33471.949
33743.102
34624.551
35564.5
35166.617
35844.168
35877.684
35543.566
34749.285
34495.035
34770.75
35337.566
35597.352
36071.699
36674.617
37480.566
38037.816
38175.766
38234.148
37483.633
37386.418
36944.566
37219.617
37277.832
37253.215
37253.633
36622.75
36234.367
35982.883
35431.633
35566.883
35876.766
35628.082
37028.102
37250.684
37534.633
38146.215
38426.434
37565.215
37831.566
37374.617
37469.898
37763.285
38103.766
38576.75
39519.035
39400.484
39919.5
39488.082
39495.898
39052.551
38314.832
38569.215
38470.234
38626.617
38404.566
38687.949
39235.898
39510.75
39064.434
39197.684
40222.301
39675.949
40133.102
39347.551
40014.234
39451.148
38551.234
38054.016
37712.168
37632.551
37901.965
38211.816
38611.102
39722.484
39393.168
40274.883
39732.367
39805.883
39597.699
39080.352
38820.367
38385.684
37759.633
37922.75
37952.234
37680.352
37904.367
37871.016
37605.234
37685.75
37555.102
37686.215
38184.832
38642.016
38557.832
39023.082
39784.234
39975.75
39889.832
40230.617
39984.035
39925.684
39232.699
38722.215
38272.965
38578.016
38968.633
38721.484
39542.699
39863.684
40463.633
40757.883
40692.832
40691.082
41478.898
41763.082
42308.633
42415.215
42098.699
41937.551
41671.965
41699.816
40982.898
40762.082
40880.965
40953.016
40557.633
40531.883
39624.965
40212.418
39823.102
40253.016
40147.301
41030.352
41519.566
42150.285
42485.832
42837.484
41841.301
41953.352
41392.566
41488.949
41827.699
41481.684
41492.832
41126.617
41445.434
41852.551
41855.766
42101.016
42107.699
42625.75
43075.234
43884.684
43130.035
42975.949
42292.633
42301.418
41532.168
41545.551
41426.566
41182.148
41874.633
41981.082
40149.832
41349.883
41279.102
40888.215
41143.301
40879.352
40799.566
41008.617
41641.633
41938.215
41937.035
41875.148
42011.5
42696.617
42788.633
43108.352
42809.898
42302.418
40964.832
39410.285
38618.633
37130.016
35521.898
35016.883
35738.633
36724.148
39024.168
39674.949
39085.367
39152.082
39342.035
38799.082
39221.832
38657.418
38188.035
39101.285
40287.301
41234.617
41157.434
41619.883
41773.766
42255.484
43050.367
42572.082
42488.5
42510.883
41717.035
42197.285
42667.168
42740.949
42535.434
43395.285
43837.102
43799.352
43845.566
43211.617
43014.633
42706.215
42931.234
42705.215
41946.434
41718.883
41208.832
42228.684
43071.633
43747.352
43506.633
44165.148
45036.102
45325.352
44783.102
44382.484
44740.367
44098.148
43996.633
43366.418
44040.5
44622.418
44051.234
43731.949
43446.898
42366.684
41707.766
40128.816
39035.234
38581.418
38693.633
39089.352
39617.832
40828.016
41045.898
42369.883
42651.832
42681.484
43360.699
43595.148
44016.168
44206.551
44366.633
44858.352
45660.168
45033.883
44663.766
43828.551
43702.367
43584.684
43478.633
43492.082
43536.699
44181.883
45196.102
45289.285
45247.566
45252.352
45164.566
44879.352
44867.434
44912.082
43738.434
43183.148
42789.234
42157.418
41352.367
40868.285
41186.633
41502.484
41938.367
42402.883
43113.301
43157.352
42935.965
42797.418
42984.301
42705.215
42287.898
42422.816
42893.234
43409.352
43549.633
43592.617
44143.301
44684.285
44592.566
44730.285
44446.633
44270.285
43660.301
42880.082
42524.5
41692.148
40616.566
41916.684
41827.633
42131.418
42322.633
42968.082
43127.102
43454.215
42892.898
42969.082
43399.5
42829.75
42757.566
42559.285
42428.965
42124.484
41487.766
41018.551
41115.699
41230.75
40722.301
40061.816
40402.965
40196.551
39965.434
39975.016
40218.234
40494.418
40763.766
41238.617
41337.766
41813.816
41549.234
41391.684
41849.633
41775.352
40613.898
41348.883
40959.301
40966.684
41218.234
40598.816
40671.633
41514.082
41702.898
42091.016
41992.102
42101.883
42097.566
41748.016
42247.234
41707.418
41177.965
41129.949
41431.234
41850.352
42105.168
41314.285
41494.5
41406.684
40951.102
41275.285
41392.566
41266.484
41057.699
41243.016
41010.234
41216.949
40583.102
40370.617
40259.832
40198.418
40396.898
39940.148
40873.633
41091.484
41582.035
40964.484
41134.168
41215.016
41464.367
41333.551
41121.102
41273.082
41261.434
41007.883
41005.633
41077.285
40752.699
40293.418
40686.699
40827.75
40926.633
40892.816
41056.234
41099.816
40962.5
41332.215
41388.168
41621.484
40788.699
40357.418
40650.301
40087.684
40175.832
39939.949
40501.168
41032.617
40823.301
40668.684
41040.168
40963.551
41260.301
41107.148
41165.832
41458.684
41286.633
41238.285
41432.168
41503.684
41428.035
41290.285
40576.234
40826.285
39932.633
40239.949
40258.766
40218.285
39850.566
39985.082
39966.168
39860.016
39892.035
40312.285
39923.301
40491.551
40314.367
40230.883
39712.832
39363.883
38974.102
39151.418
38728.566
38763.215
38437.5
39041.418
39251.5
39286.617
39083.699
38754.215
39804.5
40062.551
40311.566
40433.75
41029.898
41155.883
40443.898
40292.551
40125.5
40085.551
39270.434
39450.551
39608.234
39615.949
39984.168
39933.352
40366.965
40295.285
40366.434
40166.484
40429.234
40133.684
39824.5
39319.082
39962.699
40008.75
39210.898
40062.215
39700.699
40073.016
40253.301
39755.883
40054.832
39639.418
38799.102
38386.082
38867.699
38656.352
38316.898
38788.684
38782.832
39850.148
39500.832
40151.215
40384.434
40063.75
39977.367
40357.816
40710.035
40173.148
39608.832
39432.016
39355.965
38868.285
38630.633
38641.352
39233.633
39278.883
39211.367
39154.418
39789.699
39855.215
39468.102
39213.484
39211.766
38810.883
38166.102
37723.148
37767.766
37759.285
37386.766
37731.75
38015.5
38611.484
38793.367
38953.082
39292.035
39471.148
39809.168
39768.75
39895.102
39725.082
39543.633
40022.617
39459.434
39897.215
39594.566
39195.418
39731.367
39615.285
39824.434
39417.418
39326.699
39217.684
39223.168
38622.148
38822.301
38519.082
38304.035
38645.75
38287.234
38118.883
38105.633
37965.883
38744.633
39025.949
38235.699
38362.418
38905.566
38796.215
38735.832
39210.082
38735.633
38466.016
38322.102
37573.816
38043.234
37230.285
37480.301
37325.285
37321.898
37855.684
37603.367
37907.75
37832.898
37754.215
38145.234
38059.148
38383.898
38345.617
37838.168
37945.617
38135.035
38275.816
37492.102
37831.148
37980.566
38015.816
37434.168
37891.016
38558.566
38173.684
37908.898
38695.949
38768.965
38627.949
38340.566
37946.484
38484.832
38048.883
38213.766
38160.082
37900.102
38103.75
37967.965
37799.285
38099.234
37821.418
37199.234
37359.418
37658.102
37428.617
36841.766
36861.352
36550.965
36460.551
36239.168
35850.016
36431.566
36468.352
36069.434
37024.082
36942.832
37153.75
37153.766
36798.75
37342.633
37088.75
36749.766
36256.215
36698.434
36841.016
36033.832
35297.684
34545.766
33817.215
33268.699
32654.15
32265.232
31704.684
31189.834
32274.75
32914.232
32997.418
33532.633
34255.949
35383.566
35130.617
35577.367
35392.285
35421.965
35569.352
35074.633
34889.484
35120.168
35050.949
34618.102
34745.684
34885.5
35085.816
34941.766
34631.418
35068.5
34844.352
34901.566
34761.215
35181.965
35046.352
34699.699
35262.816
35012.434
34808.816
34489.434
34108.617
34261.898
34151.75
34135.633
34354.551
34116.898
34503.551
34565.699
34395.418
34634.699
35119.883
34756.102
34524.285
34812.301
34936.949
34800.898
34899.949
34845.965
34400.551
34261.832
34203.484
34383.035
34288.484
33544.367
33937.418
33831.234
34081.617
33908.367
33810.949
33847.633
33976.418
34306.766
33846.484
34076.633
34339.75
33761.898
34047.883
34009.434
33962.418
33418.035
33530.484
33487.234
33549.148
33591.832
33442.883
33406.301
33422.418
32821.699
33146.352
32919.834
33237.084
32724.033
33050.883
33683.434
33325.418
33723.699
33740.418
33626.699
34011.484
33782.234
33829.148
33877.965
33753.551
34005.5
33785.883
33959.5
33742.082
33898.035
33680.949
34140.965
33498.148
33600.168
33330.617
33599.965
33747.016
33278.633
33130.75
33226.234
33216.285
33265.832
33295.484
33373.301
33499.484
33436.234
33398.883
33302.434
32951.215
32552.232
32460.15
32605.434
32152.15
31856.699
31983.217
32409.232
32375.416
31908.166
31962.75
32324.633
32095.949
31789.5
31492.217
31800.834
31646.482
31221.768
30830.482
31147.768
31230.482
31151.301
31469.551
31325.566
31396.084
30774.9
30991.816
30634.699
30537.617
29772.9
29699.018
29713.5
29275.018
29251.566
28597.75
28986.232
28623.75
28052.834
27336.018
27220.232
27310.949
27128.834
26576.482
26821.166
26738.018
27013.967
27107.217
27716.5
28112.883
28862.768
29606.217
29749.633
29880.551
29879.5
30144.084
29990.232
29625.35
29673.367
29457.018
29724.033
29487.617
29766.033
29866.35
30234.301
30085.75
30376.301
30195.949
30689.699
30555.482
30272.834
30606.018
30876.967
30651.949
30365.633
30147.75
30466.9
30391.15
30113.768
30091.551
30120.166
30221.217
30574.434
29811.551
30361.301
30299.75
30372.566
30214.084
30437.367
30211.617
29887.768
29878.75
29977.9
30177.684
29462.166
29342.35
29633.699
29273.35
29258.5
29417.283
29561.1
29237.816
29138.367
28898.617
28879.232
28888.15
29011.367
28944.551
28922.5
28832.084
28876.166
28774.217
28657.434
28641.084
28452.367
27882.018
28272.633
27852.084
27984.166
27951.084
28079.699
27880.75
27991.768
27987.551
28003.5
28327.283
28102.768
28418.617
28247.1
28504.084
28260.5
27718.617
27872.768
27669.684
27491.699
27697.617
27544.633
27533.75
27594.699
27489.15
27935.434
28426.816
27961.033
28506.283
28631.768
28339.883
28536.301
28199.684
28420.768
28581.35
28714.566
28908.816
28983.768
29399.949
29276.1
29606.816
29968.768
30304.217
29773.633
29638.883
29945.699
30456.084
30300.566
30785.35
30962.967
31323.617
31122.1
31270.949
31142.566
30910.15
30202.633
29125.15
28623.566
28335.551
28004.768
27756.283
27510.5
27537.416
27391.367
27307.75
27566.9
27444.617
27496.434
27465.75
27790.9
27578.15
27411.699
27099.15
27033.9
27288.949
26805.699
27126.75
27036.9
27241.617
27272.566
27362.15
27467.434
27646.551
27266.5
27431.75
27801.633
27580.75
27006.033
27353.416
27660.5
27488.551
27112.1
27435.816
27694.9
27077.883
27558.367
26788.084
27210.834
26871.084
26668.301
26762.75
26621.232
26732.416
26461.232
25980.217
26663.301
26744.949
26415.5
26414.551
26576.1
26393.084
26717.232
26152.084
26362.566
26464.883
26530.033
26544.15
26707.768
26447.084
26547.166
26698.883
26923.166
26470.482
26099.834
26134.883
26370.434
26495.217
26194.566
26368.15
26228.166
26421.15
26150.633
26172.416
26269.9
26168.217
25762.367
25510.35
26144.5
25903.084
25437.301
25351.35
25782.434
25419.084
25415.699
25502.018
25776.367
25438.883
24410.768
25194.217
25591.434
25210.883
25130.768
24718.084
24998.566
25067.883
25383.5
25327.15
25214.301
24949.883
25008.1
24996.084
24443.9
24287.482
23715.566
24022.217
23575.1
24009.15
23551.166
23694.283
24975.9
24799.949
24737.166
25371.551
25158.967
25231.217
24721.434
24529.084
24332.033
24310.883
24057.166
24140.416
24201.033
24262.018
23883.301
24187.35
24816.434
24346.283
23845.5
24214.084
24475.434
24542.75
24206.834
24347.018
24467.768
24099.949
23781.301
23415.15
23861.566
23407.416
23305.566
22915.617
22908.9
22971.018
22307.301
21883.416
21791.566
20392.018
19672.1
18842.551
19021.367
19023.551
19098.768
19310.217
20096.033
20960.949
21440.9
21497.551
21733.699
22360.15
22834.834
22719.949
22385.566
22911.883
22766.232
22853.217
22863.434
22495.617
22141.5
22051.35
22521.367
22370.883
21944.967
22635.283
22504.633
22781.684
22874.967
22710.416
22833.166
22801.283
22574.834
22665.75
22771.166
22961.617
22484.9
22528.018
22921.967
23023.15
22898.367
22993.551
23121.5
23069.217
22955.699
22467.75
22929.834
22864.949
22524.699
22342.617
22593.166
22731.482
22507.301
22116.35
22349.967
22657.482
22041.9
22712.283
22859.699
22805.35
23235.566
22940.018
23034.434
23030.217
22812.367
22958.283
22866.768
22827.816
22446.699
22552.283
22553.967
22608.084
22524.768
22614.018
22819.232
22843.15
22559.434
22335.35
22642.1
22502.949
22664.5
22276.883
22765.699
22597.949
22785.232
22777.084
22916.434
22828.551
22317.967
22040.217
22632.301
22501.084
22624.5
22250.018
22174.5
22277.084
22129.5
22506.35
22259.434
22238.617
21670.1
21734.018
21816.633
22112.084
21219.1
21493.018
21736.434
21707.551
21484.5
21343.883
21764.699
21698.283
21443.166
21625.949
21687.633
21902.217
21173.699
21360.283
21868.9
21894.75
21558.834
21474.684
21554.5
21747.816
21346.166
21318.816
21513.768
21427.416
20858.301
21151.816
21157.9
20969.949
20945.834
21107.084
20769.9
21543.617
20866.367
20797.883
20909.166
20958.551
20797.633
20261.75
20781.301
20827.15
20497.768
20241.75
20702.9
20585.15
20475.699
19965.949
20524.434
20497.684
20417.699
20465.35
20091.768
20365.617
20217.967
19802.084
20065.967
19891.018
19898.699
19420.883
19828.633
19754.883
19139.5
18798.35
19520.9
19342.482
19149.768
19055.283
19316.033
19159.816
18844.633
18760.684
19405.834
19104.883
18940.166
18782.949
19281.166
18846.883
18683.434
18575.883
19166.1
18948.15
18717.434
18698.283
18840.768
18523.283
18129.633
17857.15
18325.5
18409.617
18326.166
18594.416
18754.367
18634.283
18067.033
18675.816
18488.699
18333.15
18321.166
18237.15
18151.166
18329.551
17805.699
17732.816
17057.633
16241.017
15454.167
14697.884
14216.366
14028.483
13989.5
13975.884
14925.967
15513.15
15700.1
16214.884
16543.634
16592.35
16697.434
16647.883
16727.5
16201.684
16204.233
15471.75
16500.967
16428.684
16219.566
16160.150000000001
16551.033
16796.75
16950.834
16671.35
17117.699
17333.283
16982.768
17062.416
17462.633
17426.217
17446.5
17560.35
17682.033
17678.551
17422.9
17054.283
17945.232
17695.283
17628.166
17235.949
17884.9
18034.416
17759.633
17963.617
17944.9
17494.949
17658.434
17301.018
17876.367
17785.15
17671.033
17594.551
17609.5
17907.949
17474.434
18003.684
17978.768
18051.482
18005.033
17602.816
18325.768
18253.283
17875.367
18090.15
18775.967
18535.482
18317.232
18827.084
19031.166
18710.35
18470.434
18566.482
18201.566
18397.75
17850.699
18027.35
18303.033
18174.949
18129.9
18593.482
18199.1
18357.35
17723.967
17569.75
18490.834
18267.482
18141.9
18290.416
18159.699
18223.018
18316.5
18020.684
18080.232
18016.15
17974.232
17949.816
18126.367
17763.283
17884.301
17736.217
18112.232
17862.15
17997.768
17911.617
18331.768
17904.684
17941.834
17895.684
18168.9
18434.684
18451.166
18343.018
18267.232
18126.949
18022.434
18269.883
18392.9
18515.15
18516.301
18158.816
18810.5
18604.551
18547.166
18054.416
18593.566
18507.482
18264.301
18156.949
18315.5
18416.15
18560.367
18446.816
18546.633
18270.482
18363.566
18571.75
18308.1
18448.35
18265.566
18136.416
18195.9
18362.084
18109.834
18054.883
18167.699
18465.816
17498.5
18244.883
18256.166
18229.883
17503.301
17917.684
18184.301
18301.949
18155.1
18161.018
18119.5
18296.35
17985.699
17891.684
18283.166
18018.883
18096.232
17799.416
18009.367
18034.684
17746.699
17633.018
17972.967
17570.75
17598.232
17395.816
17749.967
17630.018
17293.5
17619.283
17591.5
17322.35
17470.633
17618.084
17422.699
17370.416
17165.1
17156.75
17505.1
17173.018
17302.033
16959.482
16995.367
17065.283
16909.699
16994.617
16850.566
16741.883
16680.434
16636.816
16909.566
16884.75
16778.967
15846.417
16068.833
15970.684
15768.167
15103.55
15012.9
15018.083
14594.5
13944.217
14464.9
14326.15
13511.5
13917.816
13830.233
13469.15
13626.566
13124.283
13287.5
13098.217
12787.634
12877.483
13135.7
13030.15
13185.434
11942.083
12679.233
12783.616
12319.033
12653.55
12911.767
13027.884
12763.566
13234.083
13493.3
13575.35
13791.167
14249.616
14224.233
14059.483
14153.566
13959.15
13932.7
14142.684
14103.634
13560.217
13961.7
13780.55
13428.767
12819.35
13119.233
12896.884
12569.833
12490.417
12304.366
12406.083
12251.233
12125.217
12522.5
12503.017
12371.366
12378.083
12484.7
12315.816
12212.1
12124.417
12574.9
12397.417
12046.434
12519.55
12871.3
12648.816
12377.9
12525.75
12502.967
12586.217
12522.566
12382.483
12434.167
12170.75
11591.634
12144.083
12020.566
12204.95
12316.967
11901.616
12419.9
12298.483
11555.033
11839.884
12029.7
11889.217
11927.967
12197.417
12288.634
12285.483
12444.967
12406.55
12542.366
12387.217
12319.434
12023.15
12251.1
12356.55
12071.566
12084.083
12324.3
12299.483
12041.9
12539.884
12609.434
12757.283
12309.634
12563.55
12727.434
12749.483
12931.1
12212.684
12718.7
12590.417
12794.1
12430.35
13095.9
12851.083
12975.366
12633.35
13140.566
13067.083
12745.967
12536.017
12748.967
12565.884
12444.033
12682.35
12612.566
12485.483
12131.1
12087.083
12368.366
12528.616
12374.167
12540.417
12488.1
12370.75
12141.634
12358.816
12464.967
12359.816
12623.634
12027.884
12319.434
12613.15
12568.7
12281.616
12326.5
11875.75
11619.033
12033.483
11967.167
12010.684
11227.5
11728.75
12062.033
11928.55
11645.3
11982.15
12223.767
11816.35
11952.5
11823.35
12050.3
11700.217
11429.3
11418.017
11773.767
11694.75
11265.9
11544.55
11531.434
11704.75
11506.5
11549.417
11628.9
11498.816
11291.3
11541.483
11681.5
11603.55
11445.967
11812.616
11534.634
11607.483
11536.9
11384.816
11528.7
11490.616
11309.9
11180.15
11271.366
11345.684
11039.634
10953.75
11404.7
11456.95
11144.967
11196.15
11386.3
11422.417
10982.566
11067.55
11284.967
11087.417
10826.9
11238.217
11213.366
10988.217
11221.1
11026.95
11068.767
11012.816
10735.7
10372.483
11061.7
10706.083
10947.7
10770.884
10854.9
10674.95
10642.9
10483.083
10823.1
10674.417
10571.3
10309.483
10587.033
10614.15
10421.833
10417.483
10687.233
10657.75
10112.033
10328.15
10592.566
10571.017
9853.5
10048.15
10464.566
10450.684
10320.366
10005.884
10543.9
10406.684
10341.767
10085.083
10249.033
10086.217
9919.5
10113.35
10258.033
10076.483
9874.366
9938.55
10395.233
10370.483
10141.833
9896.684
9971.634
10124.95
9969.833
9763.483
10073.3
10015.816
9999.566
9655.616
9835.167
9926.616
9896.167
9726.017
9906.3
9714.35
10137.3
9412.417
9886.767
9798.95
9585.5
9165.483
9875.366
9809.083
9841.1
9523.217
9597.1
9471.283
9582.767
9700.616
9977.033
9209.417
9478.967
9278.15
9506.566
8936.616
8439.767
7780.817
7499.1
6631.017
5747.1
5125.35
4433.567
3656.217
3238.5
2550.083
2852.167
2752.283
2474.767
2686.75
3593.033
3811.483
3830.1670000000004
4869.883
5419.633
5727.683
6058.7
5418.15
6165.033
5772.15
5581.167
5212.817
4981.167
5044.017
4741.567
4507.35
4902.633
4996.083
4957.367
4759.083
5489.567
5282.683
5351.5
5957.017
6024.967
6267.417
5971.567
6487.55
6662.767
6656.217
6685.567
6946.75
7232.1
7300.817
6824.967
7102.683
7650.7
7685.75
7260.7
7766.083
8064.767
8198.817
8104.633
8151.15
8602.967
8608.616
7992.433999999999
8140.549999999999
8828.566
8914.35
8724.366
8475.017
8992.434
8840.816
8640.7
8638.283
9134.233
8900.483
8042.700000000001
8930.684
9058.366
9156.95
8851.566
8628.417
9106.434
9041.483
8853.767
8771.017
8938.366
9036.884
8614.833
8433.217
9376.967
8933.417
8742.033
8744.95
9109.167
9010.95
8854.566
8853.684
9056.9
9009.35
8815.3
8796.35
9095.3
9090.816
8933.366
8841.55
9138.833
9086.816
8525.967
8730.816
9037.566
8960.816
8599.366
8525.884
8911.5
8785.417
8857.5
8596.684
8876.833
9000.15
8689.833
8231.35
9030.767
8911.483
8886.033
8716.483
9181.767
8939.283
8753.767
8544.083
9014.1
8809.684
8393.1
8235.017
8881.5
8802.816
8812.366
8214.816
8902.9
8753.816
8617.033
8714.083
8892.3
8839.483
8663.434
8593.083
9113.9
8921.684
8060.967000000001
8426.417
9009.1
8768.684
8741.634
8611.15
8974.967
8894.55
8427.566
8243.283
8789.3
8651.217
8615.233
8512.95
8831.967
8781.15
8638.634
8173.017
8857.167
8794.017
8454.967
8145.0830000000005
8701.634
8847.55
8559.967
8473.884
8814.3
8442.55
8392.833
8513.083
8521.9
8456.617
8311.967
8118.483
8686.033
8517.95
8144.1669999999995
8092.4169999999995
8540.167
8709.283
8002.7
8071.083
8548.967
8467.483
8506.1
8253.683
8471.433
8375.15
8319.433
8016.35
8660.7
8406.15
8111.433
8078.883
8456.567
8402.55
8210.967
7716.683
8341.233
8265.35
8150.5
7658.483
8407.167000000001
8230.75
7736.567
8145.617
8204.967
8136.417
7703.3
7815.017
7963.633
8086.35
7832.433
7815.75
8089.3
7856.483
7863.1
7658.083
7934.7
7975.083
7501.9
7456.15
7944.633
7905.95
7607.367
7579.817
7637.167
7845.15
7363.767
7501.75
7584.167
7625.283
7425.233
7227.817
7776.1
7660.683
7268.767
6936.617
7510.367
7692.15
7491.367
7194.55
7546.3
7524.883
6820.7
7231.083
7665.233
7296.817
7131.033
7192.75
7437.233
7462.217
7089.767
6934.217
7352.367
7441.817
7240.767
7151.417
7451.9
7231.683
6965.833
6707.483
7316.5
7127.817
7355.9
6906.283
7373.767
7334.75
6828.433
6880.55
7349.833
7203.283
6990.167
7085.683
7338.033
7254.95
6867.367
6799.083
7392.233
7129.55
6988.5
7038.883
7266.233
7134.617
6673.433
6568.617
6944.967
6896.283
6369.9
6512.55
7001.7
6831.817
6999.433
6665.417
7012.767
6861.417
7067.233
6700.083
6914.567
6863.35
6482.767
6473.15
6908.5
6788.55
6309.567
5803.95
6735.567
6804.15
6339.033
6520.35
6776.433
6575.883
6404.5
6369.217
6731.167
6541.483
6336.9
6025.55
6593.433
6645.283
5925.167
6102.883
6637.833
6443.15
6180.433
5975.017
6564.033
6537.417
6454.167
6042.483
6622.033
6545.483
6468.033
6355.883
6575.5
6432.75
5193.367
5685.617
6439.367
6522.083
6137.833
5896.017
6404.767
6530.617
5869.9
5868.15
6291.167
6267.15
5800.767
5836.083
6312.967
6292.217
5632.1
5629.417
6190.767
6108.083
5854.167
5857.817
6079.167
5995.15
5584.7
6005.683
6078.5
6090.417
5575.7
5807.35
6173.633
5959.017
5486.567
5401.617
5971.3
5988.083
5815.833
5269.083
6055.767
5919.217
5252.167
5367.283
