259.58299999999997
71.75
-139.083
152.083
442.05
137.88299999999998
196.85
240.55
229.45
257.617
126.383
-163.517
207.65
202.083
25.650000000000006
-46.45
345.25
-4.983000000000004
59.583
362.817
419.65
174.683
459.517
153.75
283.85
194.75
225.517
-132.71699999999998
190.983
205.75
325.717
16.349999999999994
275.25
188.61700000000002
229.983
29.283
558.45
475.75
84.25
-57.650000000000006
246.05
125.283
-9.082999999999998
188.817
195.38299999999998
239.017
137.11700000000002
235.61700000000002
217.517
243.017
-42.083
39.617000000000004
597.983
281.817
-17.483000000000004
-263.85
429.117
445.15
20.183000000000007
36.95
379.383
438.35
377.45
231.61700000000002
407.517
369.017
136.983
323.683
393.117
398.017
324.58299999999997
-137.917
432.383
286.617
36.18300000000001
79.35
376.783
182.417
132.78300000000002
66.883
288.45
491.35
202.71699999999998
56.95
233.38299999999998
350.617
23.783
9.216999999999999
237.917
193.483
499.65
1.75
176.78300000000002
203.55
343.383
-67.25
197.65
256.55
189.71699999999998
89.35
404.58299999999997
360.217
-233.017
33.95
401.65
306.817
214.983
202.417
463.45
290.817
1.7830000000000013
276.95
100.383
326.017
246.65
282.017
405.383
278.35
543.317
-229.65
311.183
358.283
94.05
361.15
381.85
456.017
248.45
95.617
333.117
238.88299999999998
-70.017
114.55
335.517
310.017
122.183
3.549999999999997
413.717
438.817
44.382999999999996
-251.11700000000002
353.717
321.35
75.25
142.817
259.517
414.15
336.717
45.016999999999996
288.25
331.617
-284.283
-140.85
299.183
197.28300000000002
158.71699999999998
-9.783000000000001
333.85
262.483
48.983000000000004
215.61700000000002
400.65
293.35
243.517
-109.983
450.91700000000003
408.283
430.25
149.35
487.45
276.55
150.917
337.283
405.383
76.75
361.317
-163.517
136.11700000000002
226.817
2.3829999999999956
362.55
579.117
425.683
158.38299999999998
-85.25
494.383
157.88299999999998
448.717
17.016999999999996
384.65
359.017
312.783
380.483
517.517
351.35
415.25
305.95
328.383
225.21699999999998
386.58299999999997
-359.517
384.117
356.283
166.25
140.28300000000002
134.78300000000002
320.75
467.383
173.683
234.983
299.683
118.983
-201.917
275.517
387.35
458.183
181.417
384.517
311.75
41.917
-316.85
436.65
242.15
-71.617
15.082999999999998
252.583
186.817
-1001.883
-98.517
117.717
262.55
236.183
-70.85
557.183
406.817
251.183
67.083
252.25
226.28300000000002
-122.35
432.883
513.117
276.883
-201.817
32.083
302.717
318.75
-119.883
353.483
379.85
263.683
388.383
342.483
329.717
405.617
244.78300000000002
180.88299999999998
372.58299999999997
247.21699999999998
403.517
27.882999999999996
394.91700000000003
439.35
328.45
-77.65
224.05
311.483
68.25
-284.05
368.517
338.41700000000003
254.65
-121.917
341.25
332.617
214.85
83.483
364.05
343.617
-162.483
202.55
331.783
61.217
-146.083
160.083
255.65
215.88299999999998
308.45
164.88299999999998
261.45
519.017
96.517
169.28300000000002
376.45
529.75
382.317
164.75
224.78300000000002
281.08299999999997
91.05
497.283
348.85
209.61700000000002
-151.683
106.75
218.45
288.883
268.05
-4.382999999999996
540.917
555.55
26.25
292.95
373.517
349.75
228.317
115.017
334.983
389.483
83.65
142.55
294.783
335.35
174.71699999999998
304.35
477.983
445.883
408.25
114.15
563.65
189.417
398.45
-127.38300000000001
378.517
183.683
-76.88300000000001
299.75
358.38300000000004
218.483
555.917
409.283
402.317
280.683
654.583
106.483
393.517
314.15
-12.217000000000013
300.55
646.45
431.35
556.717
-18.05000000000001
469.11699999999996
394.08299999999997
418.91700000000003
222.683
366.517
552.15
-26.150000000000006
257.483
635.85
356.75
159.717
207.95
370.183
385.15
533.25
202.95
667.25
563.283
712.65
468.817
724.45
533.95
244.783
370.883
417.65
641.95
802.517
237.75
734.983
614.55
562.5830000000001
708.75
632.65
525.35
365.65
676.617
521.05
790.683
139.64999999999998
322.083
599.65
579.817
588.25
439.617
910.85
586.017
736.65
576.15
716.317
676.75
708.717
346.617
1047.983
506.55
597.05
531.75
876.45
556.217
731.5830000000001
629.017
631.183
906.15
814.383
711.35
658.317
910.0830000000001
670.45
482.683
974.183
774.95
658.183
602.283
599.183
696.75
821.9169999999999
689.283
907.05
807.683
597.983
556.95
713.917
813.017
711.117
596.883
947.05
507.61699999999996
777.05
502.01700000000005
718.783
609.75
775.85
874.55
756.517
506.95000000000005
806.983
991.483
479.45000000000005
918.55
749.45
782.483
808.983
796.417
642.85
1005.35
1181.583
704.35
720.717
1311.083
940.05
1159.617
535.717
727.017
1198.583
1027.017
1175.117
1249.35
782.717
744.017
866.983
839.95
1387.517
1210.417
666.583
1148.617
1048.85
1275.883
1294.05
1127.483
1036.317
1383.417
650.25
943.55
1063.65
1232.283
1554.183
1501.283
1433.517
1387.95
1178.85
1296.35
1306.65
1206.95
842.317
1058.883
1391.85
1227.817
1469.383
1043.35
1531.317
1444.817
1541.05
1348.283
1501.85
1427.95
1017.517
1485.55
1356.85
1252.483
1194.25
1336.817
1303.183
1429.617
1331.917
1101.817
1438.85
1223.083
1187.25
1078.883
1534.85
1448.35
1368.783
1464.883
1569.783
1305.75
1280.25
1184.817
1439.783
1477.75
1347.183
1103.55
1602.117
1329.75
1377.05
1363.35
1511.183
1400.483
890.183
1337.95
1419.517
1502.75
1503.517
1687.417
1805.183
1625.283
1650.183
1620.883
1750.717
1817.417
1669.45
1750.417
1746.517
1763.75
1933.583
1767.217
2149.983
1634.083
1203.85
1454.95
1668.65
1947.283
1674.517
1774.35
2130.517
1936.617
1838.783
1797.55
2014.317
2073.617
2100.25
1808.483
2185.85
1864.417
1752.717
1657.083
1691.25
1613.75
1911.983
1277.95
1662.05
1784.017
2038.383
1688.083
2011.383
1919.417
2086.783
1903.283
1982.117
2056.883
2034.183
1932.95
2249.117
1816.95
2355.183
2090.55
2119.717
2033.15
1944.183
2129.083
2375.45
1751.283
1849.25
2179.417
2421.317
2138.683
2213.983
1955.55
2039.25
1922.55
2004.383
2143.017
2104.25
2423.683
2681.317
1984.817
2561.383
2528.817
2411.983
2319.817
2372.183
2251.083
2206.117
2510.617
2430.117
2223.95
2017.4499999999998
2156.417
2070.65
2045.35
2370.85
2267.417
2423.183
2628.417
2459.317
2593.083
2810.783
2555.683
2876.583
2721.15
3044.783
2810.75
2644.183
2876.55
2881.917
2794.483
2581.917
2747.417
2557.983
2623.75
2507.517
2684.217
2665.583
2446.817
2111.583
2381.75
2313.583
2343.15
2162.383
2100.883
2363.183
2116.75
2044.05
1739.017
2367.517
1931.283
2273.583
2281.883
2471.717
2965.617
2758.05
3054.283
2901.45
3079.083
3222.717
2829.55
3018.917
2957.417
2666.783
2580.683
2878.45
2713.617
2979.583
2568.55
2805.25
2876.883
2840.45
3006.017
2968.05
3015.217
3165.783
3109.883
3178.45
3162.15
3082.717
2806.75
3127.25
3172.75
3033.517
3286.217
3380.517
3229.95
3104.717
2793.283
3334.85
3205.55
3523.85
3809.883
3891.85
4252.483
4238.717000000001
4081.017
4053.117
3966.683
4058.117
3661.683
4226.183
3919.683
4058.517
3970.017
4219.183
3718.017
3890.783
4011.283
3871.25
3912.417
3686.05
3408.617
3997.05
4109.617
3974.25
4169.95
4338.317
4330.217
4205.45
3958.75
4299.383
4253.483
3715.783
3949.883
3912.85
4130.282999999999
4002.983
4252.75
4425.517
4159.817
4044.717
3515.017
3768.983
3883.75
3929.917
3649.617
4068.05
3741.55
3777.917
3552.483
3481.85
3447.017
3338.383
3422.683
3457.717
3567.683
3342.783
3492.617
3242.05
3416.017
3558.717
3646.95
3948.317
4114.683
4229.9169999999995
4393.683
4176.85
4266.017
3822.183
4372.4169999999995
4146.85
4150.083
4695.917
4374.283
5069.65
5091.417
5006.717
5247.017
5793.85
5323.283
5444.717
4904.617
5067.45
4968.283
4577.25
4331.15
4371.65
4222.483
4016.25
4158.217
4618.917
4260.017
4534.517
4599.017
5080.45
5055.55
5185.183
4912.417
4760.117
4645.483
4272.117
4135.15
4194.25
3779.75
3659.45
3504.817
3571.783
3493.017
2914.583
3267.417
3273.983
2930.817
2613.917
3371.95
3413.45
3544.083
3845.783
3572.283
4399.117
4619.483
4710.517
4564.883
4630.983
4412.483
4045.65
4199.883
4123.517
4299.15
4279.05
4104.217
4669.65
4349.217
4523.117
4416.017
4579.117
4533.817
4447.583
3896.75
4500.383
4354.083
4504.05
4460.417
4338.583
4378.75
4432.85
4434.417
5103.717
5148.55
5146.25
5393.483
5571.183
5625.283
5609.717
5442.35
5773.583
5515.95
5925.45
5538.617
5977.583
6408.15
5709.05
5961.283
6036.85
5825.883
5809.117
5077.083
4973.783
4418.95
4164.517
3258.617
3099.25
2598.283
2404.783
2427.883
2972.583
3244.283
3568.85
4081.083
4443.983
4668.35
4943.583
5372.35
5672.983
6078.75
5961.917
5951.283
6086.117
5548.15
5422.917
5131.617
4756.85
3985.017
3694.717
3391.95
3363.25
3708.883
3878.117
4426.217
5285.117
5571.817
5767.717
6649.017
6906.583
6997.35
7384.05
7094.35
7819.117
7849.017
8273.582999999999
7982.15
7900.383
8363.75
8111.65
8147.417
8301.25
8126.883
8397.983
8193.95
8817.25
8654.35
8743.65
8553.816
9034.184
8874.15
8713.05
8793.35
9343.384
9112.217
9049.783
8820.083
8989.583
8520.616
8587.25
8750.483
8847.65
9289.283
9014.05
9128.417
9188.85
8865.884
8601.65
8365.217
8590.45
8864.483
9032.983
8941.283
8909.85
8926.083
8864.517
8718.417
8626.517
8625.616
8452.517
8544.083
9019.65
8759.017
8977.25
8625.15
8775.05
8990.684
8768.85
9161.15
9310.717
9309.75
9425.25
9525.283
9601.316
9950.816
10179.184
9987.55
9918.384
9869.217
9206.517
8669.55
8812.783
8752.816
8678.983
8598.083
8896.384
9117.417
9277.983
9922.55
9825.45
10437.017
10357.316
10410.55
10359.517
10789.15
10133.983
10302.217
10729.184
10264.616
10334.983
10498.75
10439.85
10268.75
10846.316
10353.083
10704.25
10627.884
10509.583
10261.35
10515.517
10371.283
10404.517
9802.35
10476.583
10303.217
10283.85
9862.417
10292.983
10649.884
10808.25
10474.95
10721.116
10830.217
10624.783
10627.95
10553.717
9566.816
9990.25
10044.684
10140.583
9649.684
10263.783
10072.217
10151.65
9857.417
9837.583
10202.35
10343.917
10256.884
10341.25
10084.95
9860.316
9824.417
9232.783
9500.616
10199.316
9975.95
10093.05
10463.217
10804.384
10844.684
11037.184
10706.283
10807.184
10930.55
10863.65
10450.283
10264.45
9749.55
9959.384
9200.816
9873.917
10089.55
9747.25
9740.616
10541.184
10513.417
9957.116
10017.083
10826.983
10990.083
10709.45
10516.95
10631.25
10709.417
10438.316
10367.15
10596.983
10422.616
10672.116
10982.816
10660.85
10893.217
11178.05
10319.35
10575.45
10451.15
10048.85
10343.017
9605.983
9874.083
9919.85
10860.217
10766.917
10579.417
10592.917
10134.15
10402.917
10375.217
10712.05
10384.283
10155.917
9627.217
9458.517
9152.884
8782.116
8707.283
8099.117
7983.883
8010.183
7966.083
8462.983
8880.55
9770.05
10383.884
11474.583
11604.55
12582.517
11804.483
11282.65
11680.083
11602.583
11429.816
12155.05
12240.283
12496.983
12332.616
12222.65
11573.417
11138.717
10811.816
11038.517
10970.35
12180.116
11666.283
12263.583
12333.217
12647.85
12661.017
12304.384
13028.35
13241.583
13788.15
13682.85
13826.684
14061.316
14413.283
13378.583
13617.75
12978.85
13329.15
13294.45
13702.55
13161.517
12926.75
12503.517
12320.217
12520.65
12264.35
11386.65
12264.55
12098.316
12890.083
13044.65
13110.083
13976.583
13601.017
13256.45
13560.816
13577.184
13361.483
13316.517
13517.684
13941.517
14399.684
14421.917
14073.017
14212.917
15801.217
14583.85
14637.283
14884.05
14299.95
14876.384
14807.816
15439.517
14851.017
14311.116
14631.417
14871.384
14754.684
14241.25
14155.684
15267.25
15691.75
15316.583
14677.15
15030.25
14811.017
14674.384
13880.283
14764.917
14611.95
14258.116
13583.283
14170.85
14419.083
14448.384
14004.417
15049.184
15079.684
14817.583
15210.417
15370.85
16091.217
15366.717
15167.884
15742.717
15326.15
15604.384
14749.017
15105.65
15811.95
15373.517
15529.15
15554.65
15153.55
15371.45
15757.417
16419.517
16100.35
16097.983
16276.55
16100.783
16516.15
16956.449
16530.816
16504.917
16094.616
16068.65
15583.684
16055.983
15661.55
16006.583
15347.75
14956.184
15179.417
15105.583
14786.15
15404.917
14904.483
15034.184
15185.684
15108.917
15212.483
15011.45
15560.616
16071.384
16451.75
15565.45
15677.884
15695.65
15167.884
15957.983
15609.283
16153.65
16179.15
16492.05
16515.283
16689.316
16926.416
16355.65
15942.884
17511.383
16942.684
16844.65
17083.15
17338.916
16163.684
16836.383
16094.483
17058.518
16824.417
16099.25
16680.15
17154.982
16847.551
16985.65
17904.949
17330.518
16722.684
16524.983
16295.616
16207.583
16764.283
17431.518
17336.35
17959.584
18089.018
18472.25
17989.416
18069.783
18457.15
18204.316
18167.283
18228.65
18288.283
18663.184
18359.816
19058.051
18808.283
18910.383
19366.816
19202.584
19174.883
18671.717
18808.75
19133.982
18726.15
18578.051
18388.416
19043.584
18754.018
19765.051
19020.75
18646.85
19132.617
19267.25
19961.883
20043.051
20133.551
19530.518
19820.084
19304.85
19443.816
19212.65
19579.551
19828.518
21588.084
19963.449
20799.949
21157.449
21301.482
20758.85
22088.482
21516.449
21842.15
22580.916
23248.283
22081.65
22629.217
22094.316
22356.617
23986.316
22499.949
22651.85
21814.551
21766.184
21901.15
22567.518
22411.684
22912.518
23661.949
23052.65
23871.75
24540.383
25190.617
25176.982
25367.551
26139.717
26831.018
26149.916
24847.883
25665.25
25857.35
25112.449
25654.684
26238.85
26287.883
26114.316
26596.018
27200.316
26530.416
27988.051
28620.949
28236.316
27682.416
28740.117
28571.283
28645.85
28329.684
28697.051
28852.416
28612.051
28704.617
28266.184
28541.551
29385.518
30187.684
30568.518
30896.816
32300.65
32516.684
31961.916
32614.617
32653.518
32364.283
32458.85
31449.551
32442.65
31631.217
31580.65
33194.215
33749.715
33993.883
34054.648
34270.551
35038.715
34175.484
34445.648
33892.816
34138.715
34384.816
33846.984
34610.816
35314.383
35672.418
35828.785
35987.551
36441.582
36416.215
35834.25
36155.215
35974.316
36081.617
35415.852
35993.215
36100.582
36302.484
36695.316
36225.484
36040.918
36299.684
36323.984
36425.484
36490.852
36767.883
36481.316
36713.418
36948.184
36705.082
35594.785
35037.684
33378.25
32034.35
31055.184
30741.816
30651.584
31181.018
31045.584
32392.684
34059.383
34532.816
35147.25
35311.816
35533.984
36460.418
37457.785
37075.949
37746.25
37817.418
37445.715
36648.082
36372.852
36552.215
37175.117
37530.148
37968.785
38621.082
39475.715
40025.148
40060.582
40215.352
39440.984
39326.484
38807.117
39104.684
39173.582
39181.418
39129.918
38447.816
38030.516
37820.949
37221.383
37298.418
37637.715
37382.285
38864.785
39060.352
39434.516
40058.551
40272.648
39364.484
39595.25
39190.148
39255.449
39614.684
39967.383
40405.75
41412.184
41270.285
41863.785
41376.949
41397.051
40942.418
40172.648
40359.949
40278.785
40450.484
40223.852
40463.016
41059.449
41380.352
40846.582
40972.352
42069.051
41474.418
41933.383
41152.484
41752.383
41180.75
40265.316
39789.215
39410.582
39337.816
39585.648
39885.082
40307.918
41498.215
41153.184
41994.883
41466.852
41467.148
41285.449
40837.484
40482.648
40080.551
39424.316
39579.617
39524.785
39321.883
39502.184
39515.949
39235.984
39363.016
39215.785
39327.75
39798.918
40298.215
40188.051
40747.285
41515.984
41708.617
41578.117
41934.684
41736.852
41722.082
40932.984
40476.016
39947.051
40283.484
40678.516
40384.949
41196.785
41538.148
42167.984
42400.949
42393.516
42347.285
43264.051
43555.949
44051.918
44163.75
43808.117
43661.816
43416.582
43354.816
42607.184
42416.617
42571.984
42580.551
42242.785
42143.215
41213.648
41818.949
41371.25
41824.949
41704.117
42605.684
43137.449
43672.883
44105.383
44429.617
43451.918
43514.816
43025.715
43052.75
43397.25
43010.082
42979.184
42619.75
43004.918
43367.75
43388.918
43574.816
43615.184
44163.418
44582.918
45410.949
44642.383
44431.684
43793.051
43804.148
42942.648
42979.949
42881.984
42601.418
43250.449
43383.082
41592.449
42790.418
42669.852
42286.75
42508.117
42274.75
42129.316
42401.082
42972.918
43335.352
43293.449
43234.418
43362.582
44088.418
44176.051
44530.016
44217.582
43650.949
42287.383
40698.418
39834.715
38321.285
36684.117
36149.148
36840.984
37896.285
40230.852
40927.551
40280.582
40356.551
40625.316
40001.016
40392.918
39870.418
39374.785
40305.949
41493.984
42550.949
42440.582
42845.816
43075.184
43520.082
44358.449
43817.082
43708.785
43795.215
42937.715
43449.352
43918.051
43922.816
43747.852
44657.215
45042.184
45071.75
45091.051
44389.082
44271.516
43932.684
44152.582
43843.285
43138.715
42892.016
42363.516
43416.352
44220.184
44927.016
44701.582
45326.816
46277.25
46602.883
46011.984
45578.285
45945.785
45318.551
45140.516
44528.148
45212.582
45806.684
45258.051
44936.082
44580.984
43499.285
42762.117
41175.75
40042.715
39626.352
39756.051
40101.484
40673.715
41908.617
42136.648
43512.016
43765.918
43830.016
44489.582
44708.418
45140.984
45287.016
45516.117
45948.75
46871.051
46215.617
45734.449
44947.484
44814.184
44683.418
44562.316
44575.75
44558.715
45261.352
46329.648
46327.75
46367.051
46359.352
46223.918
45979.949
45902.852
45988.883
44809.051
44219.148
43836.984
43147.75
42303.715
41882.352
42202.715
42459.551
42969.516
43398.148
44116.184
44159.082
43990.051
43838.816
43962.648
43649.617
43248.051
43382.883
43768.785
44317.484
44477.852
44555.418
45095.383
45650.082
45542.25
45653.418
45303.316
45167.617
44540.785
43798.285
43439.117
42529.285
41483.516
42799.816
42633.984
43013.883
43230.051
43846.148
43934.984
44347.75
43795.383
43859.75
44241.25
43704.484
43576.316
43393.418
43234.516
42925.418
42235.25
41781.816
41910.648
41995.418
41523.383
40850.684
41188.715
41032.285
40758.25
40762.148
41020.984
41294.148
41547.852
42023.949
42191.516
42602.551
42344.316
42193.082
42617.516
42564.684
41333.383
42113.75
41725.316
41675.684
41962.785
41283.285
41405.316
42281.285
42457.25
42875.551
42726.316
42857.215
42817.051
42500.816
42939.117
42463.285
41847.918
41804.551
42214.117
42590.617
42781.316
42026.684
42214.918
42089.148
41625.918
41947.551
42098.715
41960.684
41679.316
41973.816
41633.383
41821.016
41227.516
40974.883
40889.984
40834.285
41059.383
40555.617
41492.582
41735.617
42242.785
41544.352
41813.785
41843.684
42023.449
41924.617
41644.715
41850.016
41834.715
41608.082
41588.25
41633.016
41314.117
40819.75
41232.449
41332.883
41452.051
41460.617
41618.984
41645.082
41499.449
41861.016
41927.582
42183.016
41315.117
40958.484
41156.648
40582.551
40677.648
40431.148
40984.117
41482.816
41376.984
41193.352
41529.918
41442.816
41753.383
41590.215
41696.918
41971.551
41750.715
41699.352
41927.918
42000.148
41849.051
41726.418
41029.516
41254.352
40394.516
40660.816
40744.984
40630.617
40360.449
40393.883
40371.852
40334.148
40348.984
40726.352
40382.383
40912.551
40726.648
40648.215
40161.648
39774.684
39393.117
39491.684
39108.785
39114.883
38814.051
39423.148
39648.715
39659.816
39522.648
39145.418
40205.25
40438.148
40681.648
40757.617
41384.984
41520.684
40866.785
40691.082
40503.648
40439.082
39628.648
39773.016
40001.184
40027.551
40355.715
40264.75
40747.184
40659.816
40779.184
40561.883
40809.852
40468.148
40162.648
39646.816
40275.582
40341.816
39559.117
40412.617
40083.582
40435.551
40612.785
40097.148
40338.715
39975.148
39146.516
38700.684
39164.582
38966.285
38662.383
39116.484
39084.316
40110.617
39815.984
40481.352
40682.184
40403.617
40255.516
40715.148
41017.25
40455.148
39922.648
39721.082
39758.516
39218.215
39041.715
38961.949
39561.25
39630.352
39581.918
39527.082
40132.852
40189.484
39801.852
39534.148
39547.715
39133.148
38519.051
38009.551
38058.051
38060.148
37690.051
37996.684
38306.383
38922.352
39115.715
39227.148
39565.715
39785.352
40157.516
40102.285
40224.449
40009.285
39840.117
40323.684
39769.051
40227.418
39946.051
39435.75
40019.316
39898.148
40073.117
39695.949
39518.449
39473.551
39499.715
38928.484
39109.184
38771.418
38585.25
38872.551
38557.117
38326.75
38307.648
38201.75
38989.184
39242.816
38396.715
38588.082
39146.25
39006.082
38923.25
39383.883
38954.918
38649.215
38500.785
37770.617
38259.383
37365.484
37637.715
37495.484
37467.25
37960.082
37744.984
38138.75
37999.715
37937.617
38285.648
38226.617
38514.25
38438.016
37960.918
37982.816
38218.715
38350.418
37523.582
37887.551
38047.117
38035.016
37432.648
37898.617
38535.852
38181.082
37856.184
38671.484
38804.984
38636.816
38360.383
37933.75
38505.383
38048.75
38171.383
38184.617
37932.582
38046.949
37945.516
37706.285
38072.383
37796.215
37179.449
37303.418
37593.051
37413.148
36724.051
36816.285
36540.051
36371.949
36199.918
35783.949
36389.051
36412.148
36011.449
36955.352
36881.449
37102.949
37059.648
36767.75
37245.582
37104.352
36716.852
36268.883
36722.316
36916.551
36106.316
35398.352
34668.785
33944.617
33381.516
32801.816
32397.051
31846.084
31397.117
32525.75
33081.648
33133.352
33708.715
34375.816
35510.051
35227.684
35657.785
35509.418
35431.316
35639.215
35186.516
35004.617
35242.449
35151.75
34730.383
34888.285
34997.984
35215.016
35010.984
34730.016
35096.316
34857.684
34887.582
34733.883
35095.25
35036.75
34719.785
35251.352
35129.449
34900.883
34557.383
34300.684
34359.785
34262.684
34188.648
34338.215
34135.516
34467.215
34548.852
34338.285
34490.516
35030.215
34697.383
34450.285
34692.449
34875.883
34754.984
34856.352
34756.785
34343.949
34195.582
34097.082
34316.383
34157.816
33409.516
33812.418
33677.918
33946.352
33738.582
33596.949
33724.648
33794.352
34151.117
33692.883
33869.516
34131.551
33571.918
33833.016
33824.184
33716.75
33212.051
33305.949
33236.383
33296.949
33338.184
33236.883
33182.117
33142.949
32566.85
32861.35
32642.982
32958.018
32460.85
32850.282999999996
33374.449
33052.617
33465.852
33439.816
33321.984
33746.617
33507.785
33568.082
33588.449
33497.418
33646.516
33444.352
33655.648
33368.883
33588.449
33316.016
33793.715
33163.418
33256.785
33045.75
33259.984
33399.418
32962.65
32786.482
32874.051
32876.484
32881.25
32963.484
33025.25
33097.551
33069.051
32954.684
32902.449
32564.018
32132.982
32046.15
32301.717
31773.018
31483.717
31633.949
32024.25
31966.949
31490.518
31538.684
31918.184
31687.617
31436.717
31150.949
31437.184
31263.816
30818.184
30382.684
30726.316
30808.482
30768.316
31038.816
30940.25
30962.551
30389.518
30602.949
30200.982
30160.816
29368.916
29264.949
29278.051
28864.217
28834.383
28231.283
28585.717
28215.949
27670.117
26929.883
26844.783
26938.35
26745.184
26166.217
26468.916
26345.217
26666.65
26744.15
27261.518
27645.883
28405.717
29129.816
29251.584
29417.816
29413.916
29667.018
29537.717
29126.217
29238.916
28970.217
29262.85
29016.416
29282.85
29366.75
29694.717
29671.35
29800.383
29717.617
30186.916
30045.482
29770.783
30051.15
30413.316
30110.217
29833.449
29639.084
29972.85
29864.684
29614.184
29567.75
29621.25
29648.75
30047.518
29296.416
29826.916
29776.617
29834.383
29672.35
29891.85
29712.084
29321.65
29331.617
29438.184
29665.949
28931.717
28832.551
29021.117
28771.883
28668.051
28867.217
28998.316
28757.949
28640.717
28346.35
28352.051
28379.75
28452.717
28424.283
28377.184
28328.75
28334.783
28247.482
28148.783
28107.684
27911.717
27391.084
27794.916
27313.35
27454.316
27421.018
27536.449
27313.283
27439.783
27361.883
27458.117
27786.217
27564.584
27893.75
27731.051
27918.416
27738.184
27268.15
27417.051
27206.551
27094.982
27287.35
27172.184
27174.018
27202.982
27076.949
27469.383
27935.816
27478.584
28013.949
28083.184
27873.018
27996.85
27683.949
27934.717
28075.35
28217.982
28366.482
28442.783
28822.35
28655.117
29088.883
29397.449
29703.684
29141.051
29022.283
29333.316
29864.35
29634.184
30135.684
30329.783
30687.35
30435.184
30592.018
30497.982
30226.617
29493.117
28524.283
27998.65
27693.617
27411.051
27126.551
26866.518
26914.217
26766.184
26669.217
26923.316
26827.75
26824.783
26778.217
27149.717
26879.217
26747.916
26416.816
26418.25
26599.018
26157.117
26458.018
26353.051
26573.35
26573.316
26632.75
26710.117
26925.551
26544.584
26715.883
27069.316
26834.018
26304.518
26648.217
26982.117
26808.551
26363.717
26654.617
26973.184
26388.816
26773.316
26096.617
26454.383
26149.949
25883.982
26064.816
25896.85
25979.084
25759.717
25229.416
25913.982
26012.018
25656.783
25632.883
25839.717
25644.482
25973.518
25429.75
25638.184
25713.35
25831.051
25837.283
25952.518
25685.084
25790.717
25917.416
26189.051
25751.15
25343.916
25368.883
25641.916
25751.551
25477.051
25568.617
25462.383
25653.018
25443.916
25455.684
25514.051
25386.75
25035.051
24776.551
25400.184
25174.949
24708.85
24619.15
25090.518
24701.15
24712.783
24781.684
25055.117
24758.482
23786.184
24559.15
24972.717
24548.816
24522.316
24136.482
24432.383
24485.75
24774.65
24698.617
24582.584
24319.75
24365.449
24337.217
23809.316
23657.75
23134.916
23364.551
22924.584
23330.217
22835.383
22959.15
24226.584
23972.684
23993.316
24584.482
24389.316
24447.551
24068.783
23836.816
23691.982
23721.084
23433.584
23525.617
23596.916
23606.684
23193.65
23423.283
24062.85
23600.15
23106.117
23426.018
23710.051
23798.35
23456.518
23567.883
23739.25
23366.949
23063.783
22697.416
23106.717
22707.217
22616.518
22212.416
22225.65
22280.416
21637.717
21172.482
21036.25
19749.617
19013.383
18234.217
18398.184
18387.084
18482.982
18707.416
19469.051
20286.018
20761.383
20758.482
20973.783
21626.283
22073.783
21976.416
21630.916
22119.283
22014.916
22095.084
22076.982
21745.217
21394.783
21250.617
21741.25
21581.482
21149.184
21843.883
21716.85
21939.217
22025.117
21872.416
22013.783
21972.816
21732.25
21832.816
21925.916
22141.217
21675.518
21661.35
22068.25
22155.482
22082.383
22094.217
22215.449
22222.217
22098.518
21583.15
22045.184
22008.883
21651.85
21475.816
21750.85
21847.084
21711.584
21243.75
21502.316
21847.482
21163.717
21864.35
21989.916
21873.416
22334.783
22086.217
22167.184
22109.482
21902.916
22042.084
22034.982
21884.883
21591.85
21680.084
21669.584
21736.084
21675.85
21771.35
21916.65
21945.15
21626.316
21445.482
21718.518
21611.482
21794.717
21370.35
21879.25
21695.482
21886.383
21868.283
21955.383
21910.217
21403.117
21157.018
21725.783
21559.283
21759.184
21359.816
21291.117
21379.35
21252.117
21578.018
21367.584
21324.217
20781.25
20795.084
20942.518
21227.018
20331.783
20588.15
20825.982
20821.816
20610.518
20466.217
20846.916
20803.15
20584.051
20735.816
20814.316
20991.283
20237.65
20490.684
20931.717
20991.949
20636.584
20515.084
20639.449
20825.084
20462.316
20416.018
20586.184
20514.217
19972.916
20258.949
20247.65
20083.217
20040.383
20183.883
19917.916
20595.217
20007.051
19884.551
20004.65
20026.551
19948.717
19365.883
19861.916
19920.75
19628.65
19356.883
19815.916
19690.217
19577.117
19073.217
19623.982
19619.217
19523.051
19591.15
19244.117
19485.283
19351.184
18921.018
19192.783
19024.949
19006.184
18576.018
18995.449
18891.75
18297.316
17920.416
18700.117
18518.75
18286.916
18167.416
18480.449
18314.684
18002.051
17911.084
18567.449
18257.482
18116.051
17933.283
18422.117
18025.949
17821.449
17742.617
18348.65
18121.35
17867.316
17864.617
18000.717
17665.949
17318.383
17035.551
17546.916
17594.217
17522.117
17779.15
17914.65
17778.816
17174.982
17847.617
17628.449
17521.35
17517.717
17425.883
17325.449
17465.816
17025.316
17037.084
16434.45
15745.75
15058.65
14396.083
13991.05
13852.483
13845.05
13768.816
14667.384
15109.283
15291.384
15725.283
15992.316
16006.884
16177.917
16057.816
16218.05
15675.417
15668.783
14970.483
16000.583
15934.15
15716.783
15644.684
16027.983
16237.083
16371.717
16083.95
16485.05
16674.083
16338.25
16356.551
16750.916
16769.883
16733.45
16883.217
16980.717
16950.482
16721.717
16336.349999999999
17235.316
17026.018
16973.184
16570.482
17280.65
17383.949
17137.051
17322.684
17364.783
16943.35
17088.184
16758.018
17340.316
17190.551
17090.717
17023.482
17032.449
17270.617
16838.25
17362.75
17363.117
17419.883
17348.25
16951.75
17605.117
17590.551
17181.85
17303.617
17994.85
17735.883
17452.316
17938.482
18168.584
17819.816
17585.184
17700.217
17372.783
17530.816
17020.449
17228.684
17525.117
17433.883
17408.25
17839.816
17529.449
17651.482
17036.117
16887.883
17773.316
17617.35
17453.518
17566.75
17397.518
17512.018
17618.65
17295.551
17358.383
17296.684
17268.051
17227.551
17386.717
17061.816
17135.051
17032.018
17411.383
17091.416
17250.117
17192.217
17606.783
17194.018
17261.449
17137.816
17415.051
17662.416
17658.25
17528.35
17401.85
17297.482
17203.518
17438.949
17576.449
17638.816
17667.717
17275.949
17893.184
17778.15
17713.383
17238.283
17761.584
17683.684
17455.117
17343.15
17442.916
17579.75
17708.25
17592.283
17667.117
17424.416
17494.051
17700.75
17401.717
17526.15
17389.982
17250.283
17349.717
17485.084
17241.584
17148.15
17280.584
17550.617
16639.717
17366.35
17363.184
17329.551
16629.65
16995.15
17285.316
17431.482
17274.783
17297.283
17279.449
17394.883
17098.65
16989.084
17378.717
17117.482
17202.783
16872.883
17108.982
17169.684
16869.717
16751.416
17060.184
16685.949
16663.117
16496.283
16849.584
16698.35
16389.983
16721.883
16712.917
16445.75
16592.983
16715.816
16555.983
16518.217
16295.384
16272.35
16591.184
16294.55
16419.983
16060.017
16156.517
16214.55
16095.25
16195.483
15999.917
15954.684
15901.983
15866.217
16097.05
16078.35
16006.583
15123.017
15418.65
15362.816
15224.05
14635.95
14570.25
14677.95
14329.05
13700.283
14256.116
14132.283
13288.983
13694.283
13625.184
13274.616
13416.917
12898.217
13036.517
12894.15
12606.983
12773.75
12966.983
12848.483
13038.583
11827.417
12560.517
12663.684
12187.783
12502.884
12717.384
12797.083
12509.05
12892.75
13069.917
13115.017
13270.65
13643.616
13619.717
13501.417
13544.116
13356.884
13346.917
13517.95
13509.25
12948.684
13397.917
13275.217
12962.116
12420.483
12741.717
12569.417
12254.384
12188.283
12077.583
12130.017
11969.116
11832.017
12228.65
12193.217
12052.783
12074.35
12178.316
12050.283
11931.517
11859.217
12279.05
12082.55
11713.65
12195.15
12535.983
12348.884
12040.517
12207.217
12141.917
12204.95
12146.05
12027.017
12089.316
11896.816
11326.25
11868.083
11716.25
11884.283
11989.384
11496.816
12011.783
11887.95
11138.05
11468.684
11719.05
11558.417
11612.05
11854.15
11946.783
11926.55
12116.983
12042.083
12135.384
11985.283
11944.85
11653.417
11902.184
11984.884
11694.783
11702.616
11963.517
11895.417
11639.983
12108.35
12124.583
12290.884
11828.384
12032.884
12160.05
12106.616
12339.783
11657.55
12145.917
11999.15
12211.184
11787.083
12467.25
12209.95
12341.583
11930.283
12467.25
12443.283
12097.25
11926.017
12128.45
11902.55
11830.384
12044.884
12007.65
11857.816
11505.85
11514.95
11737.25
11919.35
11735.65
11953.95
11901.783
11749.283
11507.316
11738.017
11866.717
11703.35
11951.717
11366.816
11677.25
11951.95
11912.983
11625.75
11648.783
11238.15
10953.85
11418.283
11323.25
11374.417
10577.983
11145.35
11415.917
11256.083
10984.384
11314.283
11531.517
11140.417
11304.45
11149.35
11384.384
11047.616
10768.116
10759.684
11055.717
11049.083
10607.583
10879.35
10852.116
11023.283
10847.184
10885.217
10968.45
10839.017
10640.917
10876.483
11000.717
10908.083
10771.184
11119.95
10836.316
10928.684
10851.25
10663.017
10843.65
10837.35
10642.917
10529.616
10568.25
10671.95
10364.116
10271.616
10768.116
10737.684
10437.983
10509.283
10743.917
10724.684
10304.583
10390.483
10585.116
10375.55
10149.85
10597.217
10549.184
10349.55
10547.917
10329.417
10391.517
10320.417
10046.25
9709.417
10410.384
10059.816
10272.583
10092.55
10216.184
10021.283
9959.184
9792.75
10165.116
10046.95
9928.85
9684.083
9935.717
9985.616
9803.783
9746.417
10023.25
9999.95
9470.983
9672.417
9970.517
9938.083
9234.05
9421.15
9858.983
9813.884
9668.517
9370.017
9886.517
9806.083
9684.316
9477.35
9616.45
9473.55
9317.316
9490.884
9628.65
9427.417
9274.316
9314.684
9739.783
9765.083
9522.917
9237.75
9377.783
9487.083
9322.783
9120.95
9466.25
9366.75
9336.45
9040.083
9231.184
9349.35
9276.85
9111.417
9295.917
9114.283
9523.316
8829.083
9267.116
9198.417
8990.25
8569.55
9279.783
9224.017
9247.45
8925.75
9038.05
8881.616
9004.917
9123.283
9403.85
8608.083
8931.783
8686.417
8960.917
8385.283
8023.183
7406.217
7216.45
6470.55
5711.383
5149.217
4578.45
3858.483
3507.85
2844.95
3160.65
3066.083
2788.85
3015.35
3862.65
4036.55
4006.7830000000004
4956.817
5428.25
5712.283
6021.117
5364.083
6104.65
5749.217
5591.183
5263.617
5063.317
5178.817
4860.583
4622.883
4989.583
5061.017
5044.517
4827.617
5548.25
5325.617
5342.183
5952.35
5995.65
6234.75
5877.383
6384.083
6518.583
6481.817
6520.917
6763.15
7011.517
7067.417
6559.317
6827.283
7348.917
7368.017
6923.717
7418.417
7697.183
7792.35
7698.917
7712.017
8189.317
8122.817
7552.45
7648.75
8348.783
8457.883
8240.983
7975.483
8463.05
8330.55
8117.183
8115.95
8584.717
8397.75
7539.783
8376.017
8530.117
8609.817
8270.383
8078.55
8581.85
8462.483
8282.85
8216.55
8357.05
8466.75
8025.85
7900.817
8776.917000000001
8361.417000000001
8182.25
8227.217
8526.85
8421.483
8300.517
8275.883
8512.517
8442.083
8237.85
8225.816
8503.45
8500.35
8363.45
8232.217
8558.517
8504.15
7922.316000000001
8135.15
8458.85
8373.283
8019.383
7952.617
8338.383
8224.283
8274.783
8022.15
8280.85
8437.283
8132.25
7668.617
8443.517
8346.617
8321.183
8163.083
8629.917000000001
8382.283
8177.25
7962.083
8435.317
8251.75
7810.917
7670.35
8327.25
8234.617
8232.582999999999
7643.683
8337.383
8196.15
8043.383
8131.683
8327.65
8305.417000000001
8092.85
8051.083
8541.983
8354.417000000001
7497.917
7874.15
8429.983
8211.017
8190.317
8034.017
8398.582999999999
8296.417000000001
7860.983
7665.217
8236.85
8088.217
8060.983
7954.417
8250.582999999999
8234.217
8081.383
7637.15
8300.25
8241.55
7858.917
7568.483
8152.117
8290.483
7978.583
7913.483
8241.383
7896.35
7847.65
7968.617
7991.983
7882.883
7760.25
7596.083
8153.183
7990.817
7621.45
7536.083
8008.05
8176.683
7462.917
7544.083
8001.05
7931.75
7981.05
7733.15
7940.783
7848.483
7797.783
7477.817
8109.317
7886.083
7597.783
7600.35
7932.25
7876.483
7675.383
7201.283
7840.917
7776.817
7657.25
7150.217
7907.45
7722.217
7258.183
7678.083
7741.783
7651.35
7235.05
7349.483
7500.517
7611.35
7383.183
7344.483
7637.983
7411.15
7369.783
7170.417
7497.85
7504.75
7050.717
7008.217
7461.45
7462.35
7160.517
7110.55
7160.45
7365.683
6897.05
7071.75
7136.45
7193.217
6976.383
6764.75
7337.583
7201.817
6788.717
6492.417
7066.917
7230.417
7027.383
6729.217
7079.183
7029.017
6346.517
6779.683
7186.183
6842.683
6679.05
6728.217
6973.317
7007.283
6630.583
6477.35
6900.117
7009.483
6823.25
6712.683
7022.183
6834.35
6567.65
6289.75
6918.183
6733.617
6974.517
6453.217
6936.85
6887.15
6388.117
6417.95
6908.65
6737.95
6546.85
6625.417
6892.05
6823.283
6393.183
6370.95
6943.25
6679.083
6551.317
6597.217
6830.717
6713.683
6263.65
6160.817
6539.717
6474.35
5995.717
6104.017
6584.917
6408.683
6582.117
6261.417
6612.583
6476.217
6691.05
6292.217
6522.717
6438.217
6089.117
6057.417
6507.85
6397.417
5938.917
5424.283
6354.45
6422.75
5938.717
6124.683
6392.583
6156.283
6010.983
5981.283
6342.317
6136.95
5948.583
5628.683
6210.05
6254.883
5542.583
5702.083
6279.25
6034.55
5782.183
5570.217
6171.917
6140.617
6040.317
5654.483
6224.917
6132.083
6095.517
5947.417
6140.183
6011.283
4792.65
5278.017
6046.25
6123.017
5747.517
5484.217
5990.783
6120.883
5457.917
5485.683
5920.65
5889.617
5411.917
5445.683
5931.117
5891.75
5269.25
5261.683
5801.517
5761.017
5490.25
5501.483
5732.05
5664.083
5233.25
5636.55
5721.383
5727.483
5215.383
5454.217
5835.983
5625.217
5160.717
5089.017
5649.25
5686.017
5510.517
4950.95
5724.317
5608.483
4936.05
5071.35
