248.433
52.4
-157.633
135.8
432.16700000000003
116.6
183.233
219.867
212.1
243.53300000000002
100.63300000000001
-183.53300000000002
186.3
195.8
-0.1670000000000016
-54.867
330.16700000000003
-27.799999999999997
36.233
348.4
402.9
164.333
447.367
137.46699999999998
258.5
175.0
199.5
-146.6
177.1
179.067
303.367
5.667000000000002
260.233
181.067
213.5
6.0
533.633
458.4
63.633
-83.93299999999999
225.567
102.4
-32.7
163.133
181.567
213.8
123.43299999999999
210.46699999999998
186.567
226.6
-69.167
9.533000000000001
589.567
257.33299999999997
-36.233
-286.267
407.033
419.4
12.700000000000003
15.799999999999997
355.3
409.933
362.16700000000003
208.133
399.633
345.6
134.1
294.933
364.767
375.533
303.567
-163.8
417.633
267.6
1.5
54.133
355.1
157.267
107.833
41.667
258.1
477.133
175.233
42.4
208.5
325.6
-0.8999999999999986
-10.0
218.167
178.067
469.3
-32.533
157.367
185.0
318.767
-87.0
166.167
233.867
163.5
62.8
388.767
339.467
-252.1
8.533000000000001
374.367
281.4
194.96699999999998
193.2
437.7
269.2
-25.167
245.933
76.167
303.133
223.567
262.33299999999997
385.367
263.8
533.033
-247.13299999999998
300.567
346.467
77.033
342.33299999999997
370.233
431.867
225.633
77.93299999999999
323.7
228.067
-85.967
87.2
310.1
286.933
108.967
-15.133000000000003
382.567
418.267
31.767000000000003
-258.867
327.967
288.467
62.9
113.6
252.567
395.4
309.033
17.6
271.83299999999997
301.267
-307.16700000000003
-162.667
277.3
187.133
138.96699999999998
-18.467
310.83299999999997
239.0
25.232999999999997
193.4
385.033
259.867
220.96699999999998
-130.267
438.9
385.2
401.7
129.667
463.367
247.133
134.9
319.4
386.7
52.667
343.7
-194.8
119.033
209.6
-18.299999999999997
339.133
559.433
395.467
133.567
-102.267
470.567
129.4
422.233
1.2000000000000028
368.767
337.8
289.16700000000003
363.467
499.16700000000003
329.133
398.033
283.8
315.367
203.2
357.3
-383.867
365.233
332.4
148.833
121.733
116.3
299.733
443.967
156.933
223.3
274.933
87.36699999999999
-229.6
246.633
363.0
433.967
171.733
358.83299999999997
282.467
18.366999999999997
-332.33299999999997
415.033
207.8
-87.63300000000001
-4.399999999999999
230.7
169.53300000000002
-1031.967
-115.13300000000001
96.63300000000001
251.733
215.3
-85.2
539.767
378.867
237.96699999999998
42.467
236.367
206.133
-137.3
408.66700000000003
500.83299999999997
251.133
-214.03300000000002
14.600000000000001
275.83299999999997
296.2
-137.167
327.0
348.233
237.4
359.567
315.33299999999997
299.1
379.467
214.233
158.8
334.433
226.867
387.633
5.267000000000003
374.367
414.867
313.7
-95.067
199.03300000000002
294.4
49.233
-308.66700000000003
347.433
322.8
230.5
-137.8
320.367
313.467
182.5
64.533
330.233
325.533
-176.233
186.0
306.767
44.132999999999996
-174.167
126.13300000000001
243.1
189.6
287.433
141.2
233.1
486.933
68.233
146.667
349.967
510.4
359.967
148.0
195.03300000000002
250.0
70.43299999999999
467.33299999999997
327.633
181.333
-187.233
72.4
181.5
262.467
235.7
-46.867
507.233
527.733
1.1670000000000016
260.733
340.83299999999997
312.933
196.833
72.93299999999999
297.7
345.467
49.7
90.6
261.367
283.067
142.7
259.4
434.5
396.6
355.1
62.2
499.233
123.86699999999999
321.367
-201.4
309.633
117.267
-149.1
239.067
273.5
141.2
481.567
323.133
310.767
186.0
556.767
14.867000000000004
305.3
212.267
-107.1
192.667
558.767
329.4
460.83299999999997
-127.533
351.83299999999997
278.267
286.7
88.667
228.633
416.8
-166.167
123.8
484.9
218.8
16.433
58.132999999999996
234.36700000000002
246.0
398.033
63.867000000000004
534.5
436.8
579.9
322.533
569.033
359.867
72.833
168.2
212.833
417.133
574.1
2.266999999999996
520.1
388.933
340.633
483.0
416.7
321.33299999999997
151.9
443.4
281.967
543.333
-92.567
63.132999999999996
342.83299999999997
313.533
329.767
165.6
654.9
325.733
476.7
306.733
453.3
413.4
442.967
67.667
765.967
244.067
341.7
288.533
618.567
298.933
461.233
340.0
322.5
554.467
452.1
345.66700000000003
284.767
549.867
327.63300000000004
152.2
648.9
447.467
334.567
265.267
249.7
349.933
453.83299999999997
331.13300000000004
545.767
439.467
219.9
145.933
302.7
389.0
259.433
158.4
504.767
86.06700000000001
368.767
105.0
309.5
212.333
370.5
462.467
335.433
70.267
407.567
587.0
81.9
511.13300000000004
354.033
398.33299999999997
409.1
362.4
202.1
542.267
717.1
213.933
226.1
809.6
442.033
640.067
24.033000000000015
187.733
633.567
449.733
554.567
611.4
130.5
89.06700000000001
198.36700000000002
163.66699999999997
715.233
523.933
12.899999999999977
478.933
361.967
599.4
628.767
452.867
368.7
716.6669999999999
0.16699999999997317
269.2
381.7
526.067
826.7
748.8
651.367
566.867
357.1
450.933
491.833
402.333
58.69999999999999
276.067
629.433
469.133
717.1669999999999
277.333
764.9
659.933
752.567
575.133
713.367
643.867
238.3
695.867
564.9
468.867
391.567
528.867
531.367
655.3330000000001
566.1669999999999
326.467
645.967
409.4
350.7
221.66699999999997
683.5
561.2
501.367
549.8
653.1
421.933
440.3
358.533
650.033
688.3330000000001
588.433
345.133
836.7
569.4
598.8330000000001
580.2
703.433
576.2
71.96699999999998
478.667
547.967
581.733
597.1
773.6
897.967
685.733
701.3
685.8
798.367
844.6
678.433
718.867
709.367
660.267
861.367
706.467
1094.233
598.0
204.16700000000003
476.6
696.167
958.2
671.3
741.733
1103.9
879.333
778.033
691.467
911.9
939.6
984.9
704.4
1064.9
743.333
678.1
628.933
728.7
688.2
1024.9
387.13300000000004
756.567
825.933
1024.5
613.333
899.1
763.067
961.767
808.533
883.767
962.133
947.633
854.0
1135.5
671.667
1190.833
934.4
1009.567
939.8
824.5
1038.467
1271.3
650.333
759.433
1022.333
1256.033
982.267
1096.1
854.6
917.167
818.4
910.567
980.733
898.367
1145.133
1374.1
622.0
1194.233
1153.2
1052.367
997.8
1078.433
958.4
897.9
1209.333
1170.167
971.8
792.5
923.267
871.633
844.933
1171.167
1027.733
1116.633
1277.867
1043.5
1150.067
1374.033
1060.6
1385.233
1205.533
1535.833
1272.6
1111.233
1356.867
1371.367
1296.667
1114.767
1264.4
1112.433
1192.667
1076.633
1304.8
1314.033
1158.0
896.1
1191.2
1132.7
1136.333
955.967
901.133
1161.3
961.467
926.033
686.867
1352.967
917.0
1200.167
1122.867
1217.833
1593.467
1265.833
1444.6
1247.767
1399.867
1566.167
1187.0
1437.167
1428.533
1251.167
1185.6
1483.367
1312.067
1575.033
1164.933
1411.7
1428.067
1368.367
1484.8
1414.1
1378.267
1517.033
1438.8
1528.1
1544.467
1441.5
1215.667
1525.767
1521.667
1337.7
1556.733
1666.1
1539.6
1453.1
1159.267
1665.033
1485.2
1718.1
1919.333
1895.7
2177.0
2140.567
1995.667
1926.433
1845.2
2007.433
1597.2
2157.7
1858.8
2013.7
1930.8
2214.833
1714.067
1907.7
2058.133
1999.433
2018.067
1810.7
1473.267
2044.5
2086.667
1960.233
2021.0
2152.5
2099.067
1951.767
1783.4
2179.567
2173.467
1709.7
1988.467
1961.233
2112.867
1924.7
2068.333
2264.3
2064.4
1994.167
1511.333
1882.9
1988.733
2085.167
1746.6
2142.5
1829.6
1974.7
1837.467
1849.167
1799.667
1673.633
1783.2
1768.833
1847.0
1660.7
1794.467
1611.9
1733.8
1789.1
1756.933
2015.567
2124.8
2145.633
2307.733
2155.1
2264.467
1889.767
2335.733
2090.633
2028.4
2522.833
2086.6
2756.3
2666.2
2476.5
2585.0
3169.967
2648.0
2841.567
2352.467
2599.367
2569.0
2357.033
2189.733
2298.967
2214.933
2013.5
2076.533
2520.167
2076.0
2301.767
2242.8
2660.9
2567.733
2785.433
2599.0
2525.167
2400.867
2211.967
2164.667
2368.567
2039.2
1985.967
1895.2
2027.9
2011.333
1479.033
1853.6
1871.5
1545.133
1237.833
1969.333
1881.1
1912.867
2113.767
1696.2
2423.5
2516.933
2571.433
2408.467
2505.633
2365.533
2093.5
2251.667
2214.433
2367.533
2307.3
2096.0
2627.1
2307.6
2407.167
2349.933
2527.033
2466.667
2417.633
1890.333
2463.433
2286.267
2481.633
2472.6
2338.5
2403.0
2334.967
2275.867
2869.367
2826.667
2720.9
2851.667
2987.233
3079.667
3106.9
2946.067
3264.7
2958.2
3297.233
2821.867
3249.167
3548.933
2924.3
3175.8
3356.833
3189.333
3231.633
2658.933
2709.567
2304.467
2284.767
1607.267
1701.633
1368.933
1299.367
1265.0
1724.967
1874.4
2036.433
2346.133
2482.7
2470.933
2659.3
2961.333
3167.1
3351.8
3250.833
3248.333
3466.633
3000.533
2990.367
2895.467
2696.233
2169.333
2100.767
1925.667
1915.367
2193.8
2195.3
2521.4
3020.233
3052.933
3142.3
3695.067
3907.833
3829.333
4077.633
3781.467
4384.1
4379.333
4823.767
4394.4
4386.567
4730.867
4492.7
4553.867
4708.7
4510.267
4700.3
4556.2
5136.633
4883.067
5035.3
4722.067
5210.5
5004.2
4870.3
4789.933
5357.5
5139.733
5123.167
4952.8
5113.7
4731.133
4838.5
5014.8
5070.7
5393.733
5187.833
5217.333
5220.5
5060.733
4830.833
4594.667
4888.033
5055.8
5277.9
5132.4
5016.1
5038.8
5117.3
4893.933
5043.9
4951.2
4852.1
4850.067
5304.433
5115.533
5154.7
4916.6
5088.967
5220.333
5095.233
5422.6
5397.9
5426.8
5432.033
5522.4
5522.9
5811.8
5954.033
5791.267
5720.767
5741.667
5350.833
4919.8
5207.233
5165.333
5177.833
5052.6
5189.3
5380.067
5354.433
5749.067
5747.233
6158.8
6057.833
6093.267
6115.233
6413.6
5860.1
5949.733
6424.767
5947.8
6061.567
6198.067
6220.233
6105.333
6581.767
5973.667
6356.433
6258.067
6189.5
5965.733
6250.767
6139.6
6232.3
5740.133
6226.967
6131.067
5971.3
5679.667
6177.5
6337.4
6490.367
6124.933
6407.967
6456.733
6350.767
6361.4
6309.7
5608.133
6050.1
6021.067
6182.633
5745.667
6223.3
5990.733
6217.767
5986.333
5926.1
6155.8
6294.367
6237.8
6277.7
6050.733
5974.767
5925.533
5449.433
5661.8
6309.233
5934.467
6075.9
6224.067
6569.767
6534.2
6813.633
6457.867
6656.7
6666.533
6669.833
6367.0
6400.167
5891.4
6130.9
5519.133
6095.567
6206.533
5908.433
5846.667
6477.5
6459.067
6034.767
6101.2
6618.767
6777.333
6623.233
6430.133
6539.367
6558.133
6467.1
6397.133
6574.3
6482.133
6656.7
6866.733
6568.033
6774.0
6979.167
6272.0
6552.5
6449.6
6087.3
6439.867
5841.967
6101.867
5985.033
6699.6
6750.767
6589.0
6523.567
6210.533
6560.433
6420.467
6812.567
6469.8
6334.167
5908.8
5957.9
5778.333
5531.767
5428.867
5115.1
5089.733
5081.633
5063.733
5372.367
5604.067
6250.3
6556.467
7127.1
7226.467
7928.833
7253.867
7055.233
7285.0
7233.433
7200.933
7737.3
7702.067
7886.167
7750.867
7800.767
7182.267
7050.167
6797.8
7089.9
6881.067
7836.033
7319.067
7889.367
7821.267
8065.567
8040.733
7776.767
8384.533
8360.1
8786.134
8738.634
8787.333
8936.033
9187.733
8498.7
8674.934
8321.3
8387.2
8433.7
8684.8
8444.3
8270.133
7930.633
7863.667
8136.7
7894.0
7202.233
7888.267
7760.567
8171.532999999999
8410.3
8393.934
9054.033
8778.134
8583.9
8756.4
8769.434
8647.934
8524.233
8476.533
8998.7
9258.6
9285.233
8965.6
9125.9
10207.134
9397.566
9361.0
9583.967
9104.866
9491.3
9454.866
10037.767
9648.134
9219.1
9493.533
9688.033
9583.934
9183.1
9033.267
9942.9
10240.533
9910.767
9551.0
9822.167
9592.4
9462.767
8816.134
9653.233
9598.267
9255.434
8801.267
9237.767
9465.8
9387.1
9103.8
9837.566
9868.134
9568.7
9922.6
10041.7
10533.733
10093.033
9932.267
10454.3
10039.467
10207.767
9661.6
9971.033
10450.2
9991.434
10225.866
10235.767
10024.533
10144.967
10372.333
10851.7
10570.866
10591.7
10631.333
10677.167
10885.934
11255.5
10938.0
10940.634
10625.934
10671.167
10263.866
10667.566
10350.866
10710.233
10112.0
9925.5
10078.467
10013.3
9790.4
10386.366
9905.667
9934.767
9941.533
10040.1
10055.667
9873.7
10407.667
10850.1
10970.6
10440.9
10334.267
10537.7
10061.467
10637.167
10263.0
10851.9
10829.533
11018.9
11023.0
11238.366
11344.267
11009.366
10532.066
11751.1
11360.733
11280.7
11360.066
11655.3
10841.667
11304.9
10760.333
11534.366
11378.934
10903.167
11202.467
11581.9
11301.866
11483.767
11990.667
11671.767
11221.267
11194.033
10999.066
10974.434
11287.934
11633.566
11764.4
12190.366
12252.2
12495.434
12213.733
12271.566
12557.8
12294.1
12231.8
12372.033
12439.733
12614.767
12328.6
12974.1
12747.134
12856.167
13159.2
13084.167
13053.733
12639.167
12835.733
13045.434
12677.8
12555.1
12525.066
12947.9
12778.2
13476.7
12939.467
12712.434
13020.333
13117.366
13628.134
13665.167
13667.866
13251.634
13516.0
13200.7
13361.6
13135.9
13259.8
13626.1
14774.733
13834.7
14294.533
14582.167
14631.533
14059.9
15229.066
14776.7
15028.934
15474.3
15962.333
15092.7
15567.0
15134.233
15361.6
16563.1
15509.934
15515.167
14928.4
15019.767
15020.2
15599.9
15418.0
15767.7
16315.6
15818.566
16458.4
16950.834
17370.666
17367.033
17505.732
18092.166
18604.0
18120.834
17167.066
17818.367
17881.0
17450.232
17672.0
18267.834
18200.732
18076.301
18485.867
18922.301
18344.934
19507.566
19825.666
19621.834
19150.732
20002.967
19835.0
19834.5
19672.4
19927.967
19936.801
19833.1
19907.533
19518.033
19773.4
20515.967
20964.934
21307.566
21369.467
22525.232
22677.533
22244.633
22826.533
22790.5
22493.934
22601.367
21792.334
22716.9
22065.934
21874.166
23183.0
23643.232
23838.467
23962.699
24067.467
24652.9
23983.801
24183.434
23731.467
24012.5
24118.268
23653.967
24262.801
24946.5
25122.0
25243.367
25360.666
25731.166
25656.334
25297.367
25538.133
25430.367
25478.732
24954.434
25428.801
25532.834
25608.268
25970.834
25508.4
25546.9
25714.666
25779.699
25690.6
25918.301
26181.666
25818.768
25954.533
26211.166
26093.666
25231.434
24904.666
23624.768
22709.199
22004.9
21749.666
21754.232
22090.4
21968.566
23102.467
24196.434
24540.666
25129.033
25052.666
25344.699
26040.4
26887.367
26401.867
27086.166
27016.268
26870.367
26180.066
26084.232
26284.268
26770.967
26840.0
27209.033
27662.666
28322.967
28748.467
28872.633
28944.4
28269.699
28215.4
27928.699
28135.467
28161.768
28113.199
28242.566
27667.934
27354.232
27199.0
26871.566
26867.934
27229.566
26874.467
28065.9
28124.934
28385.633
28913.867
29130.232
28462.199
28715.033
28295.867
28449.699
28658.133
28932.9
29343.0
30090.768
29893.467
30456.633
30005.334
30115.301
29679.199
29098.301
29334.467
29213.768
29445.199
29210.033
29475.666
29892.301
30108.934
29687.768
29789.533
30732.9
30187.133
30534.434
29861.268
30465.633
30074.867
29369.9
28984.801
28649.232
28588.533
28853.434
29034.066
29341.301
30319.268
29885.834
30665.934
30212.1
30262.801
30110.033
29753.666
29604.232
29254.199
28568.5
28745.199
28836.699
28652.801
28853.033
28789.801
28553.033
28676.133
28581.633
28648.934
29104.967
29426.133
29342.967
29662.133
30346.166
30412.268
30279.699
30597.801
30378.967
30251.334
29685.967
29299.867
28901.232
29185.199
29580.566
29349.133
30093.9
30342.801
30936.367
31147.732
31050.699
30981.334
31634.699
31847.066
32329.1
32371.533
32171.5
32004.334
31816.367
31828.6
31255.967
31145.801
31166.566
31189.6
30838.301
30879.268
30214.834
30737.6
30331.367
30710.133
30658.367
31447.533
31806.633
32276.732
32550.9
32838.801
32038.9
32204.732
31781.367
31887.334
32126.434
31845.4
31947.5
31581.199
31907.699
32174.4
32235.1
32422.0
32382.566
32802.666
33227.301
33825.465
33133.434
33057.066
32531.699
32626.334
31950.768
32030.6
31914.367
31638.6
32257.301
32333.533
30631.434
31769.066
31788.033
31482.801
31708.967
31412.199
31363.301
31529.0
32042.768
32356.467
32402.699
32247.867
32391.033
32905.668
33072.9
33282.133
33048.699
32625.334
31584.633
30318.467
29756.1
28591.334
27309.967
26864.199
27511.5
28238.066
30124.633
30608.934
30078.633
30170.801
30453.768
29883.334
30267.033
29855.467
29480.9
30201.533
31115.1
31837.801
31782.768
32119.867
32382.834
32651.334
33354.367
32921.332
32836.166
32935.666
32150.434
32649.334
33040.633
33097.732
32882.699
33674.734
34000.035
33899.398
33976.367
33407.0
33348.566
33085.602
33351.1
33081.133
32528.033
32305.0
31869.033
32726.732
33348.832
33944.535
33675.699
34239.199
35000.5
35267.199
34732.633
34442.0
34754.699
34276.398
34165.566
33561.398
34223.699
34654.801
34175.633
33966.332
33806.5
32865.532999999996
32402.033
31062.199
30197.633
29837.6
29961.699
30249.066
30696.166
31618.867
31757.768
32798.532999999996
33097.965
33126.133
33661.434
33723.668
34160.5
34404.0
34459.898
34786.199
35551.766
34948.0
34741.766
33997.668
33958.5
33829.734
33794.301
33708.266
33754.965
34310.934
35225.367
35113.734
35216.832
35228.934
35124.035
34897.133
34884.699
34931.465
33953.234
33545.465
33260.5
32755.732
32061.367
31620.6
31991.834
32213.732
32639.232
32934.199
33532.832
33521.398
33274.832
33219.934
33460.566
33133.266
32844.102
32895.668
33380.301
33774.801
33889.102
33942.734
34323.766
34857.465
34735.832
34804.066
34618.434
34491.465
33953.766
33359.734
33211.301
32429.467
31528.5
32630.6
32510.5
32750.467
32988.9
33459.734
33571.766
33874.066
33501.699
33463.934
33921.965
33405.266
33379.633
33198.934
33194.898
32878.199
32311.166
31969.801
32086.834
32169.666
31732.367
31128.6
31448.699
31286.066
31080.232
31038.133
31280.434
31488.934
31677.9
32066.666
32244.834
32559.0
32317.434
32203.4
32661.232
32577.467
31574.301
32288.199
31991.699
31975.0
32095.301
31611.334
31664.566
32374.732
32516.166
32806.732
32743.1
32927.467000000004
32840.166
32598.066
33013.9
32571.867
32192.566
32089.6
32341.301
32737.066
32904.967000000004
32226.934
32417.967
32351.6
31833.633
32116.0
32312.5
32151.066
31998.9
32181.066
32027.967
32252.533
31694.699
31498.533
31521.834
31418.0
31592.301
31183.268
32041.699
32139.4
32556.301
31970.934
32209.834
32268.732
32510.9
32339.533
32166.967
32361.0
32341.232
32102.066
32182.768
32246.6
31803.5
31476.334
31855.566
32016.4
32151.166
32040.199
32229.434
32235.133
32082.9
32384.066
32533.166
32759.066
31993.166
31610.268
31931.232
31411.133
31502.768
31285.0
31786.301
32172.268
31971.566
31829.6
32191.967
32124.066
32369.033
32167.6
32318.834
32604.934
32413.834
32336.934
32576.566
32560.199
32528.232
32408.666
31822.232
32026.467
31216.633
31502.066
31641.033
31614.6
31303.566
31424.666
31413.166
31273.6
31307.166
31599.467
31301.5
31802.268
31636.967
31611.334
31206.033
30872.666
30576.434
30777.6
30396.232
30469.199
30064.5
30621.867
30804.768
30853.133
30719.033
30266.199
31277.434
31456.732
31720.301
31738.6
32181.633
32341.801
31777.699
31670.133
31509.566
31564.4
30744.967
30908.0
31158.033
31144.533
31334.967
31308.4
31730.301
31626.4
31711.301
31534.867
31763.967
31485.801
31259.699
30728.6
31414.5
31468.0
30711.033
31444.934
31193.367
31429.066
31580.768
31145.066
31478.301
31123.199
30395.232
29993.867
30488.232
30323.732
29979.166
30392.801
30423.633
31262.6
30933.1
31532.533
31733.5
31415.867
31346.232
31653.666
31925.566
31434.199
31021.1
30801.133
30835.1
30356.666
30187.5
30032.133
30572.699
30590.0
30561.367
30470.268
31101.033
31121.801
30827.9
30554.0
30624.1
30266.732
29732.9
29374.732
29572.9
29554.467
29245.434
29472.934
29782.1
30208.934
30361.232
30287.334
30695.033
30743.732
31070.367
30986.867
31153.633
30996.934
30799.768
31306.467
30825.967
31154.732
30907.9
30480.0
31013.566
30903.066
31109.1
30695.4
30614.9
30554.4
30612.768
30083.6
30301.033
30066.867
29915.633
30124.268
29906.566
29726.199
29750.566
29535.334
30304.699
30530.268
29768.1
29857.133
30448.768
30331.867
30257.9
30740.199
30341.367
30017.133
29977.434
29304.4
29781.699
29128.268
29310.5
29233.133
29249.301
29683.334
29479.1
29725.467
29706.9
29593.533
29938.434
29942.334
30194.768
30169.732
29712.232
29746.268
30016.768
30099.867
29381.1
29720.467
29965.166
29949.0
29409.166
29806.268
30407.301
30051.666
29795.166
30565.732
30627.566
30520.199
30252.566
29928.533
30451.5
30017.801
30197.434
30166.467
29989.367
30157.732
30078.768
29839.0
30224.967
29941.4
29324.566
29510.199
29807.768
29680.0
29143.5
29167.801
28895.633
28843.199
28670.699
28242.0
28824.768
28860.0
28457.566
29322.334
29205.166
29357.467
29293.699
28971.4
29445.1
29177.467
28814.166
28248.732
28703.633
28784.0
27987.434
27217.732
26674.033
26046.334
25549.967
25012.801
24752.301
24310.133
23912.367
24722.666
25160.9
25205.6
25708.367
26296.801
27324.699
27100.732
27494.232
27414.6
27481.1
27676.199
27158.367
26933.533
27096.5
27012.533
26618.232
26618.666
26801.834
27105.533
27010.232
26826.334
27263.633
27104.0
27298.834
27121.066
27539.633
27408.533
26963.9
27331.666
27151.301
26820.4
26427.166
26037.4
26163.768
26238.467
26326.9
26578.066
26466.232
26807.199
26980.434
26766.0
27059.232
27497.801
27172.367
26866.666
27232.1
27299.732
27231.967
27285.732
27203.1
26811.666
26696.768
26724.0
26978.566
26859.268
26210.367
26617.467
26590.166
26868.0
26724.232
26546.268
26653.834
26763.0
27051.9
26625.0
26816.9
27106.334
26651.768
26873.268
26913.367
26910.6
26428.033
26508.533
26494.434
26566.334
26638.566
26544.666
26516.566
26493.268
25982.5
26311.133
26129.699
26382.666
25917.967
26218.934
26796.834
26465.6
26783.768
26787.801
26717.566
27057.732
26804.834
26873.4
26924.301
26866.199
27061.434
26821.801
27058.1
26741.268
27001.768
26746.0
27251.967
26631.732
26774.434
26494.334
26808.033
26884.066
26515.9
26351.4
26520.967
26438.268
26465.232
26543.666
26641.1
26660.133
26609.232
26549.467
26550.566
26275.533
25961.566
25813.133
26074.5
25657.533
25358.9
25470.732
25904.232
25877.533
25395.768
25453.467
25826.9
25623.133
25298.967
25122.801
25488.166
25278.801
24962.699
24538.4
24890.033
24966.4
24977.834
25135.533
25103.768
25110.533
24600.434
24790.066
24513.834
24457.801
23757.033
23700.199
23790.9
23434.867
23479.566
22816.066
23185.768
22943.467
22474.166
21824.666
21724.033
21880.732
21797.434
21291.199
21577.834
21441.801
21613.1
21685.268
22233.1
22563.6
23128.301
23704.6
23844.301
23978.334
23942.033
24272.4
24079.834
23709.334
23812.566
23605.533
23900.033
23660.6
23910.9
23934.732
24271.566
24210.867
24347.967
24232.867
24692.699
24556.666
24263.232
24540.732
24817.834
24620.666
24390.5
24165.066
24500.166
24455.199
24186.434
24169.4
24288.232
24299.732
24624.166
23845.533
24396.967
24395.268
24425.699
24247.6
24497.566
24287.334
23979.768
23972.268
24119.699
24324.066
23683.566
23585.6
23798.699
23582.199
23475.1
23682.666
23757.434
23535.334
23408.1
23228.867
23218.301
23222.801
23357.367
23294.533
23293.834
23192.533
23273.166
23171.801
23113.367
23043.133
22899.301
22410.199
22821.033
22376.934
22499.699
22514.467
22617.699
22382.666
22556.367
22450.133
22516.768
22785.6
22553.434
22844.334
22737.301
22892.4
22656.699
22117.268
22236.834
21935.066
21777.367
21992.133
21902.967
21816.934
21826.301
21774.4
22262.633
22699.533
22316.232
22753.467
22846.699
22626.867
22735.301
22470.066
22743.834
22834.801
23029.9
23128.801
23248.768
23562.334
23429.367
23707.801
24069.967
24299.801
23774.232
23615.199
23989.5
24464.199
24207.5
24691.867
24833.9
25257.666
25029.434
25110.934
25106.699
24944.467
24369.166
23524.533
23127.301
22808.0
22592.566
22367.533
22213.633
22244.6
22136.033
22020.666
22241.566
22115.801
22161.232
22125.133
22459.834
22251.666
22161.166
21883.268
21946.301
22117.934
21717.967
21959.867
21900.566
22084.066
22055.768
22107.666
22245.768
22438.133
22076.9
22194.334
22555.367
22362.4
21890.5
22164.533
22509.834
22363.732
21998.301
22222.533
22507.834
21987.133
22420.1
21768.4
22151.367
21835.801
21653.768
21784.732
21669.834
21748.6
21503.434
20987.268
21693.566
21760.732
21464.434
21452.4
21672.834
21526.867
21843.1
21305.467
21500.301
21560.467
21663.5
21647.533
21786.232
21488.6
21633.699
21746.199
21988.434
21601.199
21250.768
21282.0
21536.166
21653.066
21346.434
21429.4
21402.699
21566.867
21268.699
21362.334
21378.301
21319.133
20929.768
20742.801
21330.5
21027.801
20567.768
20483.666
20867.768
20456.467
20424.633
20543.934
20745.768
20410.199
19403.033
20096.732
20489.5
20041.732
20009.566
19612.268
19863.301
19902.6
20182.367
20185.268
20112.033
19893.0
19939.1
19971.133
19556.566
19433.066
19044.1
19326.066
19004.434
19385.133
19015.566
19078.066
20289.301
20094.934
20071.834
20622.801
20423.768
20432.0
19891.834
19641.467
19411.834
19418.801
19165.834
19205.334
19345.633
19535.0
19238.434
19531.934
20166.166
19742.666
19288.434
19662.066
19951.699
19945.801
19633.232
19783.6
19927.301
19573.334
19292.166
18960.533
19352.033
18926.801
18859.699
18403.666
18529.699
18553.666
18012.301
17577.199
17594.566
16466.6
15891.366
15216.866
15418.967
15457.267
15521.5
15674.934
16313.033
17025.199
17400.301
17411.268
17613.967
18176.867
18680.5
18541.066
18241.301
18715.934
18628.9
18687.199
18713.5
18367.801
18097.834
17943.334
18428.301
18362.867
17931.1
18563.199
18495.434
18650.934
18755.434
18615.133
18732.9
18736.533
18484.9
18642.066
18714.166
18867.268
18456.166
18494.934
18887.5
18983.199
18834.5
18850.867
19038.834
19017.334
18888.232
18416.666
18889.967
18873.533
18517.5
18341.934
18644.633
18760.666
18585.699
18147.934
18449.301
18718.6
18091.5
18715.0
18873.166
18798.533
19219.232
18928.666
19013.566
18997.867
18806.834
18901.533
18905.1
18869.334
18532.232
18583.334
18682.033
18707.0
18604.967
18670.801
18889.166
18896.0
18655.768
18412.6
18720.768
18586.867
18795.5
18360.066
18875.5
18716.533
18892.301
18835.268
18953.033
18886.0
18438.566
18171.867
18737.967
18611.867
18789.768
18388.066
18413.1
18478.066
18379.834
18657.732
18491.834
18431.867
17942.834
17976.801
18074.967
18305.0
17471.033
17778.4
18017.633
18006.0
17826.1
17694.732
18087.166
18014.801
17758.434
17920.801
18015.166
18186.801
17475.566
17714.133
18170.434
18222.533
17899.768
17772.666
17888.699
18058.4
17685.434
17738.066
17913.566
17806.268
17272.033
17585.934
17594.834
17433.867
17388.566
17522.4
17242.566
17936.867
17314.166
17223.467
17377.166
17423.066
17280.1
16748.934
17276.633
17350.0
17025.232
16767.066
17228.1
17155.133
17018.834
16492.6
17103.434
17059.199
16984.9
17056.467
16708.434
17017.199
16882.166
16425.934
16712.233
16575.8
16595.7
16107.134
16533.366
16435.8
15861.167
15538.333
16337.1
16152.4
15947.366
15810.0
16100.5
15949.6
15644.366
15568.6
16207.1
15914.866
15740.5
15596.8
16062.233
15676.467
15485.566
15419.8
15998.7
15818.066
15566.833
15554.934
15710.9
15420.667
15099.1
14775.134
15287.833
15331.8
15271.833
15543.733
15633.033
15538.2
14926.033
15588.6
15384.033
15313.533
15268.434
15152.066
15118.9
15255.733
14719.366
14635.134
13955.566
13131.0
12299.833
11503.267
11031.366
10848.866
10781.767
10788.0
11768.233
12312.8
12593.634
13077.4
13396.967
13447.4
13506.434
13413.934
13545.1
12967.134
12988.634
12257.0
13313.5
13222.0
13010.7
12967.066
13396.9
13624.0
13771.967
13495.066
13896.233
14149.6
13785.566
13834.0
14266.9
14220.134
14281.366
14369.2
14486.7
14432.866
14180.9
13771.066
14597.3
14293.934
14186.5
13698.6
14340.366
14422.134
14143.233
14303.733
14291.967
13807.066
13901.3
13612.333
14201.366
14074.066
13934.833
13911.4
14045.7
14319.6
13924.434
14439.533
14394.366
14471.333
14445.1
14051.0
14760.3
14760.866
14425.566
14656.267
15428.033
15209.333
14988.634
15503.267
15759.767
15440.533
15228.233
15345.2
15050.1
15168.934
14676.9
14805.4
15004.5
14891.066
14783.033
15160.733
14748.5
14813.134
14143.634
13996.533
14898.967
14726.4
14656.233
14791.866
14626.767
14692.467
14785.3
14494.0
14542.1
14525.0
14489.366
14413.134
14657.5
14361.6
14464.366
14322.2
14731.9
14453.4
14581.167
14476.467
14863.033
14449.8
14536.833
14495.667
14774.9
15079.533
15151.233
15025.733
14978.833
14877.934
14731.5
14982.733
15098.1
15168.8
15161.233
14814.0
15428.767
15285.4
15213.167
14718.2
15225.5
15129.267
14955.5
14848.134
14992.967
15151.467
15285.566
15160.467
15280.033
15041.0
15156.167
15342.667
15075.566
15196.267
15114.833
14899.733
15041.833
15131.533
14880.967
14847.6
15019.634
15275.733
14384.1
15132.267
15206.9
15110.2
14424.566
14782.333
15100.033
15219.066
15067.434
15083.733
15041.366
15184.267
14894.434
14776.934
15174.366
14941.6
15034.9
14740.267
14985.833
15060.066
14744.967
14682.467
14987.233
14603.2
14630.167
14491.2
14813.434
14652.134
14345.967
14632.6
14618.033
14382.267
14522.9
14628.134
14449.833
14419.866
14213.833
14225.066
14525.434
14202.066
14324.3
13961.8
14052.5
14063.733
13905.7
14013.6
13837.833
13741.467
13688.833
13628.134
13872.5
13811.467
13720.833
12743.134
12915.434
12706.134
12394.434
11642.6
11412.634
11303.2
10860.366
10158.533
10734.3
10585.866
9878.967
10341.934
10350.5
10005.467
10139.9
9758.134
9903.634
9691.267
9366.5
9505.934
9739.5
9611.267
9775.434
8468.866
9254.566
9337.333
8879.7
9234.733
9554.5
9703.4
9608.9
10142.934
10496.967
10657.6
10931.5
11374.733
11422.434
11311.866
11423.366
11238.0
11239.634
11408.733
11373.5
10840.134
11241.233
10987.0
10539.566
9872.667
10149.167
9930.134
9559.033
9430.8
9296.167
9373.667
9273.366
9138.4
9551.566
9547.333
9365.233
9323.533
9450.3
9297.667
9210.167
9147.333
9530.5
9333.8
9055.767
9488.134
9840.7
9678.134
9435.967
9618.6
9615.233
9696.066
9650.566
9490.4
9500.233
9156.866
8613.9
9127.267
9055.366
9253.667
9436.767
9084.333
9702.434
9580.4
8877.967
9113.733
9246.7
9040.934
9073.3
9306.8
9484.967
9456.267
9590.767
9556.733
9692.634
9550.667
9469.5
9147.8
9404.566
9519.467
9291.967
9292.4
9536.767
9419.333
9258.767
9827.0
9898.967
10116.267
9744.3
10007.333
10288.566
10256.6
10502.233
9779.467
10295.767
10184.333
10377.1
9999.866
10691.767
10477.667
10677.767
10281.333
10850.967
10777.467
10436.167
10240.467
10435.634
10194.2
10148.9
10354.866
10325.434
10193.2
9883.767
9837.733
10101.833
10222.2
10088.967
10247.333
10195.3
10054.4
9857.434
10110.2
10255.033
10151.2
10424.5
9886.467
10217.1
10498.267
10461.366
10182.934
10213.967
9808.667
9544.9
9989.134
9905.833
10000.934
9200.566
9759.333
10049.566
9893.533
9643.5
9981.066
10232.434
9870.866
10019.634
9888.066
10144.566
9808.0
9548.233
9526.2
9891.5
9861.934
9422.434
9714.267
9690.9
9878.333
9691.9
9746.866
9828.7
9695.6
9490.9
9739.667
9869.7
9799.866
9674.366
9995.467
9755.634
9826.667
9736.634
9569.066
9765.3
9762.2
9579.233
9466.667
9555.033
9604.0
9301.434
9219.934
9706.967
9690.0
9392.967
9441.333
9720.767
9717.4
9283.033
9338.6
9575.9
9333.6
9156.366
9541.066
9529.767
9326.866
9516.767
9324.267
9412.233
9339.333
9076.833
8726.934
9434.9
9082.467
9298.7
9109.2
9227.767
9036.134
9027.167
8839.066
9202.5
9073.733
8979.5
8711.333
8980.1
9028.6
8872.9
8796.4
9078.9
9055.066
8537.634
8711.134
9043.7
9020.533
8308.167
8500.733
8903.366
8870.6
8757.634
8449.866
8967.9
8895.267
8794.033
8557.733
8737.434
8544.267
8427.634
8582.533
8728.967
8540.533
8374.366
8435.8
8856.167
8861.667
8650.366
8365.2
8511.967
8581.066
8417.033
8233.733
8587.167
8492.866
8484.967
8160.0
8370.167000000001
8457.667
8425.3
8234.2
8452.9
8256.467
8675.967
7966.267
8419.767
8316.667000000001
8096.033
7706.6
8398.033
8350.133
8367.567
8075.933
8157.1
8025.333
8126.433
8262.133
8553.167000000001
7759.467
8061.7
7832.133
8082.767
7497.8
7010.167
6340.933
6084.1
5219.333
4386.033
3782.6
3156.9
2421.867
2077.167
1423.467
1731.567
1629.733
1327.433
1483.333
2328.167
2511.667
2495.767
3477.2
4017.033
4298.067
4604.3
3954.3999999999996
4706.967
4316.533
4113.367
3747.267
3519.433
3592.667
3293.433
3058.0
3446.367
3511.933
3488.233
3291.533
4017.967
3821.933
3876.567
4485.6
4544.1
4769.333
4476.1
4986.4
5174.1
5167.733
5202.1
5482.067
5795.833
5849.267
5423.9
5696.267
6253.567
6294.267
5867.033
6390.867
6677.3
6828.533
6729.433
6757.8
7219.3
7223.467
6616.1
6744.667
7433.5
7528.0
7358.567
7093.8
7635.433
7464.133
7280.167
7275.733
7777.633
7565.667
6706.233
7575.333
7721.633
7820.8
7485.433
7264.0
7774.5
7677.933
7501.233
7432.867
7572.7
7680.533
7276.567
7132.133
8050.367
7652.067
7421.833
7469.267
7797.967
7687.867
7542.833
7496.533
7744.1
7664.733
7505.967
7488.133
7797.3
7747.733
7603.633
7524.867
7810.9
7751.133
7171.367
7402.2
7738.567
7636.867
7296.1
7212.4
7640.167
7512.733
7558.833
7321.133
7584.367
7698.467
7388.7
6942.6
7718.367
7615.6
7619.967
7426.333
7890.767
7639.867
7473.9
7234.733
7716.967
7533.0
7082.567
6972.333
7580.633
7531.333
7534.367
6941.2
7635.7
7501.933
7358.833
7436.6
7620.833
7576.6
7389.633
7300.8
7829.567
7614.867
6772.833
7133.133
7736.567
7492.667
7493.5
7323.867
7719.567
7593.8
7144.1
6951.467
7532.9
7391.467
7373.167
7236.867
7563.167
7527.867
7385.033
6947.667
7578.233
7528.867
7170.367
6879.8
7447.3
7599.8
7303.7
7232.467
7563.367
7226.467
7172.033
7301.6
7291.5
7205.6
7051.767
6883.467
7442.833
7262.333
6932.833
6845.0
7313.3
7467.133
6752.767
6845.933
7319.1
7236.733
7252.7
7043.267
7239.5
7145.2
7090.033
6750.467
7367.033
7150.2
6865.033
6823.133
7188.233
7100.6
6928.833
6425.2
7069.367
7024.933
6889.167
6381.4
7129.567
6951.733
6453.633
6877.867
6938.567
6836.933
6400.967
6532.267
6648.9
6771.6
6505.7
6478.267
6740.233
6537.067
6530.833
6344.6
6666.1
6705.467
6227.1
6163.533
6682.167
6654.0
6376.3
6321.667
6374.3
6584.8
6142.9
6325.2
6369.167
6416.133
6235.3
6001.6
6562.167
6437.067
6076.7
5754.733
6304.167
6515.067
6327.233
6073.667
6424.5
6410.6
5733.7
6121.467
6564.167
6215.467
6015.9
6104.267
6306.833
6328.533
5962.7
5825.467
6203.433
6294.933
6082.567
5927.733
6221.3
6032.0
5710.967
5451.533
6085.633
5926.133
6163.233
5701.467
6210.433
6139.8
5672.767
5723.133
6226.167
6064.667
5855.033
5936.067
6200.833
6123.067
5732.7
5673.667
6244.7
6010.533
5869.9
5916.267
6173.567
6020.2
5574.033
5471.4
5832.633
5787.067
5299.5
5410.333
5871.367
5714.667
5866.3
5525.067
5888.767
5728.933
5933.567
5559.267
5802.5
5725.2
5364.767
5362.0
5816.633
5701.867
5219.1
4720.2
5659.5
5687.467
5248.767
5438.467
5667.767
5465.2
5350.433
5314.667
5676.1
5471.533
5300.167
4948.933
5531.767
5591.133
4874.967
5061.8
5650.367
5442.2
5198.3
5000.733
5603.3
5600.6
5482.767
5087.067
5645.767
5567.733
5495.9
5386.2
5579.7
5460.6
4216.7
4729.0
5487.7
5563.067
5193.1
4925.667
5455.167
5582.933
4919.767
4940.0
5320.567
5329.6
4813.767
4867.267
5373.167
5318.933
4670.833
4645.667
5200.567
5150.2
4898.433
4903.6
5128.833
5045.467
4632.633
5020.0
5097.767
5100.733
4593.233
4825.267
5170.1
4948.8
4451.5
4365.8
4970.367
4953.333
4790.9
4211.133
5015.567
4870.533
4217.433
4317.0
