262.017
75.667
-140.917
150.667
441.08299999999997
137.067
200.55
236.333
226.15
260.133
114.417
-163.46699999999998
208.017
210.13299999999998
15.417000000000002
-27.0
342.483
1.7999999999999972
51.683
366.067
415.683
188.8
462.55
145.867
272.15
198.4
219.55
-118.8
194.21699999999998
203.8
328.15
19.933000000000007
273.883
199.46699999999998
238.75
24.599999999999994
555.617
477.733
91.217
-59.8
242.817
123.4
-9.382999999999996
180.667
194.75
233.0
141.817
233.733
209.28300000000002
242.333
-42.983000000000004
38.867000000000004
611.683
283.733
-17.849999999999994
-256.2
430.75
436.533
32.150000000000006
39.266999999999996
372.217
435.133
379.41700000000003
235.733
410.017
374.33299999999997
144.21699999999998
316.733
383.55
393.2
318.55
-132.667
435.08299999999997
287.133
26.816999999999993
71.067
382.35
186.53300000000002
134.683
70.6
296.35
493.0
198.75
59.533
229.75
344.533
28.950000000000003
18.333
239.88299999999998
204.667
489.35
-1.5999999999999943
171.35
216.13299999999998
335.55
-59.06699999999999
187.75
262.533
182.21699999999998
99.667
412.217
354.067
-235.25
32.132999999999996
399.217
309.133
219.35
208.667
463.55
290.133
-0.38299999999999557
275.4
97.55
322.6
240.883
277.533
401.017
288.867
550.75
-222.2
317.617
368.733
106.95
358.0
377.75
457.133
248.683
100.933
345.017
242.0
-68.183
111.333
329.75
305.33299999999997
120.883
12.266999999999996
408.017
441.8
46.217
-240.267
344.75
315.067
92.683
141.13299999999998
266.55
427.133
338.817
42.400000000000006
293.883
335.6
-290.91700000000003
-143.4
297.75
212.267
156.35
6.332999999999998
322.35
261.6
44.617000000000004
206.8
391.75
298.267
238.55
-108.867
456.41700000000003
411.2
419.95
161.4
480.883
266.33299999999997
156.75
339.467
400.75
73.867
365.15
-160.86700000000002
138.083
223.667
1.2830000000000013
358.867
579.217
420.267
157.15
-85.467
490.017
156.267
439.15
25.599999999999994
387.017
364.267
310.75
378.6
513.417
352.8
413.95
304.867
323.817
227.733
380.683
-352.867
374.883
360.66700000000003
167.55
141.067
133.417
324.33299999999997
472.41700000000003
180.267
238.15
301.467
115.017
-197.733
266.75
388.66700000000003
460.95
182.0
386.95
303.267
40.55
-318.8
425.883
241.53300000000002
-63.05
20.200000000000003
259.817
198.667
-1003.583
-93.267
115.75
265.4
233.017
-69.8
562.683
401.867
257.883
76.8
258.41700000000003
217.4
-126.117
430.467
521.95
272.867
-191.11700000000002
44.266999999999996
298.08299999999997
324.267
-121.517
345.2
370.683
257.33299999999997
386.55
340.2
327.017
411.4
234.817
178.333
363.75
246.8
400.617
33.733000000000004
391.683
429.8
326.883
-74.267
221.483
319.067
82.083
-284.267
358.617
345.267
244.483
-117.0
346.483
339.133
207.417
86.533
351.08299999999997
352.733
-159.183
205.933
322.75
65.933
-152.983
155.0
258.017
210.53300000000002
306.483
162.46699999999998
259.217
525.933
87.017
166.067
362.217
531.867
384.08299999999997
166.53300000000002
206.88299999999998
280.933
92.217
491.6
347.08299999999997
194.4
-164.38299999999998
100.133
195.88299999999998
278.0
250.617
-15.400000000000006
532.817
549.0
25.083
279.533
358.95
334.067
217.417
104.067
321.483
369.467
72.417
121.267
271.95
322.6
167.35
287.4
465.683
417.533
380.683
85.0
533.95
155.067
359.817
-165.933
342.95
150.667
-118.717
256.8
302.35
173.333
514.95
361.067
343.483
233.733
589.483
53.266999999999996
339.75
262.4
-79.583
235.333
593.55
376.4
502.08299999999997
-85.2
401.283
324.467
340.817
147.933
288.617
463.66700000000003
-106.38300000000001
178.6
552.017
277.2
78.35
109.333
292.017
308.267
448.883
135.2
594.95
497.267
644.817
393.86699999999996
629.017
440.267
159.15
259.0
297.483
507.0
675.417
100.06700000000001
605.283
498.267
438.15
589.267
508.15
408.4
258.15
542.6
378.88300000000004
661.0
5.88300000000001
175.333
452.217
438.6
445.15
294.0
767.95
439.8
595.417
429.4
579.683
549.667
566.883
192.067
888.417
361.6
460.55
398.8
736.417
421.933
587.283
481.467
468.95
716.3330000000001
631.0830000000001
512.4
452.883
725.133
488.083
313.667
806.4169999999999
608.8
481.15
434.733
423.15
526.3330000000001
642.55
507.333
726.4169999999999
624.933
406.017
358.667
501.683
610.0
492.017
385.267
731.55
310.6
579.35
307.067
514.483
414.667
584.283
673.3330000000001
557.95
304.933
609.283
799.4
285.283
702.3330000000001
551.4169999999999
599.733
619.35
598.4
435.483
776.6
968.017
476.067
491.217
1077.733
697.483
926.6
286.217
475.0
928.217
767.0
870.483
951.867
468.217
456.79999999999995
568.217
529.133
1071.35
891.067
367.15
850.733
722.55
964.8
984.75
814.867
725.217
1076.0
347.35
625.267
749.95
899.0
1215.55
1156.133
1064.217
1016.8
810.883
917.733
938.017
847.8
484.88300000000004
707.0
1044.35
879.6
1132.683
702.6
1197.283
1101.333
1182.283
1011.8
1163.75
1092.733
668.017
1143.133
1010.083
917.933
845.55
982.867
964.083
1092.2
994.95
773.667
1088.683
861.933
827.283
704.6
1164.75
1069.0
1004.15
1066.533
1163.217
930.133
929.75
832.2
1107.35
1143.733
1022.483
789.533
1276.817
1004.667
1046.15
1026.933
1168.95
1057.067
549.083
959.667
1026.283
1088.0
1110.217
1304.333
1422.017
1236.267
1249.483
1235.867
1356.55
1414.4
1241.883
1321.0
1310.817
1312.667
1474.617
1335.333
1702.75
1210.067
785.4169999999999
1058.533
1268.95
1557.467
1263.55
1361.933
1699.95
1507.8
1405.75
1359.267
1562.883
1626.4
1641.483
1368.067
1724.017
1404.333
1315.883
1243.467
1299.95
1252.067
1561.683
917.3330000000001
1299.217
1413.067
1631.683
1260.333
1558.417
1449.533
1645.75
1469.8
1528.55
1618.467
1595.483
1515.0
1802.15
1377.4
1904.817
1655.0
1680.95
1609.0
1498.217
1712.267
1951.083
1335.733
1438.017
1744.133
1967.217
1696.4
1780.683
1541.4
1610.15
1508.867
1579.15
1702.2
1633.883
1947.733
2173.817
1459.067
2041.75
2012.933
1879.283
1828.067
1885.683
1758.667
1711.017
2019.267
1955.083
1756.667
1564.95
1685.933
1631.217
1612.867
1914.15
1803.0
1924.817
2134.733
1931.35
2066.867
2281.15
1997.2
2319.75
2155.733
2491.683
2258.933
2091.617
2335.4
2318.883
2254.067
2058.817
2208.267
2043.15
2110.867
1998.817
2193.933
2163.483
1979.2
1684.417
1948.533
1897.95
1920.6
1710.217
1672.933
1938.483
1707.533
1661.017
1370.467
2008.35
1568.533
1893.883
1868.467
2035.417
2474.067
2223.017
2477.667
2319.217
2488.133
2631.75
2249.333
2454.817
2433.867
2170.683
2112.0
2390.75
2218.867
2478.483
2067.333
2323.417
2372.267
2318.283
2495.733
2424.817
2456.333
2611.017
2559.733
2605.35
2625.933
2531.95
2257.4
2574.95
2625.933
2464.35
2705.133
2792.15
2675.667
2548.55
2273.133
2770.15
2655.467
2930.95
3191.667
3222.883
3567.267
3536.817
3411.267
3336.75
3277.933
3384.283
2993.733
3548.55
3240.267
3392.95
3326.4
3555.75
3073.467
3232.217
3377.667
3260.55
3286.933
3074.417
2793.267
3378.15
3467.6
3333.95
3483.533
3631.15
3604.667
3492.75
3255.867
3632.483
3587.133
3079.75
3316.867
3291.95
3499.533
3336.217
3553.6
3731.15
3512.733
3391.617
2881.333
3190.817
3294.667
3348.617
3058.2
3463.75
3158.867
3227.817
3029.333
2970.35
2929.333
2843.75
2907.733
2931.15
3046.4
2828.75
2966.2
2745.683
2917.267
3011.15
3089.8
3354.75
3527.533
3604.217
3761.533
3566.817
3676.533
3258.483
3761.733
3528.683
3539.467
4035.55
3706.733
4373.617
4368.3330000000005
4264.417
4469.0
5037.35
4510.267
4676.283
4154.533
4359.617
4281.133
3923.15
3702.6
3768.15
3642.867
3411.683
3552.067
4036.617
3632.667
3886.883
3905.533
4372.283
4349.867
4503.817
4273.933
4123.55
3995.2
3683.883
3549.6
3677.35
3298.333
3176.55
3043.533
3138.083
3089.333
2507.617
2865.733
2854.817
2548.8
2224.75
2977.6
2995.417
3107.267
3368.15
3065.467
3871.35
4062.667
4125.4169999999995
3965.133
4042.217
3865.733
3515.883
3678.4
3591.817
3803.133
3756.883
3583.867
4128.15
3796.933
3972.75
3866.667
4021.75
3968.467
3904.283
3378.867
3960.483
3819.6
3969.083
3926.933
3812.217
3852.733
3854.617
3862.533
4516.35
4557.0
4514.55
4713.067
4880.017
4959.267
4978.417
4789.733
5134.217
4872.2
5259.817
4828.067
5296.283
5682.733
5013.283
5262.267
5372.95
5161.933
5151.283
4469.0
4395.083
3885.8
3689.35
2843.533
2746.95
2283.267
2134.083
2140.133
2644.683
2889.867
3188.283
3654.067
3943.283
4119.133
4380.217
4785.467
5053.55
5414.6
5289.017
5287.867
5472.55
4934.4
4825.35
4595.6
4253.75
3534.267
3312.15
3026.8
3012.417
3340.933
3464.617
3957.8
4751.883
4972.8
5161.75
5949.867
6178.083
6246.067
6626.15
6327.4
7031.417
7034.6
7455.017
7144.133
7080.883
7500.933
7262.817
7321.2
7459.283
7323.067
7546.483
7368.133
7977.083
7782.867
7906.083
7663.067
8145.95
7988.533
7830.217
7900.867
8398.75
8201.067
8132.083
7946.533
8099.417
7670.333
7748.75
7908.4
7987.683
8394.267
8170.683
8271.8
8308.75
8029.4
7737.083
7553.067
7746.15
8028.667
8187.55
8061.467
8057.017
8082.133
8031.817
7883.6
7853.55
7831.133
7647.617
7728.933
8202.483
7963.333
8125.883
7831.733
7979.15
8179.667
7982.817
8345.667000000001
8515.55
8502.533
8582.017
8673.0
8787.75
9079.533
9295.15
9105.333
9041.217
8983.134
8384.017
7886.133
8057.75
8015.867
7937.483
7837.8
8117.55
8362.332999999999
8461.217
9055.267
9012.616
9563.2
9477.35
9512.066
9510.884
9895.467
9260.816
9422.267
9843.417
9386.0
9443.55
9650.333
9624.483
9437.2
10045.083
9497.6
9848.483
9766.6
9677.283
9418.134
9682.217
9542.333
9581.884
9031.066
9617.483
9495.4
9445.217
9054.134
9456.017
9791.8
9980.217
9598.267
9903.816
9973.4
9784.15
9801.333
9725.083
8810.333
9242.083
9279.6
9401.483
8889.066
9490.684
9302.4
9423.95
9124.333
9084.283
9443.667
9580.417
9508.8
9581.483
9373.866
9130.483
9129.6
8543.884
8813.6
9508.75
9245.8
9400.75
9737.934
10017.35
10093.066
10272.95
9943.267
10066.083
10183.934
10140.017
9717.733
9587.417
9097.733
9274.35
8568.066
9191.217
9409.066
9048.884
9071.4
9826.884
9816.267
9294.75
9361.267
10102.684
10273.733
10023.217
9836.066
9934.283
9994.667
9765.884
9704.4
9913.15
9751.2
10000.616
10273.134
9944.95
10204.134
10458.483
9619.667
9881.684
9753.8
9375.483
9679.0
9010.417
9270.934
9289.083
10174.333
10129.217
9943.467
9939.684
9535.866
9781.95
9749.333
10072.95
9736.8
9513.083
8998.2
8881.017
8585.667
8260.95
8186.8
7635.083
7518.733
7527.15
7510.2
7991.683
8355.4
9249.15
9781.0
10777.217
10929.934
11858.217
11069.934
10587.35
11024.6
10882.483
10751.066
11448.017
11537.066
11718.684
11606.934
11498.55
10922.8
10525.083
10153.4
10425.483
10317.4
11530.75
11004.4
11606.35
11674.733
11989.15
12000.6
11643.283
12386.4
12482.95
13081.733
12951.35
13067.733
13311.616
13651.667
12691.483
12876.066
12299.616
12588.533
12554.417
12966.866
12444.95
12258.267
11851.35
11669.8
11904.55
11646.467
10798.017
11655.333
11506.35
12240.934
12459.283
12463.934
13322.083
12967.8
12624.55
12918.267
12924.95
12711.134
12667.15
12819.866
13269.816
13631.134
13698.483
13338.134
13483.75
15017.8
13820.684
13863.667
14122.616
13536.0
14069.15
14058.4
14680.017
14119.267
13592.816
13932.934
14160.884
14062.866
13558.417
13467.533
14543.616
14969.866
14622.55
14018.866
14385.017
14191.467
14013.884
13224.667
14117.35
13960.533
13586.35
12975.733
13496.95
13800.0
13776.75
13372.467
14361.55
14386.6
14163.684
14564.8
14717.35
15401.733
14735.217
14562.8
15152.95
14713.533
14973.616
14191.4
14518.083
15185.667
14726.083
14900.333
14880.95
14512.467
14707.483
15109.4
15721.95
15447.066
15408.684
15597.866
15446.684
15865.8
16312.217
15855.134
15844.283
15454.866
15445.283
14963.467
15443.483
15047.4
15391.417
14764.2
14375.017
14616.533
14498.55
14222.6
14830.95
14330.866
14433.483
14575.134
14521.55
14589.4
14446.884
15002.533
15481.017
15819.066
15014.816
15069.134
15170.95
14611.066
15377.217
15025.533
15572.083
15606.733
15904.816
15902.2
16088.816
16289.733
15757.616
15324.6
16919.816
16349.267
16240.017
16483.334
16722.35
15595.066
16284.417
15553.066
16533.483
16281.4
15576.15
16071.467
16547.95
16274.533
16381.35
17310.867
16727.217
16171.066
15998.616
15784.4
15665.35
16205.866
16843.018
16764.733
17420.949
17545.467
17886.217
17427.4
17460.084
17849.533
17619.084
17603.467
17604.217
17708.801
18111.684
17757.0
18462.217
18239.066
18419.816
18818.6
18671.883
18632.666
18123.75
18291.867
18551.416
18167.6
18006.35
17845.533
18496.084
18210.4
19176.15
18427.066
18076.416
18565.0
18670.883
19341.6
19400.949
19547.334
18956.217
19216.732
18731.883
18941.6
18647.551
19039.666
19294.416
21047.867
19415.084
20252.666
20575.35
20726.934
20187.084
21462.4
20934.217
21247.533
21914.75
22622.867
21443.617
21984.934
21427.283
21721.199
23317.084
21883.6
22004.283
21247.199
21176.15
21335.732
21957.15
21806.6
22317.684
23038.0
22418.15
23218.066
23884.482
24515.867
24542.283
24688.533
25452.416
26139.4
25496.949
24212.867
25011.75
25183.268
24497.084
25020.199
25633.416
25676.732
25468.883
25986.0
26565.482
25887.066
27343.75
27992.133
27583.217
27026.4
28096.084
27931.867
27975.15
27681.801
27994.35
28105.801
27881.283
27964.467
27544.217
27836.334
28711.018
29414.133
29831.617
30149.0
31470.75
31757.334
31157.684
31804.801
31871.416
31602.4
31679.35
30686.533
31647.949
30841.0
30816.15
32470.666
32979.416
33284.0
33394.016
33559.398
34302.418
33451.0
33718.352
33175.535
33450.551
33724.398
33175.617
33877.266
34604.684
34939.734
35082.551
35269.066
35661.617
35676.066
35110.883
35390.0
35222.016
35367.734
34698.148
35264.465
35363.551
35511.934
35919.949
35495.0
35358.148
35594.133
35662.148
35667.332
35752.215
36120.266
35801.285
36000.535
36223.215
36003.199
34889.75
34426.465
32678.217
31387.934
30486.482
30108.334
30027.283
30547.6
30451.084
31782.934
33391.551
33934.332
34539.75
34662.199
34955.082
35833.398
36895.484
36497.0
37193.816
37289.199
36990.816
36175.602
35866.016
36115.535
36714.816
37002.934
37452.949
38100.535
38980.215
39444.332
39575.816
39646.535
38883.949
38733.465
38245.617
38569.602
38576.082
38604.867
38508.285
37863.535
37497.418
37233.668
36740.617
36806.0
37076.082
36849.066
38323.617
38616.332
38883.949
39549.535
39796.148
38956.332
39140.551
38720.266
38805.883
39174.133
39491.082
39922.332
40987.816
40805.734
41371.617
40933.602
40892.551
40480.934
39738.816
39936.734
39857.484
40004.0
39796.617
40064.535
40656.148
40944.801
40474.75
40516.734
41670.148
41068.199
41427.551
40695.465
41279.551
40744.734
39819.082
39294.266
38981.082
38850.867
39089.684
39385.734
39799.484
40964.535
40675.75
41551.867
40980.617
40968.066
40766.949
40322.0
40006.949
39606.867
38894.883
39120.602
39081.082
38851.0
39098.148
39022.398
38743.285
38851.867
38717.551
38861.734
39399.484
39811.801
39777.418
40300.535
41016.418
41242.934
41131.484
41425.668
41174.285
41086.535
40275.352
39886.867
39338.285
39653.602
40117.285
39914.0
40731.684
41060.465
41778.215
42052.668
41989.285
41872.0
42702.883
43031.867
43589.883
43667.0
43257.949
43158.535
42894.949
42853.199
42159.148
41947.0
42036.016
42063.867
41717.816
41619.801
40724.148
41383.266
40923.418
41345.332
41265.418
42197.535
42729.215
43357.0
43711.418
44042.867
43127.484
43224.934
42639.418
42735.668
43082.285
42774.668
42749.75
42350.332
42770.75
43102.602
43162.016
43364.0
43368.285
43863.801
44291.016
45192.332
44377.016
44291.398
43503.883
43562.867
42760.883
42803.465
42655.551
42403.602
43027.082
43171.398
41329.352
42535.668
42466.418
42069.199
42291.816
42052.465
41896.949
42147.934
42744.418
43124.066
43099.883
42990.398
43159.215
43897.465
43932.484
44223.867
43964.75
43476.535
42068.016
40481.398
39695.484
38176.734
36468.352
35973.332
36655.285
37675.398
40065.082
40743.0
40069.418
40185.668
40380.883
39821.398
40272.949
39743.0
39246.949
40148.398
41406.215
42389.535
42247.484
42693.398
42829.75
43380.934
44184.75
43693.465
43637.148
43718.801
42805.418
43277.066
43782.016
43856.332
43600.684
44486.734
44913.082
44911.199
44966.551
44225.602
44145.75
43805.801
44040.684
43703.734
42936.684
42766.734
42231.75
43342.602
44102.551
44811.0
44473.285
45179.535
46173.215
46445.266
45927.949
45497.398
45859.617
45211.332
45181.082
44460.734
45148.215
45745.734
45151.949
44846.734
44532.617
43418.734
42801.551
41178.535
39957.352
39546.0
39715.148
40029.602
40545.883
41792.867
42056.148
43347.133
43679.484
43745.332
44385.816
44609.801
45058.082
45197.734
45372.215
45890.465
46736.484
46092.465
45678.352
44783.133
44673.285
44563.398
44448.484
44458.867
44462.617
45178.332
46239.418
46231.266
46302.082
46271.465
46109.418
45850.398
45886.082
45906.465
44742.75
44150.266
43753.352
43060.465
42233.016
41820.734
42103.016
42369.801
42883.816
43271.668
43997.551
44065.398
43898.418
43685.602
43874.816
43578.199
43187.684
43297.668
43727.285
44289.133
44365.883
44444.602
44986.617
45544.465
45500.949
45599.734
45314.684
45127.066
44493.484
43732.066
43363.215
42483.332
41379.883
42786.0
42603.684
42982.535
43159.215
43847.535
43927.617
44306.734
43756.551
43837.668
44204.75
43704.199
43538.418
43348.801
43318.148
43008.0
42265.684
41791.398
41938.551
41969.332
41490.016
40806.668
41137.949
40940.867
40697.684
40682.266
40870.75
41206.734
41445.082
41943.867
42122.352
42565.734
42361.684
42166.602
42620.883
42600.602
41326.484
42163.535
41708.215
41742.066
41907.75
41329.398
41410.75
42254.0
42456.016
42825.066
42698.082
42878.465
42806.016
42494.066
42983.016
42521.465
41935.949
41846.867
42212.484
42628.199
42798.684
42087.602
42220.75
42119.867
41634.418
42008.332
42100.016
41966.266
41743.617
42004.934
41680.082
41898.801
41295.949
40995.734
40958.883
40921.066
41123.148
40689.0
41607.082
41818.0
42368.816
41672.266
41851.883
41926.734
42185.148
42035.734
41779.684
41925.398
41922.215
41728.867
41695.883
41762.398
41419.215
40936.066
41351.883
41491.668
41580.883
41562.066
41778.617
41790.199
41650.75
42015.535
42074.684
42319.602
41434.883
41047.535
41324.883
40748.332
40842.75
40569.535
41139.418
41679.199
41484.285
41325.398
41670.617
41604.332
41909.215
41752.668
41837.684
42117.0
41938.617
41860.332
42050.883
42101.332
42047.148
41860.535
41154.285
41367.066
40560.082
40760.801
40846.148
40815.332
40442.484
40553.066
40511.016
40428.801
40531.617
40879.602
40512.617
41120.867
40909.949
40830.133
40283.883
39900.934
39523.816
39661.668
39292.148
39256.535
38920.215
39585.332
39696.215
39808.734
39623.418
39251.934
40336.684
40541.266
40802.082
40916.398
41531.418
41645.734
40989.418
40802.668
40596.816
40641.602
39759.883
39914.199
40099.484
40101.066
40470.75
40411.934
40851.551
40836.668
40921.285
40648.934
40988.285
40662.465
40363.684
39799.066
40402.148
40533.398
39793.352
40593.668
40170.285
40522.199
40713.082
40234.266
40490.148
40163.602
39309.352
38824.801
39328.617
39117.934
38759.949
39217.332
39213.684
40231.535
39962.352
40611.734
40759.484
40452.133
40396.684
40746.668
41054.484
40546.398
39983.352
39811.535
39738.418
39187.465
38959.215
38896.0
39473.148
39487.199
39524.484
39410.398
40050.949
40110.734
39701.148
39469.934
39493.016
39145.801
38497.617
38013.867
38067.016
38107.332
37709.148
37993.066
38308.617
38898.602
39078.551
39234.199
39554.016
39738.066
40031.082
40032.535
40084.949
39940.066
39799.418
40286.465
39711.285
40135.266
39814.285
39400.133
39942.418
39818.867
39974.484
39649.668
39462.816
39396.535
39315.484
38839.0
38999.75
38680.668
38535.215
38813.734
38479.418
38283.133
38235.082
38185.734
38952.75
39188.266
38410.285
38544.934
39084.285
38966.199
38883.148
39414.734
38892.082
38607.398
38493.016
37768.668
38208.684
37455.133
37599.352
37490.934
37508.949
38060.734
37789.082
38139.066
38013.148
37972.066
38354.551
38301.465
38641.285
38562.199
38053.883
38166.266
38314.148
38522.934
37727.883
38060.0
38218.352
38277.0
37642.75
38103.535
38762.484
38423.867
38083.215
38939.668
39056.148
38911.266
38590.285
38175.734
38744.082
38303.535
38491.551
38436.0
38186.352
38314.398
38288.684
38069.133
38380.215
38128.066
37422.016
37656.602
37904.484
37759.398
37100.418
37156.602
36840.484
36691.668
36506.285
36086.133
36626.617
36685.133
36302.684
37247.332
37156.016
37380.266
37297.551
37001.734
37499.352
37224.266
36814.418
36349.465
36693.883
36836.398
35963.617
35140.465
34323.148
33611.465
33011.215
32389.133
31989.883
31424.066
30928.15
32008.867
32619.617
32669.066
33211.418
33937.668
35164.148
34936.934
35392.285
35273.199
35224.484
35408.934
34897.75
34722.934
34901.352
34800.0
34375.352
34456.133
34585.551
34821.867
34696.285
34490.602
34954.148
34795.066
34893.016
34712.602
35137.75
35022.867
34589.551
35104.266
34853.617
34563.535
34100.75
33785.332
33862.484
33830.668
33844.285
34079.535
33970.215
34338.266
34459.484
34303.801
34525.016
35016.734
34686.016
34390.867
34641.949
34827.934
34681.215
34815.332
34703.883
34291.133
34119.617
34109.734
34336.883
34232.332
33502.285
33887.266
33813.016
34094.133
33913.418
33733.398
33843.082
34023.734
34274.75
33873.602
34107.551
34363.734
33796.484
34107.801
34106.285
34014.066
33497.684
33594.535
33537.215
33596.066
33663.148
33603.332
33513.75
33481.602
32902.418
33203.266
32982.416
33277.734
32844.617
33167.535
33786.418
33400.535
33854.816
33777.199
33712.551
34102.0
33900.484
33963.0
33920.285
33860.734
34089.148
33861.199
34055.551
33734.199
34056.684
33762.867
34207.617
33604.734
33666.75
33460.535
33659.484
33849.801
33389.484
33222.133
33333.684
33385.734
33329.949
33399.535
33471.148
33586.332
33529.949
33433.332
33364.816
33031.602
32616.617
32561.732
32774.883
32237.199
31897.018
32090.0
32460.883
32461.666
31987.816
32044.732
32413.949
32189.199
31899.949
31650.4
31905.816
31706.133
31388.416
30891.666
31254.883
31342.334
31262.883
31553.199
31428.684
31446.801
30905.018
31089.066
30713.018
30643.934
29885.018
29767.066
29824.883
29385.6
29363.75
28719.801
29046.15
28766.6
28151.551
27441.6
27267.75
27434.533
27257.283
26672.732
26941.482
26858.6
27115.283
27199.4
27775.75
28193.066
28951.816
29678.133
29795.684
29954.334
30032.35
30249.066
30050.283
29694.801
29828.949
29573.732
29820.416
29554.133
29857.482
29986.334
30274.551
30223.801
30404.416
30331.666
30809.416
30663.199
30374.15
30647.666
30987.816
30735.133
30458.482
30219.732
30572.816
30483.133
30216.883
30139.4
30220.75
30301.066
30674.482
29871.4
30444.018
30407.133
30413.883
30282.533
30514.75
30282.934
29966.416
29963.801
30067.018
30220.066
29512.551
29424.334
29661.816
29372.199
29357.416
29464.0
29629.883
29381.666
29228.949
28945.334
28934.883
28927.4
29076.15
29008.467
28998.551
28900.133
28905.617
28836.133
28721.617
28733.801
28524.617
27923.199
28354.617
27918.133
28036.35
27993.199
28150.084
27853.867
28051.35
27978.4
27998.35
28374.801
28117.949
28460.533
28263.35
28516.867
28221.75
27669.066
27766.35
27533.066
27316.684
27580.867
27370.283
27366.533
27387.949
27352.867
27810.482
28308.732
27839.816
28397.334
28526.883
28245.666
28400.217
28094.4
28381.883
28507.732
28646.617
28860.268
28928.018
29288.6
29224.816
29566.732
29875.018
30218.4
29683.684
29579.268
29856.35
30409.801
30192.551
30692.533
30851.75
31269.867
31079.75
31224.268
31132.084
30867.533
30137.482
29162.133
28571.684
28316.801
28022.15
27747.133
27501.15
27523.467
27441.949
27302.934
27555.217
27433.732
27488.084
27424.533
27763.684
27532.066
27421.482
27102.6
27058.018
27319.867
26883.482
27176.066
27051.35
27280.801
27246.551
27333.268
27451.416
27629.0
27263.018
27440.732
27741.949
27588.801
27024.949
27390.934
27704.018
27538.533
27176.35
27448.666
27717.949
27135.4
27542.018
26882.666
27225.883
26905.066
26676.551
26823.867
26660.416
26734.666
26505.084
26016.801
26663.949
26777.801
26391.35
26422.0
26613.15
26427.801
26768.018
26223.0
26443.018
26501.133
26626.75
26552.066
26707.018
26538.334
26584.482
26736.867
26971.482
26531.867
26123.283
26131.268
26415.35
26536.801
26250.816
26386.467
26267.75
26446.867
26196.883
26200.666
26247.949
26170.4
25757.949
25528.533
26108.883
25862.867
25387.217
25277.066
25706.684
25292.066
25284.617
25371.801
25575.283
25234.666
24236.816
24933.4
25331.217
24946.934
24858.482
24448.934
24721.217
24792.0
25056.551
25070.199
24969.551
24679.4
24727.617
24751.6
24208.283
24076.4
23577.15
23884.6
23430.75
23915.066
23455.217
23599.666
24904.75
24725.934
24651.617
25309.867
25060.283
25075.334
24540.949
24244.533
24023.15
24049.4
23758.949
23833.467
23951.416
24084.732
23773.15
24096.867
24749.816
24277.533
23796.416
24125.533
24398.482
24482.133
24114.283
24240.0
24342.416
24024.666
23699.217
23392.867
23732.217
23244.801
23176.949
22744.334
22745.551
22828.334
22148.617
21744.334
21625.018
20250.732
19526.15
18716.533
18877.75
18921.666
18959.018
19208.268
19978.283
20819.6
21332.684
21396.467
21587.617
22268.533
22757.018
22650.4
22319.617
22857.666
22707.684
22855.467
22839.482
22452.666
22130.15
21997.0
22469.816
22379.666
21924.482
22622.934
22484.75
22712.199
22845.75
22698.533
22809.75
22810.801
22563.482
22655.934
22733.482
22985.666
22519.75
22529.066
22942.617
23045.268
22916.35
22975.334
23079.482
23092.133
22980.684
22479.334
22918.816
22875.801
22537.018
22353.533
22598.15
22764.0
22545.084
22144.066
22356.816
22702.867
22072.75
22703.0
22880.217
22775.268
23222.283
22945.334
23033.816
23005.732
22792.35
22957.199
22886.084
22835.867
22476.551
22536.066
22608.949
22671.199
22557.35
22644.133
22830.883
22862.934
22583.15
22391.199
22619.416
22508.467
22717.217
22271.4
22757.15
22611.066
22827.084
22786.4
22880.883
22849.6
22358.551
22079.4
22675.883
22495.268
22690.283
22275.467
22209.684
22313.533
22210.883
22539.268
22299.482
22258.334
21731.15
21729.0
21864.35
22094.066
21243.883
21534.334
21752.816
21763.801
21498.217
21393.334
21777.15
21728.4
21513.617
21635.0
21729.551
21922.268
21186.35
21395.801
21909.35
21931.0
21566.482
21451.801
21571.084
21757.199
21377.416
21396.666
21499.35
21428.0
20851.416
21170.467
21177.816
20999.867
20985.217
21070.199
20767.15
21571.4
20903.217
20788.6
20898.949
20965.4
20790.75
20271.6
20773.551
20851.467
20517.551
20263.133
20742.283
20589.0
20491.35
19963.133
20554.617
20488.533
20428.15
20473.334
20125.75
20377.867
20264.617
19799.268
20063.75
19908.066
19883.883
19426.934
19808.816
19751.199
19127.217
18817.867
19571.949
19364.199
19154.684
19074.533
19288.15
19167.268
18840.949
18763.334
19396.617
19125.066
18921.35
18789.533
19247.084
18854.533
18635.416
18570.6
19175.949
18941.801
18709.416
18696.934
18833.35
18554.666
18120.551
17798.0
18300.482
18416.467
18331.684
18573.334
18698.018
18629.268
18030.084
18665.066
18444.217
18368.334
18318.084
18238.934
18147.949
18311.666
17776.482
17636.6
16864.217
15988.333
15155.483
14321.0
13794.017
13547.866
13522.816
13537.6
14562.75
15188.2
15452.017
15949.333
16313.15
16380.866
16484.55
16397.4
16491.483
15904.667
15912.483
15178.866
16227.217
16190.0
15971.95
15929.8
16353.55
16561.8
16733.482
16465.133
16888.482
17173.934
16762.883
16883.867
17255.551
17245.934
17257.217
17392.0
17496.816
17458.199
17191.35
16833.268
17687.949
17412.268
17278.35
16868.533
17485.084
17601.0
17358.75
17538.066
17509.551
17022.801
17139.551
16805.268
17402.684
17285.533
17153.482
17103.199
17215.084
17478.732
17084.816
17629.334
17580.684
17650.467
17640.949
17199.0
17925.15
17923.467
17566.883
17801.4
18512.883
18324.533
18086.684
18684.666
18894.35
18582.066
18299.883
18417.801
18070.283
18238.133
17709.283
17882.6
18119.551
17962.066
17907.883
18318.934
17884.684
18006.666
17359.617
17204.4
18124.551
17942.6
17804.75
17976.732
17773.416
17878.0
17918.018
17608.0
17700.018
17673.066
17591.018
17567.732
17757.617
17458.934
17575.883
17417.199
17814.816
17550.4
17635.15
17569.268
18006.15
17565.467
17630.482
17542.666
17872.217
18157.334
18217.684
18110.467
18035.75
17937.934
17801.018
18031.4
18151.35
18277.066
18267.084
17898.268
18564.283
18392.268
18321.35
17832.334
18343.084
18250.334
17994.949
17908.0
18040.75
18210.6
18336.617
18221.334
18344.217
18061.0
18185.35
18373.467
18086.482
18196.4
18087.15
17983.199
18049.949
18176.934
17911.684
17855.801
18011.684
18240.133
17338.084
18076.934
18131.217
18054.732
17327.949
17740.133
18042.018
18162.867
17991.283
18004.732
17986.551
18180.268
17834.084
17743.0
18110.084
17869.867
17952.084
17647.268
17869.684
17929.801
17604.482
17563.801
17865.617
17449.268
17455.084
17269.133
17602.949
17505.268
17129.75
17457.0
17405.283
17211.268
17315.949
17434.133
17289.15
17243.801
17002.883
17055.467
17300.75
17009.867
17131.816
16743.6
16796.416
16834.133
16690.75
16773.4
16626.816
16546.066
16437.75
16394.8
16612.017
16584.2
16494.217
15502.8
15664.083
15481.934
15176.95
14437.134
14193.684
14118.066
13642.75
12963.6
13493.55
13352.333
12551.684
12992.866
12971.616
12561.733
12739.684
12278.733
12403.15
12232.4
11881.15
11970.2
12229.483
12148.066
12293.55
10996.667
11746.417
11842.533
11401.017
11750.2
12044.15
12203.733
12037.017
12575.134
12923.884
13071.333
13341.35
13802.533
13806.217
13712.2
13825.283
13614.066
13577.684
13760.134
13718.616
13186.667
13579.884
13364.8
12896.483
12241.2
12520.616
12255.0
11895.15
11768.6
11600.75
11676.267
11548.15
11447.667
11831.417
11844.467
11692.083
11652.467
11738.75
11582.667
11548.75
11435.066
11876.684
11655.134
11344.217
11818.467
12148.75
11988.2
11731.816
11915.533
11879.35
11980.667
11916.35
11753.134
11781.55
11478.4
10885.55
11411.467
11317.684
11517.533
11701.75
11323.333
11901.417
11790.333
11018.283
11286.866
11392.816
11229.467
11263.55
11536.866
11687.95
11672.533
11833.75
11807.267
11963.35
11781.333
11721.884
11352.667
11605.417
11728.267
11464.55
11505.066
11730.95
11677.066
11440.75
12001.0
12098.95
12265.467
11886.55
12140.733
12393.816
12412.134
12601.017
11872.667
12392.083
12254.733
12449.017
12087.533
12802.483
12576.0
12726.217
12402.733
12916.684
12894.6
12494.816
12273.6
12512.75
12282.6
12191.884
12436.066
12353.884
12223.467
11884.616
11848.533
12079.417
12269.134
12085.35
12275.934
12202.083
12062.934
11835.483
12116.866
12207.417
12145.4
12398.616
11846.667
12164.483
12428.667
12396.816
12089.934
12113.884
11703.533
11441.15
11895.267
11754.884
11850.0
11054.684
11579.467
11858.616
11770.333
11474.35
11813.733
12067.017
11710.934
11805.35
11682.667
11956.816
11605.333
11331.15
11285.6
11647.75
11598.4
11141.217
11470.066
11429.483
11587.0
11420.616
11482.333
11554.684
11441.267
11199.616
11444.667
11591.75
11529.866
11380.616
11734.134
11447.884
11568.934
11456.483
11275.333
11451.483
11440.333
11259.15
11138.934
11197.217
11283.267
10983.95
10869.0
11343.75
11350.667
11083.75
11103.0
11341.816
11372.6
10924.083
10994.4
11213.083
10994.267
10781.483
11193.667
11141.017
10945.4
11157.15
10924.866
11025.483
10955.333
10661.616
10299.2
10963.55
10636.333
10858.217
10707.4
10788.75
10604.6
10547.283
10384.6
10734.95
10627.866
10517.816
10240.134
10506.017
10574.6
10378.684
10352.066
10613.283
10590.333
10070.417
10243.2
10534.017
10475.866
9799.55
9979.533
10394.616
10333.2
10212.35
9918.267
10459.017
10367.267
10280.75
10040.667
10196.816
10019.866
9867.95
10050.267
10208.95
9987.267
9789.483
9894.333
10313.55
10313.066
10089.217
9815.0
9898.684
10040.733
9843.884
9711.0
10012.684
9942.6
9912.55
9598.8
9755.816
9868.467
9819.816
9661.8
9841.616
9671.267
10069.417
9375.134
9804.684
9742.2
9520.217
9082.333
9771.217
9761.333
9770.017
9452.4
9557.217
9394.4
9511.15
9640.134
9922.55
9117.2
9393.616
9195.2
9433.684
8819.6
8286.017
7565.267
7252.35
6348.8
5436.217
4754.267
4046.15
3249.4
2818.95
2147.2
2421.817
2325.467
2036.35
2244.267
3136.35
3357.667
3404.883
4464.667
5035.883
5378.667
5695.083
5093.867
5816.55
5419.533
5224.483
4820.733
4544.683
4632.2
4317.683
4090.3999999999996
4467.217
4561.933
4536.883
4335.133
5080.017
4900.667
4963.017
5598.467
5657.95
5912.267
5596.283
6155.6
6345.35
6334.533
6372.817
6652.133
6950.417
7032.467
6582.417
6892.2
7432.95
7495.667
7106.083
7595.8
7890.817
8051.133
7981.95
7990.267
8492.95
8442.733
7872.217
8017.200000000001
8703.15
8809.667
8600.884
8355.733
8884.217
8713.733
8530.217
8537.467
9014.816
8802.2
7971.0830000000005
8825.467
8978.884
9071.866
8741.816
8521.267
9043.483
8956.4
8765.884
8689.134
8844.417
8959.866
8532.55
8367.4
9294.55
8879.667
8664.017
8711.4
9012.35
8912.467
8792.083
8763.4
8964.816
8913.4
8746.283
8743.866
9018.017
9009.667
8866.35
8768.866
9083.283
8993.8
8429.55
8658.0
8967.95
8866.4
8520.884
8433.934
8843.283
8708.267
8763.217
8524.2
8771.95
8904.267
8605.483
8153.799999999999
8919.283
8842.134
8819.95
8638.934
9124.017
8875.066
8687.15
8447.2
8948.417
8734.2
8289.217
8168.4
8785.884
8727.2
8714.884
8114.134
8818.616
8695.267
8528.75
8636.4
8810.55
8784.733
8573.684
8530.8
9023.884
8839.267
7998.950000000001
8362.667
8945.15
8683.2
8661.417
8531.333
8892.55
8793.8
8358.884
8163.200000000001
8715.483
8567.733
8544.816
8422.267
8727.15
8726.6
8565.816
8133.0
8771.217
8737.0
8374.35
8051.467000000001
8635.15
8768.6
8459.35
8401.066
8724.55
8338.067
8310.35
8443.133
8438.617
8368.067
8215.55
8037.867
8598.617
8451.267
8045.217
8035.067
8465.883
8595.2
7888.017
7993.0
8462.15
8370.467
8420.082999999999
8178.733
8382.082999999999
8311.8
8233.35
7928.467
8522.817
8289.267
8003.417
7961.667
8327.817
8253.733
8058.35
7585.4
8220.683
8164.333
8039.217
7511.733
8267.217
8087.733
7617.817
8001.2
8056.55
7993.067
7545.683
7631.333
7797.95
7902.733
7631.283
7608.933
7872.883
7673.533
7667.017
7452.333
7769.683
7816.267
7332.017
7289.267
7775.483
7773.733
7475.55
7415.933
7465.417
7664.333
7225.017
7370.133
7429.017
7482.267
7294.95
7094.8
7639.817
7489.933
7129.15
6794.267
7380.883
7553.8
7348.683
7076.6
7417.35
7417.0
6750.283
7141.4
7547.483
7211.067
7002.817
7097.933
7326.217
7335.467
6966.55
6821.0
7209.617
7299.467
7119.017
6979.467
7266.35
7069.8
6762.35
6485.0
7120.883
6956.8
7176.617
6714.733
7213.217
7167.467
6664.483
6745.2
7224.15
7063.8
6862.017
6925.2
7172.217
7141.333
6700.15
6650.067
7239.483
6989.133
6860.817
6904.6
7139.75
6984.333
6557.35
6431.733
6806.417
6740.333
6237.35
6357.0
6811.083
6670.867
6835.683
6504.0
6849.683
6683.2
6889.217
6529.733
6759.35
6677.067
6303.817
6306.733
6752.683
6671.533
6139.75
5657.4
6582.683
6646.0
6178.35
6355.467
6611.683
6388.267
6259.083
6217.0
6586.283
6382.133
6196.017
5858.667
6417.217
6501.333
5758.217
5962.267
6501.283
6315.467
6046.017
5851.8
6462.217
6432.933
6349.417
5939.267
6515.483
6449.867
6375.617
6252.4
6440.883
6330.733
5079.017
5575.6
6340.083
6429.133
6031.683
5776.133
6287.017
6430.933
5750.883
5751.8
6174.35
6134.4
5657.017
5704.2
6187.617
6152.933
5491.95
5487.867
6029.083
5985.6
5730.683
5705.8
5918.017
5873.733
5447.55
5818.133
5910.083
5940.133
5415.75
5638.4
5989.017
5763.867
5299.817
5208.2
5799.35
5790.867
5602.883
5075.067
5833.217
5702.333
5018.617
5151.267
