261.16700000000003
73.2
-143.5
155.6
443.567
137.86700000000002
205.633
238.6
226.567
251.667
115.43299999999999
-164.4
205.1
211.13299999999998
19.833
-30.400000000000006
341.5
5.799999999999997
56.833
363.0
417.5
184.933
450.233
146.667
274.1
213.4
223.1
-119.133
183.767
197.267
320.433
24.867000000000004
275.5
189.733
233.9
27.066999999999993
555.167
469.933
86.7
-47.467
240.03300000000002
133.86700000000002
-23.900000000000006
190.067
192.3
236.267
145.567
230.86700000000002
206.36700000000002
244.733
-49.632999999999996
34.8
611.633
276.067
-13.632999999999996
-262.33299999999997
424.5
442.6
25.167
37.93300000000001
372.033
431.733
380.7
227.333
405.1
365.33299999999997
143.233
322.0
384.433
385.4
325.16700000000003
-139.6
437.233
285.8
31.233000000000004
76.133
369.433
194.6
126.43299999999999
67.8
300.033
498.6
196.7
68.267
236.167
343.0
21.833
14.332999999999998
234.833
201.8
484.233
4.400000000000006
184.96699999999998
210.067
329.967
-63.733000000000004
193.63299999999998
254.86700000000002
188.5
88.4
404.433
352.0
-237.567
31.933000000000007
397.033
301.733
208.03300000000002
210.46699999999998
465.033
289.133
-11.832999999999998
273.267
100.233
326.267
233.9
279.6
405.3
288.66700000000003
543.767
-230.13299999999998
325.367
373.0
110.833
360.133
385.7
450.4
250.433
102.133
336.033
240.333
-66.367
111.067
326.83299999999997
311.533
126.167
6.400000000000006
414.3
438.867
48.233000000000004
-245.933
347.567
317.133
71.767
144.0
267.1
420.8
326.7
42.733000000000004
284.967
330.867
-291.1
-137.733
296.033
210.2
148.5
-9.132999999999996
326.3
260.33299999999997
45.7
219.2
395.233
293.4
240.567
-106.933
450.16700000000003
407.867
424.16700000000003
154.8
474.767
280.533
149.633
346.267
407.233
79.467
361.5
-160.6
131.433
231.86700000000002
-10.366999999999997
360.33299999999997
582.167
414.8
153.167
-81.133
488.367
153.46699999999998
446.367
22.066999999999993
376.367
356.8
308.767
386.66700000000003
520.033
352.133
420.033
301.4
329.567
223.067
373.767
-349.067
385.367
362.8
168.767
140.0
130.63299999999998
322.533
459.767
177.067
240.767
304.4
113.5
-203.6
266.767
392.4
459.367
183.53300000000002
388.767
307.4
41.7
-318.267
433.633
237.733
-76.167
19.333
267.9
191.13299999999998
-1009.433
-91.333
118.033
273.467
233.5
-67.333
555.3
403.933
260.633
65.4
248.63299999999998
226.0
-119.633
430.0
517.7
273.8
-190.1
32.667
302.033
322.267
-115.567
342.933
369.433
263.2
388.16700000000003
340.733
318.033
414.533
231.767
174.333
363.16700000000003
255.6
404.233
21.266999999999996
390.033
437.267
323.3
-72.267
216.167
315.4
71.833
-290.133
363.967
345.933
245.9
-121.733
335.633
330.133
204.433
79.667
359.033
353.66700000000003
-161.833
194.867
329.233
71.4
-156.03300000000002
160.46699999999998
254.3
205.13299999999998
315.967
160.46699999999998
259.967
521.067
88.967
166.53300000000002
370.767
533.133
374.567
164.53300000000002
211.167
284.133
92.1
494.66700000000003
349.967
200.46699999999998
-171.833
101.933
204.767
290.6
255.233
-6.066999999999993
531.633
558.533
25.299999999999997
281.267
363.967
341.33299999999997
216.3
98.933
327.433
381.6
71.433
117.267
285.5
319.8
166.36700000000002
290.0
456.1
429.533
378.7
102.067
540.967
160.4
367.033
-148.13299999999998
342.9
166.8
-112.233
274.6
318.567
190.067
514.767
374.733
357.567
237.667
614.7
60.8
362.767
278.2
-64.1
258.8
606.1
390.6
520.1
-61.733000000000004
406.83299999999997
340.4
345.767
168.067
307.7
492.4
-89.1
197.667
569.3
289.733
98.03299999999999
139.533
317.3
326.8
476.033
145.533
610.7
513.533
651.5
402.86699999999996
659.5
464.0
182.1
289.933
329.36699999999996
546.8
708.167
144.067
652.833
522.667
476.7
621.733
549.833
450.33299999999997
287.233
571.267
415.233
704.8
35.63300000000001
208.467
489.033
473.933
488.233
326.0
802.967
486.867
634.367
477.467
609.7
573.267
596.367
234.60000000000002
919.367
398.2
502.3
434.667
768.7
455.8
619.9
516.2
508.7
766.6
677.567
563.267
498.833
772.2
542.1
349.467
844.5
646.733
538.567
480.6
468.3
575.3330000000001
671.433
560.933
773.967
669.267
453.5
401.933
554.633
658.133
545.367
434.8
770.033
353.733
613.5
369.0
564.967
465.6
624.1
731.533
595.033
348.267
665.767
856.6
330.633
756.8
612.7
654.6669999999999
670.567
632.533
473.9
847.333
1015.5
533.133
537.567
1129.2
769.1
970.467
335.70000000000005
539.133
996.967
830.8
945.033
1026.133
551.9
515.4
641.1
610.533
1143.767
973.6
442.1
922.267
790.367
1035.533
1066.033
891.467
801.633
1145.6
426.70000000000005
693.333
819.9
989.0
1296.9
1246.667
1167.567
1106.2
898.5
998.867
1027.967
929.8
574.833
794.933
1131.1
951.733
1201.367
778.333
1278.9
1178.6
1269.567
1099.2
1237.7
1159.6
758.3
1224.2
1085.833
988.267
924.233
1068.6
1039.433
1182.533
1063.367
852.933
1168.433
943.933
910.767
785.733
1258.567
1154.267
1083.1
1151.933
1244.233
1022.6669999999999
1003.0999999999999
909.933
1171.367
1215.533
1095.633
867.733
1342.3
1085.533
1124.233
1117.333
1254.5
1133.6
628.0999999999999
1057.0
1126.767
1201.267
1203.167
1400.267
1515.9
1326.733
1337.833
1321.667
1438.767
1504.133
1336.633
1420.733
1401.633
1406.933
1567.633
1421.467
1793.767
1300.6
872.9000000000001
1150.8
1352.3
1635.733
1367.567
1453.933
1791.567
1605.4
1510.833
1438.333
1668.9
1733.667
1751.367
1459.267
1820.5
1524.4
1419.167
1330.733
1391.033
1327.2
1628.367
990.5329999999999
1375.367
1495.867
1717.367
1355.933
1651.833
1543.4
1743.967
1572.267
1637.5
1721.4
1695.967
1602.667
1897.033
1471.467
1992.033
1747.333
1773.3
1715.933
1600.3
1818.667
2024.7
1422.133
1525.433
1823.6
2070.033
1788.333
1871.767
1637.267
1692.7
1589.2
1658.3
1797.733
1740.767
2048.733
2288.567
1577.067
2143.433
2125.8
2016.433
1912.0
1985.367
1865.6
1800.167
2119.733
2044.233
1855.8
1653.5
1796.067
1738.567
1687.467
2013.233
1920.867
2027.167
2242.467
2039.7
2171.733
2381.633
2130.467
2434.3
2269.333
2586.567
2367.933
2192.767
2436.467
2444.033
2340.667
2161.5
2315.667
2133.7
2230.8
2092.567
2285.733
2283.033
2087.933
1768.033
2034.533
1976.967
1994.133
1802.567
1752.533
2007.367
1779.733
1717.433
1448.267
2074.367
1644.467
1959.5
1954.867
2130.833
2570.6
2322.5
2601.933
2438.5
2606.4
2741.033
2377.6
2566.9
2526.067
2275.5
2201.8
2484.833
2323.8
2576.033
2165.2
2409.1
2466.933
2437.367
2591.267
2531.3
2568.2
2718.9
2659.6
2735.833
2725.867
2633.1
2374.6
2701.1
2734.933
2559.167
2830.333
2891.9
2765.333
2659.833
2361.2
2890.033
2759.533
3035.5
3310.467
3330.7
3707.0
3673.833
3525.067
3467.1
3398.733
3504.433
3108.4
3679.767
3358.2
3514.1
3437.8
3666.233
3191.333
3343.567
3492.333
3361.167
3404.0
3180.167
2902.733
3498.167
3570.533
3454.433
3614.467
3762.5
3747.667
3609.5
3398.333
3747.233
3708.4
3181.5
3430.4
3386.3
3594.867
3468.033
3685.6
3870.5
3625.867
3508.433
2996.667
3282.9
3398.8
3445.7
3164.067
3572.767
3247.067
3309.5
3133.333
3061.167
3020.333
2931.5
2999.4
3018.633
3146.0
2919.833
3078.533
2824.233
2987.933
3106.633
3180.533
3476.833
3609.867
3704.9
3871.267
3667.033
3760.467
3329.633
3875.2
3636.167
3636.067
4141.5
3817.533
4502.7
4484.333
4380.5
4578.667
5162.433
4656.0
4771.567
4262.067
4436.9
4382.533
4021.567
3778.467
3853.433
3732.267
3520.967
3626.8
4124.1
3719.467
3985.5
4011.3999999999996
4481.033
4464.133
4611.7
4360.867
4211.767
4086.8
3764.967
3639.267
3748.167
3391.933
3241.1
3126.533
3195.1
3162.467
2582.567
2937.467
2938.9
2616.667
2282.567
3038.467
3063.433
3161.8
3429.767
3129.733
3938.233
4115.6669999999995
4218.633
4038.733
4136.767
3922.8
3576.833
3734.333
3670.233
3854.867
3824.767
3646.333
4185.567
3885.067
4018.167
3922.067
4119.1669999999995
4044.0
3973.1
3439.733
4016.367
3882.067
4035.3
3994.4
3883.7
3924.2
3947.767
3919.667
4600.3
4623.133
4602.9
4815.8
4974.167
5060.4
5050.167
4882.333
5195.033
4940.533
5342.367
4923.267
5349.033
5755.467
5108.967
5338.867
5452.433
5237.733
5241.567
4533.4
4460.767
3946.267
3737.567
2906.333
2782.433
2338.4
2172.9
2180.667
2687.767
2928.867
3239.033
3712.533
4002.833
4179.333
4421.367
4856.533
5124.3
5477.267
5380.633
5359.067
5525.3
4985.467
4901.433
4652.933
4322.7
3601.333
3348.1
3079.533
3051.7
3389.267
3516.967
4031.933
4810.167
5029.667
5210.033
6023.667
6232.167
6333.667
6682.1
6386.4
7093.433
7111.067
7529.233
7216.133
7170.833
7571.533
7336.767
7389.067
7535.367
7376.2
7618.567
7416.8
8077.5
7870.8
7969.3
7743.667
8253.5
8072.467
7905.5
7973.533
8510.767
8284.8
8228.7
8029.133
8178.633
7756.667
7821.167
7984.333
8080.033
8480.332999999999
8246.967
8330.533
8387.767
8096.333
7823.167
7602.133
7838.833
8080.533
8245.832999999999
8146.533
8134.967
8141.533
8096.633
7949.4
7931.833
7877.667
7739.167
7820.933
8247.832999999999
8009.6
8200.5
7911.733
8033.3
8259.133
8054.833
8410.8
8549.566
8569.267
8607.033
8740.667
8797.434
9140.934
9348.967
9174.533
9092.9
9064.267
8441.566
7970.533
8115.633
8090.533
8041.7
7938.667
8191.1
8415.8
8519.167
9135.066
9048.566
9627.733
9528.7
9608.8
9564.9
9947.533
9339.1
9476.267
9909.1
9427.0
9485.7
9701.533
9641.3
9481.066
10038.366
9545.4
9875.233
9814.533
9738.967
9433.733
9752.967
9606.267
9639.634
9067.2
9686.566
9525.4
9484.167
9104.267
9531.967
9862.467
10037.9
9710.733
9956.9
10029.667
9849.1
9863.866
9773.434
8829.8
9299.767
9287.467
9394.566
8933.6
9539.167
9348.934
9444.233
9184.667
9137.167
9483.066
9581.233
9528.0
9576.434
9370.667
9145.033
9145.866
8585.7
8850.134
9526.434
9281.667
9386.3
9719.467
10058.366
10125.733
10316.7
9958.4
10094.233
10200.667
10149.033
9729.866
9603.634
9089.467
9281.634
8603.533
9244.767
9421.0
9068.767
9087.866
9847.767
9842.533
9272.767
9349.533
10110.634
10281.267
10017.767
9816.667
9940.7
10025.134
9791.434
9693.4
9947.167
9779.134
9998.033
10306.2
10002.767
10250.2
10487.5
9665.8
9919.833
9805.333
9397.566
9701.533
9009.366
9300.333
9262.233
10211.733
10137.1
9962.0
9943.634
9503.934
9779.434
9735.533
10101.5
9777.134
9576.9
9036.066
8915.7
8640.733
8264.367
8191.533
7638.433
7542.067
7527.233
7519.8
7981.567
8362.2
9214.967
9819.134
10813.366
10946.934
11892.3
11111.667
10657.5
11042.866
10933.1
10769.4
11506.5
11589.134
11797.033
11623.0
11562.233
10952.8
10554.833
10236.134
10448.3
10369.4
11562.9
11041.866
11632.566
11663.533
11953.167
11999.8
11654.233
12352.267
12474.833
13068.934
12956.167
13070.134
13315.5
13682.733
12655.366
12898.6
12342.833
12620.4
12572.434
12955.467
12497.434
12269.0
11858.3
11667.066
11935.434
11651.333
10802.9
11649.467
11459.767
12223.733
12373.1
12417.866
13311.833
12901.533
12589.5
12893.8
12897.566
12705.2
12659.233
12843.8
13254.3
13677.333
13728.634
13375.0
13499.167
15061.733
13876.233
13932.934
14149.3
13580.6
14152.7
14111.2
14709.566
14164.866
13625.167
13952.333
14160.833
14077.066
13543.1
13469.267
14550.434
14961.0
14627.566
13999.066
14344.967
14133.934
14021.366
13184.6
14098.233
13977.2
13591.7
12978.8
13548.833
13813.134
13783.634
13402.2
14387.767
14408.0
14150.3
14549.267
14694.3
15387.333
14731.366
14507.866
15090.366
14671.2
14947.5
14140.8
14455.366
15167.667
14737.634
14885.134
14910.1
14510.667
14722.033
15113.066
15742.3
15467.667
15397.167
15576.333
15498.233
15840.733
16290.366
15915.667
15858.1
15446.134
15434.767
14996.667
15412.033
15078.4
15412.9
14731.467
14403.167
14609.4
14500.3
14218.2
14819.9
14317.2
14472.767
14579.667
14531.3
14605.866
14441.634
15008.066
15469.434
15808.066
15013.634
15087.934
15155.1
14610.066
15414.7
15035.134
15592.967
15600.267
15938.033
15919.533
16062.1
16305.267
15784.366
15340.934
16911.367
16323.333
16253.167
16454.133
16702.033
15558.6
16238.634
15572.4
16502.634
16250.667
15567.1
16069.533
16540.767
16296.0
16379.833
17295.066
16737.566
16175.733
15956.967
15764.866
15688.833
16205.934
16788.834
16807.6
17389.301
17526.467
17890.633
17430.934
17465.434
17855.732
17629.301
17596.467
17595.834
17728.066
18121.367
17777.801
18440.434
18239.268
18347.367
18748.6
18614.9
18565.0
18098.768
18265.533
18551.301
18138.867
17981.768
17847.6
18477.1
18211.666
19183.232
18431.066
18120.166
18556.0
18663.1
19411.6
19468.434
19585.066
18987.1
19238.732
18774.5
18912.867
18704.367
19074.732
19293.301
20991.732
19409.166
20263.934
20587.633
20753.467
20181.768
21488.666
20939.166
21310.666
21985.232
22617.934
21488.633
22055.867
21525.1
21813.732
23421.166
21910.4
22043.1
21280.467
21224.301
21353.533
21991.768
21854.666
22317.1
23081.934
22548.566
23278.133
23934.768
24572.133
24562.033
24763.867
25550.367
26196.934
25548.9
24247.666
25059.434
25245.133
24522.566
25056.801
25644.768
25671.867
25492.5
25952.133
26559.967
25900.666
27308.834
27972.6
27567.5
27026.801
28084.768
27926.934
27970.232
27675.066
28063.033
28209.0
27984.633
28051.066
27619.834
27907.0
28822.699
29538.0
29874.834
30254.066
31607.9
31852.666
31247.1
31954.732
31959.768
31696.268
31739.633
30803.334
31778.1
30957.867
30926.566
32507.334
33022.768
33349.602
33433.832
33652.0
34335.633
33501.801
33791.367
33249.266
33529.699
33747.199
33221.367
34015.266
34692.234
34999.867
35157.5
35327.0
35764.367
35756.535
35197.699
35495.0
35354.035
35463.332
34847.301
35432.668
35545.301
35657.668
36119.965
35610.398
35492.766
35702.535
35762.5
35810.668
35870.699
36298.867
35933.301
36127.801
36354.766
36142.465
35061.168
34584.668
32911.102
31581.0
30617.633
30312.732
30258.834
30693.801
30665.768
31956.934
33588.699
34079.398
34710.5
34824.199
35101.766
36026.934
36911.168
36572.734
37226.832
37311.398
36906.301
36142.734
35923.035
36167.066
36730.832
37028.398
37463.234
38082.801
38993.5
39504.465
39632.367
39743.867
38989.434
38842.602
38345.434
38669.332
38756.434
38741.734
38706.832
37975.602
37572.566
37394.066
36865.766
36902.934
37256.566
36986.668
38488.234
38642.133
39004.699
39695.867
39847.5
38986.465
39257.766
38817.535
38873.633
39217.801
39590.965
39991.0
41059.168
40879.801
41450.301
40971.066
40987.566
40533.668
39769.434
40018.602
39950.633
40179.332
39848.832
40175.867
40723.566
41001.199
40601.566
40650.199
41700.301
41131.934
41567.367
40819.266
41437.699
40948.0
40002.035
39543.332
39098.566
39049.668
39303.965
39610.066
39980.699
41184.398
40882.566
41797.934
41174.633
41245.934
41034.898
40612.066
40294.699
39824.066
39129.301
39310.801
39261.766
39045.535
39249.367
39251.0
38973.102
39103.066
38986.5
39097.867
39561.301
40002.465
39986.898
40471.801
41180.367
41389.465
41359.035
41704.801
41488.633
41439.934
40629.566
40210.934
39648.965
40012.668
40417.434
40116.066
41012.301
41302.0
41885.035
42159.867
42183.832
42117.934
42963.766
43312.266
43822.5
43983.934
43598.5
43443.535
43192.766
43141.332
42458.035
42237.602
42385.301
42378.934
42076.699
41940.867
41101.234
41628.332
41217.699
41720.066
41579.168
42474.801
43021.234
43631.398
44033.898
44353.734
43314.367
43510.934
42887.234
42931.535
43297.633
42946.801
42888.766
42557.465
42953.102
43326.133
43334.035
43537.199
43554.434
44068.332
44556.832
45411.133
44562.832
44478.867
43785.102
43769.668
42982.168
42990.066
42873.367
42597.066
43252.102
43372.199
41566.035
42769.867
42694.102
42305.465
42555.699
42286.801
42148.633
42415.199
42999.832
43320.266
43365.434
43283.867
43412.699
44161.266
44235.898
44510.332
44260.5
43741.934
42344.832
40752.668
39946.965
38392.867
36755.102
36259.332
36903.434
37991.332
40334.5
41014.465
40385.566
40440.801
40671.434
40123.199
40553.035
39986.133
39444.367
40426.266
41662.898
42642.668
42521.102
42983.801
43219.699
43651.332
44469.234
43944.066
43805.633
43950.934
43083.766
43622.266
44056.766
44123.934
43938.566
44818.398
45270.699
45260.199
45322.367
44561.867
44416.434
44092.934
44332.633
44024.266
43266.5
43067.867
42574.367
43610.535
44404.699
45142.398
44888.102
45543.199
46476.832
46776.535
46196.5
45769.602
46163.898
45559.734
45436.234
44760.332
45431.633
45975.066
45502.633
45222.332
44857.168
43700.535
43082.434
41449.734
40294.102
39861.535
39965.434
40373.535
40896.965
42162.066
42334.633
43703.066
44021.5
44094.266
44718.301
44917.668
45477.832
45591.801
45738.5
46226.332
47153.832
46440.398
46083.898
45211.0
45068.965
44944.934
44832.035
44815.465
44822.5
45601.199
46574.234
46674.734
46657.035
46649.398
46560.965
46280.266
46270.898
46300.133
45152.367
44568.867
44118.434
43441.801
42637.633
42146.332
42492.965
42806.734
43266.234
43742.199
44417.434
44519.199
44319.102
44100.133
44321.168
43986.133
43622.633
43729.465
44213.832
44690.266
44887.699
44937.465
45461.367
46036.867
45956.766
46078.398
45751.566
45574.266
44925.035
44211.199
43817.965
42920.133
41883.367
43213.266
43086.301
43422.266
43630.168
44301.602
44344.367
44782.535
44209.168
44254.734
44689.766
44132.867
43980.168
43832.734
43772.367
43390.0
42724.434
42249.668
42371.766
42463.398
41979.367
41287.0
41628.832
41456.602
41167.301
41192.602
41497.168
41741.668
41965.699
42446.734
42597.301
43100.465
42833.832
42650.332
43125.301
43017.398
41815.5
42570.934
42171.168
42206.867
42412.367
41712.398
41864.699
42774.398
42919.367
43359.734
43220.5
43307.0
43286.367
43007.934
43498.633
42980.066
42401.965
42335.398
42676.633
43096.066
43289.766
42560.266
42738.766
42619.398
42156.633
42462.801
42618.566
42563.0
42245.898
42458.066
42239.5
42397.934
41820.102
41511.734
41418.699
41317.535
41577.5
41127.801
42055.367
42312.066
42786.102
42165.066
42345.102
42383.0
42649.367
42529.199
42271.102
42435.0
42381.301
42222.602
42178.102
42239.0
41888.434
41449.734
41842.035
41992.066
42088.367
42066.535
42233.367
42203.535
42137.301
42516.133
42588.898
42828.398
41954.766
41560.266
41755.234
41225.066
41293.699
41067.535
41614.5
42162.266
42006.699
41838.934
42173.434
42124.199
42386.102
42257.133
42351.367
42691.0
42472.234
42412.535
42611.367
42648.801
42532.234
42415.199
41687.766
41924.332
41093.168
41371.133
41401.898
41284.867
40957.434
41098.133
41041.699
40961.133
41048.367
41408.398
40989.5
41681.801
41457.5
41342.0
40825.5
40401.734
40031.965
40230.934
39747.301
39842.332
39490.5
40130.0
40332.035
40384.535
40236.633
39850.465
40888.766
41126.398
41402.102
41499.734
42055.5
42288.602
41590.168
41356.535
41203.766
41194.867
40385.234
40522.0
40707.367
40741.867
41055.102
40999.465
41487.898
41343.934
41450.102
41320.465
41549.234
41235.734
40904.434
40437.0
41020.898
41084.668
40244.5
41179.199
40801.102
41158.801
41250.633
40807.934
41066.699
40709.133
39861.965
39500.934
39929.699
39723.801
39382.102
39831.266
39840.566
40881.602
40534.898
41280.668
41448.898
41143.934
41019.633
41409.398
41741.832
41214.398
40727.434
40484.867
40427.965
39930.465
39693.566
39688.133
40267.5
40339.668
40290.5
40244.465
40823.832
40877.535
40537.699
40267.734
40263.168
39856.535
39235.898
38713.133
38751.234
38750.0
38384.434
38677.734
39054.832
39622.332
39829.168
39962.867
40301.965
40508.465
40879.367
40812.535
40965.168
40738.133
40563.301
41075.398
40509.832
40947.668
40634.102
40182.0
40746.832
40668.199
40851.434
40483.668
40287.301
40205.266
40200.168
39636.668
39796.832
39518.801
39317.234
39687.266
39316.699
39134.535
39133.965
38978.266
39749.168
40028.602
39237.832
39322.934
39914.434
39875.398
39718.367
40204.535
39728.699
39460.602
39325.832
38495.133
39026.566
38198.0
38415.102
38294.668
38259.566
38776.398
38573.832
38908.801
38796.035
38761.398
39124.102
39042.535
39315.566
39267.801
38816.633
38891.266
39068.898
39259.0
38445.168
38744.465
38927.766
38956.801
38330.832
38798.0
39458.766
39112.266
38796.832
39610.734
39701.699
39553.266
39268.766
38903.465
39445.5
38986.867
39142.965
39103.465
38807.5
39034.199
38906.234
38712.734
39038.898
38796.066
38115.633
38293.332
38564.566
38369.398
37760.5
37755.465
37441.766
37345.934
37144.168
36724.465
37278.633
37373.602
36947.766
37978.934
37800.766
38083.465
38035.168
37727.332
38237.699
37999.133
37647.102
37108.867
37562.566
37772.066
36874.699
36179.535
35372.102
34707.867
34097.367
33476.535
33072.301
32508.199
32012.033
33156.398
33715.5
33824.133
34393.832
35100.398
36267.234
36008.867
36458.102
36291.801
36311.566
36431.465
35925.367
35785.066
35954.434
35936.602
35496.898
35649.133
35688.766
35993.199
35811.434
35529.066
35954.566
35726.734
35796.035
35560.934
35946.035
35940.602
35549.234
36108.867
35893.102
35672.734
35294.832
35006.934
35036.965
34967.199
34974.035
35107.266
34972.766
35343.332
35426.367
35206.332
35387.832
35944.465
35586.434
35313.465
35603.5
35781.332
35587.5
35765.0
35645.898
35227.199
35074.5
34998.934
35211.035
35128.934
34366.699
34756.066
34624.766
34883.398
34737.168
34627.266
34623.035
34797.266
35105.5
34606.867
34841.699
35124.398
34549.766
34850.465
34802.832
34757.734
34182.102
34341.199
34215.434
34303.398
34371.5
34245.867
34145.102
34171.0
33533.035
33859.602
33636.566
33922.199
33513.766
33817.332
34392.566
34081.199
34515.234
34483.465
34373.832
34814.668
34554.633
34633.199
34580.832
34547.801
34723.434
34513.465
34716.434
34451.801
34685.367
34451.602
34899.035
34220.398
34335.699
34072.602
34310.832
34463.398
33988.898
33891.066
33957.434
33981.867
33982.5
34057.133
34087.301
34258.668
34173.102
34126.0
34055.699
33690.0
33262.367
33158.801
33345.566
32834.268
32580.633
32706.066
33119.965
33045.133
32659.232
32656.732
32977.301
32857.334
32532.832000000002
32201.934
32531.367
32344.0
31957.5
31491.4
31812.768
31895.934
31807.434
32161.0
32036.1
32059.801
31457.633
31705.066
31276.1
31196.732
30449.301
30297.268
30342.566
29892.533
29897.9
29205.066
29591.033
29274.666
28668.1
27958.066
27802.633
27908.6
27721.566
27191.666
27444.166
27310.934
27585.301
27701.6
28342.768
28646.801
29477.699
30239.4
30346.633
30533.334
30561.033
30798.334
30615.5
30245.867
30325.768
30059.334
30392.967
30098.732
30455.434
30531.199
30820.5
30783.467
30958.434
30921.6
31330.232
31182.934
30881.367
31210.199
31548.033
31280.066
30995.166
30805.732
31106.967
30976.934
30762.9
30734.199
30805.9
30833.0
31188.1
30467.4
30980.166
30953.467
30972.367
30860.801
31095.033
30874.732
30463.166
30510.268
30593.9
30777.334
30070.768
29927.934
30162.301
29923.6
29860.232
30030.268
30137.9
29913.867
29761.166
29506.666
29475.301
29439.268
29589.633
29547.666
29544.367
29453.467
29473.967
29421.066
29258.768
29208.268
29009.633
28467.268
28907.1
28448.4
28583.232
28545.801
28664.566
28420.533
28594.633
28492.6
28549.768
28893.4
28710.232
29003.467
28822.967
29051.732
28799.166
28298.0
28422.9
28240.066
28075.166
28277.732
28086.434
28113.533
28135.9
28059.334
28499.1
28994.533
28519.5
29080.066
29160.9
28943.6
29058.768
28823.4
29029.5
29137.467
29326.633
29484.334
29572.633
29980.867
29892.434
30251.934
30602.9
30873.334
30356.367
30203.934
30531.301
31104.133
30897.834
31363.066
31543.434
31924.867
31755.5
31887.066
31769.834
31538.0
30788.5
29763.6
29202.9
28867.268
28557.9
28308.801
28055.434
28072.467
27943.033
27864.666
28062.633
27994.268
27984.967
27991.334
28330.232
28051.066
27928.166
27628.199
27604.1
27793.133
27386.434
27644.934
27548.033
27766.334
27745.834
27882.732
27957.033
28186.133
27757.633
27885.0
28289.232
28063.334
27483.434
27841.801
28276.033
28042.934
27650.166
27914.199
28200.166
27591.066
28050.566
27370.934
27708.301
27349.467
27095.301
27279.533
27106.5
27242.666
26931.967
26497.467
27133.967
27213.0
26885.434
26885.666
27055.301
26868.199
27189.633
26669.334
26868.301
26923.6
27039.5
27053.6
27190.5
26918.934
27045.033
27166.6
27438.9
26938.533
26579.301
26625.533
26850.033
27044.334
26696.967
26860.4
26690.566
26925.533
26664.834
26679.133
26710.1
26659.467
26273.633
26016.867
26605.834
26370.666
25891.1
25809.666
26290.768
25865.934
25840.633
25962.0
26166.566
25914.867
24898.633
25678.066
26059.367
25712.801
25626.033
25232.199
25492.967
25538.199
25837.967
25843.666
25704.967
25420.533
25466.633
25468.867
24871.367
24748.133
24164.367
24484.199
24007.1
24469.334
24018.367
24120.533
25413.967
25208.666
25212.5
25846.867
25613.367
25684.268
25155.166
24978.732
24802.1
24819.066
24512.699
24560.6
24681.367
24724.801
24346.633
24640.867
25315.033
24869.934
24283.566
24643.732
24923.434
24983.666
24666.9
24797.533
24881.232
24555.801
24244.367
23849.6
24261.434
23827.066
23756.232
23326.334
23335.301
23382.066
22726.967
22286.066
22114.699
20756.133
20015.367
19201.6
19326.967
19358.199
19415.033
19704.133
20448.033
21294.268
21863.768
21880.533
22091.232
22776.199
23198.232
23137.801
22801.367
23275.732
23148.5
23287.732
23281.633
22897.6
22581.633
22426.334
22905.5
22802.4
22354.5
23052.268
22917.434
23111.0
23192.566
23113.066
23223.166
23183.6
22954.367
23065.334
23166.1
23357.6
22889.633
22926.934
23264.9
23405.0
23256.166
23341.732
23497.232
23452.268
23321.633
22839.4
23314.967
23248.867
22888.566
22688.334
22922.834
23094.4
22930.699
22472.066
22712.967
23052.6
22398.301
23059.867
23245.232
23148.0
23617.768
23291.6
23416.166
23442.801
23177.967
23358.867
23215.633
23158.801
22827.834
22911.066
22963.434
22992.4
22897.768
22990.199
23195.232
23213.666
22917.768
22693.666
22987.967
22857.133
23039.033
22589.801
23141.301
22958.199
23141.166
23136.4
23235.9
23164.199
22697.033
22438.467
22948.367
22859.867
23018.9
22607.334
22563.232
22646.0
22477.834
22833.467
22593.566
22605.6
22009.834
22090.133
22166.834
22449.199
21560.5
21819.334
22031.434
22060.4
21836.768
21667.934
22101.232
22075.4
21775.566
21975.533
22021.5
22230.867
21504.699
21716.533
22203.967
22219.6
21872.633
21761.533
21857.033
22066.533
21705.232
21682.6
21787.768
21756.0
21201.633
21503.4
21461.301
21304.934
21273.166
21418.467
21098.566
21837.533
21179.967
21097.467
21195.768
21236.732
21150.5
20534.199
21066.1
21119.934
20791.633
20562.4
21037.834
20900.0
20805.967
20296.334
20856.367
20783.666
20740.699
20780.533
20398.232
20659.0
20548.566
20115.533
20360.033
20185.334
20194.9
19667.934
20130.834
20038.467
19426.566
19057.934
19819.633
19636.732
19430.1
19345.666
19614.166
19452.666
19116.434
19010.533
19710.768
19394.666
19211.301
19097.867
19556.9
19148.334
18935.699
18845.801
19444.566
19271.066
18978.566
18950.6
19125.9
18833.066
18425.232
18136.334
18593.232
18711.334
18595.633
18870.199
19029.367
18926.4
18300.566
18969.4
18723.434
18647.199
18591.367
18547.334
18447.301
18588.6
18058.434
17998.268
17273.232
16512.0
15744.1
14949.733
14425.566
14290.667
14242.7
14231.8
15164.5
15723.134
15986.1
16487.066
16805.301
16842.533
16968.633
16903.867
16996.566
16438.934
16432.767
15726.267
16748.9
16717.666
16474.967
16458.199
16833.301
17077.199
17228.834
16909.268
17344.768
17592.867
17225.5
17315.934
17663.566
17687.4
17701.5
17845.732
17946.834
17912.4
17702.033
17333.467
18219.033
17957.268
17878.367
17492.801
18165.566
18292.801
18026.166
18260.934
18262.9
17785.801
17955.367
17631.6
18173.232
18076.666
17946.301
17867.533
17948.633
18170.6
17800.232
18301.334
18280.166
18344.533
18288.699
17867.0
18585.768
18577.533
18160.166
18376.066
19034.834
18803.0
18544.434
19056.867
19320.301
18938.801
18674.232
18807.4
18467.834
18656.0
18099.967
18291.934
18543.834
18438.666
18437.967
18883.732
18525.5
18666.732
17977.768
17863.666
18766.967
18588.066
18429.232
18593.199
18387.232
18472.4
18546.232
18271.334
18302.232
18303.732
18255.633
18194.801
18350.166
18033.4
18154.566
17974.6
18406.033
18165.0
18206.1
18169.334
18594.699
18203.334
18228.301
18162.6
18436.566
18690.533
18737.166
18617.533
18502.367
18413.066
18252.967
18519.133
18670.633
18764.6
18744.1
18405.334
19028.033
18917.467
18782.367
18274.801
18861.232
18769.6
18512.633
18428.934
18524.9
18689.934
18810.834
18696.934
18768.633
18521.268
18590.1
18830.666
18507.699
18635.533
18524.232
18386.732
18468.434
18612.066
18374.834
18284.867
18440.768
18669.199
17715.768
18478.334
18558.232
18453.666
17765.232
18114.334
18413.9
18565.0
18407.834
18444.0
18377.768
18519.666
18245.699
18096.801
18511.5
18250.334
18313.768
18009.268
18252.834
18297.066
17947.633
17863.199
18221.301
17783.199
17810.967
17612.666
17967.699
17836.732
17505.768
17805.867
17800.633
17556.0
17671.768
17850.801
17649.834
17637.199
17386.367
17402.199
17679.633
17382.533
17497.232
17150.934
17214.967
17276.199
17125.834
17250.268
17063.232
16973.533
16890.566
16918.533
17093.9
17073.066
17013.301
16062.134
16313.967
16208.8
15956.7
15349.533
15230.366
15272.333
14827.9
14175.4
14713.366
14589.667
13743.434
14175.4
14078.1
13730.533
13838.167
13352.8
13487.634
13314.8
13006.767
13114.4
13359.033
13279.267
13387.1
12183.533
12909.233
13026.066
12537.366
12874.934
13111.833
13243.8
13001.167
13447.467
13713.1
13785.467
14011.366
14413.267
14395.167
14287.333
14339.833
14159.4
14110.967
14303.667
14275.1
13722.934
14157.3
13990.267
13589.566
13003.533
13340.366
13147.8
12793.7
12708.0
12538.167
12602.866
12447.566
12362.4
12705.833
12703.0
12581.767
12551.134
12666.434
12539.333
12425.233
12338.533
12749.167
12592.066
12269.3
12705.733
13090.9
12863.0
12574.967
12716.267
12708.634
12741.4
12718.1
12609.8
12644.566
12325.066
11780.033
12335.066
12199.167
12362.8
12505.833
12042.934
12636.033
12489.4
11753.5
12030.733
12204.9
12072.934
12097.5
12356.066
12457.1
12491.267
12640.167
12594.267
12709.366
12559.533
12495.366
12199.267
12424.167
12564.267
12244.3
12286.533
12518.5
12455.4
12217.167
12734.467
12764.5
12957.066
12491.9
12720.533
12907.233
12882.4
13085.1
12393.134
12891.1
12769.134
12923.233
12574.934
13241.167
12998.533
13116.5
12759.533
13295.1
13237.4
12919.5
12716.934
12944.5
12688.533
12597.233
12845.066
12738.5
12616.8
12276.767
12260.066
12512.566
12719.267
12514.967
12709.467
12622.967
12480.934
12280.767
12546.467
12615.833
12497.733
12732.434
12175.0
12480.1
12768.134
12707.634
12392.733
12462.5
12003.066
11747.366
12193.066
12076.7
12124.333
11345.5
11917.2
12198.366
12043.2
11778.767
12145.066
12307.233
11940.267
12081.767
11939.267
12163.9
11854.866
11563.5
11550.066
11885.1
11821.866
11379.233
11698.0
11636.1
11823.934
11632.3
11684.267
11767.833
11641.0
11414.434
11648.134
11804.167
11716.6
11592.7
11938.866
11683.5
11747.467
11675.967
11477.0
11625.7
11629.333
11458.366
11332.533
11368.3
11466.2
11160.767
11085.733
11549.767
11550.0
11247.566
11292.2
11513.9
11548.866
11114.5
11199.2
11383.1
11186.066
10940.1
11351.533
11312.7
11085.467
11341.767
11104.267
11172.5
11143.667
10861.233
10487.0
11174.033
10796.066
11043.634
10892.0
10976.634
10799.934
10740.7
10574.6
10908.366
10765.667
10696.1
10408.0
10698.033
10725.733
10532.167
10505.267
10790.767
10769.4
10236.033
10423.733
10660.566
10660.2
9959.9
10132.4
10562.167
10538.934
10422.167
10105.4
10639.7
10530.667
10441.634
10209.8
10368.167
10184.667
10033.967
10200.733
10337.833
10186.866
9986.967
10054.134
10479.833
10527.934
10245.7
10004.066
10077.233
10224.533
10048.5
9856.934
10178.434
10117.333
10059.5
9752.467
9950.1
10041.6
9994.566
9795.866
10011.9
9837.066
10249.833
9554.6
9970.434
9901.866
9682.366
9255.866
9961.9
9900.934
9933.233
9625.733
9711.634
9581.2
9691.233
9776.934
10093.566
9284.934
9556.1
9361.0
9614.967
9011.134
8549.1
7869.8
7564.967
6706.467
5839.833
5202.333
4495.367
3723.733
3301.1
2617.0
2904.5
2809.0
2539.033
2745.4
3650.767
3860.467
3901.233
4899.6
5495.9
5829.533
6147.367
5509.8
6256.433
5872.867
5673.3
5301.733
5078.7
5129.6
4836.9
4595.467
4991.167
5058.2
5022.967
4840.2
5582.833
5379.467
5408.767
6055.333
6114.767
6379.333
6049.233
6555.4
6748.367
6741.2
6760.433
7033.533
7322.367
7373.6
6917.3
7202.067
7738.5
7779.4
7360.1
7870.933
8131.567
8293.133
8200.3
8253.667
8701.566
8691.533
8081.767
8227.467
8918.3
9021.6
8824.967
8562.066
9062.833
8890.8
8717.9
8719.733
9190.233
8997.667
8122.700000000001
9034.533
9164.967
9247.333
8902.767
8708.333
9187.233
9132.134
8950.233
8870.6
8998.7
9138.4
8687.9
8522.066
9453.167
9019.6
8824.1
8855.4
9177.634
9078.733
8948.634
8919.733
9131.233
9088.6
8888.767
8872.667
9178.7
9151.866
9034.167
8914.934
9225.634
9164.267
8606.434
8799.934
9120.833
9036.533
8682.167
8604.8
8996.7
8852.0
8911.767
8667.2
8938.1
9066.134
8775.634
8307.934
9107.9
8993.066
8964.1
8791.2
9254.767
9008.4
8823.634
8618.4
9086.366
8893.866
8442.5
8314.333
8922.967
8864.066
8870.7
8275.934
8959.767
8859.2
8702.434
8790.134
8978.7
8950.6
8720.9
8678.0
9161.366
8998.733
8137.967000000001
8492.866
9073.033
8854.6
8840.5
8682.267
9061.233
8933.667
8489.634
8314.733
8876.566
8725.4
8668.233
8557.0
8888.434
8859.2
8706.167
8266.866
8944.233
8865.467
8513.5
8198.134
8786.634
8943.134
8625.233
8554.6
8872.833
8510.0
8456.366
8627.667
8586.167
8519.134
8360.167
8203.866
8758.566
8580.0
8210.634
8149.0
8619.033
8771.066
8078.433999999999
8157.933999999999
8623.634
8550.8
8557.167000000001
8356.867
8543.967
8462.8
8399.767
8078.8
8699.5
8483.0
8183.9
8171.733
8528.433
8455.733
8260.233
7779.6
8407.9
8356.067
8216.9
7717.933
8479.367
8290.067
7800.767
8222.267
8284.433
8196.467
7777.833
7879.2
8057.9
8139.667
7906.967
7884.333
8148.5
7949.067
7934.433
7707.4
8029.9
8042.133
7574.833
7520.467
7987.167
8000.2
7691.967
7633.867
7704.233
7868.133
7415.3
7589.2
7644.3
7706.333
7499.7
7299.533
7822.7
7714.333
7347.5
6997.533
7571.367
7745.133
7552.233
7239.267
7617.567
7564.6
6874.833
7308.667
7712.767
7360.733
7174.7
7238.133
7491.767
7534.2
7136.633
7005.8
7406.633
7485.333
7294.433
7200.533
7504.7
7327.067
7023.3
6761.4
7366.833
7201.933
7450.633
6927.267
7425.167
7394.933
6865.9
6909.667
7416.367
7254.267
7040.567
7138.467
7388.833
7334.733
6879.967
6860.333
7431.167
7188.2
7033.833
7103.667
7320.833
7170.0
6752.167
6619.467
6985.767
6953.4
6436.567
6559.2
7043.567
6878.933
7048.1
6707.0
7045.367
6919.333
7131.567
6743.267
6953.433
6895.4
6536.7
6535.8
6969.433
6859.067
6366.633
5852.933
6808.767
6842.867
6378.967
6565.067
6831.967
6604.6
6457.3
6425.267
6788.7
6603.667
6394.767
6079.6
6635.3
6678.333
5945.967
6140.533
6707.033
6496.4
6220.7
6023.6
6630.033
6601.6
6500.7
6086.067
6664.833
6577.867
6536.167
6418.533
6626.633
6463.8
5233.967
5734.867
6495.033
6590.267
6201.833
5943.533
6438.7
6563.667
5936.767
5927.333
6353.433
6320.333
5836.7
5880.8
6354.7
6323.0
5676.3
5683.067
6208.5
6161.067
5890.9
5900.4
6133.233
6056.467
5632.233
6046.933
6128.9
6131.067
5612.3
5849.667
6206.633
5995.8
5541.7
5452.4
6028.367
6044.733
5874.5
5321.933
6070.367
5979.067
5295.233
5416.067
