281.05
66.633
-138.017
159.5
448.05
137.9
213.85
238.767
235.583
260.367
126.85
-163.567
205.983
207.833
24.382999999999996
-34.033
350.117
5.566999999999993
65.917
367.433
420.983
188.5
470.317
150.96699999999998
281.58299999999997
198.9
223.65
-125.9
203.65
205.567
331.91700000000003
30.967
291.58299999999997
185.96699999999998
237.583
25.299999999999997
561.983
467.1
99.117
-54.3
256.45
131.63299999999998
-4.549999999999997
190.1
211.583
238.9
145.11700000000002
236.96699999999998
225.85
256.367
-41.75
47.833
618.717
290.5
-7.683000000000007
-259.633
438.91700000000003
451.233
45.31699999999999
38.033
388.91700000000003
435.1
393.783
228.96699999999998
427.983
366.83299999999997
164.71699999999998
319.967
400.183
394.767
338.45
-134.7
451.25
284.367
29.049999999999997
83.3
379.117
184.9
137.65
73.167
298.117
498.3
211.78300000000002
61.233000000000004
232.78300000000002
353.16700000000003
34.31699999999999
15.632999999999996
246.38299999999998
201.03300000000002
500.45
-5.433000000000007
192.317
224.767
344.717
-62.367000000000004
203.85
255.36700000000002
197.38299999999998
100.433
409.91700000000003
363.367
-228.683
35.900000000000006
408.91700000000003
308.9
223.78300000000002
207.9
472.717
293.967
8.25
272.633
111.983
328.033
249.183
281.633
414.717
277.5
545.917
-233.167
329.383
372.433
108.45
369.367
392.91700000000003
457.7
260.58299999999997
99.233
351.317
242.63299999999998
-64.883
115.367
342.45
309.767
132.183
2.9000000000000057
410.05
440.5
64.25
-245.3
352.983
324.967
92.917
137.767
275.25
424.367
335.717
44.167
294.317
330.3
-270.15
-133.833
305.05
208.767
171.85
0.8329999999999984
330.517
265.1
57.05
221.36700000000002
407.517
299.83299999999997
256.117
-111.433
454.383
411.633
428.05
151.03300000000002
487.65
275.83299999999997
172.78300000000002
341.1
403.05
79.567
375.783
-163.1
140.85
227.767
13.849999999999994
362.3
581.783
423.433
169.45
-90.3
494.65
146.1
462.05
25.967
392.783
364.7
331.91700000000003
382.633
527.05
348.967
429.85
304.233
345.783
222.567
386.05
-350.433
387.983
353.16700000000003
177.45
141.233
138.78300000000002
323.367
471.983
178.36700000000002
245.517
300.433
124.917
-195.36700000000002
274.183
388.967
461.65
189.433
388.383
304.83299999999997
49.05
-323.83299999999997
444.317
238.96699999999998
-62.483000000000004
16.367000000000004
259.183
193.433
-1009.35
-94.967
120.517
275.567
245.71699999999998
-60.167
566.717
399.433
264.517
70.833
264.717
231.63299999999998
-99.55
428.5
522.783
277.767
-187.35
35.632999999999996
312.58299999999997
328.033
-111.817
357.83299999999997
382.983
261.433
391.783
345.9
326.317
408.033
239.78300000000002
180.7
372.25
248.96699999999998
410.317
30.433000000000007
406.783
431.567
341.183
-71.233
232.983
321.033
83.783
-277.767
373.91700000000003
344.767
256.783
-118.567
346.783
334.1
213.78300000000002
81.367
368.383
358.367
-145.61700000000002
212.167
336.983
61.632999999999996
-145.61700000000002
159.767
257.783
218.767
320.783
167.767
270.45
520.967
97.05
162.833
384.25
531.567
395.05
169.7
230.85
286.967
101.583
505.1
361.383
217.9
-148.55
111.7
219.25
286.5
269.383
-5.566999999999993
546.05
561.167
35.18300000000001
297.633
389.717
349.83299999999997
242.11700000000002
106.367
350.91700000000003
399.633
98.05
141.5
311.25
341.16700000000003
191.11700000000002
309.367
484.783
451.16700000000003
415.45
124.033
584.65
201.033
408.65
-112.30000000000001
402.25
198.7
-67.75
308.83299999999997
365.38300000000004
228.9
565.183
428.233
424.85
301.63300000000004
667.717
114.63300000000001
410.38300000000004
327.033
0.18299999999999272
310.433
667.983
439.36699999999996
581.85
-1.3000000000000114
483.25
408.3
427.91700000000003
246.3
394.05
575.367
-2.8830000000000098
268.233
657.65
373.5
183.717
214.033
398.65
392.767
558.85
219.1
695.183
596.967
731.317
481.9
742.583
557.9
280.45
388.433
446.45
669.3
839.45
265.967
760.5830000000001
639.967
596.717
733.967
664.25
567.967
405.25
706.633
549.5830000000001
820.1
176.983
344.233
627.05
614.367
623.317
464.3
951.25
615.033
771.383
606.033
748.65
719.233
735.783
379.3
1069.25
535.633
628.9169999999999
562.033
902.783
589.567
764.5830000000001
654.1
678.9169999999999
932.767
852.317
748.5
689.917
961.3
708.05
515.3
1017.317
800.3
697.85
641.967
636.25
739.5
858.117
732.833
955.983
847.633
637.05
581.833
751.317
861.7
758.717
649.7
985.783
561.567
816.85
547.767
753.05
649.9
831.783
923.233
804.45
545.433
855.383
1039.567
531.25
943.1
788.317
821.5
862.383
833.233
682.45
1043.767
1234.65
750.5
770.25
1353.1
983.383
1200.9
582.65
785.967
1246.05
1099.1
1227.917
1310.767
851.9169999999999
816.9000000000001
941.183
909.9670000000001
1446.25
1267.967
745.7170000000001
1222.1
1108.117
1325.5
1368.85
1179.5
1095.183
1418.367
709.9169999999999
995.8330000000001
1122.65
1289.433
1607.517
1567.167
1504.65
1453.033
1257.65
1369.033
1384.383
1285.9
917.183
1126.233
1467.517
1293.433
1537.45
1099.3
1611.717
1514.967
1612.25
1431.5
1589.517
1503.1
1092.983
1552.633
1421.983
1327.367
1271.517
1397.567
1361.117
1484.833
1400.117
1170.9
1498.383
1286.433
1279.45
1147.7
1615.65
1515.433
1458.983
1533.5
1637.183
1368.833
1347.117
1256.1
1507.45
1547.567
1414.317
1170.5
1651.05
1396.967
1439.783
1424.1
1572.783
1464.233
959.5830000000001
1407.233
1488.783
1562.167
1577.183
1760.033
1894.717
1707.767
1716.383
1692.167
1841.983
1892.5
1751.45
1844.767
1828.317
1839.5
2025.983
1854.9
2234.783
1716.7
1285.25
1526.9
1740.183
2043.367
1752.517
1855.833
2214.583
2027.033
1943.85
1881.833
2120.25
2172.833
2198.25
1909.833
2282.383
1965.167
1832.783
1735.3
1767.85
1689.9
1991.183
1350.7
1743.45
1868.7
2103.917
1769.367
2099.317
1987.433
2187.783
1984.3
2073.25
2134.967
2106.983
2028.033
2344.983
1906.5
2459.45
2192.9
2220.25
2134.833
2033.917
2227.767
2469.117
1845.767
1965.317
2265.967
2518.85
2241.633
2294.583
2050.033
2121.05
2013.433
2095.45
2233.767
2213.317
2535.233
2780.583
2095.1
2675.383
2632.967
2541.917
2427.1
2474.983
2351.567
2308.25
2600.833
2541.317
2348.433
2125.917
2257.033
2170.65
2159.033
2468.583
2363.767
2530.117
2763.033
2578.383
2714.633
2926.05
2678.167
2998.183
2836.5
3180.05
2942.033
2771.183
2996.767
3013.783
2900.033
2707.917
2856.9
2685.05
2767.7
2622.317
2818.633
2774.983
2571.233
2226.45
2487.3
2418.783
2435.7
2264.117
2210.1
2465.317
2229.1
2136.117
1845.033
2454.783
2009.967
2355.983
2375.167
2591.317
3080.5
2879.783
3175.967
3043.25
3228.3
3369.517
2974.167
3148.383
3089.967
2806.383
2707.633
2999.983
2858.167
3098.717
2680.033
2939.05
2994.3
2958.783
3142.233
3107.183
3163.367
3335.717
3282.9
3316.783
3323.367
3217.25
2941.3
3277.717
3355.033
3179.85
3441.633
3519.65
3385.3
3263.917
2962.5
3484.583
3373.567
3689.05
3972.033
4082.783
4449.1
4432.05
4286.633
4226.9169999999995
4158.032999999999
4247.117
3845.967
4419.183
4096.367
4258.117
4171.1
4406.983
3911.033
4057.45
4202.1669999999995
4020.317
4089.1
3862.383
3580.3
4186.25
4303.9
4161.65
4370.767
4529.917
4529.3
4416.583
4159.7
4516.117
4437.032999999999
3910.183
4123.9
4083.117
4314.1669999999995
4214.317
4444.567
4631.65
4367.7
4242.183
3706.967
3963.25
4059.167
4099.983
3838.233
4259.183
3926.033
3955.65
3707.567
3631.183
3582.9
3524.517
3588.1
3626.45
3730.3
3503.183
3649.233
3398.717
3571.233
3701.983
3827.967
4139.5830000000005
4302.9
4431.383
4593.033
4375.717
4457.767
4031.317
4536.433
4359.783
4362.033
4901.317
4608.767
5297.05
5326.167
5273.717
5479.5
6070.783
5579.367
5682.65
5147.167
5333.783
5205.833
4768.183
4518.433
4575.983
4419.1
4217.85
4349.567
4842.65
4480.967
4775.717
4805.433
5338.383
5306.167
5445.05
5145.967
4993.25
4844.7
4463.05
4321.1
4383.25
3971.233
3814.783
3657.233
3707.05
3651.3
3073.45
3401.233
3404.45
3073.9
2736.383
3516.433
3573.517
3720.5
4034.783
3785.7
4607.25
4858.167
4938.783
4783.5
4878.117
4617.433
4250.383
4404.433
4334.717
4511.7
4485.317
4336.967
4902.65
4569.433
4740.517
4632.833
4789.65
4754.633
4649.85
4133.633
4707.05
4576.033
4724.45
4653.7
4562.183
4555.9
4613.583
4634.033
5336.383
5395.1
5404.783
5688.367
5828.983
5908.833
5863.917
5707.833
6026.65
5782.633
6231.85
5847.367
6278.917
6729.7
6035.183
6270.1
6342.983
6119.5
6083.983
5328.1
5206.917
4635.9
4342.717
3414.9
3250.983
2741.233
2528.783
2540.433
3094.983
3380.5
3741.917
4272.633
4652.117
4904.3
5191.917
5650.633
5965.917
6386.767
6270.25
6237.367
6382.117
5808.567
5675.45
5370.833
4979.517
4193.1
3854.05
3541.433
3503.85
3881.5
4062.517
4626.233
5538.25
5841.1
6080.183
6967.1
7217.983
7324.367
7757.517
7478.167
8225.85
8256.367
8616.85
8378.566
8295.717
8746.767
8520.85
8554.5
8704.783
8541.033
8816.583
8590.167
9228.184
9074.366
9181.184
8997.967
9458.583
9319.7
9142.316
9261.033
9799.316
9533.9
9474.783
9285.366
9443.917
8964.5
9032.25
9226.033
9302.116
9722.967
9487.85
9582.366
9641.517
9287.7
9025.316
8826.9
8989.983
9296.9
9430.45
9337.5
9362.45
9354.833
9285.583
9150.033
9064.717
9057.233
8904.316
8960.434
9426.184
9182.1
9398.517
9075.7
9214.783
9432.833
9215.65
9599.167
9793.783
9756.1
9903.184
9972.767
10084.184
10421.033
10670.85
10473.833
10393.316
10331.033
9638.316
9096.1
9225.517
9177.9
9125.517
9003.566
9345.05
9587.233
9721.05
10366.767
10318.517
10933.3
10869.85
10912.9
10897.65
11325.366
10671.316
10826.434
11255.917
10773.233
10814.116
11024.566
10929.184
10764.5
11389.45
10898.434
11223.983
11123.7
11044.583
10775.634
11040.783
10888.1
10908.65
10300.767
10993.85
10815.434
10806.384
10421.366
10788.717
11177.566
11376.65
11023.167
11285.85
11386.5
11143.65
11122.833
11066.983
10060.634
10497.65
10527.3
10633.783
10125.9
10725.917
10568.634
10629.116
10327.9
10329.25
10681.634
10828.783
10783.167
10848.917
10581.434
10348.25
10307.9
9705.116
9991.634
10709.85
10487.167
10644.517
11004.3
11322.917
11398.566
11611.184
11201.9
11346.583
11492.9
11419.184
10944.967
10750.717
10239.366
10431.717
9675.3
10343.384
10575.167
10211.65
10240.033
11037.85
11038.233
10485.783
10489.7
11339.917
11538.233
11231.85
11048.566
11147.917
11249.167
10957.184
10869.5
11135.05
10914.366
11227.917
11531.634
11194.65
11473.967
11732.384
10856.366
11117.05
10967.366
10553.917
10821.833
10126.517
10372.967
10425.316
11410.566
11311.45
11117.967
11108.25
10661.033
10926.65
10925.767
11232.184
10914.967
10669.65
10125.366
9955.85
9594.967
9238.384
9142.167
8489.384
8355.767
8376.582999999999
8363.3
8871.25
9317.7
10243.85
10890.767
12043.85
12194.3
13256.917
12458.967
11841.05
12315.033
12191.85
11973.3
12738.517
12871.767
13094.25
12903.434
12764.116
12172.767
11686.583
11331.5
11582.384
11477.967
12781.05
12207.833
12841.917
12906.3
13245.783
13276.434
12909.25
13660.634
13846.184
14467.167
14317.517
14481.7
14754.384
15094.366
14054.184
14291.566
13648.116
13984.967
13982.05
14402.967
13822.983
13578.833
13160.917
12925.366
13170.983
12872.7
11947.316
12865.1
12651.316
13536.9
13662.583
13745.7
14672.65
14256.233
13911.717
14197.9
14246.717
14025.7
14025.25
14212.1
14658.917
15118.634
15153.116
14814.5
14949.583
16605.1
15322.316
15397.566
15673.384
15026.3
15639.384
15581.5
16211.384
15580.767
15053.983
15379.366
15583.517
15478.767
14971.717
14857.434
16008.983
16445.833
16075.917
15392.967
15795.717
15522.167
15404.85
14580.233
15475.45
15321.5
14942.116
14259.1
14919.85
15138.434
15176.917
14731.833
15842.583
15820.634
15626.316
15965.3
16152.65
16880.699
16100.85
15889.167
16502.583
16056.366
16383.517
15499.767
15851.25
16575.233
16158.384
16309.1
16343.25
15865.767
16092.45
16578.767
17217.449
16963.834
16908.184
17100.967
16905.783
17348.9
17842.783
17351.367
17311.783
16907.1
16930.982
16374.7
16864.25
16499.699
16802.517
16117.233
15710.384
15949.634
15837.85
15542.167
16158.25
15668.033
15819.783
15915.366
15864.85
15959.833
15807.917
16371.3
16876.45
17240.834
16359.116
16451.768
16494.184
15947.1
16789.051
16448.967
16997.25
16934.166
17363.783
17339.834
17495.449
17757.367
17193.584
16752.633
18433.316
17805.566
17730.717
17934.367
18218.717
16929.166
17726.783
16936.967
17930.65
17660.699
16895.117
17448.301
17982.65
17673.1
17786.65
18789.699
18185.383
17549.633
17345.117
17130.699
17012.982
17608.633
18319.184
18166.633
18866.518
18996.566
19373.85
18893.967
18965.717
19354.166
19146.783
19130.768
19101.316
19203.301
19647.449
19274.967
20001.85
19744.768
19854.449
20318.367
20141.25
20109.633
19612.982
19780.166
20060.316
19635.834
19529.117
19262.033
20033.25
19712.967
20737.85
19939.566
19593.584
20105.9
20213.982
20966.768
21069.518
21196.699
20540.916
20854.301
20309.051
20445.967
20175.051
20618.9
20810.65
22695.834
20948.717
21882.367
22219.051
22387.367
21862.85
23179.166
22601.25
22926.1
23722.518
24409.699
23217.449
23789.367
23221.383
23485.1
25230.783
23640.367
23817.117
22964.699
22873.783
22995.367
23690.584
23553.232
24057.316
24867.367
24311.316
25098.434
25803.916
26475.699
26466.783
26658.367
27457.783
28196.699
27502.783
26116.633
26967.449
27207.834
26399.584
26931.367
27558.449
27582.033
27368.518
27904.768
28524.916
27814.301
29337.65
30082.033
29620.25
29048.633
30172.518
29991.232
30051.449
29797.967
30164.051
30302.301
29997.584
30173.566
29723.85
29960.834
30938.717
31670.434
32113.25
32470.434
33876.715
34165.633
33543.852
34259.102
34277.383
34042.5
34054.516
33090.699
34076.117
33213.633
33172.449
34846.633
35416.918
35670.965
35792.316
35964.234
36766.117
35877.301
36170.516
35566.301
35864.984
36108.832
35567.582
36354.699
37111.852
37466.102
37592.117
37794.633
38208.051
38246.898
37603.25
37971.168
37753.918
37895.434
37187.383
37862.5
37935.516
38099.633
38541.715
38047.367
37897.648
38066.367
38197.715
38257.367
38252.449
38603.102
38385.984
38560.566
38784.184
38469.566
37419.984
36773.168
35070.918
33613.766
32633.982
32279.434
32237.65
32712.166
32662.714999999997
34053.898
35741.785
36264.301
36922.449
37072.5
37324.918
38259.234
39309.648
38941.367
39608.582
39621.699
39259.582
38421.5
38068.316
38343.832
38995.051
39341.234
39810.316
40466.102
41404.715
41957.699
42092.383
42154.168
41422.184
41225.035
40682.316
41055.301
41127.715
41107.766
41111.449
40351.766
39965.383
39695.699
39128.184
39149.301
39493.785
39250.566
40784.852
41006.234
41386.316
42054.5
42300.715
41326.035
41534.25
41108.434
41174.117
41524.5
41863.516
42393.367
43439.316
43242.168
43864.449
43351.699
43339.383
42908.168
42155.648
42330.301
42269.852
42448.234
42188.852
42443.035
43042.383
43374.965
42894.582
42994.965
44075.648
43569.434
43960.918
43217.367
43794.051
43243.699
42260.785
41756.965
41367.785
41315.832
41534.715
41857.234
42351.383
43546.301
43286.516
44057.5
43520.715
43622.102
43377.117
42867.566
42497.184
42072.699
41343.984
41564.301
41579.051
41314.102
41533.984
41491.5
41230.449
41344.766
41158.25
41264.633
41773.918
42256.965
42156.383
42777.434
43501.117
43705.035
43707.051
44040.633
43828.117
43729.168
42991.516
42474.234
41933.25
42247.367
42685.785
42371.5
43282.051
43531.832
44190.984
44415.898
44459.715
44399.367
45310.715
45660.234
46232.051
46262.367
45899.582
45758.168
45456.852
45466.367
44739.785
44505.234
44629.582
44654.434
44281.117
44209.102
43276.117
43887.566
43485.785
43891.301
43742.582
44666.766
45261.449
45875.301
46246.852
46572.566
45545.918
45663.434
45080.852
45122.566
45480.184
45110.766
45077.984
44748.301
45131.383
45519.102
45541.582
45743.566
45799.648
46294.699
46789.715
47649.234
46833.316
46663.566
45944.648
45963.168
45103.25
45074.566
44969.984
44697.301
45392.852
45538.5
43673.383
44898.234
44750.184
44410.367
44665.383
44362.102
44233.051
44485.168
45099.383
45470.832
45494.785
45344.168
45522.117
46268.965
46358.582
46697.301
46358.117
45814.699
44365.516
42717.898
41822.25
40257.898
38548.785
38026.5
38745.852
39783.035
42232.582
42956.766
42357.918
42335.234
42577.918
42032.898
42446.449
41866.301
41343.715
42329.5
43628.383
44598.434
44558.383
44966.102
45200.316
45635.766
46510.25
45976.965
45829.918
45912.898
45099.184
45624.035
46046.051
46139.699
45973.984
46800.234
47303.316
47276.832
47348.449
46597.633
46453.383
46083.5
46359.785
46029.699
45209.25
45004.766
44471.918
45582.766
46382.449
47152.633
46932.785
47571.965
48508.383
48816.301
48292.715
47789.234
48168.852
47511.832
47432.715
46686.566
47397.117
47995.367
47479.582
47119.566
46757.715
45594.035
44947.117
43263.633
42054.516
41617.633
41692.582
42155.699
42693.648
43982.566
44281.715
45646.965
45890.918
45961.633
46650.184
46916.102
47395.648
47543.898
47720.852
48198.699
49102.918
48414.367
48011.582
47180.234
47028.25
46866.898
46805.984
46724.367
46760.449
47521.898
48552.25
48618.5
48612.051
48669.301
48544.582
48224.035
48227.785
48200.168
47040.582
46392.832
46010.984
45307.168
44430.051
43928.699
44345.25
44608.434
45047.316
45554.898
46290.184
46373.102
46135.785
45939.832
46167.516
45787.434
45390.715
45552.5
46021.648
46546.102
46682.316
46734.633
47316.449
47880.699
47794.582
47896.434
47603.984
47421.566
46790.449
45967.301
45578.449
44656.633
43588.852
44917.965
44808.715
45218.301
45384.785
46055.699
46108.852
46538.965
46005.785
46059.434
46384.785
45886.234
45758.715
45547.633
45454.051
45077.633
44391.648
43877.965
44026.582
44082.832
43591.918
42908.102
43268.051
43093.898
42842.184
42786.965
43081.918
43375.434
43621.449
44111.102
44307.383
44733.699
44495.316
44309.633
44763.785
44699.699
43469.715
44269.035
43805.449
43782.434
44013.852
43356.566
43490.516
44361.766
44579.715
45030.699
44817.516
44982.168
44936.25
44587.168
45103.051
44567.566
44007.184
43958.035
44267.184
44749.699
44928.516
44123.965
44343.984
44206.898
43748.852
44081.5
44256.648
44089.5
43866.582
44087.699
43731.785
43927.633
43318.25
43023.633
42942.117
42873.633
43112.051
42726.434
43535.117
43834.434
44318.25
43699.965
43863.316
43878.898
44160.715
44004.5
43786.984
43915.301
43911.449
43733.699
43714.852
43748.699
43399.051
42889.898
43277.516
43439.566
43605.184
43499.766
43703.051
43763.035
43601.852
44030.234
44110.648
44303.434
43464.449
43017.301
43256.852
42650.301
42751.184
42470.102
43081.582
43567.633
43429.449
43277.5
43655.316
43546.5
43923.316
43717.566
43773.852
44097.168
43903.117
43842.766
44056.316
44103.301
43973.184
43850.168
43165.383
43317.102
42499.785
42777.234
42821.582
42677.832
42352.785
42495.766
42401.184
42378.234
42451.383
42851.102
42450.051
43079.5
42829.785
42712.766
42152.051
41824.234
41419.648
41553.766
41147.516
41141.434
40900.383
41499.566
41632.785
41677.898
41525.715
41148.832
42290.184
42542.633
42768.184
42835.832
43466.383
43668.699
42909.25
42737.699
42571.383
42508.965
41717.715
41826.035
42022.383
42028.566
42418.449
42385.633
42825.516
42721.301
42873.449
42625.367
42901.516
42557.168
42270.117
41759.766
42329.383
42388.301
41584.25
42495.035
42126.785
42454.434
42663.984
42151.5
42403.25
42014.434
41211.316
40741.234
41204.852
40947.367
40619.184
41107.699
41115.715
42180.367
41907.449
42563.102
42795.984
42431.5
42331.25
42714.965
43125.648
42538.035
41983.117
41776.367
41785.316
41231.898
41104.117
40982.633
41589.449
41648.633
41604.918
41534.234
42197.852
42258.367
41815.316
41600.367
41532.117
41176.766
40506.516
39983.301
40019.785
39978.5
39565.648
39925.168
40233.852
40869.766
41160.117
41288.699
41639.449
41871.168
42225.051
42148.367
42298.918
42069.102
41916.117
42420.766
41807.117
42269.965
41966.051
41499.035
42123.449
41949.434
42116.984
41766.832
41614.516
41532.301
41533.785
40943.766
41104.648
40815.5
40607.918
40852.566
40631.918
40350.102
40329.918
40195.102
41016.852
41320.102
40467.715
40626.102
41260.449
41097.898
40966.449
41469.168
40943.648
40619.035
40489.715
39748.832
40248.918
39358.566
39623.715
39452.832
39384.25
39947.832
39748.516
40053.035
40011.582
39894.5
40273.449
40178.5
40500.383
40424.965
39909.785
39985.5
40172.715
40352.301
39536.852
39842.699
40038.984
40032.699
39432.582
39931.234
40555.918
40143.301
39873.852
40743.965
40788.449
40649.102
40366.582
39912.168
40505.582
39997.832
40206.449
40148.699
39877.785
40067.5
39919.715
39639.832
40039.25
39796.434
39109.051
39285.5
39571.25
39380.301
38750.516
38747.566
38453.316
38339.898
38135.117
37656.301
38282.984
38271.766
37933.184
38956.5
38859.516
39096.168
39068.648
38693.898
39241.918
39066.5
38682.918
38196.5
38665.184
38862.102
38033.051
37212.566
36512.383
35777.566
35220.984
34555.234
34141.184
33578.633
33097.852
34267.566
34914.051
34920.367
35507.582
36223.102
37404.582
37111.965
37609.918
37350.234
37287.25
37524.168
37046.051
36925.434
37079.383
37020.832
36601.184
36769.699
36897.785
37034.234
36861.516
36573.566
36989.785
36724.434
36732.648
36552.168
36964.383
36897.102
36539.852
37149.102
37034.184
36821.367
36395.785
36154.168
36229.582
36091.766
36051.984
36190.434
35937.516
36319.035
36442.316
36158.965
36387.051
36881.832
36536.918
36287.168
36585.117
36719.898
36589.516
36727.633
36622.785
36224.965
36025.785
35959.367
36140.516
36020.168
35280.25
35604.301
35498.449
35757.566
35550.918
35414.035
35496.316
35689.102
35976.316
35491.234
35698.516
35970.5
35384.117
35619.633
35659.316
35563.633
35005.117
35146.301
35020.316
35054.898
35123.852
34987.633
34922.184
34917.965
34297.316
34651.566
34408.918
34702.035
34230.852
34587.5
35175.785
34831.633
35266.852
35288.965
35108.785
35563.168
35333.051
35381.832
35392.449
35278.566
35508.184
35274.633
35405.516
35157.168
35434.516
35172.965
35590.051
34983.5
35080.184
34824.699
35057.25
35207.566
34721.383
34582.035
34673.648
34690.5
34667.516
34745.965
34826.316
34872.5
34889.785
34773.168
34720.918
34347.102
33909.051
33798.168
33992.383
33541.367
33173.648
33297.566
33716.383
33702.234
33191.25
33290.633
33633.117
33406.965
33178.184
32795.234
33119.25
32890.834
32588.584
32061.033
32421.85
32498.166
32437.25
32705.699
32617.316
32644.166
32032.783
32280.5
31843.449
31765.967
31000.783
30835.1
30905.783
30378.033
30412.518
29775.633
30124.316
29782.033
29200.982
28414.434
28301.051
28371.367
28288.717
27640.834
27911.65
27825.1
28098.25
28186.967
28778.916
29189.033
29982.584
30733.5
30890.117
30975.1
31085.449
31288.768
31116.85
30741.166
30845.383
30551.1
30849.383
30599.232
30915.65
30987.166
31314.65
31190.301
31462.449
31442.367
31842.65
31683.434
31461.383
31652.166
32024.25
31736.166
31495.383
31261.967
31609.449
31470.367
31230.584
31205.166
31297.051
31291.232
31717.65
30870.566
31417.117
31402.232
31430.051
31253.434
31541.449
31319.633
30949.449
30971.967
31079.65
31207.9
30519.25
30440.5
30636.383
30371.768
30328.117
30480.967
30625.117
30277.1
30197.518
29920.301
29934.449
29944.768
30003.184
29955.9
29966.518
29852.566
29851.518
29773.367
29659.383
29643.1
29456.916
28872.768
29277.65
28789.768
28961.051
28887.033
29051.25
28846.232
29005.982
28923.633
28975.25
29297.699
29129.383
29425.1
29261.783
29501.5
29280.717
28749.5
28917.783
28705.166
28536.316
28804.301
28635.449
28598.633
28674.051
28545.768
28956.449
29510.434
28995.25
29551.566
29681.982
29447.1
29563.783
29250.566
29500.916
29677.768
29800.051
29935.232
30021.117
30414.434
30311.316
30680.232
31038.982
31306.9
30795.783
30647.967
30993.916
31552.1
31323.717
31828.967
31969.316
32386.967
32176.117
32285.566
32196.25
31909.232
31123.449
30112.301
29541.383
29240.699
28930.584
28642.232
28387.982
28404.232
28278.65
28169.301
28429.383
28295.768
28305.184
28297.434
28636.65
28351.1
28251.982
27917.768
27884.982
28078.566
27622.051
27921.9
27825.982
28023.166
28030.518
28129.699
28226.584
28442.768
28047.982
28180.033
28533.982
28333.232
27734.584
28106.367
28440.316
28314.033
27901.916
28199.166
28427.449
27864.699
28277.982
27543.633
27894.584
27534.1
27327.518
27451.1
27392.916
27412.367
27164.449
26692.301
27380.783
27457.232
27092.518
27072.232
27295.717
27069.5
27411.717
26871.301
27040.184
27087.5
27276.051
27235.1
27401.85
27113.566
27242.916
27359.5
27621.051
27175.367
26774.051
26767.9
27071.449
27180.1
26857.65
27064.033
26894.117
27094.166
26816.316
26884.699
26905.449
26844.9
26434.65
26211.033
26801.051
26621.1
26136.783
26037.967
26535.85
26114.768
26092.316
26222.367
26448.85
26123.699
25149.117
25946.768
26406.051
25964.5
25944.65
25550.566
25836.449
25900.301
26178.982
26104.434
26018.65
25721.5
25784.584
25769.768
25138.65
24974.1
24423.65
24699.967
24273.117
24675.699
24189.117
24287.166
25583.383
25368.434
25348.117
25981.5
25814.051
25861.166
25421.449
25206.633
25018.316
25052.633
24792.783
24845.834
24925.717
24969.1
24546.316
24780.1
25415.717
24929.232
24437.184
24739.301
25021.184
25162.434
24819.449
24949.033
25051.783
24717.967
24372.316
23996.566
24463.982
23939.967
23893.982
23521.633
23489.85
23555.768
22872.051
22412.633
22270.117
20854.834
20082.982
19313.1
19403.117
19417.967
19500.85
19758.232
20603.316
21475.301
21920.316
21973.834
22213.449
22829.434
23308.184
23251.5
22892.383
23362.232
23267.184
23326.834
23344.717
22949.834
22604.916
22524.434
22955.783
22832.834
22432.783
23100.699
22940.783
23210.367
23306.051
23194.768
23268.65
23244.834
22992.783
23104.5
23227.383
23364.566
22924.25
22969.301
23366.316
23440.033
23305.449
23331.434
23454.85
23465.367
23366.584
22834.967
23312.184
23247.967
22907.982
22711.166
22937.65
23113.434
22947.449
22486.967
22792.117
23058.1
22455.051
23056.367
23228.117
23180.967
23628.25
23300.033
23406.717
23390.5
23181.117
23318.967
23265.65
23156.967
22842.982
22893.5
22968.783
23009.434
22910.584
22982.301
23179.982
23228.033
22913.316
22680.768
22959.117
22837.566
23019.316
22596.301
23119.316
22910.301
23111.85
23100.232
23191.783
23098.633
22642.982
22412.566
22955.316
22818.367
23010.25
22611.9
22474.65
22604.967
22477.584
22849.768
22563.383
22522.566
22010.982
22036.633
22142.25
22401.9
21528.383
21778.301
22012.584
22068.566
21789.117
21622.166
22088.65
22002.1
21789.184
21924.232
22000.916
22200.367
21491.25
21660.768
22136.65
22185.1
21851.584
21717.768
21809.916
22039.566
21654.783
21639.434
21754.85
21691.033
21119.383
21435.301
21417.717
21250.9
21207.117
21362.301
21071.051
21764.768
21170.717
21036.367
21146.316
21203.166
21070.051
20479.033
20996.982
21061.5
20752.316
20496.967
20966.85
20827.9
20714.449
20216.967
20744.383
20717.301
20621.85
20689.033
20322.117
20594.5
20464.783
20007.9
20300.584
20111.633
20136.584
19621.166
20065.85
19987.699
19355.383
19010.166
19739.316
19544.166
19384.184
19272.033
19537.85
19379.5
19020.051
18949.768
19612.982
19337.768
19127.184
19025.967
19482.383
19055.166
18843.449
18788.033
19400.25
19131.834
18901.65
18855.5
19031.518
18756.9
18343.783
18046.1
18520.25
18606.9
18511.916
18800.1
18924.982
18821.166
18203.783
18877.834
18662.65
18554.166
18486.584
18439.967
18403.916
18498.967
18048.184
18005.301
17348.518
16628.1
15958.116
15225.5
14811.517
14648.833
14631.116
14604.033
15499.184
15992.767
16193.25
16610.767
16915.783
16962.967
17096.25
16996.367
17135.584
16579.434
16606.982
15883.033
16943.518
16818.166
16652.518
16511.699
16935.316
17168.434
17339.184
17011.1
17420.584
17654.166
17314.051
17373.301
17764.449
17718.301
17728.184
17861.699
17981.916
17965.301
17749.982
17365.699
18265.383
18021.566
17986.982
17585.166
18285.65
18395.1
18183.518
18346.9
18380.051
17917.967
18128.449
17753.166
18332.383
18215.699
18118.316
18027.1
18059.982
18313.699
17892.518
18419.166
18353.316
18443.9
18401.184
17966.434
18678.65
18662.301
18191.383
18362.301
19066.051
18770.834
18504.916
18996.232
19226.184
18871.967
18611.25
18746.566
18389.717
18568.166
18055.449
18266.566
18557.982
18445.166
18432.65
18910.699
18558.449
18700.367
18059.717
17930.301
18824.65
18634.5
18490.383
18593.1
18433.117
18538.301
18618.85
18300.699
18323.25
18358.9
18286.783
18235.1
18402.25
18063.967
18150.65
17986.166
18408.85
18114.967
18261.449
18223.367
18619.184
18235.166
18280.051
18167.967
18432.982
18670.967
18632.717
18530.9
18457.584
18332.301
18194.117
18465.166
18630.316
18718.967
18719.518
18297.699
18983.916
18798.9
18766.783
18229.033
18811.916
18729.566
18515.25
18392.967
18474.383
18589.033
18753.518
18606.834
18717.65
18426.367
18554.584
18706.033
18407.316
18565.301
18424.316
18279.768
18393.783
18498.301
18260.584
18208.768
18327.25
18579.5
17602.65
18392.166
18377.117
18325.033
17637.316
17983.834
18320.584
18424.633
18261.117
18326.301
18264.85
18418.967
18116.584
17984.967
18384.584
18124.166
18207.584
17862.1
18113.117
18183.434
17794.518
17760.633
18067.783
17640.9
17661.051
17481.9
17820.982
17690.033
17358.383
17660.434
17672.65
17385.768
17501.982
17680.9
17510.449
17464.367
17233.449
17279.566
17546.916
17243.166
17389.65
17014.633
17096.383
17189.434
17035.117
17169.301
16964.518
16884.633
16843.518
16802.699
17056.916
16996.301
16948.117
16065.967
16337.316
16259.7
16128.116
15538.233
15480.25
15538.167
15166.184
14594.1
15132.517
14974.566
14170.184
14513.566
14453.917
14092.233
14219.384
13671.634
13830.65
13674.7
13376.45
13548.3
13771.316
13624.167
13776.983
12564.366
13348.717
13443.967
12940.184
13260.833
13482.583
13562.833
13282.783
13681.7
13887.517
13891.366
14087.583
14457.5
14438.316
14270.167
14372.25
14176.366
14114.717
14324.566
14307.583
13751.566
14206.384
14057.167
13732.116
13169.767
13516.917
13302.366
13018.116
12938.366
12795.116
12886.5
12672.783
12546.767
12975.05
12937.967
12813.184
12814.7
12912.05
12753.634
12664.85
12570.167
12986.384
12832.767
12498.983
12932.833
13311.384
13065.566
12785.05
12908.1
12900.717
12927.566
12893.783
12745.566
12858.517
12586.9
12036.517
12583.366
12464.65
12596.167
12702.85
12208.967
12738.45
12591.033
11882.316
12172.5
12408.116
12250.7
12307.116
12551.5
12690.316
12644.167
12830.184
12753.366
12848.05
12687.233
12658.583
12354.033
12601.316
12697.7
12435.05
12421.7
12692.05
12649.233
12354.45
12838.033
12868.717
12989.233
12526.65
12773.1
12889.65
12861.5
13065.517
12349.634
12877.25
12735.833
12931.05
12514.566
13182.85
12906.634
13078.783
12681.167
13221.917
13167.9
12832.116
12631.5
12857.45
12635.767
12525.45
12760.634
12685.983
12515.5
12207.917
12204.7
12452.384
12633.1
12456.05
12630.3
12584.316
12436.634
12225.85
12421.5
12522.25
12385.033
12662.45
12076.3
12366.783
12631.833
12611.85
12290.833
12336.783
11928.566
11639.717
12064.634
11944.917
12025.9
11233.05
11787.566
12077.05
11923.967
11641.316
11972.7
12218.917
11811.167
11960.116
11797.5
12044.65
11674.833
11411.517
11384.833
11749.783
11675.967
11255.316
11529.3
11479.65
11678.9
11465.783
11552.1
11616.583
11474.3
11262.783
11498.634
11637.517
11534.767
11411.983
11729.434
11470.25
11572.233
11485.517
11285.9
11474.316
11466.767
11289.65
11150.434
11207.983
11292.366
10993.517
10877.434
11366.384
11388.167
11058.25
11128.033
11370.25
11353.7
10920.05
11009.434
11200.184
10988.434
10780.783
11181.033
11155.384
10931.233
11168.25
10921.1
10995.65
10942.366
10675.316
10291.033
11015.65
10639.634
10889.116
10690.1
10807.184
10606.767
10547.45
10390.566
10742.05
10607.9
10531.85
10225.767
10508.384
10590.9
10395.384
10349.366
10603.384
10586.366
10044.45
10258.1
10499.583
10461.1
9827.25
9969.7
10374.384
10363.167
10248.783
9931.7
10441.316
10344.233
10295.316
10040.233
10187.45
10021.5
9896.25
10026.3
10167.184
9987.1
9807.917
9857.1
10302.583
10290.1
10080.517
9798.033
9905.517
10060.1
9875.917
9703.1
10011.783
9943.9
9906.384
9596.767
9763.65
9868.1
9818.983
9658.967
9855.65
9619.9
10076.384
9362.833
9823.517
9744.1
9508.783
9081.1
9808.517
9749.434
9759.184
9466.767
9567.45
9405.634
9506.917
9629.767
9915.45
9128.233
9415.384
9218.7
9481.116
8881.967
8465.717
7835.633
7632.383
6812.967
6016.05
5418.967
4817.183
4063.7
3694.45
3026.1
3333.05
3247.233
2972.583
3170.7
4063.383
4277.8330000000005
4250.383
5217.367
5771.583
6056.033
6347.983
5708.767
6450.383
6064.167
5930.717
5585.7
5354.317
5444.9
5136.383
4907.3
5281.983
5376.1
5319.65
5130.967
5849.517
5640.3
5672.917
6294.3
6340.717
6585.1
6255.65
6749.367
6903.45
6868.5
6890.383
7126.033
7400.783
7437.433
6970.917
7211.033
7752.983
7772.233
7346.317
7876.567
8110.117
8233.9
8158.65
8149.3
8649.184
8601.167
8021.116
8133.433999999999
8827.783
8901.366
8702.583
8457.167
8983.517
8795.9
8588.45
8578.167
9067.184
8858.7
7981.782999999999
8848.9
9019.783
9087.566
8757.517
8530.366
9041.45
8985.167
8783.983
8698.233
8840.25
8938.967
8513.384
8374.7
9281.717
8890.634
8659.65
8694.233
9014.983
8902.366
8768.25
8759.7
8960.517
8906.167
8728.25
8705.033
8988.85
9000.167
8839.717
8755.833
9062.65
8980.033
8419.184
8614.967
8934.85
8855.967
8506.717
8434.833
8821.184
8688.033
8732.25
8480.767
8759.45
8917.767
8594.65
8118.9
8925.783
8815.167
8810.783
8603.9
9095.983
8851.167
8667.316
8415.767
8912.983
8702.5
8280.85
8140.634
8764.85
8695.967
8702.717
8111.767
8815.116
8658.167
8535.384
8617.5
8798.85
8753.967
8571.316
8516.7
9013.517
8825.634
7969.049999999999
8316.1
8896.783
8672.233
8650.65
8487.833
8878.116
8772.033
8325.983
8159.1669999999995
8692.116
8541.7
8522.65
8366.9
8722.25
8702.9
8543.45
8087.1
8754.116
8701.1
8348.983
8034.032999999999
8619.65
8738.566
8439.05
8397.434
8704.316
8342.767
8320.983
8425.9
8414.183
8335.167000000001
8216.45
8025.9
8603.05
8415.3
8045.85
8001.967
8450.05
8608.1
7920.917
7983.9
8459.717
8369.1
8400.783
8160.167
8386.183
8305.033
8236.317
7918.633
8566.582999999999
8325.633
8057.25
8023.7
8395.517
8286.233
8110.783
7651.233
8263.183
8224.633
8087.783
7587.5
8342.383
8145.1
7665.317
8085.167
8172.783
8068.5
7651.783
7774.3
7922.05
8039.233
7814.65
7789.967
8050.517
7816.633
7812.783
7571.967
7895.65
7932.633
7451.517
7405.5
7893.85
7863.767
7543.05
7525.9
7559.317
7760.567
7294.183
7467.567
7532.317
7558.1
7399.917
7187.167
7725.183
7601.7
7221.983
6876.167
7448.05
7619.9
7398.517
7100.433
7462.117
7410.833
6744.25
7165.833
7562.917
7214.3
7059.917
7092.767
7371.45
7397.833
7004.983
6878.633
7284.117
7380.7
7187.583
7093.1
7422.583
7212.9
6935.983
6683.7
7310.517
7123.1
7350.983
6845.3
7333.917
7279.033
6772.25
6804.9
7283.917
7109.7
6912.717
6998.5
7239.317
7193.633
6776.45
6733.167
7330.45
7061.167
6907.717
6965.3
7186.317
7033.433
6607.65
6496.7
6898.583
6846.167
6321.383
6480.233
6946.25
6764.567
6945.25
6611.7
6949.783
6828.1
7036.25
6640.633
6868.383
6774.367
6434.117
6434.3
6885.383
6750.9
6262.783
5757.9
6688.583
6746.5
6292.717
6457.233
6718.917
6492.7
6380.583
6317.567
6687.383
6477.233
6301.917
5954.7
6536.983
6590.767
5880.183
6036.033
6597.183
6371.433
6125.717
5892.633
6501.983
6469.567
6370.383
5962.967
6550.717
6466.1
6402.117
6288.5
6478.783
6338.967
5120.983
5610.967
6379.317
6451.233
6074.25
5809.833
6318.717
6438.167
5779.783
5787.567
6206.45
6201.633
5716.517
5753.367
6250.717
6207.3
5570.717
5543.233
6114.85
6051.833
5801.383
5809.167
6058.317
5962.567
5539.583
5928.7
6016.383
6043.633
5508.517
5739.367
6153.717
5929.233
5463.517
5350.233
5934.25
5953.967
5811.25
5253.433
6042.983
5886.833
5235.917
5357.233
