251.667
64.583
-143.13299999999998
142.85
433.933
130.45
191.133
224.983
227.267
252.65
111.6
-172.683
195.2
199.917
13.933
-46.083
346.8
-0.6830000000000069
50.267
360.117
411.933
170.583
456.6
142.71699999999998
270.66700000000003
195.71699999999998
217.4
-142.35
187.46699999999998
188.183
313.0
7.383000000000003
264.533
194.183
227.2
18.849999999999994
546.533
464.183
73.4
-67.683
231.2
123.85
-20.333
175.71699999999998
185.933
224.517
131.933
213.85
214.86700000000002
226.05
-52.266999999999996
30.382999999999996
600.067
270.91700000000003
-28.533
-272.617
413.0
429.05
20.933000000000007
32.25
368.66700000000003
427.91700000000003
377.133
215.65
408.467
368.05
136.333
313.45
383.533
389.58299999999997
318.933
-150.35
431.2
286.25
28.333
71.917
372.733
180.05
127.333
60.783
291.533
485.25
191.933
53.783
226.267
333.383
16.132999999999996
6.582999999999998
226.13299999999998
198.38299999999998
479.067
-7.549999999999997
168.067
211.71699999999998
330.8
-72.15
188.53300000000002
244.383
175.733
74.783
396.067
352.45
-253.13299999999998
16.917
383.33299999999997
299.117
215.2
195.317
456.6
277.717
-14.0
269.183
95.133
311.317
235.333
277.05
400.66700000000003
266.85
538.867
-230.683
314.933
356.25
89.467
353.383
377.33299999999997
446.983
245.933
86.517
335.33299999999997
226.71699999999998
-69.467
100.717
324.933
299.717
117.13300000000001
-8.349999999999994
399.267
433.117
47.93300000000001
-257.75
345.733
302.517
74.4
124.25
264.6
412.183
325.8
30.650000000000006
290.6
310.117
-303.133
-148.75
288.6
199.317
159.0
-23.882999999999996
326.933
250.25
39.867000000000004
204.117
392.133
288.717
230.46699999999998
-120.75
439.267
403.58299999999997
419.33299999999997
148.38299999999998
477.133
265.85
138.333
329.383
391.8
58.650000000000006
358.133
-175.21699999999998
120.6
219.517
-5.266999999999996
357.717
576.6
415.783
159.333
-95.417
485.33299999999997
150.65
439.33299999999997
10.516999999999996
376.133
347.517
300.8
382.91700000000003
508.933
336.317
410.533
285.91700000000003
318.8
225.583
375.867
-354.35
379.867
344.183
151.333
131.983
123.467
312.783
453.467
171.11700000000002
232.733
288.517
108.2
-210.88299999999998
259.533
373.58299999999997
456.66700000000003
181.05
373.6
297.717
31.933
-326.817
433.2
235.38299999999998
-79.867
9.382999999999996
252.733
174.11700000000002
-1017.733
-113.15
124.4
257.717
236.53300000000002
-81.15
552.467
391.91700000000003
246.267
50.917
246.667
224.65
-124.4
413.783
506.8
253.117
-196.267
28.117000000000004
293.267
311.05
-124.8
334.517
369.4
239.78300000000002
380.33299999999997
327.85
319.533
389.58299999999997
225.933
165.317
364.467
238.583
386.8
15.117000000000004
391.533
429.983
326.933
-82.683
210.267
310.783
67.667
-300.35
367.933
343.517
244.46699999999998
-132.483
345.533
325.517
201.0
72.65
344.2
339.783
-168.333
195.117
321.4
54.717
-158.2
143.917
249.933
195.983
297.4
154.05
253.0
508.65
79.0
159.05
364.133
519.583
375.4
152.78300000000002
213.2
265.983
78.667
473.58299999999997
340.467
195.583
-179.2
98.183
195.6
271.383
245.8
-31.417
527.2
544.117
9.600000000000001
273.45
367.133
330.05
211.46699999999998
88.45
317.66700000000003
372.317
53.467
115.117
265.267
307.25
155.933
275.65
450.66700000000003
410.85
369.733
75.717
524.4
152.317
351.8
-168.417
333.867
137.983
-129.6
256.517
295.66700000000003
158.71699999999998
493.933
347.117
321.8
221.25
594.533
40.18300000000001
330.467
239.583
-80.8
225.38299999999998
576.6
366.25
485.8
-92.95
389.0
311.58299999999997
323.267
129.71699999999998
274.733
458.783
-128.267
162.517
527.867
247.317
62.0
98.117
270.067
284.117
445.067
103.45
575.067
471.05
624.533
356.65
615.2
415.383
131.067
231.45
265.267
476.25
650.6
61.983000000000004
580.133
459.717
404.533
545.65
484.13300000000004
384.317
217.0
511.717
355.86699999999996
618.183
-28.0
134.117
415.733
393.65
412.467
242.05
727.2
403.58299999999997
558.333
390.517
536.333
493.45
520.4
140.183
843.733
317.517
421.66700000000003
358.65
702.733
387.58299999999997
538.2
425.85
411.86699999999996
665.783
554.467
440.25
392.133
660.517
432.33299999999997
242.25
751.067
543.717
425.33299999999997
363.25
358.8
457.783
564.867
444.65
667.267
559.117
334.533
282.85
419.533
527.983
407.133
288.45
641.3330000000001
223.85000000000002
495.067
226.85000000000002
439.4
326.517
505.8
589.25
471.467
218.91699999999997
531.3330000000001
718.05
208.933
628.9169999999999
479.733
521.85
529.933
509.85
335.0
690.05
871.933
381.917
385.667
965.9169999999999
597.533
813.85
181.8
364.383
810.6
639.317
734.2
815.85
335.73299999999995
299.317
413.79999999999995
387.98299999999995
921.4
751.45
219.53300000000002
692.05
568.8
816.183
851.0
656.383
581.067
934.517
201.933
480.38300000000004
596.067
754.25
1060.067
984.183
910.2
832.517
619.533
722.85
747.867
666.717
311.13300000000004
533.783
882.533
704.85
968.667
514.383
1017.4
921.65
997.333
821.317
966.6
894.717
488.33299999999997
949.85
808.467
725.983
658.6
791.917
778.733
914.117
803.867
576.183
905.667
659.183
629.533
502.58299999999997
961.4
845.183
787.933
837.117
957.667
711.85
718.4
630.317
911.733
939.917
843.8
595.783
1096.6
827.117
867.0
840.05
974.267
846.583
349.4
763.517
834.6
874.25
902.2
1071.983
1193.133
1001.85
1022.133
991.783
1126.867
1172.783
1006.467
1067.983
1042.933
1030.983
1201.733
1047.517
1450.2
944.65
542.333
798.05
1017.267
1296.983
1004.867
1085.45
1447.2
1228.983
1139.467
1060.85
1284.933
1332.717
1358.8
1074.117
1445.333
1128.783
1039.667
975.583
1047.267
1008.117
1331.6
689.85
1069.2
1165.45
1368.867
970.517
1265.867
1141.517
1346.933
1184.583
1254.067
1338.65
1301.533
1225.983
1523.533
1064.45
1594.267
1331.45
1387.533
1319.717
1202.133
1415.45
1653.533
1035.917
1140.4
1429.65
1650.867
1372.383
1478.0
1241.717
1299.733
1207.317
1274.933
1380.917
1317.0
1586.183
1824.6
1084.05
1655.6
1632.65
1528.067
1454.583
1529.2
1408.583
1338.533
1646.783
1593.667
1408.85
1216.933
1337.117
1295.533
1262.317
1589.4
1454.517
1572.667
1749.25
1529.6
1661.917
1870.267
1578.783
1885.8
1725.117
2056.733
1811.183
1646.2
1883.583
1887.867
1810.183
1631.733
1787.983
1616.4
1689.383
1565.533
1789.05
1800.4
1606.183
1307.867
1604.25
1538.867
1550.65
1386.4
1312.783
1579.067
1354.85
1312.6
1061.65
1703.4
1279.65
1575.4
1530.583
1658.0
2083.317
1787.4
2018.183
1831.067
1980.05
2141.2
1770.717
1987.8
1970.25
1759.0
1687.85
1978.6
1809.117
2072.4
1650.45
1908.4
1943.05
1890.4
2026.383
1949.467
1966.25
2113.533
2038.983
2124.467
2128.25
2029.733
1774.783
2103.133
2118.717
1936.6
2171.117
2275.2
2136.45
2049.2
1759.117
2260.867
2106.183
2365.667
2594.917
2597.667
2916.517
2891.933
2750.383
2678.867
2606.05
2738.0
2349.183
2909.933
2606.917
2755.4
2659.983
2924.8
2439.383
2612.533
2764.517
2653.067
2695.45
2492.133
2193.317
2747.933
2820.383
2689.6
2804.917
2934.4
2894.383
2771.8
2566.917
2954.533
2936.05
2434.0
2701.917
2664.4
2860.05
2679.0
2850.85
3045.4
2836.717
2724.533
2233.117
2556.333
2671.317
2752.4
2426.517
2832.2
2522.85
2629.6
2466.45
2442.8
2377.717
2290.067
2380.983
2384.0
2465.317
2280.667
2411.517
2218.733
2349.917
2447.4
2462.983
2711.467
2844.517
2916.333
3064.317
2898.533
3016.317
2596.067
3082.583
2855.0
2819.517
3321.2
2936.117
3601.267
3565.85
3411.333
3559.183
4150.467000000001
3627.25
3796.733
3292.45
3524.267
3467.65
3176.4
2977.717
3082.333
2958.65
2754.667
2846.583
3299.2
2875.183
3124.8
3104.583
3559.533
3487.517
3692.733
3453.45
3353.667
3235.25
2981.8
2894.45
3064.4
2692.25
2613.533
2508.25
2607.133
2557.317
2014.933
2384.383
2390.867
2055.25
1752.6
2480.383
2440.867
2531.65
2772.933
2394.917
3168.533
3296.717
3371.933
3209.05
3315.067
3134.45
2815.667
2974.45
2933.2
3102.383
3046.867
2864.517
3404.6
3075.183
3219.733
3119.45
3315.4
3240.383
3173.733
2646.983
3220.333
3069.517
3250.467
3217.45
3092.4
3154.583
3114.933
3055.183
3712.6
3694.983
3631.333
3795.783
3953.733
4039.65
4059.467
3900.183
4212.933
3927.117
4295.6
3851.317
4297.6
4646.183
3979.4669999999996
4225.183
4385.2
4186.117
4218.933
3569.65
3566.6
3110.517
2992.133
2229.317
2228.467
1835.917
1709.333
1697.783
2183.867
2382.517
2615.533
3014.45
3231.6
3302.317
3538.133
3872.25
4140.4
4393.383
4262.467
4269.317
4485.532999999999
3967.183
3909.4
3749.183
3479.667
2873.117
2710.533
2486.65
2462.267
2763.45
2833.733
3259.65
3901.6
4028.317
4172.6
4844.717
5056.733
5030.917
5371.533
5051.183
5745.6
5720.383
6132.8
5764.583
5749.2
6127.717
5909.267
5956.65
6082.267
5893.85
6112.733
5950.317
6568.733
6346.65
6471.733
6201.25
6680.133
6490.583
6366.6
6352.117
6890.2
6677.65
6634.267
6477.05
6640.667
6209.983
6311.867
6492.05
6538.6
6920.717
6683.133
6744.65
6776.0
6556.717
6300.467
6092.917
6326.533
6539.583
6719.2
6585.85
6536.6
6559.117
6568.8
6382.45
6448.133
6406.583
6261.467
6304.317
6783.667
6547.583
6630.4
6395.783
6534.2
6723.917
6555.133
6901.25
6954.067
6951.983
6987.733
7082.917
7129.733
7441.183
7598.533
7434.05
7357.533
7366.05
6831.667
6389.05
6617.2
6578.383
6558.067
6457.783
6651.267
6856.45
6903.267
7410.25
7366.667
7849.783
7755.0
7805.85
7805.133
8155.983
7567.6
7674.717
8124.733
7648.05
7738.8
7901.983
7907.733
7725.65
8276.2
7712.85
8067.733
7996.45
7924.8
7644.65
7959.533
7823.517
7901.933
7375.317
7924.133
7805.45
7693.667
7381.85
7828.133
8061.717
8235.133
7859.517
8153.2
8191.783
8064.267
8082.65
8006.733
7189.917
7653.933
7642.717
7759.333
7311.717
7837.667
7644.517
7804.333
7541.317
7485.533
7817.383
7902.6
7847.383
7922.2
7695.517
7525.8
7505.183
6991.4
7217.983
7888.667
7572.983
7707.8
7943.983
8261.667000000001
8282.117
8510.6
8190.783
8331.867
8389.183
8360.533
8004.183
7973.667
7467.85
7674.533
6997.717
7638.333
7787.65
7468.667
7434.983
8141.6
8097.117
7635.733
7693.25
8351.867
8481.184
8287.667000000001
8086.783
8217.867
8257.917000000001
8090.467
8004.05
8224.733
8069.383
8304.867
8559.05
8236.933
8477.25
8726.2
7921.85
8214.0
8088.117
7704.267
8041.05
7385.467
7657.05
7571.4
8404.983
8384.067
8239.317
8200.067
7820.317
8147.867
8054.45
8426.133
8082.717
7921.133
7445.583
7432.867
7171.117
6876.533
6787.45
6343.133
6294.117
6275.533
6245.85
6645.667
6943.117
7716.867
8122.917
8962.4
9032.184
9879.134
9134.05
8795.866
9127.45
9036.733
8968.517
9578.066
9594.917
9782.4
9638.85
9639.467
8988.184
8750.934
8453.717
8708.134
8551.316
9636.8
9128.184
9697.8
9698.45
9960.866
9961.25
9645.066
10329.583
10380.533
10865.783
10829.066
10914.983
11068.333
11382.116
10526.8
10755.717
10321.2
10466.717
10472.533
10786.917
10451.667
10252.917
9888.2
9765.45
10015.333
9739.384
8951.333
9732.717
9563.4
10141.517
10346.134
10345.717
11111.866
10781.384
10547.134
10778.717
10795.533
10631.517
10565.733
10649.783
11106.866
11425.517
11485.2
11129.983
11319.267
12613.917
11670.8
11654.983
11860.533
11350.65
11797.134
11752.917
12309.533
11906.384
11430.4
11685.116
11914.0
11773.983
11344.134
11229.65
12192.6
12552.65
12208.134
11722.116
12047.667
11811.717
11677.667
10974.717
11817.8
11715.85
11356.866
10864.583
11350.267
11614.316
11598.866
11254.316
12091.2
12134.384
11812.533
12227.983
12331.0
12874.25
12352.866
12153.316
12732.533
12294.983
12515.866
11829.717
12179.934
12795.65
12327.2
12491.384
12502.866
12231.85
12387.333
12703.25
13285.533
12956.983
13003.6
13073.316
13040.6
13334.25
13740.267
13362.65
13378.866
12991.783
13002.667
12609.25
13045.333
12686.184
13038.2
12382.05
12123.267
12324.917
12208.533
11976.65
12586.0
12081.783
12171.667
12226.45
12224.4
12309.517
12099.134
12667.65
13121.8
13398.316
12677.4
12672.717
12801.667
12304.116
12979.866
12609.783
13180.6
13186.717
13441.866
13464.45
13632.0
13812.917
13381.8
12891.917
14322.733
13834.316
13740.134
13889.65
14162.0
13169.917
13715.467
13071.983
13981.4
13776.717
13203.866
13620.184
14029.267
13731.116
13949.4
14583.316
14203.467
13702.316
13592.667
13355.983
13291.066
13726.917
14188.2
14214.783
14759.2
14865.65
15180.934
14778.917
14853.4
15164.184
14932.2
14872.783
14975.667
15042.45
15321.2
14986.517
15678.267
15454.45
15559.8
15918.917
15803.8
15780.384
15289.467
15498.85
15754.8
15362.25
15242.267
15148.116
15689.4
15466.384
16312.134
15683.184
15400.533
15809.116
15888.533
16489.116
16580.934
16629.449
16105.8
16361.85
15957.2
16107.45
15898.667
16141.783
16455.934
17851.383
16583.267
17265.25
17508.666
17652.85
17091.867
18302.449
17844.133
18162.184
18692.066
19301.518
18300.801
18794.25
18312.732
18572.85
19975.4
18713.316
18785.133
18081.783
18128.0
18148.383
18806.0
18639.717
19030.4
19726.051
19171.801
19862.383
20431.334
20945.584
20971.0
21145.25
21782.533
22359.518
21825.6
20698.783
21415.0
21553.916
21001.533
21346.916
21944.666
21911.982
21730.066
22178.383
22700.066
22058.117
23389.4
23856.65
23554.0
23026.717
24073.867
23878.982
23896.6
23676.383
23961.4
24042.982
23937.133
23975.383
23596.4
23873.383
24675.732
25257.383
25622.268
25835.717
27052.268
27301.184
26817.934
27415.184
27400.4
27138.65
27187.0
26295.449
27237.066
26520.982
26403.4
27834.316
28356.4
28601.117
28685.666
28832.85
29515.4
28739.783
28994.867
28480.383
28769.732
28974.25
28478.6
29135.783
29826.268
30125.916
30215.334
30393.383
30793.867
30772.982
30343.066
30572.449
30451.801
30564.916
29920.801
30443.717
30580.934
30716.717
31109.467
30625.051
30589.533
30761.982
30806.133
30844.982
30959.334
31263.117
30913.199
31110.383
31353.133
31171.916
30182.934
29781.184
28266.6
27194.65
26314.801
26006.717
25993.867
26360.25
26311.732
27521.316
28923.6
29364.25
29923.133
29970.184
30242.801
31038.449
31943.6
31534.584
32210.467
32225.584
31929.199
31168.518
30963.133
31190.117
31715.4
31955.449
32352.6
32928.984
33647.465
34166.852
34287.199
34395.516
33665.465
33569.984
33186.535
33516.117
33512.398
33488.117
33545.668
32942.316
32569.666
32398.449
31922.867
31944.982
32278.199
32045.518
33354.066
33477.715
33771.133
34375.316
34623.668
33773.117
34048.934
33675.852
33721.133
33975.051
34317.602
34717.582
35636.801
35439.918
36029.801
35574.25
35608.934
35172.449
34517.867
34669.984
34620.734
34847.051
34598.465
34863.516
35351.465
35646.449
35210.199
35292.383
36332.199
35779.516
36177.398
35409.449
36071.867
35583.516
34787.535
34329.852
33973.801
33914.25
34185.801
34399.449
34862.0
35881.715
35545.332
36393.984
35871.266
35892.918
35705.133
35322.383
35036.133
34672.117
34028.734
34191.449
34205.465
33976.316
34160.934
34191.051
33910.602
34069.984
33906.734
33997.516
34490.332
34865.383
34835.133
35200.383
35945.668
36042.051
35927.801
36348.051
36091.867
35977.117
35335.668
34950.582
34444.734
34760.715
35155.332
34908.184
35673.801
35938.184
36541.602
36785.984
36783.465
36697.184
37503.867
37694.715
38256.199
38325.516
38062.934
37922.051
37655.332
37666.051
37029.0
36858.316
36968.668
36983.184
36658.398
36600.648
35831.0
36404.582
35970.266
36355.184
36252.0
37107.582
37549.332
38108.449
38461.801
38737.449
37832.535
37978.918
37540.867
37540.582
37892.199
37563.051
37565.734
37192.852
37587.0
37951.785
37908.332
38128.184
38120.0
38574.516
39037.801
39753.25
39012.801
38903.383
38318.934
38373.449
37644.199
37640.715
37569.465
37308.449
37922.332
38062.648
36221.0
37513.984
37433.266
37110.582
37285.266
37052.984
36935.398
37167.316
37726.133
38019.383
38041.199
37977.648
38147.0
38807.582
38891.602
39195.117
38865.199
38370.449
37172.0
35740.715
35029.465
33682.648
32182.066
31709.051
32367.934
33298.117
35455.066
36010.449
35393.0
35493.852
35716.0
35178.715
35599.398
35079.25
34655.199
35421.785
36549.801
37455.051
37323.266
37733.184
37963.066
38327.715
39140.266
38650.984
38582.199
38641.316
37835.133
38362.117
38752.535
38837.582
38642.266
39463.852
39819.734
39782.918
39836.867
39198.184
39150.133
38836.785
39061.066
38745.648
38163.465
37902.852
37420.602
38377.516
39121.066
39763.449
39530.867
40142.582
40981.535
41293.316
40752.465
40349.184
40751.602
40155.316
40002.535
39393.648
40083.332
40543.715
40042.465
39776.984
39543.801
38486.316
37927.199
36413.051
35443.934
35052.715
35178.535
35496.984
36002.332
37140.316
37281.133
38492.582
38803.934
38886.449
39486.867
39644.051
40070.602
40231.785
40324.535
40784.582
41595.535
40985.117
40693.398
39905.117
39781.266
39693.918
39532.066
39562.715
39592.801
40206.582
41208.0
41192.117
41202.133
41215.117
41118.133
40864.383
40861.398
40925.516
39809.0
39299.852
38909.133
38414.516
37598.398
37140.918
37477.602
37739.383
38190.734
38596.184
39267.668
39324.852
39057.602
38973.316
39200.199
38852.383
38530.133
38617.984
39094.199
39578.051
39647.668
39721.852
40170.934
40730.715
40691.867
40773.051
40526.133
40386.184
39834.266
39065.051
38827.602
37984.316
36985.668
38223.449
38113.398
38426.516
38616.734
39212.449
39317.398
39582.449
39138.734
39180.984
39569.867
39062.051
38976.801
38799.648
38764.0
38429.984
37817.801
37394.984
37505.734
37562.715
37128.266
36496.918
36814.668
36663.918
36440.602
36367.184
36675.801
36912.918
37076.266
37596.715
37754.0
38133.918
37871.398
37693.984
38162.133
38098.918
37014.934
37718.184
37331.668
37346.184
37519.734
36967.582
37130.266
37829.383
38066.133
38415.516
38256.535
38440.918
38374.199
38080.449
38550.734
38075.184
37592.535
37501.051
37791.066
38232.184
38430.266
37714.449
37847.398
37788.984
37302.801
37616.449
37773.0
37621.383
37523.066
37637.184
37427.465
37659.516
37001.066
36851.117
36757.332
36670.117
36901.934
36476.715
37318.066
37517.316
38008.398
37385.383
37589.465
37601.117
37882.066
37728.582
37507.801
37723.184
37679.801
37470.316
37517.266
37551.918
37176.398
36758.25
37143.266
37324.383
37465.668
37354.117
37538.133
37532.984
37419.734
37788.715
37908.066
38148.785
37356.266
36882.184
37138.398
36616.785
36741.934
36470.449
36975.0
37494.051
37330.266
37191.383
37487.266
37434.918
37745.734
37581.918
37669.867
37943.383
37787.266
37662.516
37953.199
37931.648
37918.398
37711.184
37059.0
37299.316
36505.668
36769.051
36896.734
36800.383
36463.066
36582.648
36534.934
36486.852
36497.465
36865.648
36573.332
37089.25
36868.602
36830.918
36332.801
36021.918
35676.602
35853.316
35489.668
35451.852
35078.0
35711.785
35897.801
35914.582
35788.066
35451.25
36444.332
36624.449
36930.133
36922.582
37511.602
37707.918
37021.133
36875.852
36713.934
36743.715
35901.465
36078.785
36303.266
36238.582
36534.199
36507.918
36937.934
36852.785
36960.465
36734.715
37012.0
36674.715
36491.668
35904.383
36601.066
36661.316
35883.602
36690.648
36386.668
36674.715
36841.867
36367.516
36607.266
36244.852
35518.398
35086.449
35586.867
35361.984
35019.801
35470.516
35559.602
36464.715
36112.332
36790.918
36988.398
36618.918
36560.668
36924.984
37266.734
36783.184
36224.934
36014.715
36014.934
35556.449
35356.066
35248.918
35850.934
35902.984
35874.066
35751.648
36393.734
36460.383
36130.465
35832.785
35858.668
35479.715
34903.801
34447.051
34532.934
34541.051
34164.133
34436.25
34822.934
35345.449
35483.801
35549.852
35946.0
36072.117
36407.934
36357.383
36501.266
36348.117
36140.0
36646.648
36135.0
36522.516
36213.332
35806.984
36341.934
36285.715
36430.867
36032.051
35885.266
35846.184
35856.801
35327.715
35526.133
35224.715
35105.465
35362.715
35107.668
34834.25
34879.066
34726.918
35507.199
35673.316
34957.266
35099.516
35672.465
35519.648
35451.801
35933.383
35517.332
35160.715
35090.0
34344.852
34863.332
34068.852
34300.867
34175.117
34147.934
34681.516
34432.199
34780.715
34680.668
34596.582
34917.398
34923.117
35208.0
35135.316
34677.934
34719.184
34944.465
35106.516
34314.465
34688.648
34838.066
34860.516
34248.734
34722.984
35407.801
34998.715
34718.801
35484.715
35615.734
35478.383
35162.734
34797.852
35331.066
34936.582
35124.668
35056.449
34857.867
34940.184
34878.867
34657.582
35029.668
34733.715
34080.398
34304.984
34626.668
34417.852
33810.133
33858.715
33565.398
33486.918
33261.867
32923.051
33454.734
33504.184
33100.199
33985.184
33933.066
34145.785
34067.535
33778.449
34206.332
34054.984
33651.934
33161.051
33609.934
33726.715
32951.0
32162.117
31530.467
30863.184
30343.133
29719.383
29416.666
28879.65
28424.934
29405.184
29948.867
29963.449
30528.467
31223.316
32306.801
32021.584
32490.6
32352.25
32309.133
32520.717
32067.268
31883.117
32081.199
31970.85
31596.4
31610.184
31759.467
32003.316
31886.4
31622.316
32080.133
31897.383
31951.334
31775.25
32270.934
32118.383
31729.934
32213.916
32026.732
31773.717
31387.934
31098.916
31175.934
31132.65
31173.801
31375.184
31187.732
31534.717
31655.0
31491.982
31672.467
32171.383
31845.6
31577.25
31897.6
32013.184
31907.066
32004.982
31899.199
31504.65
31360.732
31301.717
31581.133
31468.184
30754.467
31139.717
31049.066
31281.65
31136.066
31000.117
31094.934
31235.717
31566.533
31060.783
31300.268
31522.783
30989.066
31281.316
31289.533
31255.449
30669.268
30820.383
30749.066
30804.518
30868.0
30814.051
30735.199
30692.717
30156.334
30469.117
30289.934
30548.584
30066.334
30448.982
31024.934
30693.051
31061.268
31060.25
30908.533
31319.85
31138.268
31167.982
31158.334
31093.051
31307.334
31112.916
31244.133
30985.717
31262.133
31002.25
31483.801
30836.383
30925.467
30694.584
30956.199
31117.051
30687.0
30532.449
30635.066
30631.383
30659.6
30674.916
30758.6
30841.184
30819.0
30741.184
30736.801
30352.25
29992.467
29850.916
30117.867
29632.316
29341.934
29467.316
29896.133
29815.982
29340.334
29428.783
29802.268
29615.518
29321.334
29097.117
29373.666
29196.184
28802.867
28345.85
28666.533
28764.783
28788.199
29020.65
28904.066
28927.25
28368.268
28618.051
28220.867
28202.051
27436.199
27287.316
27425.4
26961.65
27025.0
26340.85
26721.4
26399.184
25934.467
25180.117
25078.732
25244.25
25105.467
24491.584
24779.934
24676.584
24902.533
25010.051
25594.199
25942.85
26633.934
27322.717
27408.268
27575.783
27603.732
27860.717
27677.268
27309.85
27429.533
27163.65
27468.199
27227.117
27514.0
27563.584
27900.066
27796.85
28006.0
27884.25
28399.732
28191.65
27916.199
28260.051
28576.732
28290.85
28073.934
27829.383
28140.066
28071.717
27793.0
27805.584
27882.867
27895.449
28259.4
27547.783
28032.467
28019.584
28111.133
27870.383
28119.6
27929.85
27591.268
27588.584
27724.732
27900.783
27187.0
27118.982
27337.4
27063.65
27023.0
27203.783
27329.934
27076.117
26928.4
26724.25
26678.666
26674.584
26786.801
26752.449
26703.334
26661.117
26712.4
26619.25
26521.801
26506.584
26317.066
25794.783
26175.867
25733.518
25853.133
25860.184
25968.199
25729.717
25924.666
25830.982
25885.4
26161.383
25952.4
26287.584
26127.066
26352.717
26126.666
25575.518
25681.199
25457.85
25315.4
25495.916
25419.666
25339.117
25392.334
25324.518
25762.334
26246.449
25803.666
26330.383
26433.467
26164.783
26312.801
26001.85
26266.268
26428.783
26613.867
26714.916
26802.666
27125.783
27005.268
27408.65
27736.867
28026.25
27484.666
27344.383
27685.066
28178.449
27958.4
28439.383
28626.334
29011.65
28772.268
28896.982
28865.666
28605.85
27986.666
27025.584
26504.6
26216.051
25935.268
25663.518
25508.801
25483.916
25391.4
25313.982
25514.0
25381.25
25419.666
25352.051
25732.666
25499.25
25386.268
25051.117
25119.467
25301.25
24909.666
25163.717
25029.732
25261.449
25252.133
25344.051
25420.0
25641.383
25252.066
25367.316
25750.268
25582.916
25042.0
25312.584
25723.867
25536.316
25122.6
25432.184
25711.801
25154.316
25571.0
24878.051
25222.801
24915.518
24676.334
24816.584
24717.6
24785.916
24545.199
24066.449
24736.467
24854.982
24486.268
24510.584
24662.268
24453.449
24812.133
24308.85
24502.0
24551.316
24665.268
24648.449
24809.6
24532.518
24628.4
24799.316
25034.268
24614.449
24198.934
24225.783
24496.666
24646.051
24355.133
24486.25
24364.0
24567.916
24312.934
24322.717
24400.666
24320.25
23906.133
23679.518
24306.334
24065.383
23555.867
23523.65
23915.268
23517.584
23482.6
23570.518
23849.867
23554.584
22537.6
23257.916
23673.133
23203.449
23153.6
22776.85
23062.533
23112.916
23444.666
23363.316
23303.934
23038.25
23103.133
23079.518
22598.334
22402.783
21958.6
22227.518
21810.0
22262.383
21827.199
21918.117
23165.0
22985.65
22946.334
23531.449
23358.533
23384.449
22899.867
22660.117
22452.666
22461.783
22213.133
22250.65
22367.268
22484.717
22147.801
22427.783
23090.0
22621.051
22112.334
22454.916
22709.4
22787.184
22451.066
22585.051
22721.066
22391.25
22065.732
21699.449
22115.867
21680.717
21596.533
21195.85
21220.066
21267.65
20687.133
20213.717
20152.6
18883.85
18200.334
17457.518
17591.6
17629.184
17697.4
17904.051
18634.0
19422.65
19856.334
19914.449
20137.666
20742.184
21212.533
21115.85
20815.6
21297.783
21183.0
21265.717
21306.934
20885.184
20602.4
20487.85
20925.533
20848.449
20414.801
21094.518
20984.801
21166.982
21288.732
21150.916
21247.199
21241.982
20989.133
21138.518
21228.133
21343.85
20959.199
20967.916
21336.467
21479.25
21348.666
21364.916
21529.467
21526.449
21377.334
20889.65
21367.4
21311.584
21016.4
20776.65
21053.6
21232.717
21003.867
20623.117
20857.533
21164.982
20531.533
21178.65
21322.467
21257.518
21674.934
21373.316
21485.801
21450.051
21239.801
21387.783
21343.934
21289.717
20929.934
21010.518
21064.666
21104.783
21024.133
21088.25
21300.666
21321.916
21049.4
20805.051
21119.732
20960.982
21165.4
20796.85
21242.4
21085.449
21257.334
21268.717
21349.334
21286.051
20836.801
20561.717
21095.199
20970.383
21161.533
20778.584
20702.6
20831.518
20677.268
21020.117
20816.801
20773.449
20220.801
20260.316
20375.467
20624.982
19784.268
20059.65
20269.133
20297.316
20057.801
19924.117
20340.6
20280.584
20030.867
20195.717
20251.4
20512.783
19766.801
19963.117
20441.4
20468.117
20096.268
19995.051
20127.801
20369.584
19949.533
19954.117
20067.666
20047.982
19470.6
19789.051
19778.533
19615.982
19562.467
19707.85
19396.0
20143.783
19505.4
19437.982
19554.666
19569.051
19454.066
18915.117
19437.199
19495.65
19165.268
18910.25
19362.801
19288.916
19122.334
18660.982
19210.867
19187.916
19104.467
19117.584
18805.334
19090.383
18919.4
18536.051
18759.867
18617.117
18605.467
18146.518
18545.732
18483.449
17879.867
17566.518
18289.6
18145.117
17919.666
17815.65
18069.467
17953.184
17601.334
17542.117
18153.467
17890.184
17708.934
17535.65
18052.268
17613.982
17449.334
17384.584
17966.066
17750.449
17474.066
17453.383
17632.666
17346.25
16975.6
16700.316
17176.934
17202.383
17126.334
17404.717
17546.934
17427.85
16842.801
17505.184
17257.467
17180.717
17166.801
17040.184
16984.934
17132.383
16600.133
16563.65
15904.0
15110.184
14300.333
13532.783
13078.066
12916.384
12827.4
12831.517
13824.0
14352.65
14570.333
15060.316
15397.533
15424.583
15566.6
15436.116
15571.0
15025.65
15014.6
14239.917
15355.467
15276.783
15049.934
14980.983
15383.2
15616.05
15775.134
15522.05
15921.134
16143.384
15810.866
15883.517
16238.6
16219.917
16251.8
16393.05
16469.467
16413.184
16193.2
15820.25
16713.6
16431.783
16341.866
15884.116
16580.134
16678.384
16396.866
16644.917
16609.6
16122.25
16261.467
15925.45
16512.0
16395.517
16281.467
16196.717
16283.866
16573.717
16154.2
16713.25
16647.0
16715.783
16665.666
16271.650000000001
16958.801
16966.051
16598.199
16800.717
17511.133
17274.717
17039.666
17565.383
17786.533
17449.65
17225.467
17340.65
17001.6
17158.117
16653.467
16801.051
17089.801
16945.584
16894.6
17311.584
16946.4
17044.383
16414.934
16266.650000000001
17138.732
16959.584
16868.732
17017.051
16866.801
16917.982
17019.0
16699.85
16759.6
16730.518
16675.934
16588.916
16803.666
16523.316
16638.066
16474.518
16867.467
16583.25
16723.268
16624.717
17055.666
16619.117
16680.934
16615.449
16910.268
17156.783
17216.4
17094.051
17047.867
16937.25
16776.0
17003.85
17168.066
17283.717
17226.666
16897.916
17531.334
17360.117
17293.6
16801.383
17327.533
17240.717
17044.0
16960.449
17056.268
17194.584
17316.732
17218.449
17331.533
17064.449
17157.867
17374.783
17076.732
17174.982
17083.666
16939.449
17069.6
17157.117
16891.066
16870.117
16992.934
17223.916
16334.268
17077.916
17126.666
17034.051
16337.400000000001
16761.316
17042.0
17147.717
16997.334
17035.117
16983.133
17117.518
16807.934
16732.383
17109.934
16847.184
16948.133
16659.916
16892.334
16962.383
16605.268
16544.449
16855.6
16460.783
16492.666
16317.65
16647.733
16508.717
16175.934
16476.184
16476.134
16229.517
16329.333
16477.45
16276.533
16265.184
16054.134
16065.25
16371.934
16084.05
16173.533
15799.45
15889.533
15946.85
15815.134
15891.65
15715.0
15653.917
15577.533
15541.717
15766.866
15736.517
15666.4
14699.583
14954.8
14784.25
14518.6
13870.717
13665.6
13633.384
13231.533
12570.384
13082.267
12939.45
12174.333
12615.116
12579.0
12168.517
12304.467
11869.05
12016.134
11848.917
11528.2
11649.316
11897.533
11779.116
11932.6
10686.717
11426.4
11514.25
11088.667
11416.517
11695.2
11804.983
11621.6
12129.25
12429.0
12523.717
12732.134
13163.25
13189.467
13067.983
13159.4
12972.65
12966.8
13114.65
13114.667
12557.384
12979.533
12744.85
12383.934
11725.85
12045.934
11840.85
11480.0
11352.85
11215.6
11300.25
11149.4
11011.65
11409.667
11411.717
11276.533
11248.45
11363.467
11216.65
11117.066
11050.316
11461.2
11303.85
10972.733
11409.583
11775.134
11558.184
11308.667
11499.116
11462.667
11465.45
11487.4
11355.583
11366.134
11067.45
10519.934
11051.184
10932.267
11139.783
11277.333
10864.917
11433.0
11317.05
10590.066
10848.384
11014.2
10850.917
10894.467
11109.184
11292.0
11242.25
11425.333
11355.65
11489.866
11346.983
11297.4
11001.25
11208.667
11320.384
11074.134
11076.384
11332.467
11267.116
11029.467
11532.316
11617.4
11765.184
11381.667
11619.517
11840.134
11844.983
12050.8
11323.783
11855.134
11702.517
11918.8
11508.316
12203.0
11968.05
12141.866
11752.184
12309.066
12245.384
11912.467
11715.384
11917.533
11684.983
11601.0
11845.45
11778.4
11633.316
11318.467
11267.717
11534.333
11680.783
11542.6
11686.384
11662.333
11506.116
11298.6
11522.983
11633.6
11540.983
11824.8
11212.783
11549.533
11823.783
11773.134
11508.316
11558.467
11118.517
10846.6
11290.25
11192.4
11278.116
10483.134
11040.45
11310.267
11197.25
10911.866
11249.184
11489.6
11095.116
11271.4
11097.05
11328.934
11007.85
10749.533
10702.116
11072.267
11001.917
10594.6
10872.184
10857.866
11018.316
10849.4
10888.717
10986.467
10836.583
10622.866
10847.384
11017.6
10919.316
10784.866
11138.316
10879.733
10970.316
10865.333
10681.983
10870.333
10838.717
10665.533
10543.917
10629.934
10731.05
10423.066
10328.05
10791.934
10777.25
10490.8
10530.45
10779.934
10775.717
10378.2
10429.917
10646.2
10446.316
10218.667
10633.983
10588.533
10362.45
10607.667
10382.983
10431.667
10401.517
10090.134
9770.783
10442.866
10111.116
10342.6
10134.983
10253.6
10064.316
10005.267
9843.85
10216.8
10094.717
10004.733
9724.316
10006.467
10031.65
9861.934
9813.384
10090.4
10077.25
9554.333
9715.583
10003.733
9969.717
9271.333
9479.65
9889.733
9844.316
9721.8
9387.65
9961.667
9857.25
9773.267
9534.384
9662.667
9494.717
9386.733
9542.316
9672.4
9493.85
9325.066
9397.517
9807.866
9821.583
9587.667
9319.05
9434.333
9542.384
9381.667
9192.184
9511.4
9466.717
9416.267
9108.116
9299.134
9388.917
9347.2
9174.783
9390.8
9154.517
9591.333
8908.917
9343.6
9266.517
9047.066
8607.05
9343.2
9301.05
9303.866
8966.45
9091.934
8937.783
9072.066
9176.184
9449.6
8657.184
8964.4
8730.25
8993.0
8395.983
7930.667
7251.65
6994.133
6128.65
5294.0
4648.183
3990.2
3237.117
2857.933
2178.117
2479.467
2387.783
2102.867
2279.517
3164.0
3375.85
3382.867
4402.65
4934.333
5235.383
5576.267
4932.583
5680.067
5288.317
5093.333
4743.517
4502.533
4568.05
4276.467
4051.05
4430.4
4493.717
4457.067
4275.517
5007.067
4813.183
4847.6
5475.85
5542.2
5772.85
5450.8
5976.383
6160.467
6156.383
6180.733
6437.317
6732.533
6803.65
6355.733
6625.383
7199.8
7194.783
6788.133
7309.383
7562.667
7721.05
7622.2
7652.917
8121.6
8100.917
7509.333
7640.45
8320.0
8436.917000000001
8232.8
7996.583
8479.867
8335.983
8141.067
8149.783
8615.867
8445.05
7574.467
8418.25
8567.2
8660.117
8353.667000000001
8146.45
8628.733
8546.65
8370.733
8289.45
8407.733
8541.983
8127.134
7942.9169999999995
8887.2
8484.117
8257.667000000001
8305.517
8632.4
8515.184
8380.6
8345.983
8563.866
8521.65
8324.866
8314.184
8619.2
8589.983
8462.267
8329.983
8668.134
8590.05
8008.0
8249.316
8571.4
8457.783
8095.467
8060.117
8437.332999999999
8313.783
8349.0
8158.183
8382.2
8516.517
8226.267
7725.117
8544.8
8418.517
8425.667000000001
8247.65
8727.933
8460.517
8278.6
8049.917
8548.067
8306.85
7925.333
7761.583
8392.267
8321.85
8353.933
7742.583
8421.0
8302.517
8165.0
8267.517
8429.332999999999
8366.917000000001
8199.733
8138.783
8644.2
8453.25
7583.4
7949.583
8545.667000000001
8317.45
8288.4
8128.583
8502.267
8421.383
7973.8
7786.183
8328.332999999999
8165.783
8155.333
8049.983
8360.8
8318.25
8181.733
7733.383
8384.2
8356.65
7986.933
7658.983
8267.0
8387.383
8094.8
8002.717
8367.267
7984.65
7934.933
8057.383
8080.067
8000.917
7847.867
7676.517
8243.533
8086.65
7681.333
7642.05
8087.933
8246.717
7553.6
7631.117
8094.067
8041.717
8062.933
7822.983
8033.6
7914.25
7856.8
7551.45
8194.667000000001
7967.45
7679.8
7642.85
7998.733
7912.05
7762.267
7256.917
7855.067
7830.383
7705.2
7190.85
7970.067
7768.65
7266.733
7712.583
7780.0
7677.85
7218.533
7360.717
7505.867
7603.783
7358.6
7338.317
7612.533
7400.583
7379.867
7167.05
7481.933
7499.183
7037.533
6989.05
7500.2
7475.183
7183.4
7116.85
7172.8
7387.783
6923.733
7091.317
7176.133
7199.25
7026.733
6774.717
7362.067
7214.183
6847.733
6522.317
7100.8
7244.45
7065.267
6815.25
7144.8
7111.85
6435.267
6834.317
7244.0
6892.85
6757.733
6810.917
7023.533
7065.183
6679.733
6531.517
6965.8
7053.117
6844.4
6705.783
7001.267
6807.383
6518.0
6241.317
6873.067
6714.717
6938.067
6462.05
6953.467
6920.783
6418.067
6483.05
6961.0
6804.983
6582.6
6659.317
6916.4
6863.917
6444.2
6406.717
6994.067
6726.383
6593.333
6641.05
6884.867
6732.983
6302.467
6175.65
6554.333
6496.317
5990.133
6131.983
6609.267
6431.05
6593.133
6248.783
6611.733
6469.65
6673.8
6296.45
6523.867
6443.05
6091.8
6057.05
6546.533
6416.383
5941.867
5419.05
6386.8
6412.517
5936.133
6150.317
6394.533
6176.783
6017.933
5990.583
6338.067
6158.517
5966.467
5637.25
6205.2
6267.85
5534.8
5727.183
6314.4
6071.717
5852.867
5642.05
6214.8
6214.183
6122.0
5716.65
6270.333
6199.117
6132.267
6004.983
6229.067
6066.783
4863.8
5342.117
6107.533
6198.117
5807.667
5545.983
6051.8
6205.783
5530.667
5527.717
5944.933
5929.85
5444.867
5501.317
5981.533
5936.983
5298.8
5285.583
5835.467
5778.117
5515.533
5519.383
5744.933
5676.983
5262.133
5645.85
5734.333
5763.983
5225.6
5459.25
5823.2
5589.45
5141.267
5034.917
5632.133
5624.717
5475.133
4922.917
5667.8
5554.717
4905.133
4997.983
