270.85
60.95
-138.35
142.95
446.183
129.55
204.25
236.683
227.517
253.417
113.11699999999999
-168.45
196.11700000000002
204.95
17.383000000000003
-36.05
341.717
-10.582999999999998
49.717
356.017
417.25
176.417
456.383
144.417
274.45
196.35
214.45
-131.317
190.917
200.483
318.117
10.349999999999994
274.783
187.61700000000002
231.117
14.882999999999996
542.45
458.683
74.983
-69.317
245.05
123.817
-23.283
172.017
194.71699999999998
230.483
137.65
228.683
203.65
236.083
-45.81699999999999
35.882999999999996
608.983
279.55
-27.882999999999996
-266.517
428.517
434.483
26.049999999999997
36.75
371.717
425.017
376.383
224.683
406.85
355.55
147.917
318.35
378.117
387.08299999999997
317.717
-141.183
437.85
272.483
23.049999999999997
67.35
377.05
185.75
131.71699999999998
64.017
290.05
497.35
189.65
57.283
220.517
344.483
26.183000000000007
-1.7830000000000013
236.05
194.017
486.25
0.016999999999995907
168.917
216.017
334.317
-68.717
191.11700000000002
244.483
179.65
80.283
406.85
353.817
-240.61700000000002
13.617000000000004
387.25
292.683
216.317
201.55
457.85
277.75
-4.75
271.617
83.983
311.283
237.71699999999998
267.683
390.317
275.617
539.917
-231.583
319.383
358.08299999999997
95.117
352.41700000000003
376.05
447.41700000000003
246.65
92.817
333.85
227.683
-72.35
99.817
309.183
293.883
112.05
-3.049999999999997
409.65
436.35
49.849999999999994
-245.71699999999998
344.783
311.75
69.183
125.883
259.25
402.35
334.117
36.349999999999994
277.58299999999997
328.817
-287.95
-152.917
299.317
200.88299999999998
165.183
-15.582999999999998
326.717
262.617
44.117000000000004
206.28300000000002
393.117
291.08299999999997
239.45
-109.25
455.91700000000003
400.15
435.183
148.417
481.183
268.617
145.383
335.883
390.85
71.55
368.25
-172.917
128.583
214.75
-11.75
351.883
575.917
410.817
156.11700000000002
-93.45
484.65
149.417
442.317
19.549999999999997
382.25
348.617
308.05
383.35
518.05
347.483
426.517
303.683
315.117
210.683
376.25
-358.383
375.717
340.483
164.583
134.61700000000002
135.65
316.817
470.717
163.35
228.85
298.41700000000003
116.25
-212.917
270.91700000000003
375.15
452.783
175.017
373.58299999999997
297.08299999999997
42.25
-315.717
435.85
233.683
-68.283
10.150000000000006
241.183
189.417
-1009.883
-107.45
113.25
269.15
238.85
-75.85
562.65
389.617
244.983
61.283
260.783
220.817
-111.55
423.683
509.717
265.75
-193.017
32.150000000000006
308.25
310.75
-123.283
343.283
369.517
258.817
385.45
332.283
320.317
398.883
229.517
174.683
362.783
248.15
401.517
14.483000000000004
386.91700000000003
424.95
325.65
-79.383
214.05
309.617
67.983
-291.05
367.45
334.41700000000003
241.65
-127.983
344.183
321.017
208.317
70.95
344.85
340.817
-163.55
195.15
318.45
58.55
-152.683
151.683
250.78300000000002
203.15
301.65
158.15
256.983
510.483
89.25
168.35
369.383
528.883
377.717
154.817
217.05
271.217
92.517
487.883
342.183
209.75
-162.817
98.75
204.11700000000002
281.883
254.38299999999998
-17.583
536.25
558.95
20.117000000000004
279.35
367.717
342.483
223.583
90.017
331.85
380.08299999999997
73.583
132.683
292.58299999999997
318.217
178.05
299.41700000000003
473.517
437.017
398.85
113.017
567.583
187.15
382.783
-131.117
370.65
188.21699999999998
-84.55
296.15
343.383
211.483
540.85
402.017
383.983
269.817
641.917
96.017
390.91700000000003
300.017
-24.217000000000013
280.75
639.717
417.95
549.183
-34.849999999999994
457.717
381.15
400.717
212.017
356.05
546.817
-46.68299999999999
251.283
618.25
344.61699999999996
146.317
180.683
356.11699999999996
359.88300000000004
523.517
181.883
656.117
554.283
708.583
447.61699999999996
705.45
505.017
240.45
347.35
396.983
618.15
793.317
218.21699999999998
726.183
597.15
547.183
683.683
610.25
513.017
356.05
647.55
496.45
760.683
123.71699999999998
290.15
567.65
560.35
570.05
405.417
888.05
557.55
711.117
549.55
694.85
646.4169999999999
685.783
312.683
1013.517
476.35
567.517
516.217
854.85
534.283
712.5830000000001
606.0830000000001
611.85
869.95
770.783
668.75
622.717
872.817
638.783
447.483
937.05
738.483
625.45
575.217
569.183
669.4169999999999
785.45
662.75
879.5830000000001
778.483
552.983
516.283
674.117
784.083
667.85
547.683
899.583
476.41700000000003
739.117
463.683
669.717
572.283
744.583
835.35
719.383
467.95000000000005
776.85
953.95
442.91700000000003
878.083
707.717
752.217
781.983
749.95
596.717
960.817
1131.117
662.15
669.983
1260.283
892.65
1111.017
471.51700000000005
669.35
1154.383
979.617
1116.517
1190.217
720.317
693.683
807.45
786.617
1313.85
1142.95
612.717
1098.15
990.25
1204.617
1233.583
1053.95
976.983
1307.95
594.05
874.017
997.117
1154.817
1475.317
1421.083
1358.25
1303.35
1098.317
1207.283
1225.917
1138.417
755.383
986.1500000000001
1321.983
1154.083
1404.85
961.1500000000001
1462.65
1370.55
1460.717
1285.283
1429.45
1353.217
943.45
1403.083
1269.25
1179.55
1108.717
1258.15
1220.583
1341.95
1248.583
1025.75
1349.85
1129.817
1100.383
978.2170000000001
1438.783
1341.217
1289.717
1366.683
1463.25
1208.617
1200.983
1099.883
1357.317
1394.75
1266.783
1026.75
1507.783
1256.883
1287.05
1278.15
1427.05
1312.883
805.5830000000001
1247.95
1315.717
1378.217
1408.45
1587.15
1712.85
1529.617
1546.183
1526.15
1652.717
1715.95
1557.85
1648.017
1644.85
1644.883
1810.183
1648.35
2032.45
1518.75
1102.183
1363.417
1554.117
1859.283
1573.05
1671.817
2026.717
1825.483
1734.317
1678.15
1889.117
1960.417
1973.117
1689.883
2062.45
1740.95
1637.183
1535.817
1582.65
1516.95
1818.583
1179.083
1566.583
1690.217
1916.583
1558.95
1881.983
1774.483
1962.517
1787.75
1859.583
1927.417
1910.45
1816.683
2117.25
1673.35
2234.917
1959.217
1999.117
1913.883
1812.383
2033.417
2245.85
1632.617
1736.783
2038.283
2290.917
2003.483
2081.25
1836.683
1916.117
1792.15
1879.317
1997.35
1964.717
2265.483
2547.517
1830.0169999999998
2411.517
2378.083
2262.783
2182.017
2232.583
2082.817
2052.183
2349.417
2289.383
2095.617
1877.517
2009.683
1928.383
1929.283
2238.65
2108.083
2267.717
2477.75
2301.317
2436.017
2638.783
2377.283
2700.117
2545.217
2863.65
2629.283
2463.65
2696.817
2716.05
2621.15
2421.45
2556.017
2387.317
2466.817
2354.05
2530.083
2502.783
2308.55
1966.183
2247.55
2175.05
2205.483
2030.183
1964.283
2229.85
1976.083
1910.583
1613.483
2251.05
1802.75
2142.05
2151.283
2330.05
2796.283
2587.517
2848.15
2695.917
2891.55
3014.45
2631.683
2813.85
2782.617
2502.117
2423.283
2707.183
2563.15
2804.783
2388.15
2645.917
2685.883
2668.717
2815.217
2793.45
2827.283
2979.717
2917.017
2969.183
2969.95
2884.45
2593.55
2932.317
2998.55
2829.717
3083.283
3161.783
3027.217
2900.783
2627.083
3125.65
3007.75
3305.317
3579.683
3647.783
4021.883
3992.183
3818.817
3776.183
3704.883
3814.85
3409.35
3981.783
3672.483
3822.717
3742.817
3967.65
3475.217
3618.983
3764.75
3635.783
3675.883
3455.783
3174.617
3754.65
3870.417
3742.983
3892.817
4049.85
4066.617
3941.983
3688.35
4040.717
3982.55
3463.05
3698.417
3660.25
3876.283
3738.517
3957.817
4148.183
3902.083
3771.917
3242.683
3531.183
3628.283
3693.05
3402.017
3795.983
3494.75
3560.05
3334.817
3275.983
3207.35
3126.85
3211.083
3230.583
3335.683
3126.783
3276.817
3041.583
3210.617
3320.183
3407.017
3699.383
3855.35
3967.25
4129.683
3923.85
4002.617
3593.583
4102.0830000000005
3879.65
3874.15
4396.65
4085.483
4775.917
4786.817
4685.25
4887.217
5479.917
4962.017
5102.583
4563.683
4740.25
4662.15
4287.9169999999995
4034.217
4094.717
3953.283
3751.45
3865.15
4346.717000000001
3983.483
4251.383
4270.817
4771.517
4739.35
4878.25
4620.75
4480.25
4338.75
4002.45
3853.55
3953.25
3553.55
3432.117
3298.15
3367.783
3305.883
2718.05
3062.683
3075.317
2733.683
2426.117
3176.483
3214.117
3318.55
3628.383
3337.35
4131.183
4360.15
4419.983
4260.55
4373.05
4138.483
3792.983
3939.217
3865.783
4057.617
4016.183
3849.283
4396.5830000000005
4065.883
4250.05
4127.282999999999
4325.25
4257.017
4163.25
3650.083
4222.383
4078.417
4224.85
4175.617
4074.783
4097.15
4129.05
4117.017
4790.783
4844.283
4794.117
5033.95
5205.05
5284.483
5256.25
5108.283
5448.983
5194.217
5590.117
5165.55
5610.917
6042.217
5345.517
5570.083
5686.917
5459.617
5456.983
4748.15
4659.45
4116.283
3900.783
3010.55
2892.517
2404.883
2255.383
2243.15
2796.05
3039.017
3355.983
3836.75
4170.25
4341.883
4624.45
5050.483
5320.117
5699.75
5574.45
5583.75
5737.117
5190.55
5089.117
4823.75
4463.517
3722.55
3455.783
3166.883
3141.717
3485.017
3643.717
4161.15
4963.917
5203.35
5416.383
6214.483
6468.65
6539.217
6923.183
6638.483
7327.05
7348.75
7753.383
7470.683
7427.183
7838.683
7595.117
7652.817
7782.717
7598.55
7870.25
7677.617
8287.25
8117.483
8247.983
7995.483
8493.05
8325.15
8163.717
8214.55
8773.184
8532.95
8482.05
8267.817
8424.317
7978.683
8073.383
8237.283
8313.05
8707.417
8512.85
8560.884
8599.65
8312.883
8042.783
7833.55
8040.317
8302.817
8483.117
8379.483
8328.783
8361.35
8317.383
8162.4169999999995
8099.717
8090.017
7936.05
8020.95
8463.85
8220.817
8390.783
8092.55
8246.783
8422.35
8231.517
8611.817
8742.85
8734.15
8825.917
8913.55
8996.316
9355.684
9532.917
9348.017
9281.783
9248.75
8615.85
8112.017
8258.65
8193.55
8134.183
8038.417
8317.582999999999
8578.75
8685.717
9287.417
9236.184
9781.017
9699.05
9762.75
9739.783
10147.75
9510.45
9638.217
10071.517
9576.217
9684.116
9849.884
9794.783
9637.417
10214.184
9686.816
10020.116
9954.684
9865.517
9609.75
9871.65
9735.017
9783.116
9201.017
9826.45
9665.616
9620.05
9248.884
9630.05
9961.217
10150.316
9808.35
10104.65
10145.684
9975.917
9960.55
9912.65
8951.616
9409.316
9413.95
9519.783
9036.283
9635.316
9455.75
9517.25
9284.217
9233.184
9563.55
9699.583
9611.616
9711.983
9455.15
9246.717
9209.017
8650.517
8911.816
9618.384
9318.616
9483.384
9793.816
10128.05
10191.884
10381.184
10028.55
10181.25
10283.884
10234.983
9805.483
9685.45
9136.017
9381.783
8611.75
9277.717
9482.217
9134.983
9121.75
9901.85
9862.884
9333.116
9406.95
10136.184
10324.55
10047.45
9889.75
10000.384
10037.15
9819.783
9739.616
9955.316
9796.684
10047.917
10317.884
9995.384
10230.217
10509.116
9649.884
9948.583
9819.35
9406.983
9702.083
8990.85
9278.083
9263.05
10191.017
10109.116
9933.217
9940.45
9509.083
9801.583
9721.217
10087.25
9731.55
9521.05
9021.55
8907.717
8591.017
8269.183
8163.95
7600.45
7488.75
7536.117
7487.617
7975.583
8329.082999999999
9201.717
9749.483
10749.85
10889.816
11830.583
11035.616
10574.583
10979.884
10865.45
10711.083
11431.05
11486.217
11693.05
11541.083
11463.25
10836.083
10460.783
10128.35
10363.783
10258.283
11451.384
10909.55
11534.384
11545.283
11837.517
11903.15
11547.25
12276.483
12389.517
12940.35
12843.65
13014.017
13200.384
13573.884
12573.917
12779.083
12208.717
12476.483
12487.517
12866.75
12387.583
12166.417
11741.917
11555.884
11813.517
11541.35
10691.85
11519.283
11363.583
12089.55
12279.05
12263.017
13129.583
12777.684
12452.917
12712.017
12789.184
12555.884
12508.65
12686.35
13097.116
13495.017
13546.783
13171.684
13354.184
14865.55
13707.184
13757.35
13963.184
13379.083
13953.25
13899.55
14498.917
13966.283
13436.717
13766.95
13978.917
13831.217
13343.25
13290.816
14311.983
14756.55
14383.45
13803.616
14103.65
13890.083
13753.184
12978.083
13868.85
13746.283
13359.45
12750.616
13316.517
13574.884
13542.783
13144.95
14130.983
14121.417
13907.316
14310.884
14414.116
15093.35
14455.184
14211.95
14799.384
14386.684
14665.316
13847.083
14212.783
14864.684
14435.717
14589.816
14650.25
14250.483
14439.25
14804.017
15433.517
15131.15
15103.517
15248.55
15123.65
15537.283
15938.85
15535.217
15498.917
15130.816
15130.25
14652.95
15080.517
14711.15
15079.783
14399.884
14055.316
14287.217
14177.717
13881.217
14478.983
13996.55
14110.316
14207.217
14177.717
14276.017
14089.316
14645.017
15118.384
15448.017
14638.783
14678.684
14814.517
14235.15
15008.184
14667.417
15189.316
15198.083
15507.65
15510.616
15684.983
15907.35
15377.717
14904.15
16490.717
15910.283
15818.116
16039.75
16263.85
15155.75
15816.316
15121.283
16067.316
15819.884
15152.05
15617.616
16114.65
15828.283
15960.983
16806.883
16274.917
15720.417
15559.583
15356.616
15235.85
15737.017
16315.25
16284.884
16905.65
17020.684
17370.783
16923.75
17003.85
17356.816
17109.65
17079.482
17117.051
17177.35
17525.982
17228.084
17885.316
17710.684
17807.584
18201.15
18047.916
18001.75
17542.383
17698.35
17978.051
17577.551
17438.982
17258.283
17894.85
17620.283
18573.916
17834.949
17538.65
17978.084
18104.184
18749.15
18816.982
18925.883
18339.783
18610.482
18118.783
18296.15
18064.383
18401.816
18661.383
20280.949
18758.383
19558.283
19908.717
20026.949
19476.518
20788.15
20234.383
20533.018
21233.584
21871.684
20691.65
21293.018
20734.184
21018.684
22573.717
21105.551
21281.051
20481.684
20495.518
20604.217
21267.449
21051.75
21530.916
22244.482
21700.117
22432.551
23084.449
23659.283
23703.916
23834.15
24578.916
25252.416
24612.184
23351.217
24152.117
24314.816
23642.184
24112.75
24700.383
24736.551
24516.65
24988.684
25559.449
24892.75
26304.85
26894.551
26536.85
25971.949
27063.449
26891.75
26904.117
26652.416
26972.25
27106.15
26884.584
26990.35
26542.449
26845.949
27695.783
28373.15
28771.383
29089.816
30376.316
30621.684
30102.449
30691.416
30716.117
30476.949
30506.982
29561.35
30527.65
29753.35
29653.383
31216.482
31747.85
32032.018
32121.117
32244.283
32958.982
32124.416
32411.518
31852.15
32125.584
32418.15
31833.449
32572.217
33281.184
33561.949
33702.715
33898.883
34287.316
34292.215
33731.25
34015.016
33870.184
33983.949
33291.449
33865.684
34004.984
34143.75
34524.449
34049.551
33948.648
34130.148
34214.051
34276.352
34379.852
34663.551
34324.316
34518.617
34783.715
34507.949
33474.852
32968.416
31378.65
30114.617
29173.518
28877.283
28816.051
29282.482
29189.584
30478.084
31982.717
32516.75
33122.85
33239.082
33460.918
34354.016
35280.383
34922.949
35550.184
35554.949
35260.184
34474.484
34243.582
34476.75
35010.449
35325.082
35797.383
36334.484
37182.582
37693.949
37807.184
37890.684
37164.785
37014.148
36581.516
36850.883
36901.184
36866.148
36912.715
36229.082
35855.051
35642.016
35075.184
35142.551
35484.785
35220.551
36583.852
36819.684
37132.852
37728.484
37964.984
37061.016
37345.582
36928.551
36960.648
37293.484
37652.715
38079.148
39049.516
38796.215
39461.25
38977.816
38957.785
38526.285
37838.715
38013.352
37945.117
38083.684
37881.051
38169.148
38682.715
38982.016
38544.316
38649.082
39659.984
39117.883
39511.25
38762.684
39398.852
38860.148
37973.984
37488.949
37131.516
37058.75
37257.785
37576.352
38015.852
39062.949
38764.984
39614.352
39140.715
39122.883
38974.25
38479.016
38220.648
37805.352
37095.316
37287.816
37296.785
37023.285
37246.449
37207.082
37011.785
37084.949
36945.383
37067.215
37528.984
37949.215
37931.051
38376.684
39088.984
39323.684
39224.449
39561.75
39377.449
39270.684
38587.984
38123.617
37695.648
37973.883
38338.449
38093.617
38892.117
39170.082
39782.316
39979.082
39989.715
39883.883
40759.785
41022.016
41545.383
41677.148
41293.449
41160.617
40922.051
40887.551
40198.117
40004.816
40159.852
40107.816
39805.117
39750.082
38868.785
39389.551
39001.051
39416.883
39340.516
40186.551
40645.316
41235.75
41611.383
41928.484
40980.25
41030.883
40617.051
40573.949
40969.516
40591.551
40622.449
40192.484
40578.051
40937.883
40953.648
41117.082
41170.184
41665.949
42062.383
42887.484
42065.648
41945.418
41278.316
41298.617
40585.051
40549.949
40449.449
40213.684
40818.648
40926.484
39109.184
40337.684
40249.918
39929.684
40142.648
39860.551
39719.25
40005.148
40515.051
40877.418
40891.516
40789.551
40975.715
41635.215
41696.449
41964.949
41708.648
41225.883
39852.984
38361.684
37609.184
36134.352
34553.582
34022.949
34765.785
35751.484
37988.051
38607.215
37993.051
38075.148
38304.648
37691.949
38133.852
37557.082
37126.648
37999.215
39173.648
40057.551
40004.918
40402.484
40627.715
41034.551
41858.648
41359.148
41242.449
41347.148
40454.051
40996.949
41483.918
41478.617
41246.516
42140.082
42552.449
42559.816
42580.184
41873.75
41765.785
41416.082
41659.117
41364.285
40680.117
40476.016
39960.051
40968.949
41706.117
42394.082
42176.582
42829.418
43669.715
44003.816
43419.117
43054.352
43413.449
42806.816
42701.25
42037.016
42662.785
43254.75
42685.449
42424.551
42081.449
41038.551
40440.918
38854.551
37770.785
37385.418
37491.984
37841.551
38391.918
39508.816
39752.184
41041.883
41291.715
41390.082
42036.117
42203.082
42595.648
42782.551
42924.184
43449.215
44241.918
43627.484
43277.648
42409.285
42284.383
42141.016
42018.316
42065.148
42068.051
42757.617
43754.117
43779.883
43736.582
43722.617
43662.383
43392.75
43400.852
43423.883
42293.582
41705.617
41388.852
40718.684
39932.117
39457.816
39810.648
40068.883
40563.715
40941.75
41615.715
41711.016
41452.316
41312.016
41502.383
41147.684
40787.918
40912.684
41356.184
41857.484
41974.383
42030.215
42502.715
43115.816
43023.051
43120.617
42801.918
42660.484
42012.648
41294.352
40978.984
40118.016
39163.715
40391.551
40291.715
40592.418
40805.582
41373.949
41492.316
41880.484
41367.918
41395.484
41747.582
41238.082
41141.25
41003.617
40853.051
40521.883
39865.184
39425.883
39559.316
39646.082
39179.918
38517.082
38839.25
38688.484
38508.582
38437.418
38698.117
38995.551
39176.184
39648.148
39751.715
40291.082
40016.785
39823.418
40281.383
40162.215
39018.918
39747.148
39367.25
39385.082
39566.715
38962.75
39084.449
39855.684
40082.715
40477.617
40350.516
40434.352
40399.648
40064.285
40599.449
40073.551
39561.316
39461.215
39747.852
40211.016
40408.852
39661.816
39899.051
39746.016
39290.25
39596.352
39737.516
39597.684
39359.984
39557.418
39312.648
39474.684
38929.918
38641.016
38512.984
38534.285
38729.918
38265.016
39137.117
39370.352
39921.918
39232.215
39431.449
39490.883
39695.648
39537.352
39343.648
39524.684
39511.117
39243.215
39303.715
39327.75
38954.25
38552.949
38967.715
39050.215
39149.516
39127.816
39269.852
39275.016
39155.184
39550.484
39610.316
39836.082
39026.785
38552.617
38883.918
38318.883
38344.117
38122.148
38697.449
39232.75
39062.117
38837.418
39168.785
39161.484
39417.383
39276.551
39351.648
39660.551
39482.852
39401.75
39605.852
39607.816
39548.117
39395.551
38675.715
38929.949
38114.582
38417.148
38473.984
38405.816
38037.852
38178.617
38152.516
38030.418
38106.785
38412.285
38061.25
38672.684
38431.051
38446.883
37874.785
37525.016
37135.852
37274.484
36960.785
36939.816
36655.117
37242.418
37414.449
37455.285
37309.184
36906.617
37945.582
38221.215
38493.051
38528.285
39054.449
39247.148
38582.449
38397.617
38239.449
38219.215
37372.184
37556.215
37813.984
37704.285
38074.984
37980.75
38408.918
38343.352
38471.852
38239.215
38466.984
38206.816
37934.184
37393.883
38008.852
38131.418
37330.383
38168.285
37847.984
38105.285
38352.117
37809.949
38112.184
37680.949
36923.582
36466.75
36988.785
36747.684
36467.715
36896.883
36894.582
37899.285
37592.852
38249.684
38444.316
38150.016
37989.117
38425.617
38762.383
38206.551
37719.582
37495.617
37517.051
36985.684
36849.184
36795.883
37334.25
37422.75
37343.852
37303.418
37940.582
37989.352
37606.516
37317.484
37341.918
36908.016
36340.715
35858.148
35913.582
35893.684
35586.117
35849.285
36151.984
36778.684
36975.648
37032.215
37352.984
37568.617
37887.648
37782.883
37973.715
37791.016
37586.648
38111.352
37509.715
37962.883
37676.25
37249.551
37824.785
37695.949
37879.316
37471.016
37358.25
37279.082
37273.582
36750.484
36847.852
36611.148
36457.715
36681.551
36396.984
36205.949
36167.852
36028.285
36839.25
37020.285
36277.582
36380.016
36958.184
36827.352
36772.648
37249.883
36778.383
36472.082
36391.984
35604.215
36067.582
35275.352
35451.184
35435.816
35385.648
35906.082
35614.648
35924.418
35886.852
35805.352
36139.383
36021.285
36368.184
36262.75
35831.918
35909.082
36054.715
36239.082
35421.984
35778.418
35933.582
35924.816
35317.383
35795.816
36428.918
35992.617
35782.449
36551.352
36664.785
36522.484
36229.051
35771.75
36385.316
35860.148
36101.316
36059.082
35805.051
35937.016
35796.582
35601.484
35932.051
35688.617
35049.918
35181.016
35538.25
35321.148
34669.516
34719.215
34473.25
34345.551
34136.449
33780.215
34378.852
34386.418
34030.25
34912.484
34825.785
35031.883
34939.582
34702.352
35222.184
35001.883
34679.984
34198.816
34657.918
34838.551
34083.852
33377.082
32708.717
32081.217
31546.184
30922.617
30577.383
30041.217
29617.65
30665.551
31226.518
31268.883
31811.383
32460.75
33523.25
33231.617
33655.117
33492.75
33461.582
33639.75
33221.051
33063.684
33193.648
33174.949
32820.65
32930.484
33100.715
33242.082
33044.184
32738.084
33184.584
32908.418
32912.316
32732.15
33134.316
33094.551
32791.117
33279.75
33166.648
32941.082
32620.916
32371.482
32426.25
32354.684
32273.65
32434.816
32193.316
32586.949
32611.65
32382.617
32593.65
33066.482
32744.982
32511.617
32797.449
32933.282999999996
32802.982
32910.949
32825.25
32424.684
32267.117
32200.018
32348.051
32293.883
31533.65
31888.949
31795.916
32022.416
31884.717
31716.617
31838.85
31976.551
32226.184
31750.018
32003.383
32274.617
31686.65
31963.617
31919.584
31866.35
31338.982
31428.816
31407.717
31432.684
31499.584
31399.35
31293.518
31312.949
30752.584
31046.816
30821.783
31135.15
30658.449
30973.949
31546.25
31211.551
31601.65
31548.617
31441.717
31853.551
31621.184
31683.551
31681.25
31601.217
31802.051
31591.482
31749.783
31474.217
31708.916
31472.551
31953.916
31321.15
31438.051
31127.283
31373.85
31532.75
31107.584
30933.551
31089.584
31062.816
31032.916
31079.283
31188.051
31288.75
31214.717
31161.018
31106.316
30755.617
30389.584
30265.416
30457.449
29986.684
29683.717
29784.482
30219.85
30184.35
29727.916
29804.816
30096.117
29920.15
29592.518
29381.551
29679.85
29494.816
29092.383
28664.15
29006.25
29060.617
29024.916
29279.084
29236.316
29212.684
28656.316
28858.018
28489.383
28410.15
27717.518
27577.084
27674.316
27224.883
27209.717
26572.482
26925.184
26638.883
26098.518
25441.617
25283.65
25425.617
25259.518
24681.75
24969.518
24851.15
25111.449
25194.816
25766.051
26135.217
26825.584
27482.018
27610.117
27766.35
27771.383
28037.217
27860.518
27479.018
27574.184
27316.084
27623.117
27350.15
27683.184
27752.949
28000.85
27977.217
28143.916
28060.217
28508.051
28316.617
28057.449
28315.883
28660.25
28392.75
28152.518
27941.018
28283.316
28182.15
27954.316
27888.15
27993.85
28020.018
28377.717
27599.75
28119.916
28120.816
28218.449
27980.15
28224.916
28003.018
27659.184
27640.949
27779.383
27924.617
27328.783
27201.482
27391.584
27094.684
27071.65
27274.949
27375.316
27100.15
27029.117
26731.482
26730.383
26759.482
26860.184
26815.883
26780.117
26690.949
26699.383
26626.949
26522.717
26554.949
26331.584
25761.482
26186.982
25789.15
25912.117
25868.416
26013.25
25777.617
25945.117
25868.416
25898.051
26209.949
26025.584
26303.35
26172.783
26364.283
26118.051
25671.217
25843.051
25668.949
25527.383
25731.883
25657.117
25645.283
25611.518
25474.283
25897.916
26375.217
25916.25
26440.883
26552.65
26264.084
26447.916
26163.35
26394.783
26476.084
26661.184
26794.551
26820.383
27224.816
27078.783
27466.084
27725.518
28024.283
27497.85
27382.35
27695.25
28182.35
27947.25
28455.551
28634.982
28983.684
28789.316
28859.084
28765.449
28520.684
27878.717
26898.684
26442.117
26116.018
25833.051
25601.684
25400.717
25393.217
25297.982
25160.684
25412.783
25291.217
25296.584
25220.883
25581.051
25365.482
25210.117
24888.15
24983.584
25134.482
24688.383
25001.15
24893.316
25056.883
25049.383
25138.416
25227.051
25449.883
25042.316
25192.949
25552.117
25338.949
24804.518
25077.35
25465.051
25281.482
24915.916
25208.482
25420.85
24859.15
25288.783
24588.416
24956.65
24679.35
24452.916
24614.15
24426.916
24483.217
24304.518
23783.283
24473.051
24537.283
24207.316
24186.816
24408.051
24171.949
24495.184
23978.883
24149.25
24239.949
24334.184
24373.551
24485.717
24198.217
24320.783
24462.617
24712.051
24293.084
23880.717
23928.416
24166.184
24319.283
23996.717
24106.35
24056.717
24227.617
24001.117
23966.283
24046.383
23987.018
23604.65
23410.217
23978.117
23751.217
23291.518
23213.084
23644.85
23320.684
23306.584
23416.217
23684.584
23359.018
22382.184
23152.15
23593.117
23203.684
23145.25
22816.416
23044.717
23111.018
23408.783
23298.684
23195.783
22942.949
23008.316
22982.75
22465.717
22301.949
21751.383
22050.816
21652.916
22024.018
21573.449
21663.949
22853.783
22604.283
22602.982
23206.75
23025.383
23084.35
22677.65
22507.684
22321.051
22376.416
22114.316
22140.816
22237.584
22295.482
21881.518
22117.75
22753.916
22309.35
21790.25
22113.949
22377.65
22408.018
22152.65
22258.018
22387.584
22033.617
21711.051
21396.35
21784.117
21368.283
21350.316
20935.35
20965.717
21020.883
20417.051
19915.617
19885.783
18591.217
17910.051
17135.551
17297.584
17336.75
17392.65
17623.217
18359.184
19100.018
19541.916
19604.084
19782.717
20360.217
20850.117
20726.15
20404.383
20834.551
20734.65
20846.35
20857.051
20502.684
20155.051
20041.684
20462.383
20361.684
19939.316
20583.482
20503.65
20672.416
20760.717
20602.883
20736.916
20737.949
20482.783
20593.416
20727.383
20865.283
20413.717
20465.816
20808.982
20907.949
20772.117
20850.084
21006.783
20974.816
20853.65
20334.551
20839.051
20775.482
20423.117
20261.15
20526.383
20607.416
20449.916
20001.482
20304.383
20602.084
19971.117
20588.084
20721.783
20707.75
21091.449
20816.084
20913.316
20854.75
20703.518
20769.018
20754.916
20716.35
20365.117
20399.018
20477.916
20531.617
20409.518
20493.482
20684.916
20699.75
20419.982
20200.416
20509.584
20359.75
20573.117
20154.949
20656.518
20469.018
20642.184
20647.551
20745.316
20625.217
20197.717
19929.283
20483.383
20357.684
20524.25
20130.018
20073.449
20171.15
20054.65
20392.482
20181.25
20126.15
19627.051
19622.617
19734.316
20023.283
19124.717
19411.283
19666.982
19645.482
19459.584
19305.75
19718.051
19660.35
19402.25
19539.416
19616.916
19782.217
19078.982
19310.283
19775.316
19831.15
19499.184
19334.283
19480.184
19664.084
19309.051
19294.15
19462.916
19360.883
18816.518
19133.15
19129.051
18965.084
18926.449
19048.084
18734.316
19445.551
18877.518
18742.684
18893.184
18939.283
18801.783
18221.018
18767.916
18781.949
18499.916
18239.949
18713.051
18605.816
18470.717
17960.416
18516.383
18512.883
18425.982
18477.949
18119.383
18387.084
18284.85
17816.883
18112.85
17929.75
17961.449
17504.217
17903.383
17822.816
17228.717
16877.482
17672.518
17507.482
17270.916
17141.551
17435.916
17276.883
16958.982
16904.15
17520.916
17256.018
17053.184
16913.018
17402.117
16972.35
16816.85
16683.084
17332.65
17126.15
16872.518
16813.217
16977.383
16687.816
16347.25
16024.884
16554.25
16611.684
16511.116
16786.884
16927.917
16803.084
16195.916000000001
16846.482
16621.982
16552.483
16502.717
16450.75
16338.983
16511.816
16060.45
16070.283
15501.05
14863.417
14229.45
13574.55
13216.583
13118.017
13065.45
12971.55
13795.25
14246.75
14414.517
14838.283
15133.184
15163.816
15259.05
15145.55
15322.583
14825.55
14817.583
14093.15
15122.116
15051.616
14806.783
14726.417
15128.85
15358.083
15435.583
15156.55
15577.783
15756.95
15438.316
15458.35
15823.983
15825.55
15857.25
15931.35
16064.517
16043.884
15793.316
15426.816
16304.05
16068.217
16012.85
15656.083
16312.783
16388.55
16172.917
16388.616
16430.45
15986.15
16132.316
15788.283
16351.25
16279.884
16127.316
16037.417
16089.25
16279.35
15887.25
16397.483
16377.783
16414.483
16383.116
15988.95
16690.05
16620.55
16232.583
16353.018
17016.184
16698.416
16473.518
16943.416
17139.783
16795.551
16579.449
16695.35
16378.583
16562.684
16043.316
16209.417
16527.583
16420.55
16404.316
16869.617
16561.65
16668.617
16044.583
15894.551
16832.383
16586.684
16443.316
16608.55
16429.116
16550.083
16627.717
16334.417
16373.184
16317.616
16289.116
16242.95
16444.25
16063.95
16194.184
16029.283
16459.316
16148.15
16279.85
16204.95
16605.583
16221.217
16264.45
16179.083
16430.116
16657.283
16652.316
16522.816
16417.65
16329.083
16204.517
16426.15
16609.783
16700.551
16684.783
16286.815999999999
16919.584
16754.75
16733.982
16221.684000000001
16781.184
16691.684
16482.116
16383.017
16480.783
16581.15
16702.583
16632.417
16716.384
16411.55
16510.25
16716.75
16419.783
16543.35
16463.184
16236.283
16413.25
16482.283
16256.783
16148.95
16340.184
16571.75
15649.783
16405.217
16426.384
16350.283
15661.45
16039.417
16362.717
16436.483
16311.783
16343.75
16318.05
16427.884
16123.983
16038.283
16409.45
16147.95
16232.583
15921.616
16133.583
16172.55
15871.05
15829.483
16115.583
15736.483
15718.384
15587.75
15902.25
15762.083
15444.116
15755.017
15724.917
15511.684
15649.917
15772.816
15621.85
15580.684
15330.316
15349.884
15662.25
15369.75
15484.783
15140.884
15244.583
15322.017
15200.184
15302.75
15107.25
15034.75
14981.45
14955.15
15209.583
15197.816
15090.45
14272.816
14563.116
14517.417
14375.25
13804.217
13781.05
13848.616
13512.184
12928.15
13505.917
13342.15
12535.316
12909.884
12872.65
12554.816
12701.184
12169.017
12318.184
12184.95
11897.583
12053.283
12255.783
12116.35
12306.783
11100.884
11859.583
11948.217
11476.384
11813.283
12003.65
12086.75
11790.65
12198.684
12399.783
12395.55
12533.783
12895.017
12861.583
12694.55
12793.517
12595.217
12579.583
12757.75
12767.983
12222.55
12682.717
12541.75
12260.917
11682.816
12058.583
11863.684
11596.116
11496.417
11403.65
11502.55
11295.917
11133.083
11562.184
11497.884
11401.384
11398.283
11510.717
11356.55
11262.65
11160.75
11620.717
11406.55
11067.05
11519.283
11893.384
11644.217
11360.05
11518.75
11474.116
11511.083
11478.983
11368.884
11456.25
11192.283
10684.783
11210.417
11080.65
11219.083
11316.783
10833.95
11315.45
11208.684
10517.05
10818.616
11047.116
10921.217
10960.316
11166.884
11301.65
11260.35
11427.517
11360.217
11478.517
11310.616
11267.583
10989.017
11240.783
11329.55
11024.65
11039.15
11276.85
11251.55
10989.517
11422.95
11469.85
11568.616
11143.05
11344.083
11490.717
11458.017
11620.45
10979.483
11463.717
11346.15
11516.05
11097.083
11768.517
11509.884
11629.116
11245.483
11784.05
11723.684
11420.45
11221.884
11429.583
11247.35
11133.917
11388.35
11307.45
11189.35
10863.05
10851.217
11078.583
11260.083
11111.917
11280.283
11224.116
11048.15
10848.05
11077.75
11168.25
11043.15
11307.983
10704.15
11009.45
11288.75
11248.583
10986.483
11000.116
10597.75
10314.25
10779.017
10688.316
10734.083
9927.45
10477.017
10772.65
10650.816
10353.05
10678.217
10904.384
10512.55
10647.05
10488.417
10746.65
10393.217
10152.45
10114.15
10462.983
10404.75
9979.184
10260.55
10241.45
10407.75
10238.316
10292.217
10361.05
10216.417
10040.25
10226.95
10378.517
10301.217
10138.25
10473.75
10206.517
10298.684
10220.717
10059.417
10235.316
10221.483
10030.316
9953.35
10004.45
10079.15
9784.45
9675.684
10168.783
10150.15
9865.85
9901.083
10144.85
10132.483
9730.45
9798.95
10028.583
9814.95
9581.316
9992.816
9973.917
9737.816
9942.184
9746.95
9835.05
9780.35
9482.384
9125.017
9838.65
9480.35
9693.783
9550.55
9652.517
9414.283
9418.85
9224.616
9601.517
9466.217
9385.65
9112.283
9391.184
9428.75
9238.45
9206.95
9480.316
9455.95
8909.783
9139.083
9418.384
9397.017
8707.85
8881.417
9291.184
9249.283
9145.25
8808.616
9353.717
9271.75
9176.45
8928.017
9073.45
8958.417
8782.316
8932.884
9093.316
8901.017
8747.25
8811.15
9232.116
9227.95
9000.184
8723.017
8848.717
8958.083
8829.65
8617.816
8954.517
8860.884
8835.45
8522.616
8719.917
8829.75
8781.517
8581.217
8812.65
8613.884
9024.917
8342.417
8735.316
8665.684
8486.65
8051.15
8738.05
8702.483
8743.384
8413.816
8513.184
8370.483
8474.05
8621.35
8910.05
8119.282999999999
8434.517
8209.417
8493.783
7929.15
7558.783
7005.817
6854.183
6110.55
5388.717
4879.083
4338.383
3652.883
3313.583
2680.617
3006.25
2920.95
2640.717
2823.617
3675.983
3828.483
3753.25
4684.817
5163.517
5407.283
5706.05
5056.883
5802.983
5437.883
5296.917
4982.417
4797.85
4888.817
4602.183
4362.683
4736.717
4811.283
4756.383
4532.483
5257.783
5044.017
5050.05
5615.35
5687.917
5904.883
5543.383
6053.883
6180.783
6152.55
6137.717
6379.95
6632.983
6672.017
6177.65
6448.417
6965.383
6967.75
6534.45
7014.55
7291.783
7393.683
7272.717
7271.95
7726.983
7701.683
7099.117
7224.95
7898.65
7976.483
7790.317
7525.15
8010.517
7850.083
7660.917
7669.617
8114.317
7918.017
7058.05
7934.417
8059.317
8150.883
7813.517
7618.083
8107.383
8013.817
7822.717
7732.417
7887.783
7983.617
7577.583
7429.417
8333.05
7924.217
7714.05
7752.883
8090.917
7977.217
7827.583
7803.817
8004.45
7970.683
7773.917
7758.75
8060.783
8035.55
7867.583
7768.35
8115.183
8015.283
7471.983
7676.35
7987.517
7905.75
7557.117
7503.817
7891.983
7750.283
7822.65
7589.95
7858.45
7968.95
7662.383
7203.217
7982.717
7879.35
7879.517
7656.683
8167.85
7910.083
7719.583
7509.683
7996.583
7785.55
7343.85
7226.417
7839.783
7793.95
7806.65
7215.217
7878.583
7747.083
7611.05
7686.35
7860.183
7820.75
7617.517
7568.95
8103.25
7874.95
7030.85
7416.483
7980.183
7765.017
7751.717
7596.55
7982.583
7883.283
7395.917
7234.083
7798.317
7619.217
7615.383
7474.417
7833.317
7787.15
7621.45
7164.683
7839.383
7779.75
7431.917
7132.883
7712.383
7845.817
7517.917
7473.617
7806.65
7452.083
7382.65
7525.15
7544.117
7473.417
7324.383
7153.817
7725.45
7540.75
7193.917
7135.55
7577.917
7699.15
7032.65
7092.483
7563.117
7500.483
7545.05
7287.55
7489.45
7415.883
7373.717
7062.683
7681.183
7471.217
7192.517
7157.483
7509.717
7428.417
7276.383
6774.617
7413.717
7371.883
7257.05
6735.017
7507.317
7318.95
6823.183
7250.55
7301.317
7253.417
6827.05
6936.35
7102.25
7225.283
6977.783
6935.283
7221.65
7001.883
7000.45
6776.417
7087.65
7097.883
6652.583
6591.217
7086.983
7063.017
6765.65
6736.483
6786.983
6946.417
6506.25
6656.483
6740.917
6785.617
6606.45
6389.417
6963.65
6809.75
6437.383
6107.817
6670.117
6833.617
6659.183
6344.217
6685.917
6665.083
5963.383
6389.483
6807.983
6463.283
6278.117
6364.75
6587.05
6620.283
6235.383
6102.883
6525.05
6593.683
6444.917
6343.55
6667.917
6466.35
6202.517
5919.95
6541.583
6370.417
6598.783
6118.217
6570.85
6504.883
5987.85
6066.017
6553.383
6384.617
6169.117
6244.417
6520.85
6452.883
6034.117
5990.083
6597.183
6325.617
6197.783
6236.283
6459.183
6348.083
5914.85
5796.55
6185.25
6125.95
5619.85
5760.817
6241.983
6074.75
6232.65
5905.55
6260.717
6115.55
6332.717
5944.217
6177.183
6082.417
5718.983
5715.083
6194.317
6054.217
5603.117
5076.083
6020.983
6079.217
5605.517
5815.483
6042.717
5828.283
5659.917
5646.55
6009.45
5804.95
5640.183
5299.817
5871.983
5941.95
5196.783
5392.617
5937.583
5720.483
5469.517
5234.55
5833.117
5816.95
5735.45
5311.95
5900.117
5810.75
5747.45
5625.35
5827.05
5716.483
4473.383
4956.283
5735.517
5823.15
5431.65
5157.883
5685.783
5828.283
5162.05
5158.483
5599.383
5573.083
5103.517
5128.017
5627.85
5601.75
4952.25
4924.15
5498.783
5427.617
5194.783
5195.283
5417.383
5359.55
4938.183
5338.083
5408.783
5430.283
4925.983
5161.95
5522.383
5329.217
4880.45
4789.283
5360.917
5373.217
5224.317
4665.883
5441.117
5329.55
4649.583
4768.617
