287.967
76.45
-135.433
163.78300000000002
469.1
136.11700000000002
221.5
254.45
252.833
265.517
128.5
-159.35
214.567
225.65
45.167
-24.683000000000007
363.16700000000003
15.516999999999996
70.833
387.517
434.567
193.917
473.233
168.983
293.567
211.85
226.5
-120.083
220.7
215.917
347.767
37.917
301.3
206.71699999999998
249.36700000000002
39.516999999999996
579.367
494.65
105.7
-33.617000000000004
267.5
143.71699999999998
6.700000000000003
199.38299999999998
213.7
254.11700000000002
164.96699999999998
246.983
231.5
250.517
-29.033
52.583
635.3
295.58299999999997
-6.433000000000007
-244.817
453.9
458.91700000000003
47.7
58.31699999999999
387.433
452.58299999999997
406.033
244.583
436.5
377.183
170.3
334.25
397.233
403.91700000000003
338.9
-130.21699999999998
454.9
295.117
47.367000000000004
93.45
393.3
201.38299999999998
151.767
81.183
305.16700000000003
518.25
218.767
79.717
258.16700000000003
367.383
46.167
17.450000000000003
260.16700000000003
211.317
517.567
16.849999999999994
198.767
231.183
364.233
-44.217
207.567
273.117
207.1
107.383
425.83299999999997
377.05
-213.3
42.45
406.233
327.383
242.9
219.317
486.633
306.183
18.299999999999997
283.05
120.3
341.783
263.1
295.183
429.767
298.317
573.833
-215.61700000000002
340.633
381.91700000000003
124.3
386.717
408.16700000000003
477.85
271.83299999999997
117.517
357.5
258.05
-47.233000000000004
124.317
353.367
325.383
143.63299999999998
22.450000000000003
425.767
458.45
78.9
-224.683
369.233
333.85
98.567
151.85
293.367
435.25
363.967
58.18300000000001
314.433
339.91700000000003
-268.83299999999997
-140.28300000000002
314.3
222.517
174.96699999999998
1.6500000000000057
338.567
275.383
67.7
228.65
422.367
310.383
261.767
-98.017
479.5
431.383
452.967
170.583
510.767
296.783
177.567
360.91700000000003
423.633
91.983
388.83299999999997
-156.95
141.63299999999998
226.11700000000002
19.700000000000003
383.65
609.3
439.85
179.5
-74.083
510.967
159.78300000000002
468.3
35.25
404.1
376.983
333.1
392.183
547.167
371.183
446.033
329.45
348.9
237.45
401.033
-348.617
403.1
368.45
185.167
156.517
149.9
339.517
478.767
186.983
260.3
315.91700000000003
130.567
-192.417
283.233
399.317
479.3
194.85
400.767
315.383
62.967
-310.95
457.767
249.917
-56.5
36.717
272.16700000000003
193.917
-1021.1
-83.017
139.96699999999998
287.91700000000003
261.433
-53.283
583.7
419.05
280.7
78.85
274.3
237.65
-96.3
446.25
544.433
284.183
-185.1
42.783
327.767
331.05
-101.567
371.25
386.9
273.58299999999997
409.767
357.517
336.9
421.383
258.033
202.71699999999998
394.3
257.317
422.83299999999997
37.45
427.1
448.383
352.9
-66.883
241.433
329.58299999999997
91.5
-285.95
382.967
356.317
266.767
-104.15
364.567
352.383
235.3
93.317
383.7
374.517
-134.767
220.983
340.1
74.917
-130.233
165.517
277.83299999999997
224.45
332.83299999999997
179.71699999999998
280.83299999999997
537.117
106.767
185.25
389.7
553.583
401.1
176.317
227.767
285.317
110.233
509.45
362.9
215.183
-151.3
112.25
216.567
294.183
270.633
-0.8829999999999956
557.433
565.783
43.099999999999994
293.65
388.033
363.91700000000003
236.5
113.517
345.83299999999997
396.65
77.367
140.85
297.967
336.717
182.63299999999998
299.65
473.1
441.65
399.9
111.383
562.367
174.45
384.83299999999997
-139.21699999999998
358.967
174.917
-94.767
287.91700000000003
338.9
197.38299999999998
550.9
388.183
374.5
260.25
639.1
84.18299999999999
371.1
284.783
-39.233000000000004
271.183
641.033
412.25
535.633
-51.68299999999999
440.967
360.85
389.1
197.983
339.7
514.25
-64.833
220.917
595.833
323.65
128.567
160.45
334.63300000000004
341.11699999999996
513.167
170.183
643.9
544.117
686.633
436.517
696.967
506.983
221.367
325.45
368.233
585.317
756.233
172.71699999999998
676.433
572.9169999999999
521.567
664.65
593.767
490.117
340.7
631.45
471.167
740.383
96.69999999999999
263.117
549.7
518.783
545.633
383.317
881.1669999999999
530.25
703.967
532.317
682.633
633.5830000000001
672.1669999999999
292.05
996.3
463.65
568.433
500.317
845.1669999999999
518.717
689.967
602.65
595.5
854.183
760.1669999999999
644.45
601.7
850.783
616.967
428.317
933.433
730.85
625.1
568.25
559.1669999999999
653.383
775.367
653.517
878.8330000000001
769.65
559.767
490.58299999999997
652.167
760.317
660.7
548.65
888.9
463.98299999999995
730.233
458.91700000000003
673.3
559.05
745.567
830.383
705.833
453.783
768.5
957.183
422.63300000000004
860.583
705.1
759.183
770.633
739.917
596.7
970.583
1149.7
659.517
668.433
1269.183
894.7
1096.717
464.63300000000004
665.783
1145.7
962.05
1103.767
1188.983
711.567
671.583
817.033
780.317
1327.967
1151.783
621.5
1094.983
968.167
1194.25
1233.9
1052.917
956.833
1300.85
585.5
860.317
984.833
1156.717
1479.767
1437.383
1360.7
1314.45
1105.433
1217.517
1235.9
1143.317
762.8330000000001
979.9169999999999
1310.633
1139.117
1401.633
965.05
1457.3
1364.517
1476.1
1286.05
1425.833
1373.05
956.233
1413.783
1274.633
1186.383
1121.967
1261.983
1232.033
1358.117
1261.767
1035.117
1373.3
1149.65
1119.633
993.983
1467.633
1359.25
1310.9
1366.717
1479.633
1236.383
1220.7
1116.45
1379.567
1410.783
1284.967
1035.85
1533.433
1269.717
1312.633
1296.65
1448.167
1329.917
823.767
1264.317
1345.033
1406.517
1436.567
1623.05
1755.833
1543.783
1587.167
1549.65
1674.233
1748.65
1585.633
1672.583
1680.1
1672.717
1845.167
1680.517
2071.633
1544.05
1117.5
1366.717
1591.1
1895.45
1599.433
1706.717
2064.7
1865.85
1786.567
1719.317
1945.167
2005.983
2018.633
1740.317
2122.767
1791.65
1687.367
1577.583
1617.367
1565.183
1869.633
1212.317
1610.367
1742.317
1990.7
1620.583
1933.9
1825.983
2033.7
1849.25
1918.5
1989.65
1967.833
1893.983
2195.167
1754.783
2295.433
2063.85
2092.367
2004.25
1902.5
2108.45
2343.967
1687.05
1826.1
2117.983
2370.9
2080.917
2164.3
1928.517
1975.833
1881.85
1980.233
2095.583
2067.233
2375.85
2645.633
1939.5169999999998
2526.967
2482.717
2382.167
2279.517
2337.367
2193.183
2158.433
2474.65
2395.833
2191.25
1990.6999999999998
2129.517
2056.7
2027.3829999999998
2359.567
2238.117
2404.233
2610.517
2440.167
2570.917
2771.3
2533.05
2858.3
2687.983
3044.567
2785.65
2629.1
2876.317
2892.433
2776.383
2561.567
2737.783
2534.9
2630.25
2504.433
2691.25
2660.767
2464.383
2120.167
2374.917
2327.7
2346.583
2171.1
2107.117
2371.567
2119.983
2052.3
1752.45
2386.167
1947.983
2301.633
2297.717
2497.3
2993.25
2782.9
3076.117
2924.233
3094.05
3259.633
2843.25
3038.367
2973.783
2710.433
2625.783
2908.233
2751.25
3023.5
2583.85
2851.3
2888.383
2888.367
3053.85
3020.167
3063.45
3244.567
3182.983
3227.1
3224.117
3143.233
2846.85
3200.767
3251.917
3095.233
3358.983
3444.233
3300.45
3169.567
2884.25
3413.7
3299.117
3627.967
3895.25
3991.033
4376.517
4352.032999999999
4204.5830000000005
4137.433
4066.45
4197.367
3760.183
4360.9
4045.05
4207.633
4106.9169999999995
4336.3
3840.717
4011.033
4169.782999999999
3987.633
4039.65
3827.9
3539.183
4163.233
4248.782999999999
4125.1669999999995
4332.583
4491.633
4491.317
4374.367
4141.583
4474.833
4395.983
3857.9
4104.183
4076.767
4319.117
4180.567
4428.317
4618.5
4363.717
4228.567
3670.917
3935.633
4038.65
4093.233
3842.583
4267.9
3905.117
3955.7
3737.517
3649.433
3608.583
3523.033
3584.783
3637.033
3754.383
3521.433
3659.25
3404.567
3608.317
3738.033
3863.717
4173.5
4318.85
4459.367
4631.85
4417.033
4512.983
4067.233
4601.05
4395.567
4412.65
4962.167
4652.517
5348.367
5384.783
5336.5
5554.183
6154.433
5614.317
5757.433
5225.65
5382.767
5272.65
4867.767
4585.117
4649.033
4480.45
4280.7
4408.183
4918.9
4559.517
4851.3
4903.783
5427.167
5411.517
5533.167
5243.317
5068.967
4936.517
4566.1
4393.917
4466.433
4054.517
3900.633
3750.783
3813.767
3720.717
3119.633
3473.583
3465.433
3137.583
2823.233
3606.383
3672.233
3799.45
4144.633
3897.8500000000004
4748.167
5004.383
5077.9
4932.183
5010.233
4781.717
4393.233
4531.45
4455.967
4663.317
4646.367
4487.983
5066.3
4708.517
4902.833
4780.05
4947.033
4893.517
4808.9
4269.583
4884.167
4743.25
4891.633
4808.717
4734.567
4743.05
4809.367
4818.917
5534.233
5597.583
5605.033
5877.717
6062.367
6145.25
6114.9
5930.783
6294.967
6058.65
6483.9
6098.45
6560.833
7018.717
6310.967
6543.317
6626.3
6394.05
6357.367
5565.85
5436.7
4832.383
4538.767
3580.917
3396.567
2844.117
2646.9
2663.517
3227.7
3537.783
3931.833
4485.783
4879.9
5125.783
5462.033
5939.717
6261.767
6705.917
6590.833
6557.317
6701.833
6122.983
5986.833
5638.517
5207.1
4402.05
4040.767
3709.183
3694.7
4073.583
4280.767
4897.183
5841.1
6177.45
6422.367
7359.383
7607.767
7745.117
8223.233
7918.116
8658.434
8716.184
9122.5
8850.917
8792.767
9269.583
9026.767
9067.717
9230.233
9062.05
9349.5
9096.316
9777.167
9644.45
9720.233
9527.583
10062.3
9913.583
9743.1
9871.717
10379.3
10159.583
10093.033
9879.25
10033.767
9547.316
9612.634
9803.717
9884.3
10344.184
10100.434
10202.316
10257.167
9916.583
9615.366
9400.783
9605.366
9916.983
10076.767
9983.184
10029.033
10008.517
9928.9
9788.45
9653.033
9677.65
9483.9
9583.917
10078.233
9840.917
10054.7
9713.783
9856.9
10103.917
9887.634
10289.517
10475.566
10463.983
10613.3
10706.983
10870.767
11182.917
11431.9
11254.184
11176.033
11059.983
10347.033
9787.116
9927.233
9856.116
9767.167
9683.384
10044.5
10312.184
10488.3
11209.116
11124.967
11761.917
11709.767
11782.783
11731.566
12185.184
11538.566
11686.65
12112.7
11618.517
11702.5
11906.316
11845.366
11618.65
12311.366
11806.517
12114.7
12068.45
11967.1
11689.65
11950.5
11823.316
11824.566
11182.25
11928.233
11727.517
11744.366
11340.517
11701.7
12117.65
12336.366
11957.583
12248.1
12342.583
12109.833
12092.583
12011.833
10935.783
11380.7
11437.517
11523.767
11015.25
11692.033
11512.983
11537.033
11230.384
11237.3
11653.983
11794.5
11706.783
11787.767
11540.983
11255.434
11265.45
10617.033
10881.45
11639.9
11460.85
11626.366
12026.116
12356.7
12435.384
12623.3
12271.05
12384.033
12542.517
12444.9
11979.717
11724.833
11230.85
11385.233
10599.25
11283.233
11559.983
11209.033
11253.25
12122.5
12023.783
11470.833
11577.25
12409.434
12612.316
12297.634
12097.184
12215.967
12315.25
11990.366
11915.517
12191.167
11967.316
12250.634
12578.384
12263.3
12560.116
12863.634
11914.05
12169.3
12033.717
11629.566
11870.85
11155.9
11427.85
11487.767
12549.917
12415.5
12223.85
12243.566
11737.184
12010.3
11991.85
12309.5
11964.25
11725.7
11120.316
10949.967
10515.45
10145.033
10064.517
9332.366
9170.65
9215.566
9193.184
9780.434
10253.384
11260.434
11998.65
13276.366
13472.783
14578.5
13723.583
13080.033
13568.05
13406.366
13159.717
14023.366
14194.517
14450.767
14235.717
14105.167
13442.184
12876.833
12559.184
12739.033
12703.783
14101.434
13514.783
14180.7
14340.917
14653.634
14724.85
14311.434
15098.316
15380.7
16068.85
15892.366
16032.65
16356.9
16792.982
15581.767
15803.25
15098.233
15530.05
15509.233
15940.384
15302.767
15064.983
14572.7
14330.717
14582.434
14300.717
13314.566
14261.717
14091.5
15116.917
15219.5
15275.116
16301.7
15871.517
15463.767
15784.384
15801.1
15566.917
15555.833
15883.517
16273.1
16760.717
16823.566
16472.383
16609.768
18382.383
16970.301
17100.783
17352.1
16730.316
17402.434
17359.584
17990.232
17338.717
16793.633
17082.584
17341.566
17229.316
16683.033
16600.184
17838.301
18298.518
17930.768
17162.383
17559.699
17332.916
17222.301
16312.315999999999
17243.633
17058.982
16712.633
15927.783
16594.033
16892.85
16903.633
16432.65
17582.834
17622.717
17469.967
17820.117
17997.9
18860.717
18017.967
17816.184
18393.1
17973.383
18360.768
17365.518
17722.768
18508.25
18041.699
18196.184
18249.232
17749.316
17989.5
18489.65
19234.232
18963.383
18881.434
19184.184
18914.566
19397.449
19965.434
19426.65
19332.967
18915.316
18915.434
18340.051
18846.166
18424.783
18767.566
18050.85
17563.301
17841.783
17721.5
17403.25
18011.232
17534.584
17681.633
17872.717
17794.232
17885.916
17792.566
18310.916
18847.699
19309.518
18323.434
18463.85
18517.768
17869.051
18875.967
18492.184
19019.834
19020.383
19446.9
19432.783
19598.5
19877.85
19256.699
18824.383
20644.834
19910.25
19862.1
20163.982
20370.434
19055.449
19888.5
19020.051
20134.1
19794.117
18965.967
19674.783
20140.033
19850.717
19974.1
21095.316
20425.166
19766.717
19497.633
19238.518
19145.301
19788.316
20649.967
20405.982
21219.768
21369.584
21765.232
21253.982
21340.699
21748.184
21490.834
21523.982
21451.834
21622.916
22101.367
21732.117
22464.033
22215.85
22382.5
22879.783
22690.699
22633.25
22156.367
22276.316
22600.699
22113.518
22015.566
21749.051
22551.434
22188.783
23346.967
22511.449
22072.566
22689.383
22812.834
23632.184
23774.633
23882.85
23206.033
23482.051
22866.633
23004.184
22811.033
23317.717
23485.367
25629.25
23565.566
24677.316
25036.5
25270.383
24720.768
26115.316
25482.967
25851.117
26737.834
27528.518
26176.166
26785.117
26183.633
26456.316
28373.5
26619.184
26842.9
25898.982
25815.768
26025.65
26729.9
26588.916
27174.301
28003.717
27452.5
28304.518
29084.232
29873.85
29922.566
30134.65
30978.166
31734.916
31004.367
29510.584
30432.633
30638.982
29761.768
30497.518
31153.434
31208.916
30978.5
31551.25
32241.5
31450.25
33113.232
33951.316
33476.699
32810.785
34056.965
33902.516
34017.566
33587.516
34025.367
34156.316
33873.5
33969.383
33546.898
33881.316
34813.699
35702.852
36177.301
36564.648
38147.035
38392.648
37747.102
38583.648
38592.102
38326.516
38347.832
37281.715
38365.832
37458.449
37449.367
39258.918
39875.766
40246.984
40302.5
40547.449
41463.633
40418.648
40700.633
40136.316
40391.566
40735.316
40129.898
40941.648
41754.301
42168.25
42350.766
42570.184
43051.5
43047.25
42366.5
42665.316
42508.035
42592.117
41899.766
42616.918
42752.301
42922.582
43393.898
42857.117
42616.434
42865.984
42957.5
43097.918
43078.5
43450.184
43179.035
43379.516
43617.234
43320.051
42025.434
41359.984
39461.898
37766.984
36744.367
36327.117
36257.102
36780.984
36816.168
38324.516
40275.102
40874.785
41608.633
41796.184
42087.965
43145.785
44277.633
43936.051
44612.832
44621.184
44219.566
43343.051
42992.367
43373.918
43961.699
44352.918
44885.633
45634.316
46638.5
47208.051
47341.832
47475.852
46647.434
46409.051
45835.566
46199.582
46291.832
46285.852
46207.898
45338.184
44892.699
44592.117
43975.367
44062.984
44411.5
44235.715
45846.301
46201.715
46550.234
47224.516
47499.434
46523.316
46715.301
46309.918
46327.301
46732.051
47142.766
47674.918
48834.898
48723.383
49333.434
48785.25
48746.832
48276.516
47407.832
47627.449
47490.965
47753.984
47468.898
47797.918
48436.102
48739.117
48282.965
48338.316
49466.699
48946.984
49394.301
48592.184
49209.5
48555.117
47488.832
46896.648
46526.301
46471.918
46669.5
47006.051
47547.035
48878.852
48567.301
49460.449
48880.367
48877.785
48670.301
48134.383
47682.566
47225.25
46551.301
46707.383
46629.168
46362.648
46610.301
46590.852
46342.102
46421.117
46236.633
46403.582
46933.434
47472.852
47446.832
48057.852
48818.566
49132.516
49057.5
49411.984
49119.766
49030.715
48213.168
47694.051
47091.035
47445.383
47937.102
47644.184
48530.898
48967.715
49594.234
49911.715
49901.633
49804.516
50816.633
51170.918
51783.898
51900.918
51455.035
51289.051
50988.832
50977.984
50171.566
49939.852
50042.168
50030.516
49721.035
49606.918
48563.367
49234.383
48800.898
49255.117
49120.766
50123.516
50707.965
51433.918
51890.367
52237.184
51119.566
51195.117
50613.234
50699.316
51047.035
50632.918
50588.633
50237.449
50689.965
51120.184
51049.965
51364.184
51423.102
51947.383
52416.898
53373.383
52464.566
52293.117
51545.434
51508.516
50622.168
50631.051
50528.633
50214.984
50939.301
51081.383
49186.832
50383.117
50225.699
49863.582
50111.766
49806.383
49648.5
50008.984
50603.234
50932.051
51035.102
50883.117
51095.367
51926.918
51961.633
52260.051
51953.234
51386.785
49784.898
47954.117
46985.633
45246.852
43284.633
42797.785
43575.965
44755.449
47453.699
48196.25
47521.367
47581.383
47785.301
47233.918
47618.766
46999.984
46465.102
47524.648
48982.367
50066.316
49975.832
50461.184
50633.699
51238.852
52073.766
51585.117
51454.699
51459.852
50612.5
51138.184
51620.102
51650.785
51443.102
52441.582
52912.301
52918.984
53001.832
52218.316
51992.766
51653.316
51873.965
51480.984
50655.035
50386.383
49894.633
51105.852
51954.301
52772.449
52470.699
53185.117
54175.766
54585.449
53948.234
53477.449
53905.766
53194.184
53015.766
52293.852
53070.566
53696.184
53109.566
52728.449
52270.633
51034.25
50286.168
48516.051
47117.633
46742.117
46782.699
47258.117
47863.434
49291.785
49599.566
51070.852
51373.102
51429.785
52176.035
52450.316
52925.168
53138.383
53287.102
53854.117
54791.301
54046.117
53572.168
52684.984
52530.699
52379.582
52203.301
52289.383
52236.168
53071.051
54221.566
54210.449
54244.965
54186.25
54102.035
53830.918
53766.898
53748.785
52547.5
51845.715
51451.566
50636.715
49686.633
49147.117
49486.566
49875.582
50392.102
50958.918
51700.5
51740.316
51553.566
51395.582
51568.168
51201.316
50760.766
50873.383
51386.035
51955.516
52162.5
52181.516
52836.102
53411.516
53365.168
53416.449
53140.898
52912.852
52230.168
51316.984
50893.102
49940.184
48751.168
50229.785
50098.301
50483.516
50696.367
51423.051
51541.5
51970.918
51427.965
51475.316
51885.832
51283.316
51144.168
50958.785
50858.965
50425.184
49657.965
49142.25
49277.234
49359.984
48827.234
48047.918
48393.832
48255.582
47915.633
47936.184
48187.5
48558.383
48835.898
49389.516
49529.633
50092.051
49834.102
49619.582
50094.035
49957.516
48653.633
49454.648
49007.168
49002.852
49269.832
48575.918
48665.168
49670.984
49918.035
50344.648
50151.367
50269.918
50223.301
49894.582
50401.766
49837.449
49220.367
49156.648
49615.035
50041.918
50229.102
49377.715
49523.168
49464.852
49031.434
49290.25
49394.633
49309.582
49073.898
49358.383
48878.766
49117.25
48542.766
48152.383
48026.5
48009.316
48224.102
47841.715
48766.434
49050.785
49614.035
48870.852
49101.566
49106.918
49426.102
49262.715
49045.168
49239.316
49085.5
48926.582
48899.234
48960.852
48538.035
48049.582
48466.168
48682.852
48777.766
48686.984
48872.168
48915.316
48856.5
49254.582
49259.434
49545.984
48573.234
48165.852
48370.367
47752.648
47888.766
47621.582
48177.168
48796.25
48605.434
48488.449
48808.035
48747.316
49062.035
48900.715
48967.168
49372.785
49104.699
49054.516
49265.566
49298.25
49186.566
49017.051
48232.102
48480.715
47612.566
47867.984
47885.898
47770.117
47372.168
47542.316
47444.965
47391.852
47465.102
47861.383
47501.965
48170.516
47897.633
47770.785
47146.301
46741.449
46325.234
46448.516
45986.699
46015.449
45746.434
46396.449
46626.832
46639.918
46461.102
46097.785
47209.832
47542.516
47786.898
47901.051
48530.566
48708.582
47966.832
47715.117
47509.566
47469.383
46633.5
46716.984
46968.832
46974.785
47398.766
47292.715
47764.301
47714.785
47826.898
47632.918
47877.766
47522.184
47214.699
46658.117
47269.035
47401.117
46493.766
47525.918
47013.566
47391.383
47624.965
47052.449
47316.566
46901.582
45990.168
45561.184
45975.434
45728.715
45443.102
45852.918
45892.832
47073.051
46697.102
47526.25
47657.633
47320.918
47257.234
47616.785
48028.699
47352.785
46844.633
46558.516
46554.566
46000.383
45780.102
45708.25
46336.434
46406.785
46318.367
46290.785
46958.898
46999.785
46587.367
46304.984
46297.699
45840.25
45129.434
44573.25
44550.633
44575.051
44085.301
44456.516
44847.168
45504.918
45767.367
46008.316
46283.766
46537.516
46925.832
46931.715
47024.566
46729.852
46589.301
47111.648
46437.633
46954.648
46614.234
46118.582
46724.168
46606.051
46800.566
46385.449
46195.102
46135.648
46074.367
45438.117
45579.367
45336.516
45086.766
45430.449
45030.5
44883.184
44819.102
44726.184
45494.367
45826.25
44974.367
45081.715
45735.965
45600.852
45548.168
46023.785
45495.035
45140.852
45018.898
44161.852
44687.168
43805.918
44027.5
43927.648
43786.898
44457.184
44200.301
44594.516
44463.766
44445.117
44795.434
44706.25
45086.898
44971.785
44487.766
44620.117
44777.035
44973.785
44089.633
44524.051
44630.699
44594.715
43997.5
44554.582
45276.102
44824.184
44571.965
45425.516
45498.898
45387.648
45031.367
44637.117
45213.766
44686.715
44887.035
44859.117
44551.168
44790.516
44638.699
44405.449
44758.633
44514.449
43790.766
43960.918
44271.102
43978.918
43438.832
43355.582
43031.832
42851.184
42675.5
42299.918
42820.633
42886.648
42543.766
43575.715
43449.566
43745.648
43650.699
43380.316
43888.566
43710.852
43302.965
42798.715
43268.301
43437.449
42575.168
41668.852
40833.699
40038.516
39401.035
38641.648
38214.965
37572.785
37094.633
38345.051
39104.766
39096.449
39790.301
40532.25
41798.965
41556.648
42037.434
41880.785
41739.434
41918.516
41463.566
41316.785
41483.367
41454.582
40979.633
41179.316
41288.965
41485.648
41269.234
40963.852
41365.367
41120.918
41106.965
40902.051
41384.5
41263.582
40953.965
41600.516
41351.367
41185.984
40702.234
40485.383
40470.965
40351.383
40284.102
40483.715
40288.301
40608.918
40703.168
40481.449
40701.566
41258.383
40884.234
40624.184
40901.965
41106.316
40917.367
41091.785
40903.168
40479.785
40266.168
40235.316
40433.102
40246.516
39471.832
39855.383
39711.234
39988.984
39797.5
39676.051
39761.965
39888.117
40222.168
39708.316
39919.699
40187.648
39595.234
39936.785
39821.102
39778.516
39138.633
39275.984
39209.898
39246.383
39328.367
39120.715
39082.898
39116.785
38448.234
38751.785
38553.766
38822.582
38338.699
38668.516
39340.367
38999.918
39408.832
39425.25
39266.367
39749.383
39531.367
39539.449
39599.367
39514.449
39737.367
39540.852
39638.766
39366.316
39675.633
39353.648
39778.965
39128.582
39213.168
39004.316
39243.434
39383.184
38904.898
38764.582
38794.699
38881.051
38812.633
38940.852
38971.965
39140.582
39051.234
38991.184
38895.367
38516.852
38032.168
37907.449
38128.301
37566.516
37275.168
37399.648
37851.5
37774.449
37308.102
37331.316
37722.699
37558.582
37236.965
36885.449
37151.633
36914.715
36533.434
35981.785
36357.234
36460.648
36439.633
36751.184
36649.699
36635.648
36047.102
36251.117
35813.102
35700.918
34909.633
34685.852
34764.168
34200.918
34146.5
33489.516
33893.566
33494.984
32825.566
32061.518
31879.367
31961.518
31746.967
31074.65
31348.1
31292.051
31664.699
31734.518
32365.633
32761.449
33687.102
34578.516
34724.367
34872.918
34899.5
35177.449
34985.633
34583.582
34663.301
34417.117
34703.234
34462.918
34828.434
34930.184
35213.699
35168.383
35468.102
35358.984
35824.766
35679.852
35416.5
35653.383
35996.898
35771.184
35445.566
35202.383
35560.965
35372.051
35170.035
35092.648
35175.102
35213.449
35645.633
34836.051
35409.832
35362.117
35371.566
35224.852
35502.168
35260.516
34839.965
34792.316
34966.168
35142.316
34391.234
34211.715
34523.434
34218.918
34129.566
34312.852
34438.434
34143.918
33999.367
33741.582
33649.102
33658.715
33800.766
33725.516
33703.234
33635.648
33656.832
33563.051
33375.5
33326.715
33147.035
32526.383
32958.699
32459.316
32643.367
32606.584
32724.434
32463.783
32645.1
32610.449
32657.301
32992.051
32759.834
33123.383
32935.367
33170.516
32915.301
32300.117
32440.633
32118.117
31895.033
32117.717
31890.834
31910.184
31995.033
31995.916
32419.367
32991.316
32489.1
33116.984
33228.898
33004.785
33131.234
32760.982
33017.301
33155.852
33316.633
33557.582
33664.367
34087.383
34065.301
34459.184
34768.832
35103.516
34660.434
34506.984
34855.566
35410.918
35238.234
35764.715
35920.168
36383.852
36179.965
36355.715
36167.699
35898.117
35012.168
33927.852
33298.699
32967.184
32587.768
32309.316
31976.1
32076.449
31916.232
31814.449
32089.166
31984.184
31992.301
31957.65
32282.699
32085.982
31898.1
31539.584
31467.699
31731.518
31274.834
31595.25
31428.967
31752.65
31717.434
31821.117
31984.768
32151.982
31751.367
31897.916
32274.967
32031.65
31457.434
31814.982
32180.9
31993.85
31645.699
31927.449
32159.232
31551.982
31947.768
31249.584
31601.166
31199.85
30991.367
31115.584
30948.967
31060.65
30775.633
30355.449
31003.967
31072.982
30705.566
30736.584
30904.1
30675.783
31028.9
30490.85
30685.367
30746.584
30927.768
30901.518
31026.232
30786.65
30939.166
31047.449
31309.1
30838.584
30400.166
30391.783
30690.768
30829.383
30526.1
30750.518
30464.9
30753.982
30458.367
30511.584
30513.232
30453.65
29973.367
29780.85
30389.768
30172.316
29685.434
29576.717
30043.699
29604.051
29620.301
29735.916
30008.301
29714.584
28661.967
29449.783
29925.967
29536.982
29444.699
29047.316
29335.967
29411.383
29703.5
29647.65
29506.5
29135.65
29247.301
29222.449
28551.5
28368.051
27738.633
28059.316
27537.434
28029.85
27583.633
27703.383
29114.166
28833.518
28806.768
29506.383
29290.768
29351.85
28870.301
28611.783
28463.9
28460.518
28220.566
28235.783
28311.633
28348.982
27969.699
28255.383
28884.434
28355.383
27806.232
28151.982
28442.301
28570.051
28218.033
28346.117
28452.232
28088.449
27708.232
27347.117
27725.768
27282.85
27125.5
26757.717
26704.033
26737.584
26005.232
25493.184
25253.1
23703.316
22822.434
21949.717
22033.633
22048.449
22173.699
22438.584
23350.5
24337.117
24927.434
25105.65
25276.232
25978.25
26452.033
26456.25
26041.1
26551.449
26473.967
26581.783
26586.5
26177.85
25785.834
25693.65
26117.301
25961.383
25599.301
26291.65
26159.1
26421.584
26511.967
26366.783
26502.699
26457.717
26213.166
26295.85
26432.301
26649.982
26188.768
26187.518
26575.367
26688.184
26576.699
26658.184
26785.699
26762.982
26658.232
26108.184
26590.768
26517.982
26148.033
25985.383
26178.834
26359.584
26145.566
25711.65
25949.434
26307.717
25661.232
26364.316
26508.768
26443.25
26911.834
26579.85
26713.768
26680.316
26438.9
26624.316
26521.367
26438.316
26079.232
26155.383
26158.699
26235.051
26137.434
26221.449
26431.967
26489.717
26162.9
25901.584
26238.232
26071.717
26251.434
25849.584
26323.633
26214.518
26395.367
26415.982
26451.166
26424.518
25905.434
25598.316
26175.699
26043.117
26199.5
25814.783
25709.633
25757.584
25646.699
26057.783
25756.166
25771.051
25154.633
25219.051
25269.9
25585.25
24652.301
24972.184
25116.1
25141.65
24854.633
24729.449
25157.768
25129.85
24879.232
25044.449
25093.699
25314.783
24591.5
24803.449
25297.834
25350.051
24945.5
24827.518
24914.9
25103.783
24755.566
24676.916
24872.033
24763.25
24180.768
24441.982
24471.1
24323.916
24258.033
24423.584
24092.301
24858.783
24177.301
24045.117
24173.633
24194.117
24075.5
23487.184
24025.434
24043.449
23733.633
23490.518
23961.033
23813.982
23722.9
23136.584
23730.301
23680.982
23592.699
23640.783
23224.967
23516.783
23354.1
22886.65
23146.834
22993.117
23019.166
22456.717
22900.367
22841.916
22150.434
21770.518
22541.301
22355.584
22146.367
22032.85
22291.434
22189.316
21788.834
21706.518
22410.967
22109.518
21899.9
21764.518
22210.232
21797.584
21602.699
21496.25
22104.232
21909.051
21649.367
21562.383
21761.9
21393.184
21011.301
20682.449
21142.566
21291.449
21218.434
21470.316
21609.768
21470.717
20870.033
21522.316
21313.566
21217.518
21191.9
21111.051
20990.9
21150.449
20523.1
20366.717
19412.434
18464.85
17490.9
16546.25
15953.7
15651.05
15592.9
15694.65
16770.768
17497.316
17840.301
18427.85
18815.9
18913.051
19015.033
18892.184
18986.834
18407.85
18352.768
17616.85
18681.434
18663.518
18475.166
18451.316
18831.834
19152.051
19347.967
19092.316
19535.367
19820.916
19430.699
19587.383
19966.166
19973.916
20020.699
20163.449
20328.9
20288.982
20117.834
19765.717
20693.9
20475.25
20464.633
20069.25
20747.633
20891.783
20675.768
20889.449
20864.566
20430.584
20635.232
20287.25
20830.5
20790.184
20648.301
20541.051
20610.301
20863.051
20439.834
21014.982
20949.033
20988.383
20951.5
20573.051
21283.5
21268.383
20861.232
21029.051
21770.9
21450.051
21222.367
21775.982
21947.633
21603.717
21312.1
21418.449
21037.5
21230.65
20742.301
20872.051
21201.367
21077.717
21093.834
21594.783
21185.434
21379.982
20715.566
20541.982
21491.033
21288.916
21110.699
21275.982
21074.768
21176.717
21250.566
20928.117
20969.768
20991.051
20916.967
20894.584
21030.367
20678.051
20779.5
20641.85
20995.367
20777.518
20881.633
20809.584
21232.566
20817.184
20883.434
20762.518
21066.232
21329.184
21343.033
21221.051
21150.033
21008.25
20924.434
21167.25
21275.301
21409.584
21407.768
21019.85
21689.566
21527.184
21439.5
20944.584
21489.434
21375.65
21154.166
21069.982
21138.301
21281.916
21417.9
21263.717
21362.434
21099.518
21176.699
21423.184
21079.434
21263.916
21088.033
20950.916
21044.9
21234.982
20936.566
20877.518
20983.967
21254.117
20223.768
21040.316
21068.367
20937.25
20230.1
20650.717
20939.967
21077.184
20882.232
20975.717
20898.232
21056.982
20749.768
20615.65
21033.566
20744.184
20862.434
20490.65
20691.434
20780.518
20428.633
20346.584
20681.633
20206.184
20233.9
20058.85
20417.301
20267.717
19919.301
20213.184
20183.9
19943.584
20102.9
20229.518
20036.301
19971.982
19748.1
19792.184
20068.633
19742.85
19890.834
19509.449
19575.5
19615.982
19495.5
19575.051
19443.5
19347.518
19284.5
19235.25
19452.9
19433.982
19336.232
18343.449
18670.967
18564.184
18355.633
17729.117
17598.699
17651.584
17203.166
16608.916
17122.633
16904.518
16062.967
16472.517
16358.833
15918.384
16086.9
15507.983
15624.566
15433.116
15116.967
15245.517
15536.967
15356.05
15582.9
14306.85
15074.767
15162.45
14698.967
14976.65
15220.566
15312.717
15050.3
15513.384
15765.1
15812.583
16061.233
16478.917
16454.1
16281.917
16388.634
16181.25
16114.833
16320.85
16248.3
15720.583
16134.967
15973.65
15602.634
14997.05
15302.167
15111.116
14775.967
14671.05
14483.767
14576.917
14409.634
14280.316
14698.033
14666.316
14538.167
14485.25
14650.566
14487.583
14404.566
14288.184
14728.9
14578.316
14214.634
14660.25
15040.7
14830.184
14523.167
14659.384
14642.634
14709.116
14636.233
14514.316
14566.434
14273.45
13704.033
14278.917
14129.634
14259.116
14432.033
13981.917
14471.167
14316.783
13544.167
13864.517
14062.366
13890.25
13942.434
14286.45
14355.767
14350.783
14570.1
14475.583
14638.634
14426.583
14364.033
14064.116
14298.434
14407.85
14109.833
14168.65
14397.366
14348.783
14082.233
14544.384
14634.566
14768.184
14339.566
14554.25
14704.833
14672.384
14864.566
14155.184
14668.233
14513.316
14748.3
14358.05
15026.767
14775.45
14921.767
14536.717
15079.3
14980.65
14674.5
14455.917
14658.566
14445.65
14320.967
14558.45
14473.1
14330.45
14027.9
13978.384
14233.167
14386.783
14237.1
14378.45
14330.167
14189.116
13986.1
14228.85
14285.967
14138.783
14439.566
13842.316
14137.833
14420.116
14360.833
14051.384
14098.5
13630.717
13335.9
13757.783
13643.634
13728.717
12899.7
13461.184
13757.7
13631.384
13351.033
13687.116
13930.434
13493.717
13616.967
13474.583
13711.033
13322.783
13064.767
13030.783
13372.767
13287.316
12865.767
13153.116
13141.366
13260.184
13094.767
13192.85
13268.7
13077.65
12904.7
13135.583
13260.833
13201.517
13051.233
13408.783
13101.967
13215.05
13145.566
12941.983
13099.5
13069.517
12897.5
12765.983
12815.634
12877.583
12581.967
12445.583
12958.434
12956.517
12674.3
12734.85
12939.233
12945.517
12550.167
12572.384
12765.434
12568.85
12332.3
12732.583
12678.3
12478.917
12719.634
12486.316
12538.366
12510.05
12167.5
11825.184
12538.967
12178.983
12398.566
12223.917
12289.967
12127.517
12072.3
11874.45
12223.767
12072.116
11985.634
11716.85
11996.566
12058.116
11820.7
11811.983
12076.3
12066.917
11543.767
11700.25
11970.366
11933.983
11233.434
11402.384
11808.566
11809.65
11689.9
11368.85
11882.233
11783.316
11700.366
11437.783
11585.5
11417.316
11293.7
11445.316
11611.7
11387.917
11208.967
11282.85
11725.7
11730.45
11495.233
11208.517
11286.767
11445.783
11263.967
11096.717
11389.7
11324.717
11275.7
10951.583
11121.634
11242.384
11196.9
10997.517
11196.1
11006.116
11442.767
10711.917
11154.833
11071.717
10857.366
10404.717
11132.767
11072.05
11075.167
10775.917
10854.767
10707.05
10809.833
10931.65
11200.634
10395.25
10696.7
10483.116
10691.5
10009.517
9433.9
8650.983
8227.7
7198.917
6156.3
5353.517
4533.567
3642.517
3169.567
2435.383
2734.967
2590.05
2312.7
2540.717
3494.633
3778.05
3878.7
5005.25
5670.3
6055.05
6435.233
5801.117
6557.567
6109.45
5865.233
5420.65
5138.167
5212.517
4873.7
4654.783
5062.633
5124.317
5143.7
4966.717
5737.567
5532.65
5643.5
6285.783
6365.9
6666.983
6392.833
6941.983
7124.967
7181.85
7249.1
7544.117
7865.9
7960.583
7520.167
7828.05
8422.167000000001
8463.783
8079.366
8644.116
8927.7
9080.517
9044.5
9084.05
9594.167
9583.717
8988.7
9136.983
9841.434
9961.85
9763.233
9522.316
10025.767
9877.45
9679.967
9701.517
10196.7
9981.65
9108.833
9970.583
10124.967
10238.783
9921.3
9709.184
10192.5
10155.184
9944.033
9874.316
10010.366
10135.85
9692.5
9536.184
10477.033
10026.85
9833.9
9869.184
10198.5
10090.65
9961.967
9932.384
10136.167
10118.65
9946.5
9910.917
10204.167
10160.717
10033.767
9936.116
10216.5
10158.717
9624.9
9797.783
10141.434
10035.316
9655.3
9597.116
9966.233
9867.184
9906.9
9650.116
9940.833
10065.983
9775.366
9271.783
10070.366
9974.05
9964.033
9793.184
10270.366
10008.85
9838.1
9620.316
10091.7
9847.25
9403.3
9270.517
9925.167
9842.45
9819.167
9264.717
9956.767
9809.184
9669.5
9776.517
9955.9
9927.116
9726.3
9658.116
10157.634
9960.65
9112.366
9449.85
10044.366
9800.65
9788.833
9636.384
10057.3
9912.85
9472.233
9269.45
9835.7
9689.25
9657.833
9535.583
9858.233
9806.184
9676.566
9192.85
9897.833
9829.85
9485.434
9152.917
9723.167
9877.316
9543.833
9463.717
9806.9
9421.05
9412.033
9528.45
9513.767
9450.983
9314.634
9114.983
9696.767
9536.783
9179.5
9079.983
9536.1
9649.583
8989.434
9066.517
9532.7
9452.583
9477.434
9237.05
9459.833
9352.917
9322.1
8997.65
9647.1
9395.983
9096.634
9087.983
9429.9
9370.717
9178.833
8663.184
9303.434
9262.583
9135.7
8616.184
9402.167
9182.983
8691.366
9117.783
9189.566
9113.45
8678.967
8796.184
8944.434
9064.583
8791.167
8780.116
9059.5
8819.45
8809.9
8574.25
8895.3
8921.783
8443.1
8381.316
8873.3
8872.65
8533.434
8493.05
8541.7
8731.917
8262.967
8437.184
8456.1
8542.85
8365.033
8139.717000000001
8681.7
8540.183
8159.5
7808.85
8388.967
8544.917000000001
8372.367
8047.25
8375.033
8341.383
7653.767
8074.783
8487.5
8111.25
7960.633
8014.917
8261.633
8267.25
7926.9
7782.117
8175.967
8282.917000000001
8100.1
7990.05
8310.1
8092.383
7807.7
7575.25
8187.233
7993.183
8254.832999999999
7716.717
8200.832999999999
8168.917
7649.367
7699.183
8191.567
8005.85
7810.367
7866.25
8182.433
8058.583
7652.1
7605.05
8212.433
7925.25
7805.567
7845.85
8075.633
7925.317
7458.767
7379.05
7719.633
7674.45
7160.233
7294.517
7777.833
7602.717
7763.5
7445.517
7800.767
7640.85
7864.767
7473.117
7689.833
7593.383
7263.233
7257.517
7679.1
7576.183
7090.767
6540.383
7497.1
7527.983
7084.7
7271.65
7523.167
7301.05
7131.1
7117.183
7453.433
7271.983
7067.767
6729.983
7319.7
7338.25
6612.5
6822.517
7344.033
7139.383
6892.3
6666.917
7260.433
7237.25
7167.5
6741.65
7317.967
7227.583
7180.9
7051.85
7252.7
7116.783
5855.833
6369.583
7133.633
7231.717
6823.167
6557.917
7070.9
7200.383
6532.7
6523.383
6971.1
6921.717
6448.033
6492.183
6980.767
6935.45
6273.1
6278.85
6825.433
6787.183
6490.033
6519.85
6735.167
6652.717
6244.567
6645.983
6713.033
6748.517
6215.633
6436.45
6841.433
6599.783
6135.9
6039.783
6637.5
6648.183
6504.1
5940.45
6717.633
6587.317
5896.5
6039.517
