257.817
59.349999999999994
-146.25
138.28300000000002
428.217
120.217
186.883
230.21699999999998
223.083
243.15
108.55
-183.65
190.017
199.883
12.950000000000003
-41.983000000000004
333.41700000000003
-13.117000000000004
42.95
355.817
416.55
176.35
446.75
140.35
272.95
193.21699999999998
211.817
-134.11700000000002
176.683
193.683
308.283
4.417000000000002
274.08299999999997
190.21699999999998
223.55
11.883000000000003
541.617
462.683
87.617
-77.85
235.75
114.683
-20.917
167.55
187.683
217.95
133.15
216.417
205.35
224.55
-51.917
25.283
602.817
262.683
-31.25
-278.517
410.75
423.95
18.150000000000006
30.217
363.883
423.017
364.217
216.817
399.617
361.08299999999997
142.083
307.35
386.08299999999997
384.017
316.283
-160.78300000000002
424.75
264.95
21.016999999999996
72.617
362.883
170.75
124.81700000000001
59.75
283.95
483.08299999999997
186.883
48.95
233.75
333.617
20.950000000000003
-3.183000000000007
228.417
195.75
479.883
-21.583
162.55
205.75
327.883
-77.25
179.883
236.883
180.95
75.95
397.35
343.75
-245.71699999999998
13.617000000000004
391.95
287.75
207.483
189.15
444.883
279.15
-6.183000000000007
259.35
86.083
300.017
239.55
259.883
394.283
268.017
535.417
-232.05
312.08299999999997
355.08299999999997
91.883
348.41700000000003
373.817
435.283
235.883
92.617
331.283
232.95
-82.383
94.417
317.683
296.41700000000003
104.217
-10.049999999999997
399.41700000000003
431.883
47.016999999999996
-254.25
336.08299999999997
306.683
65.61699999999999
115.15
262.883
404.817
320.683
26.683000000000007
281.683
325.75
-289.91700000000003
-154.45
293.817
192.417
152.817
-20.783
311.15
247.617
39.217
201.417
391.08299999999997
280.483
234.35
-121.45
440.683
397.15
413.617
143.35
468.35
265.75
143.75
332.283
390.41700000000003
62.617000000000004
358.95
-182.45
111.55
211.483
-9.650000000000006
346.75
573.15
412.883
141.35
-101.717
486.017
137.95
437.283
12.216999999999999
376.35
349.017
303.617
371.017
502.35
331.217
411.483
290.75
318.95
210.15
365.08299999999997
-364.183
369.08299999999997
337.217
156.35
120.15
121.88300000000001
302.817
458.617
153.083
225.55
288.283
93.417
-214.78300000000002
258.217
368.883
452.283
164.883
376.75
290.283
28.35
-325.85
424.35
224.417
-77.583
7.417000000000002
242.95
178.61700000000002
-1011.983
-103.517
106.883
249.817
235.55
-77.183
551.083
382.883
241.483
59.150000000000006
246.817
202.417
-127.45
414.35
497.883
256.883
-205.65
16.883000000000003
294.55
303.017
-123.917
336.683
363.683
245.15
381.617
329.15
310.217
394.883
228.15
171.617
357.35
238.55
393.41700000000003
12.549999999999997
385.483
417.283
324.35
-79.583
206.483
303.017
62.883
-303.717
353.017
321.217
239.483
-132.317
323.35
325.617
201.817
64.75
338.41700000000003
343.283
-173.85
185.683
317.017
55.083
-157.25
151.683
247.883
189.683
301.41700000000003
150.883
245.21699999999998
506.41700000000003
84.083
154.483
363.817
510.617
367.817
147.28300000000002
208.35
263.483
80.88300000000001
478.41700000000003
343.35
182.617
-184.25
84.35
192.817
266.217
239.55
-29.717
514.683
538.217
9.482999999999997
264.483
346.617
334.55
206.617
85.15
319.55
367.15
58.150000000000006
95.283
263.817
300.95
148.083
277.217
449.55
410.15
371.95
64.417
526.217
135.15
337.883
-183.78300000000002
322.75
135.88299999999998
-134.65
237.017
290.217
154.017
498.217
344.41700000000003
327.483
202.017
581.35
25.417
327.15
234.88299999999998
-92.383
210.55
573.55
347.883
479.217
-106.317
380.41700000000003
291.08299999999997
310.883
112.883
255.017
432.017
-137.78300000000002
135.28300000000002
507.217
237.55
39.75
80.483
260.75
264.15
421.08299999999997
93.15
563.283
457.283
599.95
341.817
599.95
402.017
108.483
201.083
257.15
452.08299999999997
619.55
45.349999999999994
555.083
436.883
384.283
523.817
457.15
351.15
192.75
479.217
318.41700000000003
592.483
-55.78299999999999
105.75
386.75
359.817
382.55
215.483
698.15
379.88300000000004
534.417
356.15
503.08299999999997
467.217
490.683
111.55000000000001
815.483
287.95
392.35
328.61699999999996
671.817
340.217
511.683
390.15
378.55
620.217
534.417
406.55
355.41700000000003
620.817
379.95
209.083
710.283
504.017
389.35
331.88300000000004
322.88300000000004
417.95
537.283
406.683
619.15
512.817
297.35
235.21699999999998
376.35
471.283
360.083
247.35000000000002
594.35
179.08300000000003
450.283
186.75
391.683
284.617
467.083
542.15
417.75
164.08300000000003
487.083
671.35
162.35000000000002
590.0830000000001
439.55
479.15
493.683
453.883
288.35
627.817
812.95
320.283
340.017
909.217
538.617
756.75
120.41699999999997
309.35
754.0830000000001
563.683
678.75
741.283
269.95
226.41699999999997
344.283
315.083
862.817
672.0830000000001
155.817
616.35
511.017
737.0830000000001
765.95
591.217
518.0830000000001
864.55
143.41699999999997
410.35
523.883
673.883
982.35
909.417
821.483
741.683
542.35
632.683
658.617
579.15
226.35000000000002
439.08299999999997
801.15
626.083
888.75
438.54999999999995
934.417
827.95
926.617
743.417
886.483
810.017
398.95000000000005
859.817
732.683
644.417
563.883
712.417
712.683
819.217
722.817
494.88300000000004
823.017
578.75
533.95
409.01700000000005
878.683
761.55
691.217
749.55
864.883
620.417
636.35
542.95
815.95
860.083
759.083
513.883
1012.083
741.083
772.15
751.217
891.15
766.817
254.61699999999996
666.283
734.75
778.817
810.283
981.617
1102.55
890.817
910.55
892.017
1018.15
1067.283
891.75
951.95
939.483
910.617
1091.35
937.483
1326.15
829.483
417.88300000000004
699.683
917.95
1185.817
901.217
979.217
1329.083
1118.883
1018.483
946.817
1173.217
1198.75
1241.95
943.683
1323.883
1002.217
919.883
872.35
958.55
902.217
1231.817
585.817
968.55
1055.017
1256.283
859.95
1153.55
1016.817
1228.617
1069.817
1140.017
1212.417
1191.083
1103.35
1402.017
948.683
1459.083
1206.817
1273.75
1194.017
1089.083
1301.083
1527.417
922.35
1015.283
1294.617
1523.15
1260.617
1361.617
1112.883
1180.817
1073.883
1165.483
1247.483
1183.483
1446.95
1690.35
942.683
1516.017
1482.35
1378.55
1317.817
1399.15
1264.617
1228.55
1520.95
1476.55
1262.95
1083.883
1210.483
1167.95
1129.15
1464.083
1321.483
1422.483
1601.817
1390.683
1504.417
1717.95
1421.95
1736.217
1565.75
1896.617
1636.817
1486.217
1729.15
1731.35
1654.283
1462.683
1625.483
1466.083
1541.683
1430.483
1644.883
1647.95
1471.617
1197.55
1473.217
1419.883
1431.883
1249.75
1198.417
1455.35
1227.883
1211.55
942.883
1601.217
1173.283
1461.683
1416.417
1527.083
1926.417
1635.617
1844.15
1650.35
1814.15
1970.083
1612.217
1824.95
1803.35
1602.083
1535.817
1836.95
1667.35
1923.017
1503.283
1768.217
1790.617
1746.483
1861.55
1798.15
1796.683
1933.683
1858.683
1947.083
1948.55
1843.017
1606.817
1914.95
1937.15
1757.75
1985.883
2101.617
1940.083
1865.217
1579.017
2079.217
1916.417
2175.483
2381.617
2395.15
2693.95
2669.417
2504.55
2463.017
2391.483
2509.017
2114.017
2685.95
2381.617
2528.95
2443.017
2716.35
2228.683
2395.883
2568.417
2463.083
2496.55
2277.283
1963.4830000000002
2541.883
2605.75
2481.95
2575.483
2716.483
2654.15
2535.883
2340.283
2734.283
2701.883
2222.217
2493.217
2459.35
2633.083
2445.083
2635.483
2808.217
2606.35
2526.95
2021.6170000000002
2368.083
2472.283
2552.683
2229.883
2629.15
2325.683
2426.817
2284.483
2283.217
2210.217
2113.817
2200.883
2194.95
2285.683
2097.95
2238.483
2041.683
2183.483
2249.75
2253.55
2511.683
2632.75
2669.283
2847.417
2696.95
2798.217
2398.283
2872.683
2633.95
2584.017
3093.883
2685.483
3352.683
3295.617
3154.017
3280.15
3870.683
3340.15
3512.883
3013.75
3251.283
3212.617
2949.15
2742.15
2863.417
2750.817
2542.883
2626.283
3070.15
2660.683
2888.683
2849.017
3287.883
3216.083
3436.683
3208.217
3126.883
2985.417
2766.017
2681.083
2861.617
2497.95
2421.683
2334.217
2437.483
2401.017
1847.017
2217.883
2244.617
1909.95
1601.75
2329.817
2282.817
2359.083
2570.283
2201.283
2976.083
3082.35
3157.683
2985.217
3091.617
2914.083
2622.35
2777.417
2718.75
2905.083
2842.217
2637.483
3185.883
2860.217
2988.017
2897.083
3087.75
3017.483
2966.55
2435.017
3024.683
2838.55
3038.55
3009.55
2894.083
2946.483
2908.55
2856.817
3480.017
3460.617
3391.95
3550.617
3696.883
3776.817
3796.083
3626.75
3931.417
3667.217
4009.75
3562.417
4026.35
4333.683
3687.95
3931.217
4095.95
3906.417
3956.017
3305.483
3328.417
2874.283
2797.883
2068.483
2081.35
1698.55
1591.217
1579.15
2058.55
2232.617
2451.817
2824.75
3020.017
3058.283
3289.95
3614.95
3873.083
4104.0830000000005
3987.15
3989.35
4201.483
3693.283
3665.483
3510.283
3257.817
2673.283
2537.883
2322.617
2316.95
2616.883
2681.55
3062.55
3649.417
3747.417
3881.55
4514.883
4728.683
4713.083
5012.417
4709.55
5366.75
5341.217
5790.95
5384.483
5384.283
5755.417
5510.017
5580.617
5709.217
5512.35
5752.817
5598.417
6187.617
5919.817
6097.217
5793.75
6271.617
6068.15
5949.55
5920.683
6458.483
6247.817
6235.883
6059.017
6215.817
5790.683
5886.483
6055.083
6132.083
6480.683
6266.35
6319.683
6354.95
6152.617
5883.95
5684.417
5927.55
6121.683
6324.217
6203.883
6139.95
6156.75
6182.483
5999.683
6054.55
6005.683
5878.75
5886.217
6349.283
6146.15
6218.417
5978.083
6139.883
6302.95
6145.083
6500.617
6505.283
6513.95
6558.35
6666.883
6685.75
6997.417
7177.15
6992.483
6927.483
6937.017
6448.217
5999.15
6260.217
6185.55
6173.683
6080.283
6263.95
6462.75
6487.95
6953.617
6951.883
7388.883
7295.617
7337.817
7360.883
7680.883
7092.483
7178.217
7647.283
7191.283
7287.817
7449.017
7451.483
7302.417
7815.283
7253.283
7620.55
7540.883
7429.95
7214.283
7501.417
7368.283
7442.483
6937.483
7470.283
7355.817
7243.817
6898.017
7371.417
7590.817
7757.017
7381.217
7659.35
7720.617
7589.95
7600.483
7544.883
6751.55
7209.683
7200.35
7334.683
6881.017
7412.417
7194.683
7369.083
7100.817
7071.35
7348.75
7487.083
7393.817
7473.55
7219.883
7099.017
7089.15
6578.817
6807.283
7460.017
7101.55
7256.483
7488.817
7805.483
7837.75
8049.95
7709.683
7887.417
7942.283
7910.15
7598.15
7550.35
7030.35
7269.417
6615.15
7199.95
7374.817
7045.683
6992.483
7703.817
7676.417
7202.817
7268.417
7866.283
8047.683
7826.55
7670.217
7759.083
7799.683
7673.283
7573.617
7752.483
7638.15
7859.55
8113.483
7777.75
7992.75
8215.35
7459.95
7766.417
7629.95
7272.883
7597.75
6967.083
7254.55
7181.483
7948.55
7973.95
7791.817
7735.483
7391.55
7728.083
7608.617
7974.883
7621.883
7479.617
7004.75
7019.35
6795.083
6509.35
6417.283
6024.283
5978.817
5957.35
5931.617
6305.15
6577.617
7292.55
7710.483
8450.283
8532.083
9346.35
8608.417
8317.75
8612.15
8546.35
8472.217
9052.884
9034.083
9271.884
9128.217
9136.95
8522.15
8279.55
7987.483
8276.35
8104.217
9149.884
8657.616
9240.816
9217.884
9450.35
9472.684
9169.684
9833.217
9812.884
10321.15
10241.35
10320.35
10508.35
10778.217
9998.75
10199.616
9771.75
9889.55
9917.15
10198.15
9883.95
9691.15
9313.816
9245.417
9459.816
9256.017
8484.55
9236.483
9104.684
9657.816
9845.684
9835.816
10598.483
10257.684
10031.217
10245.616
10282.083
10054.95
9983.616
10021.483
10504.417
10836.217
10881.616
10528.684
10690.483
11911.35
10990.417
10992.816
11214.083
10684.083
11115.35
11116.95
11665.684
11257.75
10780.684
11112.217
11291.684
11161.55
10742.884
10629.15
11584.884
11950.75
11598.083
11126.35
11442.75
11223.75
11088.217
10438.017
11262.417
11148.217
10818.75
10282.75
10777.417
11033.75
10959.417
10628.15
11464.283
11494.55
11197.15
11560.283
11717.017
12234.684
11754.75
11588.55
12121.95
11720.816
11912.35
11262.017
11609.75
12186.75
11710.283
11855.55
11895.15
11603.684
11787.217
12057.15
12602.884
12311.684
12315.217
12387.483
12372.217
12701.55
13055.55
12726.283
12684.017
12340.083
12361.816
11936.55
12398.55
12016.684
12381.75
11752.017
11519.017
11745.816
11596.816
11362.017
11956.483
11499.017
11540.884
11583.616
11615.217
11704.816
11481.816
12019.75
12500.884
12704.684
12058.684
12029.884
12161.816
11664.816
12310.884
11948.816
12525.75
12527.217
12759.35
12775.217
12973.55
13125.684
12698.616
12214.083
13555.75
13090.75
13056.283
13209.884
13504.35
12540.95
13042.083
12472.816
13294.417
13138.017
12580.217
12925.15
13384.217
13063.95
13248.417
13874.75
13529.017
12987.083
12925.483
12681.283
12636.15
13038.417
13495.684
13550.417
14065.884
14105.75
14414.417
14064.483
14121.884
14406.35
14225.217
14115.283
14272.417
14307.15
14549.684
14286.483
14900.816
14725.417
14830.217
15168.483
15050.283
15021.75
14611.483
14763.616
14995.483
14650.616
14484.55
14419.55
14929.15
14717.15
15514.684
14900.483
14618.15
15008.217
15110.35
15660.884
15698.884
15759.75
15250.35
15518.417
15190.417
15357.884
15096.684
15317.417
15639.083
16990.816
15826.884
16435.616
16662.616
16812.883
16233.283
17445.75
16983.883
17256.15
17783.949
18338.75
17326.883
17861.416
17394.283
17649.617
18968.018
17789.617
17830.75
17134.217
17228.816
17262.283
17835.15
17713.816
18091.75
18690.416
18180.084
18882.949
19406.018
19889.883
19939.416
20045.883
20693.283
21304.416
20743.75
19659.084
20423.617
20460.283
19953.018
20295.15
20905.684
20868.084
20717.217
21159.684
21655.75
21085.617
22301.35
22767.883
22454.883
21978.15
22900.35
22730.949
22752.018
22547.217
22837.35
22871.551
22731.617
22828.816
22398.482
22673.617
23458.35
24009.75
24365.75
24514.15
25744.15
25941.551
25411.551
26050.217
26081.816
25808.684
25868.883
24985.084
25902.217
25235.283
25099.084
26508.15
26995.551
27277.816
27353.75
27473.217
28139.084
27392.15
27650.684
27122.551
27403.084
27557.949
27082.816
27739.416
28354.684
28655.283
28782.949
28920.482
29269.75
29300.084
28839.416
29076.949
28912.551
29054.15
28444.551
28981.816
29120.684
29180.482
29537.018
29079.551
29100.35
29225.018
29330.883
29304.617
29449.283
29739.35
29432.684
29569.15
29832.949
29682.482
28735.416
28319.482
26937.416
25835.551
25052.684
24749.084
24681.816
25090.883
25031.617
26173.75
27521.684
27899.217
28476.617
28555.283
28777.75
29553.75
30459.018
30041.416
30724.35
30726.283
30483.816
29743.283
29627.551
29800.816
30300.617
30491.35
30894.35
31423.15
32156.018
32621.416
32766.416
32765.75
32081.617
32042.684
31635.35
31856.018
31948.684
31845.816
31920.283
31382.949
31059.75
30812.75
30370.684
30421.75
30771.283
30534.816
31814.15
31855.15
32174.15
32746.416
33016.949
32248.816
32475.816
32072.617
32153.883
32384.551
32779.617
33172.418
34039.016
33876.148
34354.75
33957.148
33964.551
33558.551
32921.883
33176.352
33040.148
33255.148
33028.551
33281.484
33769.418
34066.418
33514.883
33688.883
34660.816
34119.082
34473.352
33773.816
34386.617
33908.816
33119.816
32677.416
32391.816
32277.816
32524.949
32736.75
33158.551
34158.082
33789.352
34608.75
34128.684
34116.617
33933.551
33589.75
33342.617
32973.949
32329.35
32470.883
32533.617
32327.949
32566.283
32497.883
32246.217
32424.35
32275.617
32340.217
32814.816
33184.949
33121.016
33528.418
34233.75
34315.418
34224.684
34542.617
34276.484
34176.883
33524.816
33112.617
32710.617
33006.016
33408.883
33184.352
33974.082
34256.215
34860.816
35085.215
35021.883
34929.883
35637.816
35897.551
36429.883
36444.148
36216.215
36047.285
35820.148
35819.352
35246.285
35038.684
35113.285
35162.082
34799.215
34805.816
34016.016
34530.215
34175.551
34578.684
34519.684
35310.816
35779.285
36303.215
36626.551
36933.551
36042.883
36219.684
35766.883
35798.082
36111.684
35832.816
35888.016
35494.75
35821.418
36180.352
36192.484
36366.551
36366.684
36828.816
37259.148
37916.949
37246.352
37157.082
36541.883
36598.352
35880.551
35908.816
35870.949
35603.949
36190.75
36264.148
34512.949
35732.418
35658.148
35345.883
35569.949
35297.082
35238.551
35417.949
35954.949
36225.883
36263.285
36110.484
36319.285
36904.352
37007.551
37275.215
37041.285
36580.082
35407.352
34042.484
33339.816
32035.617
30622.15
30147.684
30811.883
31668.551
33755.484
34281.016
33713.082
33817.285
34050.352
33470.016
33946.484
33417.551
32994.551
33798.285
34861.617
35690.75
35637.082
35991.816
36217.352
36545.883
37343.016
36859.016
36822.215
36886.684
36105.016
36596.148
36975.082
37048.949
36826.215
37618.148
37961.418
37989.285
38008.816
37354.484
37322.418
36953.082
37261.883
36905.484
36324.551
36146.75
35701.949
36538.883
37280.215
37928.082
37655.617
38210.215
39083.617
39401.816
38814.215
38437.215
38863.082
38250.352
38153.684
37568.418
38244.082
38737.148
38186.352
38009.883
37728.75
36742.551
36188.016
34787.617
33800.484
33389.082
33513.285
33839.816
34305.949
35343.016
35554.082
36682.816
37028.484
37023.883
37629.352
37730.352
38183.684
38376.484
38425.016
38892.285
39704.418
39098.016
38786.016
38024.75
37900.883
37804.551
37658.883
37665.684
37707.148
38352.285
39298.617
39287.883
39312.617
39308.551
39205.949
38918.949
38955.617
39013.418
37949.418
37445.949
37076.816
36550.75
35841.617
35391.082
35714.484
36003.75
36411.352
36743.484
37393.551
37433.816
37188.816
37141.617
37295.082
36988.082
36668.285
36792.215
37167.285
37706.617
37783.617
37795.215
38270.816
38828.352
38671.418
38798.484
38580.148
38439.75
37859.949
37166.285
36962.684
36135.352
35178.816
36356.949
36279.148
36577.016
36730.75
37254.684
37433.484
37749.684
37288.551
37290.352
37712.352
37241.148
37142.418
36941.949
36925.617
36600.484
35982.148
35583.285
35696.75
35808.551
35327.484
34687.75
34999.418
34853.215
34628.352
34599.215
34870.949
35045.617
35265.148
35717.148
35881.285
36325.215
36038.551
35921.551
36374.883
36281.352
35235.285
35918.949
35555.816
35597.082
35718.484
35190.816
35293.75
36005.082
36208.883
36509.75
36443.082
36534.949
36555.949
36280.285
36704.75
36254.617
35812.352
35683.148
36030.016
36386.883
36593.883
35836.883
36043.352
35900.418
35493.148
35774.816
35973.215
35804.551
35612.484
35836.285
35625.148
35862.484
35226.285
35047.016
35010.883
34951.215
35137.883
34711.148
35525.215
35745.551
36230.551
35565.352
35738.949
35828.484
36080.684
35916.285
35754.016
35928.082
35914.082
35675.617
35742.148
35773.949
35423.082
35022.551
35388.016
35497.75
35691.148
35595.484
35768.75
35804.418
35596.816
35998.551
36041.215
36303.617
35492.883
35122.016
35423.617
34927.551
34955.816
34765.484
35270.148
35731.684
35501.016
35372.883
35711.285
35664.75
35938.949
35750.75
35899.148
36188.949
35973.816
35928.285
36121.949
36117.75
36056.551
35880.484
35278.148
35517.484
34694.148
35001.215
35144.484
35016.285
34742.016
34859.75
34842.684
34719.484
34723.418
35093.816
34781.215
35280.285
35095.285
35082.617
34654.215
34255.285
33916.016
34094.75
33748.352
33717.75
33389.215
33975.082
34136.148
34204.816
34073.082
33673.684
34699.418
34892.148
35132.816
35163.816
35676.816
35877.418
35260.816
35124.352
34942.684
34931.215
34151.082
34335.484
34567.418
34508.484
34795.418
34762.148
35149.816
35068.617
35195.215
34984.016
35247.082
34930.418
34711.816
34201.75
34830.617
34929.285
34115.418
34872.883
34608.016
34867.551
35088.285
34596.285
34893.215
34525.285
33784.418
33386.551
33880.617
33630.883
33311.551
33687.148
33761.418
34617.684
34363.816
34948.949
35203.285
34876.617
34798.418
35061.551
35413.949
34924.75
34452.418
34198.684
34186.883
33689.215
33486.285
33409.684
33986.484
34025.484
33988.551
33831.617
34541.484
34525.551
34194.016
33926.215
33983.484
33645.883
33065.215
32658.417999999998
32845.949
32802.35
32464.551
32772.684
33024.217000000004
33551.285
33716.684
33726.949
34037.484
34230.016
34519.148
34447.215
34605.816
34410.285
34276.816
34769.215
34238.684
34648.684
34335.816
33917.684
34522.75
34355.082
34553.684
34121.949
34040.148
34014.215
33984.949
33454.75
33668.816
33437.617
33273.352
33465.484
33221.285
32972.082
33002.416
32842.484
33617.816
33841.75
33113.551
33232.148
33790.617
33674.75
33579.551
34028.484
33631.352
33358.484
33271.285
32595.617
33072.684
32371.018
32556.684
32403.551
32403.018
32953.883
32704.617
32956.418
32931.018
32835.215
33265.617
33151.148
33468.285
33384.418
32986.016
32983.082
33242.148
33358.684
32547.684
32936.285
33121.883
33122.551
32543.75
33003.949
33642.816
33272.418
33007.215
33773.418
33848.352
33724.75
33422.016
33075.617
33626.883
33181.816
33381.082
33355.016
33115.018
33273.215
33193.75
32947.883
33331.484
33070.215
32398.75
32608.551
32942.949
32764.949
32148.482
32187.15
31985.75
31853.551
31662.283
31228.684
31790.084
31848.617
31467.684
32351.75
32180.283
32456.551
32317.283
32007.283
32502.018
32260.75
31889.084
31292.482
31699.482
31770.617
31012.018
30214.883
29572.416
28916.482
28393.684
27806.684
27499.482
26975.35
26510.283
27458.283
27970.551
28011.551
28552.684
29248.816
30278.617
30064.883
30486.883
30407.684
30421.482
30573.018
30158.684
29884.551
30018.684
30004.018
29554.35
29577.883
29787.684
29989.15
29941.018
29746.217
30179.617
30016.217
30181.551
30019.75
30439.35
30308.217
29836.617
30322.883
30057.551
29757.217
29328.283
28953.283
29113.482
29096.217
29210.15
29426.617
29284.75
29695.617
29793.949
29657.084
29900.684
30360.35
29991.416
29732.283
30076.949
30156.617
30117.018
30158.35
30094.883
29651.482
29542.018
29574.018
29777.684
29681.084
29046.75
29415.75
29354.684
29643.617
29483.018
29290.416
29418.217
29559.551
29850.084
29405.883
29666.482
29905.35
29382.084
29644.283
29685.816
29637.551
29161.217
29262.283
29199.018
29282.15
29363.883
29225.684
29226.018
29155.416
28622.482
28956.883
28770.084
29031.482
28554.75
28920.949
29496.35
29134.551
29494.617
29512.018
29419.416
29766.883
29557.084
29643.816
29625.883
29569.883
29779.084
29577.883
29745.084
29469.018
29717.416
29438.551
29956.15
29306.15
29461.15
29186.217
29396.35
29526.15
29187.416
29005.684
29150.283
29067.217
29127.018
29173.551
29256.283
29330.084
29272.35
29193.482
29196.084
28870.883
28534.75
28430.617
28630.018
28201.617
27925.15
28002.617
28449.283
28415.084
27933.084
27995.283
28357.217
28165.75
27851.949
27631.684
27915.816
27776.084
27457.416
26993.75
27313.416
27416.217
27412.283
27624.35
27492.949
27590.15
27026.15
27215.816
26968.482
26853.617
26143.684
26028.283
26106.816
25703.217
25751.551
25054.482
25420.217
25153.949
24700.35
23972.15
23876.217
24024.15
23889.15
23322.551
23581.617
23527.684
23724.482
23805.949
24395.949
24692.551
25355.883
25989.617
26138.684
26281.617
26259.617
26535.084
26376.617
26005.617
26110.949
25869.018
26157.684
25918.35
26208.617
26265.816
26570.883
26515.883
26687.883
26587.75
26987.816
26896.217
26631.283
26880.551
27208.084
26958.482
26760.551
26494.018
26813.084
26785.35
26503.35
26484.617
26583.551
26540.75
26961.816
26231.084
26671.551
26719.283
26767.084
26574.883
26798.684
26593.883
26290.416
26262.416
26432.15
26577.084
25916.283
25868.084
26046.949
25806.084
25731.949
25932.883
26032.217
25775.816
25647.416
25456.551
25419.018
25436.816
25526.75
25501.551
25485.416
25390.217
25434.217
25349.617
25242.482
25258.816
25066.816
24518.217
24951.551
24555.15
24637.018
24638.15
24746.018
24525.617
24654.551
24575.949
24622.35
24938.75
24709.816
25025.684
24865.416
25064.283
24833.883
24262.883
24409.684
24140.084
23971.883
24200.35
24046.617
24010.35
24022.018
23982.883
24402.949
24888.15
24447.949
24964.551
25098.75
24809.684
24961.816
24678.617
24934.75
25043.217
25236.416
25345.482
25456.15
25820.283
25645.283
26043.416
26360.15
26659.816
26068.482
25926.084
26301.35
26758.949
26563.617
27002.684
27190.084
27541.283
27382.217
27489.482
27428.816
27267.883
26597.816
25690.15
25221.684
24901.75
24693.084
24480.75
24272.018
24301.283
24184.816
24042.416
24309.084
24158.15
24193.482
24132.482
24539.283
24271.816
24198.35
23857.15
23925.816
24095.883
23714.883
23956.217
23879.883
24022.283
24045.816
24149.617
24199.551
24439.018
24050.15
24169.416
24608.75
24371.482
23824.684
24141.551
24549.084
24351.482
23971.482
24233.084
24517.416
23981.482
24390.551
23716.551
24062.217
23738.617
23576.482
23696.883
23561.217
23671.949
23403.883
22931.75
23602.883
23689.018
23368.482
23356.684
23542.883
23373.684
23716.816
23197.217
23357.018
23446.15
23554.75
23535.217
23672.75
23407.482
23539.482
23638.084
23898.949
23499.75
23077.949
23153.949
23375.35
23487.482
23215.551
23317.018
23276.482
23435.482
23174.75
23190.482
23255.35
23157.617
22785.75
22546.084
23136.551
22885.15
22403.416
22326.084
22728.617
22296.416
22280.217
22343.416
22604.816
22258.217
21259.15
21897.283
22322.35
21896.949
21808.15
21400.949
21724.416
21744.15
22037.283
21989.482
21990.15
21692.684
21743.816
21752.416
21294.551
21216.551
20716.816
21069.018
20676.617
21114.35
20696.35
20827.35
22054.217
21863.75
21809.684
22371.283
22192.084
22175.482
21705.084
21348.018
21143.949
21165.617
20892.217
20960.416
21074.75
21244.551
20958.15
21272.084
21906.949
21484.617
20976.283
21325.35
21616.551
21652.551
21324.217
21468.084
21588.15
21278.084
20971.217
20624.883
20981.35
20553.816
20491.617
20044.018
20139.617
20193.35
19599.15
19184.217
19108.617
17894.35
17272.416
16546.217
16690.483
16746.283
16803.949
17015.482
17711.35
18445.551
18941.084
18892.617
19130.018
19720.018
20231.15
20072.084
19794.217
20256.482
20156.75
20282.084
20282.75
19926.35
19626.018
19504.35
19967.883
19832.35
19476.75
20139.018
19994.084
20176.15
20295.217
20138.084
20311.018
20283.684
20038.283
20119.551
20293.283
20431.018
20014.283
20007.883
20412.018
20493.482
20374.883
20408.217
20616.217
20577.15
20445.15
19961.949
20440.617
20393.816
20070.75
19837.883
20141.684
20286.551
20081.018
19653.35
19927.617
20235.816
19601.217
20253.816
20388.75
20326.283
20725.617
20485.018
20552.684
20510.949
20306.084
20474.816
20447.482
20369.617
20038.416
20082.482
20131.75
20181.018
20116.217
20182.551
20415.949
20375.35
20108.018
19909.416
20205.684
20065.617
20279.949
19843.482
20368.15
20213.75
20378.482
20352.018
20468.617
20409.416
19938.617
19657.217
20241.883
20095.617
20297.816
19861.883
19840.482
19923.75
19795.15
20125.949
19909.416
19901.084
19357.551
19384.217
19518.883
19791.416
18919.949
19203.684
19412.551
19429.617
19202.949
19085.816
19482.75
19452.816
19156.35
19314.482
19414.684
19590.551
18896.416
19129.551
19580.551
19625.949
19298.482
19152.018
19285.75
19502.283
19118.75
19103.35
19229.283
19198.217
18631.617
18943.75
18948.482
18822.551
18752.283
18871.75
18586.35
19292.416
18681.949
18588.084
18743.684
18750.617
18670.084
18082.883
18591.617
18647.617
18354.75
18095.084
18544.684
18479.551
18329.15
17843.551
18378.617
18370.018
18291.15
18318.816
18008.75
18278.551
18157.551
17683.816
17992.617
17833.15
17844.15
17374.816
17798.551
17685.75
17113.217
16779.75
17530.15
17387.883
17183.217
17054.283
17333.684
17194.018
16885.883
16773.35
17427.084
17115.018
16952.684
16823.283
17303.883
16871.084
16699.15
16615.217
17210.816
17003.551
16756.35
16739.15
16902.283
16616.084
16261.884
15935.35
16440.35
16483.217
16415.684
16665.884
16821.75
16714.884
16087.483
16765.35
16552.018
16440.75
16420.616
16342.083
16241.35
16422.95
15885.95
15831.217
15104.616
14318.75
13525.95
12710.483
12239.35
12033.55
11994.616
11994.35
12969.684
13533.417
13798.75
14265.483
14586.483
14637.15
14764.15
14652.483
14742.15
14193.816
14197.75
13493.35
14526.083
14457.217
14229.35
14182.15
14596.75
14825.017
14995.283
14692.55
15107.55
15353.95
14994.75
15054.083
15454.017
15442.75
15468.283
15562.017
15641.417
15581.884
15344.95
14950.55
15823.483
15483.15
15337.884
14896.417
15564.816
15625.083
15393.15
15521.417
15548.816
15023.017
15156.684
14831.017
15409.35
15267.483
15120.75
15084.017
15213.884
15513.15
15123.816
15635.083
15582.283
15643.417
15618.55
15244.95
15936.017
15960.083
15601.417
15833.017
16555.283
16373.95
16195.217
16673.416
16972.15
16622.551
16397.55
16487.616
16179.95
16323.35
15816.35
15935.35
16223.35
16029.35
15968.95
16339.95
15933.483
16002.816
15376.083
15185.884
16078.684
15916.816
15828.283
16000.684
15828.55
15910.684
15978.816
15677.95
15719.884
15732.017
15674.283
15601.017
15823.75
15508.816
15640.15
15476.283
15887.283
15643.55
15742.684
15624.083
16044.684
15610.55
15721.217
15653.55
15952.884
16260.35
16268.55
16205.283
16127.017
16053.35
15877.95
16123.35
16259.55
16338.684
16325.283
15979.083
16646.15
16456.017
16395.417
15892.616
16403.684
16323.75
16086.283
16015.15
16135.616
16269.017
16430.884
16311.017
16422.15
16199.75
16290.417
16496.75
16209.417
16396.15
16215.884
16100.483
16144.95
16272.616
16041.684
16017.217
16144.616
16410.75
15506.55
16242.217
16319.616
16219.55
15535.684
15924.483
16235.417
16359.017
16197.15
16253.15
16168.884
16334.083
16003.95
15892.75
16276.283
16046.017
16155.55
15842.483
16093.75
16133.483
15832.217
15769.483
16084.55
15678.483
15715.083
15533.684
15861.884
15719.083
15405.884
15708.884
15681.684
15480.083
15584.35
15705.816
15521.083
15484.95
15238.15
15308.616
15583.816
15295.616
15399.483
15032.417
15072.417
15138.35
14950.017
15063.283
14920.483
14809.884
14733.816
14691.017
14916.684
14875.083
14741.017
13791.816
13985.616
13749.417
13436.616
12675.15
12427.616
12369.616
11874.75
11184.884
11729.35
11598.884
10892.75
11317.684
11323.684
10945.616
11101.283
10665.35
10797.083
10630.75
10281.017
10391.75
10637.75
10560.483
10710.35
9376.55
10148.083
10254.217
9794.083
10153.95
10467.95
10605.684
10499.684
11071.55
11407.95
11544.95
11841.083
12260.15
12300.684
12221.884
12357.483
12146.417
12109.15
12291.283
12295.35
11726.35
12114.283
11833.55
11432.884
10735.884
11042.95
10780.684
10414.884
10278.417
10121.35
10206.35
10133.816
9988.75
10415.75
10372.15
10221.816
10158.55
10297.616
10143.95
10078.217
9982.217
10363.75
10199.616
9887.35
10334.55
10722.616
10536.017
10284.083
10488.283
10473.217
10555.884
10501.95
10313.017
10330.483
10017.283
9446.35
9967.616
9878.083
10072.017
10299.017
9914.95
10516.417
10420.75
9674.35
9900.35
10057.75
9846.95
9871.483
10111.483
10275.75
10257.417
10445.35
10379.083
10520.483
10399.75
10295.35
9999.017
10216.083
10333.35
10125.684
10136.15
10354.884
10277.75
10056.15
10592.017
10723.816
10934.217
10560.684
10856.684
11076.684
11084.283
11288.75
10585.217
11085.15
10965.616
11187.35
10761.15
11494.55
11274.217
11456.884
11087.95
11673.283
11572.283
11215.35
11027.217
11223.35
10995.55
10931.017
11150.017
11080.75
10974.816
10622.816
10621.616
10857.417
11002.35
10860.15
11025.616
10945.083
10831.217
10663.083
10884.55
10991.283
10908.283
11192.283
10616.217
10939.35
11249.684
11185.417
10902.017
10943.816
10546.35
10247.684
10699.816
10598.616
10703.283
9919.616
10484.417
10769.684
10614.083
10349.017
10690.684
10946.55
10582.15
10731.15
10602.95
10839.884
10496.684
10262.417
10232.55
10570.083
10540.483
10082.884
10380.95
10405.017
10509.283
10359.483
10399.684
10479.884
10371.95
10147.35
10407.15
10540.017
10466.95
10306.75
10652.083
10409.083
10487.35
10422.417
10236.55
10417.684
10388.684
10247.684
10112.55
10181.417
10254.816
9964.15
9889.684
10340.616
10344.75
10055.283
10113.816
10339.15
10328.95
9952.417
10000.884
10232.283
9996.15
9766.75
10190.283
10165.35
9941.35
10165.417
9935.017
10006.616
9951.417
9698.816
9330.35
10007.884
9663.75
9920.283
9751.017
9839.55
9641.884
9588.55
9443.483
9823.017
9688.417
9556.217
9315.017
9592.283
9636.95
9422.217
9425.684
9657.15
9649.217
9148.283
9326.417
9606.616
9592.15
8891.417
9062.816
9515.017
9450.884
9344.616
9044.616
9550.816
9452.816
9374.483
9143.283
9293.15
9126.217
9000.75
9151.816
9311.35
9105.616
8942.083
8994.95
9442.55
9429.35
9204.684
8921.616
9032.884
9149.95
9030.283
8815.95
9160.35
9057.684
9043.95
8722.35
8935.684
9019.35
8958.616
8808.017
9009.017
8796.483
9247.483
8533.616
8975.15
8913.083
8679.95
8253.684
8951.417
8888.083
8935.283
8607.616
8719.417
8574.55
8690.75
8800.483
9091.816
8297.75
8595.283
8389.417
8621.55
8045.15
7544.35
6900.217
6613.283
5744.017
4893.617
4281.017
3628.017
2863.283
2485.083
1829.217
2121.617
2028.35
1739.15
1919.817
2781.217
2986.55
2983.083
3983.15
4533.283
4854.283
5157.217
4489.55
5263.483
4864.617
4658.683
4287.75
4051.35
4128.35
3846.617
3591.417
3972.083
4081.417
4040.15
3841.2169999999996
4593.083
4384.55
4427.083
5035.55
5108.617
5355.283
5035.217
5538.683
5743.017
5716.283
5768.283
6019.55
6347.883
6396.75
5960.817
6235.017
6808.95
6838.95
6414.417
6926.617
7197.95
7336.417
7255.95
7269.083
7752.017
7718.617
7147.483
7270.483
7946.017
8062.817
7896.217
7625.083
8134.15
7993.683
7792.683
7776.35
8261.883
8068.617
7225.883
8058.017
8235.283
8332.417000000001
7996.283
7777.883
8280.817
8176.017
8021.283
7946.417
8082.75
8190.95
7767.55
7611.817
8552.883
8105.617
7911.617
7942.017
8284.55
8163.95
8041.683
8023.883
8230.817
8171.35
8001.883
7970.617
8286.617
8262.55
8121.15
7998.883
8299.15
8257.417000000001
7684.75
7886.15
8219.75
8130.483
7781.75
7711.683
8126.817
7996.817
8028.75
7821.017
8073.683
8176.017
7871.75
7419.55
8217.017
8088.35
8097.617
7916.483
8389.817
8122.017
7946.75
7716.75
8216.95
8009.083
7552.417
7412.817
8052.95
8014.55
7992.683
7421.883
8090.683
7994.35
7833.617
7902.483
8104.75
8036.35
7867.817
7800.483
8295.017
8120.883
7251.283
7643.283
8175.15
7981.417
7959.883
7814.817
8189.883
8097.75
7650.083
7444.55
8006.417
7870.95
7836.217
7690.283
8019.417
7998.683
7852.617
7400.417
8072.217
8024.55
7657.55
7331.817
7946.417
8055.417
7762.55
7703.283
8032.283
7660.683
7629.55
7757.217
7753.217
7663.617
7518.95
7360.817
7928.883
7745.617
7379.35
7316.083
7771.883
7885.617
7205.217
7294.617
7781.217
7691.683
7727.417
7480.15
7695.817
7596.35
7529.883
7213.55
7825.95
7603.283
7320.617
7269.95
7652.817
7535.417
7393.617
6898.55
7529.75
7466.817
7321.95
6827.883
7603.95
7405.217
6917.483
7338.883
7402.483
7289.75
6846.817
6952.15
7096.017
7237.017
6955.817
6910.683
7213.15
6971.083
6980.15
6789.95
7119.35
7117.083
6662.417
6607.483
7143.95
7103.217
6795.617
6734.617
6823.617
7013.15
6559.617
6742.283
6804.683
6813.217
6663.217
6429.55
6987.75
6859.017
6483.35
6171.15
6751.683
6938.817
6752.35
6468.55
6822.817
6830.35
6148.55
6535.217
6957.683
6591.617
6424.55
6492.683
6717.083
6743.55
6364.817
6211.083
6603.417
6689.35
6514.35
6348.083
6641.617
6430.15
6150.817
5874.15
6477.217
6308.95
6576.55
6099.95
6596.95
6543.083
6063.617
6156.883
6625.217
6475.95
6262.283
6341.083
6607.817
6530.083
6118.35
6055.35
6665.483
6408.417
6258.083
6338.15
6557.683
6397.15
5969.483
5847.283
6218.017
6171.283
5673.417
5765.483
6231.883
6093.017
6263.417
5912.683
6283.883
6128.017
6353.217
5946.95
6186.15
6086.217
5748.283
5731.683
6203.417
6075.35
5602.75
5092.617
6033.217
6069.95
5619.217
5815.817
6060.15
5849.95
5707.55
5682.017
6058.35
5831.15
5660.35
5318.083
5881.617
5935.883
5239.483
5418.617
6004.817
5788.883
5536.817
5360.15
5961.617
5922.217
5848.483
5443.617
6001.55
5914.283
5849.483
5744.95
5945.283
5783.35
4569.35
5078.483
5846.75
5921.817
5534.15
5255.017
5772.15
5925.817
5256.217
5256.083
5682.017
5668.883
5171.617
5212.75
5704.35
5657.617
5021.283
4994.35
5562.55
5502.017
5225.817
5236.283
5447.483
5367.283
4958.35
5362.75
5438.817
5437.35
4921.083
5157.283
5492.417
5262.15
4804.35
4712.017
5294.417
5289.75
5131.683
4546.95
5344.55
5210.35
4548.417
4650.35
