268.85
60.717
-138.417
146.65
440.58299999999997
125.383
203.117
249.583
236.85
253.117
117.85
-168.61700000000002
198.85
201.45
19.65
-38.75
343.25
-4.549999999999997
46.583
359.717
422.183
184.45
464.783
148.25
280.85
192.78300000000002
219.25
-125.283
195.517
195.05
316.317
12.650000000000006
277.783
195.38299999999998
235.45
23.516999999999996
546.65
473.25
84.117
-67.017
239.78300000000002
126.05
-16.950000000000003
182.183
192.25
228.25
146.317
232.71699999999998
211.517
241.25
-39.55
27.450000000000003
613.117
287.183
-20.150000000000006
-271.617
420.783
443.91700000000003
30.650000000000006
34.25
378.58299999999997
434.25
373.383
225.183
414.91700000000003
362.58299999999997
148.25
320.85
384.58299999999997
384.117
310.783
-147.61700000000002
441.45
279.05
35.25
63.783
376.717
183.05
136.517
69.45
306.25
490.517
202.183
58.583
237.583
336.05
29.516999999999996
-6.617000000000004
246.25
191.517
493.383
-5.617000000000004
175.85
215.517
331.717
-65.55
190.25
256.983
201.05
84.383
406.45
354.717
-234.55
24.583
389.65
297.517
222.317
200.917
454.45
291.517
-1.75
263.05
97.983
314.117
248.71699999999998
277.517
409.783
283.983
541.85
-243.15
320.25
361.05
109.183
355.983
380.65
444.983
249.383
96.383
342.517
244.917
-75.417
107.25
334.183
305.517
122.983
1.7830000000000013
410.65
431.117
55.05
-253.61700000000002
357.58299999999997
311.05
85.317
141.983
272.383
416.183
332.117
46.783
287.983
321.183
-281.817
-135.95
307.45
201.38299999999998
161.183
-8.549999999999997
320.45
258.65
52.516999999999996
207.917
400.783
288.717
243.183
-110.683
454.65
415.58299999999997
428.983
143.65
482.117
271.45
150.38299999999998
335.85
403.117
77.717
359.983
-166.88299999999998
132.85
224.45
1.516999999999996
354.783
586.85
412.05
159.25
-86.017
489.45
141.85
451.45
12.450000000000003
383.91700000000003
354.05
311.85
382.317
528.65
348.383
424.117
297.85
323.85
220.317
370.45
-354.283
386.717
344.383
167.05
132.78300000000002
135.583
312.65
475.383
165.25
240.45
300.58299999999997
116.383
-198.95
281.517
382.85
453.85
188.317
387.25
305.05
48.516999999999996
-326.55
437.983
236.11700000000002
-63.617000000000004
6.849999999999994
255.65
184.517
-1004.417
-96.417
125.05
261.183
241.78300000000002
-66.95
568.783
399.317
254.05
67.45
260.517
225.183
-116.617
427.983
520.983
278.91700000000003
-181.95
23.516999999999996
314.91700000000003
316.65
-121.617
342.117
375.117
254.583
394.517
339.65
326.91700000000003
404.117
230.383
181.71699999999998
372.58299999999997
245.05
406.117
24.316999999999993
396.25
427.117
335.45
-71.483
220.517
311.383
76.85
-289.75
360.45
345.91700000000003
257.91700000000003
-123.417
348.91700000000003
329.983
207.983
77.983
359.517
345.25
-160.35
195.117
328.85
62.983000000000004
-142.21699999999998
156.38299999999998
253.383
206.65
308.317
167.78300000000002
262.91700000000003
513.517
91.65
165.65
376.65
529.983
381.783
161.05
219.38299999999998
275.65
92.05
487.717
349.717
210.317
-155.817
103.45
216.517
276.85
259.183
-10.483000000000004
536.717
549.05
35.25
284.117
370.317
350.383
232.71699999999998
98.517
341.517
384.783
82.25
129.78300000000002
303.117
325.05
182.917
299.05
474.65
437.717
403.05
119.517
568.65
193.45
395.183
-131.283
383.58299999999997
194.05
-79.083
299.517
355.717
217.717
555.783
406.11699999999996
391.45
279.45
649.917
105.05000000000001
395.38300000000004
303.45
-12.949999999999989
292.783
659.917
427.91700000000003
553.05
-26.417
466.58299999999997
382.25
403.183
210.85
371.11699999999996
542.383
-27.016999999999996
247.583
629.983
341.65
165.05
196.917
377.58299999999997
378.38300000000004
538.383
201.117
662.317
567.45
710.983
457.45
708.05
516.317
249.517
357.983
413.85
629.45
800.117
229.317
740.65
607.5830000000001
562.5830000000001
699.117
628.5830000000001
519.183
372.983
662.383
514.65
774.85
134.64999999999998
293.383
583.183
562.383
589.25
415.183
905.45
572.05
742.717
562.05
709.5830000000001
674.05
708.25
331.783
1034.25
488.517
583.9169999999999
526.65
867.65
541.783
718.65
614.117
623.85
887.983
795.05
691.317
632.983
888.517
652.05
458.45
964.783
753.9169999999999
638.783
582.65
580.783
681.317
800.717
671.85
901.05
783.85
572.85
524.517
686.317
798.983
692.383
585.783
922.317
487.45000000000005
753.85
480.04999999999995
686.45
588.917
757.65
853.05
738.517
486.04999999999995
784.65
977.717
458.717
878.25
731.317
770.783
789.983
773.05
622.783
973.583
1151.717
670.45
694.65
1289.917
914.917
1126.317
506.45000000000005
701.183
1161.85
1006.317
1132.583
1217.717
743.383
718.65
841.05
804.25
1336.317
1167.583
648.183
1109.65
994.517
1228.183
1256.317
1084.05
988.05
1331.383
615.583
896.783
1022.65
1170.717
1513.183
1456.25
1379.983
1336.45
1126.717
1251.05
1260.517
1157.45
790.8499999999999
1008.7170000000001
1355.783
1168.383
1423.65
982.5830000000001
1485.383
1391.183
1493.45
1305.183
1455.783
1371.05
983.183
1433.45
1289.583
1200.65
1141.383
1280.917
1261.65
1370.783
1290.85
1059.783
1395.717
1167.183
1142.117
1006.383
1478.583
1376.45
1316.117
1382.45
1498.517
1243.783
1230.317
1136.383
1380.983
1414.583
1300.583
1048.517
1539.317
1272.517
1325.383
1313.85
1459.783
1341.25
848.5830000000001
1287.183
1357.65
1428.983
1444.183
1620.583
1753.917
1559.983
1569.783
1557.583
1680.117
1755.317
1594.383
1679.45
1666.717
1683.917
1845.983
1693.983
2067.717
1551.05
1129.25
1390.65
1594.117
1879.45
1610.917
1681.717
2054.717
1869.783
1787.383
1706.917
1936.783
2002.317
2018.383
1735.45
2118.383
1798.117
1671.85
1564.85
1622.85
1555.783
1849.183
1210.317
1609.85
1724.583
1945.317
1594.05
1933.117
1817.517
2002.317
1820.717
1898.183
1972.383
1938.717
1861.317
2163.383
1743.983
2270.783
2020.517
2036.85
1964.25
1868.45
2059.917
2297.917
1657.383
1783.783
2077.783
2324.783
2037.717
2123.917
1870.117
1947.05
1828.517
1936.983
2055.383
1998.05
2322.45
2583.783
1892.9830000000002
2450.517
2436.25
2315.917
2232.85
2267.117
2136.783
2097.05
2402.983
2336.783
2136.65
1932.983
2061.25
1993.25
1964.517
2281.517
2176.117
2323.25
2535.05
2361.25
2485.45
2694.117
2427.983
2762.583
2598.717
2941.25
2677.45
2511.717
2764.917
2762.05
2672.717
2471.85
2630.45
2442.983
2526.983
2387.517
2592.383
2553.317
2342.25
2027.317
2287.65
2230.45
2251.783
2078.917
2014.583
2275.65
2022.717
1955.117
1671.05
2278.25
1844.05
2180.25
2190.383
2396.583
2856.517
2641.183
2910.983
2780.383
2957.05
3091.85
2696.45
2891.783
2841.917
2561.517
2466.517
2765.383
2612.917
2861.05
2443.317
2707.45
2757.783
2715.717
2889.05
2843.45
2881.45
3046.05
2988.65
3046.183
3047.583
2946.25
2676.183
3007.45
3073.517
2904.117
3155.85
3230.383
3086.85
2979.45
2694.183
3210.05
3084.983
3394.85
3657.183
3724.05
4092.65
4083.117
3930.583
3866.85
3793.117
3904.317
3493.85
4065.783
3757.85
3921.85
3834.517
4065.117
3574.917
3719.917
3849.517
3702.45
3743.783
3531.717
3242.05
3862.783
3952.717
3812.183
4016.783
4157.9169999999995
4138.65
4022.517
3789.517
4137.317
4080.183
3563.783
3794.25
3742.917
3981.983
3838.45
4070.25
4260.25
3988.717
3868.25
3336.717
3623.717
3724.917
3794.517
3485.317
3918.65
3585.383
3622.383
3422.117
3361.45
3301.783
3211.65
3306.717
3313.583
3422.85
3207.517
3356.583
3112.517
3275.85
3418.583
3508.65
3779.85
3950.65
4054.183
4216.183
4011.917
4100.45
3666.117
4182.85
3978.65
3974.317
4504.65
4199.05
4882.317
4904.117
4809.65
5015.783
5603.383
5085.65
5228.983
4685.317
4874.183
4774.85
4375.85
4148.517
4190.117
4053.583
3856.717
3977.583
4461.85
4065.45
4345.05
4392.45
4882.917
4840.583
4996.25
4732.117
4571.117
4425.183
4081.65
3934.983
4035.85
3631.45
3521.783
3368.783
3449.517
3360.783
2802.45
3153.85
3147.05
2817.983
2481.183
3264.183
3300.85
3398.583
3707.25
3414.917
4235.517
4444.65
4521.05
4368.583
4446.25
4237.517
3882.45
4028.583
3938.983
4127.183
4129.5830000000005
3940.45
4502.782999999999
4166.65
4332.583
4217.983
4406.183
4348.383
4268.85
3724.317
4335.782999999999
4174.65
4333.05
4279.782999999999
4185.782999999999
4189.717000000001
4254.183
4241.183
4913.983
4959.317
4948.85
5176.45
5357.183
5392.383
5414.517
5220.317
5556.983
5306.183
5704.317
5288.65
5746.05
6146.183
5460.383
5719.383
5811.183
5577.117
5566.317
4839.517
4769.65
4218.983
4001.25
3101.317
2974.65
2486.65
2335.117
2333.05
2864.05
3121.583
3455.317
3944.05
4264.117
4452.65
4741.65
5157.183
5450.117
5839.717
5717.85
5693.117
5853.183
5317.05
5203.783
4937.983
4569.717
3823.917
3553.25
3252.05
3241.85
3589.517
3738.65
4266.05
5098.85
5358.717
5541.983
6361.717
6617.383
6693.65
7085.583
6783.383
7491.25
7512.45
7927.917
7641.183
7592.45
8003.583
7784.85
7810.117
7972.65
7815.117
8048.183
7843.317
8472.582999999999
8305.05
8429.85
8206.116
8674.184
8503.116
8356.45
8420.316
8968.783
8736.05
8676.783
8455.65
8622.65
8178.116
8256.917000000001
8429.05
8515.65
8916.583
8678.917
8762.65
8820.983
8503.25
8228.65
8038.5830000000005
8239.85
8481.45
8671.184
8581.184
8534.316
8542.25
8513.717
8366.316
8292.117
8302.05
8108.25
8198.117
8637.917000000001
8417.317
8603.316
8310.184
8459.117
8634.116
8416.717
8826.316
8949.05
8955.783
9046.717
9121.25
9221.25
9547.583
9771.25
9586.783
9524.184
9460.65
8841.316
8326.917
8489.05
8448.517
8368.25
8265.517
8569.45
8796.583
8936.517
9511.917
9447.517
10031.65
9949.85
10011.316
9993.384
10381.517
9752.316
9896.184
10327.316
9840.583
9866.05
10095.517
10029.116
9843.917
10466.517
9921.184
10255.316
10178.05
10082.517
9837.05
10115.983
9965.917
9997.45
9408.116
10076.983
9911.184
9863.85
9502.983
9861.517
10212.184
10407.45
10068.65
10348.116
10426.517
10218.45
10211.517
10134.25
9191.316
9636.583
9646.05
9730.184
9258.917
9875.116
9662.65
9774.85
9504.783
9455.116
9772.85
9917.85
9841.116
9929.583
9668.45
9446.917
9461.917
8876.05
9159.583
9837.25
9580.583
9731.25
10037.45
10373.583
10424.85
10627.717
10270.45
10403.316
10506.05
10486.116
10031.65
9878.717
9402.25
9580.25
8837.917
9505.917
9695.45
9366.983
9356.85
10144.384
10115.116
9588.25
9625.717
10398.917
10580.917
10279.917
10109.517
10237.783
10306.25
10033.583
9978.517
10209.25
10025.717
10283.65
10577.583
10242.917
10512.983
10775.517
9910.05
10187.717
10054.25
9663.116
9949.983
9264.116
9509.717
9516.783
10444.184
10375.783
10213.25
10191.45
9765.25
10043.583
9985.517
10327.316
10017.717
9797.116
9243.184
9156.116
8863.717
8474.983
8393.65
7814.45
7687.05
7712.517
7683.65
8150.917
8545.85
9416.05
9999.983
11050.45
11162.717
12159.517
11344.65
10869.05
11250.184
11151.25
10988.25
11714.717
11778.384
11994.316
11872.45
11771.717
11148.517
10752.983
10411.384
10659.116
10563.783
11789.184
11232.85
11847.45
11873.717
12185.05
12198.65
11841.583
12543.116
12684.517
13256.184
13156.983
13292.316
13554.45
13862.316
12902.65
13129.65
12545.983
12820.717
12827.917
13186.45
12699.316
12471.583
12039.583
11866.65
12108.85
11840.184
10952.85
11801.717
11637.85
12388.717
12567.783
12601.116
13478.983
13118.316
12766.917
13056.85
13083.65
12865.717
12862.717
13024.983
13416.983
13870.384
13931.65
13576.316
13724.583
15251.25
14089.25
14103.05
14358.583
13771.384
14324.717
14272.917
14917.717
14336.85
13820.517
14134.45
14343.717
14209.517
13724.116
13652.917
14706.85
15123.184
14760.116
14145.717
14485.65
14259.65
14133.384
13326.717
14219.05
14102.45
13736.384
13100.583
13686.917
13928.384
13955.65
13512.05
14521.983
14527.05
14300.717
14652.116
14800.05
15505.25
14833.116
14623.65
15197.05
14767.717
15049.917
14219.116
14553.85
15269.184
14813.65
14976.184
14994.25
14614.983
14831.517
15205.384
15826.316
15549.116
15526.05
15698.184
15567.65
15937.45
16365.983
15993.717
15897.25
15504.717
15535.85
15039.583
15502.783
15110.65
15474.25
14798.783
14436.184
14658.384
14555.184
14267.783
14875.65
14386.384
14509.65
14609.316
14540.517
14653.517
14509.45
15052.983
15542.517
15865.25
15061.384
15090.316
15188.517
14631.116
15434.25
15075.583
15601.384
15596.717
15973.983
15946.983
16095.717
16347.983
15829.783
15361.717
16944.184
16357.917
16251.517
16480.117
16742.717
15546.517
16256.85
15509.983
16481.45
16262.184
15545.717
16076.25
16611.85
16276.116
16398.05
17270.117
16729.65
16156.85
15979.184
15762.65
15654.85
16189.717
16809.117
16743.45
17369.316
17463.383
17869.717
17384.383
17482.25
17810.518
17576.383
17556.117
17596.25
17707.518
18048.518
17701.85
18412.051
18181.449
18215.449
18698.916
18540.65
18503.916
17997.051
18184.383
18478.85
18073.783
17897.65
17759.916
18394.85
18110.117
19105.85
18376.184
18023.584
18514.916
18620.316
19312.65
19369.916
19464.65
18911.117
19144.783
18671.518
18794.916
18579.449
18974.449
19163.117
20886.25
19317.316
20113.316
20423.65
20629.051
20069.051
21359.518
20822.982
21129.916
21804.65
22516.117
21344.383
21892.316
21380.916
21641.117
23214.184
21771.449
21917.65
21091.783
21084.25
21212.916
21812.982
21707.383
22176.117
22908.584
22315.783
23114.982
23748.316
24369.518
24407.449
24552.783
25319.518
25959.65
25347.117
24021.25
24860.316
25032.117
24292.449
24818.783
25406.717
25448.982
25222.717
25697.383
26316.584
25602.717
27045.184
27642.982
27266.383
26707.316
27832.982
27619.982
27703.85
27410.584
27809.916
27882.518
27686.383
27747.584
27340.184
27694.383
28509.717
29248.717
29603.184
29907.25
31279.65
31520.25
30961.916
31672.518
31662.916
31388.051
31400.383
30468.982
31412.518
30608.916
30533.916
32121.25
32683.916
32931.383
33020.184
33195.516
33913.316
33086.051
33325.785
32836.316
33068.184
33310.383
32778.383
33502.516
34265.582
34614.785
34688.582
34899.184
35303.383
35277.383
34717.316
35047.582
34884.715
35010.383
34332.449
34968.516
35031.184
35207.582
35609.449
35123.117
34975.25
35181.852
35229.852
35284.316
35381.516
35687.117
35452.449
35568.715
35830.316
35584.918
34547.984
33977.383
32359.65
31072.25
30130.449
29838.916
29753.383
30274.051
30189.449
31483.584
33038.584
33514.918
34140.117
34252.25
34455.648
35401.918
36319.516
35947.715
36614.184
36655.984
36318.516
35495.25
35204.051
35467.051
36010.383
36353.184
36813.449
37441.316
38300.984
38855.25
38902.449
39001.852
38258.785
38082.715
37669.785
37960.184
38003.918
37986.449
38012.383
37314.582
36934.516
36694.648
36150.117
36220.117
36523.117
36250.715
37718.648
37931.184
38241.785
38883.852
39120.25
38218.852
38435.449
38045.184
38104.516
38390.984
38777.383
39196.715
40175.316
40023.117
40582.516
40112.051
40133.117
39685.516
38966.516
39133.25
39056.449
39255.648
39038.383
39332.582
39818.852
40147.051
39675.785
39763.918
40840.918
40307.785
40728.852
39975.316
40600.984
40026.383
39175.516
38654.852
38275.785
38209.984
38452.449
38758.051
39178.785
40302.852
40005.516
40844.383
40364.25
40365.184
40120.117
39712.184
39331.316
38915.852
38252.516
38400.449
38450.516
38196.25
38413.449
38372.516
38121.184
38220.117
38116.785
38193.582
38696.582
39136.051
39098.918
39555.051
40322.648
40457.715
40426.785
40758.25
40569.117
40507.449
39799.984
39349.184
38798.449
39104.25
39494.449
39240.984
40032.316
40354.449
40893.984
41212.852
41166.852
41116.25
42013.984
42256.516
42826.715
42910.582
42602.785
42399.648
42198.25
42116.051
41456.051
41243.184
41382.852
41404.648
41063.449
40968.582
40116.516
40623.25
40235.785
40665.117
40542.785
41441.648
41909.648
42503.715
42877.984
43229.852
42253.715
42328.316
41802.449
41812.516
42198.383
41794.25
41801.648
41438.316
41784.051
42120.051
42179.785
42415.25
42391.316
42939.383
43366.449
44164.582
43408.117
43272.984
42555.715
42582.184
41813.852
41779.449
41694.316
41444.449
42128.715
42199.785
40423.984
41621.25
41563.316
41189.918
41346.117
41082.316
40946.516
41272.383
41877.25
42081.918
42115.117
42031.984
42225.051
42898.25
43010.449
43300.117
43050.785
42465.184
41112.715
39578.383
38816.852
37277.316
35674.582
35198.918
35881.383
36911.051
39170.918
39830.117
39223.918
39260.117
39517.117
38909.449
39370.582
38830.051
38272.25
39247.516
40421.316
41346.117
41217.984
41725.383
41922.25
42359.516
43157.852
42632.852
42560.25
42631.25
41767.117
42315.785
42787.918
42802.051
42598.383
43522.785
43905.852
43841.383
43974.383
43251.715
43107.516
42799.316
42997.449
42698.648
42008.516
41761.184
41284.516
42320.051
43051.051
43783.184
43511.449
44152.852
45123.582
45356.449
44800.316
44359.918
44741.648
44138.383
44041.785
43311.051
44014.715
44586.051
44040.852
43776.984
43424.984
42323.316
41716.117
40094.051
38969.852
38597.383
38674.918
39107.715
39641.051
40828.051
41054.516
42360.715
42657.984
42695.316
43354.449
43563.316
43979.852
44179.516
44297.715
44788.383
45636.785
44991.051
44636.785
43775.918
43707.715
43499.516
43358.984
43414.383
43462.383
44123.516
45123.316
45194.582
45148.715
45228.316
45057.785
44771.984
44822.984
44823.449
43659.918
43081.984
42713.184
42070.25
41247.918
40773.516
41139.582
41378.449
41893.25
42294.582
42974.852
43044.516
42843.516
42669.316
42862.383
42503.184
42181.449
42281.852
42747.449
43251.715
43347.918
43436.715
43975.383
44508.715
44409.117
44512.449
44264.316
44106.184
43436.383
42706.648
42335.648
41483.383
40430.715
41705.117
41620.918
41971.918
42159.715
42754.918
42893.383
43223.852
42681.117
42778.117
43115.648
42610.184
42501.184
42339.715
42211.383
41916.25
41232.25
40755.648
40885.383
40957.715
40499.516
39839.117
40160.449
40030.516
39684.383
39725.785
40029.648
40256.051
40479.449
40976.383
41153.117
41517.117
41309.648
41150.785
41577.316
41492.449
40360.316
41041.117
40656.383
40663.383
40885.715
40261.25
40338.184
41260.184
41412.316
41741.984
41646.582
41806.582
41769.117
41419.051
41922.383
41391.383
40898.117
40750.117
41098.785
41569.316
41760.984
40984.117
41156.852
41073.117
40662.184
40920.25
41057.383
40955.051
40656.715
40893.25
40628.184
40879.785
40203.918
39963.449
39909.852
39788.117
40048.852
39597.984
40487.449
40702.383
41195.051
40542.25
40729.852
40722.852
41022.516
40873.984
40675.582
40820.449
40825.785
40605.648
40562.316
40649.648
40277.383
39815.918
40245.785
40336.852
40480.582
40470.117
40626.852
40644.316
40466.117
40859.117
40947.852
41210.117
40362.785
39943.449
40181.449
39627.383
39694.449
39451.25
39976.648
40478.715
40389.051
40186.852
40513.051
40416.184
40761.785
40604.25
40668.852
40941.785
40819.316
40741.449
40924.852
40983.25
40926.25
40757.184
40078.918
40283.117
39425.918
39703.383
39749.383
39669.383
39370.383
39480.918
39416.516
39369.117
39391.383
39782.184
39432.648
40003.383
39806.383
39756.516
39179.918
38808.184
38443.785
38611.984
38232.648
38201.25
37916.852
38545.582
38739.918
38761.051
38588.648
38223.852
39274.648
39523.516
39765.383
39829.516
40391.516
40566.383
39896.516
39696.582
39558.25
39540.051
38670.449
38870.918
39082.785
39083.582
39357.051
39359.383
39773.648
39743.785
39816.648
39582.383
39843.117
39569.582
39261.785
38652.449
39285.316
39417.516
38635.852
39491.449
39151.918
39438.449
39621.516
39166.984
39380.383
39069.383
38234.184
37811.715
38246.984
38052.648
37779.449
38168.582
38226.25
39215.316
38923.516
39589.516
39793.918
39456.984
39375.316
39724.25
40070.984
39544.648
39037.852
38805.184
38837.852
38340.184
38123.25
38091.785
38694.648
38689.184
38691.785
38623.383
39245.25
39283.316
38886.785
38605.449
38614.051
38204.852
37578.582
37082.582
37202.984
37185.984
36848.785
37086.516
37471.785
37963.785
38269.316
38321.383
38666.984
38899.582
39205.648
39174.117
39326.25
39088.184
38975.383
39445.184
38862.184
39308.984
39019.383
38525.918
39151.184
39019.918
39192.648
38833.051
38672.25
38608.184
38599.918
38052.852
38204.117
37924.918
37739.051
38005.184
37724.648
37504.918
37448.984
37340.852
38105.449
38416.25
37601.383
37724.051
38333.918
38171.383
38073.25
38559.648
38046.184
37755.715
37645.449
36881.648
37383.117
36606.582
36760.184
36691.316
36611.715
37163.516
36943.184
37218.184
37166.516
37043.582
37414.715
37341.516
37667.25
37574.184
37097.785
37143.051
37358.852
37538.984
36741.516
37052.117
37224.316
37217.117
36659.918
37092.184
37704.25
37373.316
37067.785
37804.715
37948.582
37782.117
37537.785
37076.25
37647.383
37232.117
37342.918
37341.184
37091.582
37248.051
37150.785
36853.117
37235.852
36993.051
36308.051
36549.918
36796.449
36543.051
35963.051
35991.383
35702.316
35586.785
35368.516
34951.582
35567.117
35628.117
35240.184
36172.383
36114.117
36330.449
36297.117
35919.918
36475.449
36245.449
35929.117
35459.648
35884.184
36124.449
35297.984
34547.715
33901.785
33177.715
32711.25
32053.518
31752.184
31177.717
30712.449
31753.65
32352.316
32406.184
32918.782999999996
33625.516
34735.852
34481.516
34902.184
34696.582
34652.516
34826.785
34372.383
34239.117
34468.918
34406.117
33983.852
34087.516
34265.051
34447.852
34246.984
33919.852
34370.852
34109.516
34120.383
33928.984
34362.184
34301.383
33962.785
34557.383
34351.984
34186.051
33816.852
33582.715
33630.383
33516.715
33467.785
33599.117
33385.051
33763.852
33803.117
33575.715
33789.852
34236.984
33972.184
33718.383
34002.316
34144.582
34001.117
34131.582
34025.383
33622.918
33447.582
33362.984
33578.316
33449.383
32712.516000000003
33087.383
32995.916
33203.449
33074.852
32843.449
32998.051
33112.25
33407.648
32989.852
33169.051
33424.516
32862.316
33113.449
33106.516
33009.25
32528.383
32554.051
32562.783
32600.783
32617.65
32531.783
32453.25
32479.117
31808.518
32185.449
31972.449
32263.584
31745.916
32172.383
32716.117
32383.982
32738.85
32703.982
32555.25
33021.383
32795.715
32879.65
32884.717000000004
32750.717
32991.717000000004
32728.449
32935.65
32660.518
32930.782999999996
32654.584
33123.782999999996
32478.65
32624.717
32320.982
32551.584
32700.916
32269.518
32124.982
32215.783
32233.25
32205.65
32226.783
32370.117
32453.916
32394.449
32316.051
32268.449
31883.916
31492.916
31417.584
31650.85
31142.25
30846.783
30962.184
31344.982
31314.982
30880.65
30909.449
31266.117
31034.383
30750.584
30494.117
30774.449
30592.65
30242.518
29761.25
30138.518
30186.65
30152.383
30368.717
30282.717
30346.65
29747.25
29943.85
29657.051
29507.25
28775.518
28651.184
28716.449
28222.25
28248.383
27607.783
27967.184
27652.783
27118.051
26367.783
26258.982
26372.25
26249.85
25650.916
25921.85
25807.518
26087.982
26166.65
26756.117
27079.449
27878.85
28538.717
28689.449
28814.783
28804.184
29123.783
28954.117
28545.316
28657.25
28388.25
28711.717
28387.982
28727.051
28765.383
29094.25
29016.383
29226.449
29138.65
29603.449
29443.25
29178.982
29454.25
29769.916
29529.383
29233.051
28998.449
29365.717
29252.383
29026.316
28934.65
29040.25
29080.449
29433.65
28704.717
29219.117
29196.051
29245.449
29082.717
29271.316
29092.051
28745.449
28709.117
28840.85
29045.184
28324.85
28227.982
28449.316
28177.916
28129.65
28294.518
28420.184
28170.518
28045.916
27768.383
27800.25
27775.25
27878.117
27852.051
27795.65
27747.783
27741.316
27691.449
27552.051
27555.051
27370.316
26795.717
27208.051
26834.184
26870.316
26854.717
27037.25
26762.65
26908.783
26893.316
26895.25
27202.184
27002.051
27341.383
27169.184
27396.449
27157.449
26703.65
26868.916
26701.518
26551.85
26766.518
26654.383
26619.584
26622.184
26520.184
26926.916
27398.783
26952.117
27422.584
27590.584
27353.783
27486.117
27192.449
27392.982
27502.65
27656.117
27825.316
27910.316
28253.518
28169.117
28481.316
28824.65
29117.449
28561.383
28453.316
28780.584
29303.316
29089.717
29581.982
29724.518
30095.65
29859.982
30013.783
29914.316
29641.383
28947.85
27940.65
27462.051
27121.117
26876.717
26597.184
26363.117
26411.184
26283.65
26162.25
26385.518
26299.449
26308.584
26252.117
26617.982
26331.518
26235.65
25897.184
25924.383
26101.051
25702.85
25954.117
25817.65
26046.717
26057.051
26127.184
26226.982
26397.584
26027.518
26172.584
26536.982
26312.982
25791.184
26104.916
26515.518
26253.65
25907.717
26173.117
26413.383
25852.916
26270.383
25578.051
25946.383
25641.117
25395.383
25537.051
25426.518
25463.65
25252.117
24732.783
25427.316
25519.916
25134.916
25149.783
25351.383
25165.783
25521.717
24958.584
25170.85
25204.184
25293.449
25301.584
25464.85
25160.25
25275.584
25462.916
25686.383
25260.316
24844.85
24886.449
25124.383
25258.316
24951.717
25066.916
25002.518
25180.316
24908.584
24954.85
24986.25
24927.85
24541.383
24356.184
24950.383
24699.783
24246.316
24178.982
24635.449
24235.916
24199.982
24322.518
24601.584
24268.982
23328.982
24082.518
24500.584
24102.982
24104.316
23700.051
23981.85
24026.65
24270.051
24252.783
24150.449
23847.184
23889.25
23878.184
23336.717
23176.316
22665.518
22958.717
22502.383
22893.982
22426.117
22539.518
23771.584
23542.117
23499.783
24109.449
23934.518
24017.783
23579.25
23360.316
23224.85
23239.383
22980.383
23057.584
23150.518
23167.051
22738.783
23040.85
23651.449
23192.783
22642.65
23007.584
23258.051
23321.25
23047.518
23153.383
23281.184
22911.783
22649.316
22227.518
22689.982
22263.85
22201.584
21796.316
21797.383
21847.051
21240.518
20787.383
20729.383
19382.584
18721.916
17935.449
18076.717
18056.449
18136.584
18361.584
19130.65
19917.982
20377.85
20409.518
20638.316
21196.518
21651.117
21570.717
21226.449
21711.783
21609.717
21696.982
21700.184
21296.449
20989.449
20857.518
21311.25
21188.982
20746.982
21419.85
21323.65
21544.051
21621.449
21501.584
21629.717
21557.117
21342.117
21418.449
21532.117
21714.383
21285.25
21303.916
21694.449
21783.25
21657.783
21711.184
21811.117
21856.518
21685.85
21207.25
21696.717
21616.717
21259.717
21082.449
21351.916
21452.783
21281.316
20870.518
21149.916
21422.584
20813.717
21433.65
21586.518
21498.25
21934.117
21638.518
21769.383
21737.982
21512.982
21661.449
21601.051
21555.449
21199.051
21265.449
21297.518
21378.717
21238.584
21349.117
21567.85
21576.783
21266.982
21021.65
21293.383
21205.783
21367.449
20947.783
21477.982
21288.184
21466.85
21468.85
21585.85
21521.117
21032.25
20738.184
21333.85
21179.518
21395.916
20952.65
20870.584
20995.25
20876.184
21210.184
20985.518
20921.65
20418.518
20406.383
20564.051
20793.117
19925.65
20199.584
20441.518
20441.916
20234.449
20058.85
20486.783
20441.65
20173.916
20332.982
20439.051
20639.316
19860.916
20089.85
20568.449
20647.518
20283.184
20159.117
20257.449
20451.584
20066.518
20081.449
20202.383
20181.051
19582.982
19894.717
19910.518
19727.051
19718.65
19831.65
19550.65
20221.982
19617.316
19540.783
19668.982
19677.85
19577.65
19007.85
19516.383
19563.717
19279.184
18984.916
19485.316
19368.85
19226.25
18715.916
19294.383
19227.117
19175.85
19257.982
18872.383
19157.25
19028.584
18557.85
18854.584
18713.117
18712.184
18201.65
18660.65
18580.383
17946.383
17593.584
18372.051
18182.717
17985.717
17896.584
18160.25
17977.383
17665.85
17586.584
18242.518
17960.916
17764.982
17627.449
18069.449
17697.584
17499.184
17394.584
18057.051
17801.316
17564.85
17526.65
17690.584
17431.449
17027.316
16731.25
17196.783
17276.117
17187.383
17483.051
17638.316
17494.184
16885.25
17535.584
17308.65
17209.316
17212.916
17129.25
17044.518
17184.584
16752.449
16724.85
16152.983
15492.25
14806.517
14139.85
13767.05
13679.717
13618.783
13538.45
14399.517
14882.917
15059.25
15456.583
15754.116
15757.05
15848.65
15776.05
15916.116
15417.45
15444.717
14711.116
15757.783
15668.517
15423.25
15361.65
15757.517
15966.917
16130.783
15796.85
16240.05
16406.05
16051.116
16113.184
16481.583
16476.917
16495.85
16588.051
16703.184
16693.717
16466.05
16067.184000000001
16976.25
16723.117
16710.916
16271.25
16969.717
17095.383
16836.783
17047.982
17104.316
16629.25
16785.717
16448.85
17008.117
16933.717
16794.916
16744.584
16764.449
16954.117
16545.383
17066.184
17036.449
17060.916
17034.717
16635.85
17322.518
17315.383
16861.916
17034.85
17693.449
17417.051
17160.117
17644.717
17852.65
17537.783
17274.051
17437.717
17109.184
17234.65
16722.117
16900.449
17221.184
17130.184
17119.383
17556.117
17231.518
17354.449
16756.783
16568.85
17473.65
17303.051
17127.65
17280.717
17113.383
17242.316
17331.783
16986.383
17037.117
17013.916
16966.25
16956.717
17116.783
16811.25
16870.916
16734.916
17087.184
16834.117
16939.584
16897.717
17313.85
16924.518
16949.117
16862.117
17119.449
17327.051
17347.783
17207.85
17155.85
17032.85
16891.982
17120.65
17312.982
17363.982
17378.982
16959.783
17597.783
17452.916
17434.383
16889.982
17446.184
17397.584
17186.25
17038.717
17162.117
17291.783
17440.184
17305.316
17405.518
17144.783
17226.916
17398.916
17144.518
17229.85
17103.117
16951.25
17068.518
17191.383
16946.518
16879.916
17008.916
17236.316
16341.583999999999
17091.316
17079.117
17021.982
16341.916000000001
16744.916
17063.584
17117.383
16990.982
16997.85
16937.783
17100.051
16774.717
16710.916
17133.717
16849.85
16928.316
16585.85
16821.85
16881.982
16575.65
16483.383
16824.117
16412.783
16417.384
16221.917
16566.717
16458.384
16121.783
16449.45
16418.05
16176.05
16307.717
16447.116
16256.717
16227.116
16009.25
16019.25
16325.116
16045.917
16152.05
15808.316
15890.45
15948.717
15843.316
15941.983
15753.783
15671.717
15628.717
15579.517
15836.316
15784.917
15762.116
14853.05
15217.517
15123.316
14971.25
14387.917
14335.45
14425.917
14069.717
13469.517
14011.184
13859.05
13069.583
13464.384
13391.917
13043.05
13187.717
12670.783
12817.917
12663.116
12384.45
12507.917
12775.783
12615.184
12793.05
11560.983
12330.05
12421.05
11945.05
12282.517
12517.05
12552.116
12259.983
12672.517
12891.783
12904.384
13066.05
13468.717
13398.65
13224.583
13326.917
13126.116
13130.05
13301.384
13285.517
12746.517
13210.783
13050.783
12768.65
12176.517
12541.983
12363.05
12035.583
11959.783
11838.25
11932.85
11756.45
11612.316
12012.316
12008.917
11843.783
11886.184
11981.65
11827.85
11743.25
11625.116
12053.583
11903.25
11528.983
11981.517
12343.783
12114.45
11846.517
11968.25
11962.05
11998.517
11939.85
11814.384
11897.917
11642.45
11116.25
11665.384
11544.116
11685.583
11761.65
11312.25
11803.783
11663.583
10970.116
11281.05
11506.783
11351.316
11395.25
11655.45
11751.05
11699.316
11867.65
11790.384
11938.65
11772.783
11772.45
11453.316
11701.65
11802.384
11481.384
11488.517
11759.983
11717.116
11468.25
11913.65
11947.184
12078.25
11634.85
11840.717
11995.316
11904.05
12157.983
11445.05
11947.45
11830.05
12011.65
11580.05
12255.25
12007.85
12136.65
11749.517
12272.85
12208.45
11907.717
11744.45
11950.384
11717.583
11634.517
11879.316
11797.05
11644.384
11331.45
11295.05
11560.85
11724.717
11573.25
11713.25
11705.316
11559.184
11341.717
11584.45
11644.384
11514.316
11801.45
11169.45
11498.917
11764.384
11729.25
11440.983
11483.917
11064.184
10800.717
11209.583
11107.517
11179.05
10410.517
10969.783
11256.85
11080.783
10818.116
11133.783
11353.65
10971.05
11107.25
10958.85
11214.983
10874.783
10594.65
10570.517
10929.25
10880.583
10420.25
10727.583
10664.45
10869.583
10670.783
10740.184
10820.983
10661.384
10466.717
10711.583
10831.983
10742.384
10594.717
10907.384
10663.65
10764.85
10673.384
10514.85
10639.85
10665.65
10468.184
10366.25
10428.983
10493.184
10233.25
10111.384
10572.25
10579.384
10279.983
10342.85
10554.116
10575.783
10167.316
10239.384
10441.983
10235.384
10016.717
10409.116
10399.25
10191.116
10392.983
10178.65
10242.983
10170.116
9904.25
9553.783
10259.05
9911.783
10133.517
9945.983
10081.45
9853.384
9834.85
9653.116
10019.85
9888.717
9810.917
9527.384
9801.05
9848.85
9641.583
9619.65
9898.25
9868.116
9361.25
9528.25
9823.316
9776.05
9093.316
9287.45
9700.45
9663.184
9518.65
9207.25
9788.717
9646.184
9560.583
9320.384
9487.316
9299.05
9196.65
9345.983
9476.717
9309.717
9102.517
9198.116
9600.45
9628.517
9381.65
9118.184
9239.517
9366.25
9191.517
9016.384
9361.05
9242.85
9216.184
8913.783
9099.05
9157.384
9145.45
8987.517
9177.783
8993.25
9394.983
8695.85
9113.917
9088.05
8844.917
8432.917
9134.783
9073.184
9109.783
8782.316
8907.917
8745.983
8852.917
8972.917
9270.25
8478.917
8777.184
8566.45
8843.983
8283.383
7902.85
7292.517
7138.583
6364.117
5602.85
5088.05
4519.25
3812.05
3474.783
2816.45
3128.383
3044.05
2773.05
2967.317
3837.65
4001.45
3961.6499999999996
4894.983
5393.917
5657.517
5966.85
5279.383
6042.783
5668.183
5531.65
5216.383
5021.383
5098.783
4803.25
4576.45
4956.183
5027.117
4966.117
4775.983
5488.25
5262.583
5282.917
5869.717
5909.517
6146.783
5799.317
6301.983
6459.983
6411.983
6431.45
6671.25
6926.85
6944.45
6493.45
6732.65
7240.65
7265.05
6845.583
7330.45
7577.317
7697.783
7599.983
7618.783
8060.383
8031.383
7422.05
7546.85
8231.383
8308.05
8102.85
7837.983
8379.25
8207.65
7985.183
7982.583
8468.117
8273.25
7409.317
8283.917000000001
8414.317
8517.05
8160.317
7954.983
8451.317
8339.783
8173.783
8083.183
8213.25
8328.983
7932.917
7759.983
8691.783
8277.582999999999
8065.917
8091.717
8447.117
8317.517
8163.717
8166.383
8356.85
8296.517
8131.317
8085.383
8427.45
8390.517
8225.117
8133.783
8454.917000000001
8375.717
7827.717
8030.317
8344.65
8250.983
7919.45
7833.183
8255.05
8115.117
8156.317
7919.983
8186.117
8316.05
8010.583
7553.983
8326.317
8195.783
8204.517
8014.05
8524.25
8244.783
8076.783
7840.05
8312.383
8134.583
7689.517
7547.317
8202.517
8098.383
8136.383
7535.917
8229.45
8087.383
7959.85
8021.25
8206.783
8172.85
7986.383
7916.717
8413.582999999999
8226.25
7385.45
7750.517
8314.517
8087.583
8050.583
7930.517
8304.117
8185.917
7760.717
7556.85
8133.05
7973.983
7944.783
7814.117
8143.05
8139.583
7954.85
7529.317
8202.183
8105.383
7759.783
7466.45
8034.383
8179.05
7874.317
7809.917
8141.517
7781.317
7724.45
7851.317
7866.85
7786.717
7630.117
7474.117
8039.65
7867.583
7480.85
7436.983
7882.45
8036.25
7374.783
7425.717
7898.65
7824.183
7845.117
7607.65
7813.85
7746.25
7690.183
7386.183
8006.517
7755.717
7495.383
7463.05
7848.317
7757.917
7577.183
7102.917
7710.583
7666.983
7550.117
7035.983
7816.183
7638.917
7134.05
7564.717
7628.783
7532.85
7139.383
7242.983
7414.717
7515.25
7302.317
7212.183
7523.25
7287.85
7281.45
7074.783
7388.183
7406.383
6936.517
6898.65
7378.983
7341.85
7054.917
7008.05
7034.517
7236.45
6807.983
6959.183
7028.783
7088.65
6888.983
6672.917
7231.05
7100.183
6726.583
6395.85
6958.85
7122.983
6938.517
6633.383
6968.25
6936.65
6250.45
6677.917
7063.317
6739.45
6573.983
6645.583
6873.117
6907.317
6508.25
6391.717
6773.45
6888.983
6707.983
6619.517
6930.583
6739.317
6458.317
6189.117
6827.183
6650.583
6865.45
6365.783
6885.05
6791.25
6287.583
6342.65
6805.917
6657.65
6419.717
6526.517
6803.117
6721.717
6296.583
6263.983
6847.983
6582.25
6444.583
6488.583
6729.783
6598.117
6160.45
6056.85
6448.183
6389.383
5893.65
6015.383
6505.983
6349.05
6491.05
6151.717
6514.983
6374.05
6581.317
6212.317
6439.983
6336.983
5977.45
5979.783
6425.583
6317.25
5842.117
5324.517
6276.583
6311.117
5849.05
6036.05
6299.517
6072.383
5936.983
5896.45
6232.05
6059.45
5864.983
5520.117
6111.717
6164.05
5456.717
5630.583
6188.983
5972.45
5701.45
5473.583
6073.85
6067.183
5971.65
5571.983
6132.85
6072.783
6010.05
5875.583
6068.917
5953.117
4693.05
5200.45
5957.183
6050.783
5666.317
5398.917
5928.05
6057.717
5394.85
5394.717
5821.65
5797.517
5331.45
5354.983
5850.25
5823.517
5172.183
5178.85
5709.983
5664.05
5424.783
5427.317
5673.783
5589.85
5168.65
5559.383
5645.383
5668.583
5131.983
5375.383
5751.717
5537.383
5077.717
4966.983
5585.583
5601.317
5435.05
4874.383
5665.45
5527.717
4867.05
5011.517
