266.883
66.033
-139.11700000000002
154.5
453.217
132.3
210.28300000000002
239.833
236.35
250.233
121.083
-170.833
206.35
206.63299999999998
17.75
-43.433
350.08299999999997
-3.566999999999993
56.483
361.16700000000003
417.41700000000003
182.03300000000002
461.683
141.367
274.017
192.833
228.88299999999998
-124.167
196.417
196.567
326.683
22.5
277.483
195.9
234.15
23.566999999999993
549.55
465.1
80.617
-69.3
238.017
123.5
-14.25
176.1
194.417
224.36700000000002
143.483
233.36700000000002
210.21699999999998
239.96699999999998
-41.783
41.167
605.283
272.567
-15.917000000000002
-266.433
425.883
446.433
18.882999999999996
38.233000000000004
367.683
429.433
373.41700000000003
224.5
404.41700000000003
361.5
155.817
319.7
385.617
386.1
315.15
-140.433
443.883
281.767
31.150000000000006
81.233
372.617
194.233
141.61700000000002
64.633
295.617
487.633
202.15
66.767
233.817
335.033
20.083
5.233000000000004
242.683
197.3
495.217
-3.700000000000003
181.75
218.767
330.41700000000003
-64.567
186.417
257.3
197.483
91.433
404.883
355.367
-235.71699999999998
23.833
396.75
303.767
221.88299999999998
202.833
462.217
290.567
-9.516999999999996
270.9
104.083
319.433
245.817
275.767
405.483
279.9
543.417
-223.9
315.08299999999997
373.7
105.083
346.767
382.95
446.83299999999997
246.15
95.9
343.217
235.567
-64.917
105.167
326.483
299.9
126.55
11.700000000000003
403.483
435.633
55.150000000000006
-240.167
349.817
313.567
80.083
133.7
280.617
410.033
332.55
39.167
293.08299999999997
325.3
-289.783
-143.03300000000002
300.683
208.433
167.083
-8.900000000000006
330.55
259.5
48.68300000000001
208.96699999999998
399.41700000000003
286.033
239.75
-116.9
444.283
405.367
422.683
147.9
483.283
272.16700000000003
160.083
335.83299999999997
395.217
68.833
368.41700000000003
-169.767
129.61700000000002
220.36700000000002
1.1500000000000057
356.033
580.683
418.033
160.28300000000002
-93.033
491.08299999999997
155.63299999999998
450.15
24.967
385.35
365.16700000000003
318.683
387.367
511.95
344.367
420.017
306.9
330.35
221.567
378.15
-352.83299999999997
384.15
351.567
164.55
134.233
134.88299999999998
319.033
466.817
182.03300000000002
246.95
302.767
115.883
-204.5
267.35
379.367
454.55
185.96699999999998
381.95
302.7
43.483000000000004
-312.767
431.95
238.3
-59.583
15.966999999999999
262.95
191.1
-1009.983
-98.1
121.95
267.433
237.883
-75.567
560.283
393.367
252.35
57.3
261.483
225.96699999999998
-120.65
425.3
516.15
278.767
-189.983
32.033
310.283
313.5
-122.65
343.1
374.41700000000003
255.233
382.683
338.567
333.283
403.633
237.617
185.3
368.817
253.96699999999998
395.017
22.833
397.95
426.83299999999997
332.283
-70.9
217.417
313.767
64.61699999999999
-291.967
369.683
342.433
253.95
-130.03300000000002
342.283
322.433
211.95
78.033
353.483
344.9
-157.917
197.767
323.817
66.833
-152.983
155.1
259.217
206.7
303.217
166.36700000000002
259.617
511.033
89.683
164.7
374.017
526.567
381.017
154.7
212.15
275.1
89.217
489.7
350.35
202.9
-159.71699999999998
91.1
207.21699999999998
281.9
261.617
-19.766999999999996
532.95
546.1
19.549999999999997
280.83299999999997
361.08299999999997
330.83299999999997
217.15
86.9
322.35
367.567
69.417
117.033
282.617
308.3
160.28300000000002
283.5
458.483
419.233
387.683
83.967
543.483
159.433
365.95
-165.96699999999998
343.41700000000003
157.03300000000002
-104.05
270.967
312.483
173.7
515.817
366.16700000000003
343.41700000000003
226.3
596.017
44.766999999999996
343.483
248.63299999999998
-74.717
237.833
601.35
380.767
509.817
-81.567
395.817
312.9
343.75
146.167
299.883
469.967
-102.78299999999999
168.833
558.617
273.63300000000004
78.217
121.1
294.683
296.9
458.41700000000003
131.433
601.95
506.83299999999997
640.083
386.433
641.417
441.433
162.617
257.767
300.88300000000004
514.767
686.017
106.1
625.35
506.567
443.817
588.033
517.15
417.16700000000003
252.417
552.767
398.017
662.367
22.417
179.1
463.15
435.83299999999997
460.217
298.3
774.75
453.63300000000004
605.483
437.9
586.483
547.5
577.55
208.16699999999997
902.483
367.033
476.08299999999997
409.5
749.883
427.033
599.683
483.367
489.617
731.633
635.95
523.5
469.417
730.233
500.683
315.567
815.15
612.1669999999999
512.283
439.167
428.417
523.8330000000001
647.55
523.233
756.4169999999999
638.567
427.483
359.367
516.017
617.3
513.95
398.967
751.0830000000001
321.3
579.217
317.967
529.4169999999999
425.367
608.0830000000001
686.633
571.4169999999999
309.3
628.817
801.033
308.883
724.8330000000001
575.0830000000001
624.8330000000001
648.683
611.767
447.683
812.567
982.483
493.967
504.88300000000004
1082.967
720.883
933.967
314.48299999999995
496.23299999999995
962.483
786.5
907.55
973.633
499.817
476.76700000000005
595.483
560.767
1108.483
921.967
402.75
880.767
763.15
989.233
1013.683
832.233
756.283
1099.9
380.54999999999995
664.1
782.617
937.1
1258.083
1187.5
1102.883
1050.367
855.95
956.5
982.95
886.5
526.75
740.233
1091.15
904.233
1168.283
732.767
1220.55
1134.167
1221.617
1039.367
1194.617
1118.367
710.683
1170.967
1035.483
945.767
874.95
1018.767
1015.617
1118.633
1025.683
804.5
1122.35
895.633
868.55
743.5
1206.35
1096.633
1034.617
1093.767
1204.617
965.5
964.883
861.9
1130.217
1178.567
1069.55
812.167
1309.15
1039.567
1079.483
1069.167
1200.417
1090.767
582.15
1015.0999999999999
1085.883
1137.3
1178.75
1347.9
1474.017
1277.233
1292.55
1267.167
1398.15
1463.233
1298.217
1366.033
1352.417
1355.3
1525.483
1378.367
1767.683
1241.5
834.4169999999999
1098.033
1307.95
1582.1
1310.217
1389.9
1741.15
1552.367
1468.75
1405.233
1619.217
1679.033
1701.817
1410.633
1780.617
1464.233
1378.35
1286.567
1346.95
1279.233
1599.35
964.3
1343.15
1454.967
1676.417
1299.3
1609.417
1504.3
1699.55
1522.767
1587.617
1670.367
1653.683
1556.233
1858.817
1429.233
1952.083
1705.833
1750.417
1665.567
1573.883
1758.7
2015.617
1371.367
1489.883
1778.033
2028.95
1758.433
1818.95
1579.167
1663.75
1547.5
1638.017
1752.167
1704.35
1986.567
2252.083
1524.033
2101.15
2095.567
1955.15
1880.567
1941.55
1809.567
1760.017
2077.367
2013.683
1814.433
1625.217
1744.167
1684.217
1658.5
1991.083
1854.5
1996.75
2202.767
1995.283
2137.433
2343.75
2071.7
2398.617
2230.5
2570.017
2313.5
2161.283
2392.367
2403.883
2306.567
2112.483
2285.233
2099.283
2189.1
2058.683
2255.367
2246.15
2043.3
1737.283
1998.967
1954.55
1976.367
1791.35
1727.767
1998.017
1755.767
1714.617
1419.433
2047.483
1632.833
1942.35
1916.367
2098.15
2532.367
2305.55
2557.367
2411.283
2567.433
2722.283
2331.9
2533.083
2503.833
2235.417
2169.233
2459.083
2310.967
2563.75
2134.9
2392.883
2450.433
2400.817
2563.3
2507.817
2531.833
2689.75
2637.1
2684.217
2707.433
2610.217
2330.033
2673.817
2714.833
2546.417
2785.367
2873.15
2734.433
2625.483
2346.167
2857.417
2723.967
3010.883
3299.167
3335.35
3671.233
3655.617
3509.1
3447.75
3375.633
3488.417
3082.967
3638.083
3325.9
3510.417
3408.167
3660.817
3168.367
3335.883
3478.767
3361.017
3390.033
3176.683
2881.9
3479.75
3550.633
3442.683
3599.3
3732.817
3721.7
3594.217
3375.567
3729.417
3690.3
3198.55
3413.967
3380.75
3595.633
3456.083
3662.833
3852.817
3618.967
3515.283
2989.3
3290.35
3406.167
3445.883
3142.3
3554.75
3245.033
3308.75
3110.9
3063.483
2998.433
2916.75
3004.233
3025.283
3115.567
2917.483
3050.633
2836.617
2986.633
3107.283
3181.1
3476.283
3609.567
3712.55
3873.1
3704.083
3775.967
3356.883
3843.167
3623.683
3625.833
4145.282999999999
3804.9
4492.883
4495.833
4396.95
4585.567
5151.483
4658.1
4802.15
4280.3
4455.95
4391.633
4052.55
3784.967
3887.35
3730.5
3527.617
3657.5
4125.35
3727.3
4008.483
4035.633
4514.083
4450.767
4621.817
4375.9
4244.483
4116.5
3789.283
3663.767
3782.817
3399.967
3265.217
3135.9
3195.883
3157.1
2591.083
2937.233
2925.55
2605.7
2297.617
3043.433
3067.283
3173.833
3457.617
3159.633
3963.55
4175.367
4242.217000000001
4087.833
4180.4169999999995
3972.367
3606.617
3780.367
3708.683
3889.5
3858.017
3696.9
4230.75
3913.033
4056.283
3955.767
4142.4169999999995
4100.767
4013.417
3460.5
4074.083
3928.567
4078.55
4023.633
3923.95
3957.967
3971.017
3961.967
4638.417
4662.1
4646.217
4886.9
5024.55
5114.767
5087.883
4923.767
5243.083
5016.9
5404.75
4972.9
5431.483
5839.3
5171.883
5411.367
5516.083
5293.767
5297.683
4609.3
4533.817
3990.1000000000004
3790.483
2909.1
2819.95
2347.033
2190.55
2184.1
2708.217
2955.3
3285.95
3749.7
4052.883
4235.1
4485.483
4909.033
5186.483
5559.1
5441.683
5435.567
5607.617
5056.1
4950.083
4702.033
4360.683
3638.033
3396.817
3100.3
3082.083
3410.433
3553.617
4052.567
4865.55
5102.9
5300.683
6103.7
6341.017
6416.167
6796.75
6502.5
7201.017
7233.3
7630.35
7338.833
7277.95
7695.5
7461.55
7512.767
7674.617
7486.167
7759.083
7550.7
8189.017
7994.3
8146.883
7870.5
8384.35
8205.967
8037.683
8105.634
8634.417
8422.5
8369.417000000001
8150.5
8313.95
7876.433
7954.883
8139.167
8189.617
8601.033
8353.417000000001
8474.833
8522.684
8260.967
7965.483
7737.7
7952.617
8220.167000000001
8417.55
8307.633
8301.217
8296.967
8221.35
8116.433
8033.283
8000.033
7861.483
7937.033
8384.817
8164.1
8316.883
8028.633
8179.683
8371.767
8171.083
8569.1
8679.884
8704.5
8789.217
8885.767
8983.95
9314.833
9521.55
9344.634
9265.35
9212.167
8589.884
8096.9
8270.883
8214.433
8127.35
8061.3
8346.15
8554.7
8677.083
9279.167
9224.017
9765.7
9707.95
9744.3
9734.75
10138.767
9501.75
9648.033
10079.483
9632.967
9687.75
9888.167
9855.217
9672.033
10252.75
9721.7
10078.283
10012.5
9901.95
9647.767
9942.684
9780.967
9818.816
9255.967
9907.816
9709.167
9688.75
9300.033
9686.15
10027.233
10228.35
9842.5
10157.083
10235.7
10057.017
10032.833
9999.616
9016.233
9467.616
9485.1
9599.884
9113.233
9736.417
9536.767
9639.95
9350.767
9335.283
9692.634
9812.35
9729.833
9810.017
9585.634
9379.15
9343.967
8790.884
9037.7
9725.55
9460.5
9618.417
9952.1
10264.017
10312.634
10529.616
10172.3
10312.55
10460.033
10373.816
9973.967
9801.417
9309.434
9520.35
8748.5
9417.15
9627.634
9307.816
9268.434
10061.483
10044.566
9538.017
9568.434
10332.95
10543.167
10210.75
10061.366
10194.55
10260.3
9992.283
9933.967
10138.483
9925.7
10238.017
10494.033
10198.15
10449.3
10694.55
9843.434
10131.816
9974.5
9601.483
9903.833
9202.483
9500.5
9480.35
10423.233
10336.217
10174.033
10157.684
9734.634
10019.75
9966.967
10297.083
9964.5
9750.884
9217.5
9111.55
8793.9
8473.75
8383.1
7802.417
7677.567
7702.95
7674.767
8134.883
8543.634
9416.55
10006.566
11041.15
11190.5
12119.75
11333.7
10850.283
11263.1
11159.616
10950.3
11709.417
11817.3
12034.283
11866.634
11785.95
11154.1
10730.217
10409.5
10635.417
10551.5
11807.616
11271.1
11873.483
11927.833
12243.417
12308.167
11944.684
12639.5
12747.483
13363.5
13278.816
13381.634
13634.616
13974.033
12963.616
13188.967
12572.15
12862.767
12853.884
13261.167
12735.55
12513.1
12079.816
11891.5
12181.15
11899.9
11037.017
11906.233
11774.616
12542.634
12711.283
12734.1
13620.884
13227.233
12890.283
13191.3
13193.884
12982.3
12950.95
13092.366
13559.483
13946.634
14030.884
13655.233
13794.483
15334.1
14145.816
14193.767
14452.616
13878.233
14415.816
14373.967
14976.35
14448.9
13923.083
14257.9
14447.283
14361.434
13851.95
13759.967
14854.75
15277.566
14956.684
14319.566
14680.417
14480.767
14318.417
13504.634
14401.35
14289.3
13943.884
13241.634
13847.017
14093.9
14109.95
13668.634
14671.816
14707.434
14462.884
14871.7
15024.083
15738.566
15055.083
14864.366
15465.884
14997.566
15344.816
14495.566
14825.417
15526.634
15060.15
15184.767
15227.217
14839.3
15064.95
15429.5
16059.95
15808.434
15748.483
15939.167
15793.017
16191.366
16659.816
16244.233
16210.283
15772.434
15807.35
15291.767
15752.283
15379.233
15765.083
15041.634
14679.417
14956.833
14834.75
14519.434
15136.55
14656.033
14793.884
14854.967
14830.816
14921.634
14776.15
15308.167
15820.083
16148.634
15303.217
15430.434
15494.017
14950.033
15737.15
15327.833
15893.217
15899.9
16244.684
16264.033
16393.017
16633.767
16080.017
15633.033
17286.15
16668.167
16616.018
16816.699
17109.684
15904.167
16645.15
15882.566
16864.883
16593.967
15890.15
16430.167
16909.617
16599.232
16729.017
17655.033
17080.617
16506.566
16349.884
16125.434
16006.083
16558.5
17214.617
17126.699
17771.35
17905.033
18292.816
17787.232
17850.15
18179.301
17977.617
17928.566
17949.35
18076.967
18471.883
18151.434
18842.482
18619.166
18771.018
19173.5
19077.217
18990.033
18535.482
18627.1
18954.816
18526.9
18421.482
18203.5
18878.482
18572.768
19583.617
18803.367
18481.217
18940.699
19039.617
19772.834
19826.816
19914.9
19353.551
19625.699
19147.684
19329.566
19068.283
19447.9
19661.883
21439.699
19788.482
20685.367
20973.416
21178.699
20623.084
21906.1
21361.684
21679.1
22368.018
23065.5
21886.75
22447.9
21924.617
22163.566
23781.482
22341.5
22453.283
21653.9
21629.35
21722.834
22372.816
22269.967
22740.35
23495.566
22948.617
23722.633
24365.283
25012.033
24997.482
25205.633
26004.283
26663.768
25990.15
24685.768
25504.018
25733.967
25010.949
25513.033
26176.482
26197.5
25993.35
26501.301
27092.684
26414.768
27890.949
28592.5
28132.684
27566.301
28640.35
28483.768
28498.75
28212.1
28591.283
28661.033
28477.217
28546.633
28098.283
28379.367
29272.551
30000.5
30400.018
30731.301
32089.018
32346.834
31801.551
32484.768
32482.15
32234.434
32260.482
31312.699
32336.551
31452.301
31439.084
33030.898
33611.75
33941.965
34039.816
34200.566
34972.484
34122.699
34378.148
33841.766
34126.883
34345.766
33806.352
34531.898
35300.684
35628.102
35824.684
35956.5
36417.883
36423.633
35795.949
36071.168
35910.551
36036.434
35362.949
35969.5
36054.551
36228.234
36699.75
36156.699
36026.148
36255.766
36365.215
36381.367
36451.684
36780.234
36523.883
36648.102
36935.285
36694.168
35552.352
35052.035
33370.352
31990.033
31036.416
30728.434
30647.15
31135.1
31040.482
32410.5
33993.949
34559.102
35172.215
35343.699
35613.949
36544.234
37544.949
37183.766
37900.418
37954.234
37637.816
36851.102
36564.75
36747.633
37374.75
37689.566
38181.016
38780.898
39682.949
40200.898
40385.617
40377.766
39663.617
39428.766
38961.617
39258.367
39345.082
39336.367
39284.352
38586.367
38160.016
38003.633
37402.418
37484.699
37779.215
37551.168
39008.684
39232.5
39610.215
40257.5
40497.816
39627.766
39858.016
39459.301
39482.949
39886.234
40226.285
40658.168
41721.484
41606.301
42175.551
41637.566
41662.816
41183.234
40490.148
40626.965
40571.418
40781.699
40556.418
40774.234
41373.949
41706.5
41249.418
41326.301
42331.883
41847.301
42217.684
41448.301
42073.484
41484.234
40531.883
40030.699
39619.082
39586.566
39824.484
40103.434
40531.75
41741.566
41407.285
42279.898
41701.352
41743.5
41508.75
41111.898
40712.016
40321.301
39612.352
39795.766
39825.148
39611.301
39799.617
39745.367
39494.016
39566.035
39479.285
39595.301
40090.082
40552.566
40478.016
41023.699
41719.883
41989.434
41832.883
42218.898
41914.352
41859.035
41030.684
40583.832
40057.082
40404.434
40823.551
40620.301
41491.082
41794.965
42473.352
42729.965
42698.215
42647.766
43501.418
43782.102
44353.148
44407.434
44084.617
43927.102
43639.551
43684.566
42919.215
42715.102
42801.016
42822.965
42458.148
42365.301
41454.883
42088.832
41732.352
42149.832
42003.883
42962.234
43471.617
44123.633
44538.617
44851.367
43904.484
44019.965
43430.418
43498.898
43875.082
43531.699
43527.883
43079.168
43521.082
43887.434
43896.551
44126.5
44160.617
44640.699
45074.949
45977.633
45169.949
45051.5
44297.285
44318.434
43542.148
43528.367
43403.883
43120.102
43772.352
43907.035
42057.617
43290.633
43195.418
42846.566
43004.617
42752.699
42658.148
42954.102
43457.816
43829.5
43865.883
43727.633
43923.684
44654.301
44712.285
45047.5
44760.484
44161.566
42776.016
41238.434
40356.949
38834.102
37158.285
36613.168
37321.285
38368.434
40729.484
41470.566
40824.418
40862.633
41120.418
40570.965
40957.148
40440.035
39883.816
40849.699
42086.949
43123.168
42997.285
43451.566
43660.352
44119.566
44986.418
44422.633
44330.215
44436.035
43584.617
44089.566
44574.617
44604.367
44397.082
45278.832
45675.352
45720.434
45753.352
45036.234
44887.148
44537.102
44760.617
44454.5
43712.285
43502.035
42982.883
44044.234
44831.352
45582.301
45269.75
46003.699
46895.617
47262.832
46716.684
46223.766
46648.551
46023.301
45892.215
45229.832
45938.082
46469.5
45935.75
45644.965
45280.484
44171.898
43491.148
41856.766
40675.148
40270.5
40349.551
40773.301
41331.949
42516.5
42747.285
44117.699
44386.484
44501.234
45096.285
45323.898
45794.816
45976.5
46172.285
46652.102
47503.484
46818.234
46423.148
45626.965
45486.617
45297.898
45173.617
45182.301
45272.148
45999.102
47004.352
47025.367
47038.352
47022.168
46916.082
46626.832
46625.551
46653.301
45488.082
44936.234
44543.883
43833.766
42927.285
42482.965
42828.215
43130.5
43612.883
44055.035
44756.816
44827.301
44565.148
44426.633
44624.883
44352.898
43918.684
44029.168
44521.684
44996.301
45164.285
45214.699
45771.016
46309.301
46245.082
46314.832
46065.75
45853.301
45234.949
44474.566
44062.75
43168.699
42152.684
43469.766
43393.082
43707.898
43878.285
44587.633
44631.551
45051.699
44504.352
44607.965
44908.816
44450.102
44304.684
44135.234
44051.883
43694.234
42962.215
42511.434
42615.285
42681.766
42199.75
41482.035
41817.484
41689.699
41353.148
41359.832
41601.352
41876.102
42158.949
42663.898
42800.352
43346.434
43032.352
42875.367
43374.352
43290.832
42060.484
42822.168
42400.418
42435.434
42644.617
41992.699
42100.484
42970.301
43179.148
43582.566
43445.75
43564.234
43489.949
43215.699
43696.684
43211.832
42629.082
42559.832
42927.215
43321.5
43527.484
42765.168
42937.484
42789.832
42347.418
42658.5
42778.418
42696.434
42452.551
42665.301
42419.418
42563.5
42029.949
41745.434
41674.949
41586.965
41813.352
41382.367
42242.75
42510.832
43044.75
42364.699
42589.148
42618.699
42875.285
42709.633
42498.418
42656.5
42614.75
42397.035
42361.551
42453.301
42088.617
41644.832
42072.215
42147.965
42249.883
42215.633
42419.484
42462.234
42322.016
42703.168
42771.684
43025.832
42156.75
41697.633
41934.684
41425.766
41511.949
41248.367
41808.883
42335.965
42209.684
42018.301
42360.148
42264.301
42533.285
42395.898
42455.016
42779.699
42623.484
42542.234
42783.684
42815.965
42655.949
42530.965
41803.082
42080.434
41231.148
41486.102
41521.016
41428.168
41112.016
41226.965
41191.551
41104.168
41164.148
41509.5
41190.148
41721.898
41543.75
41474.898
40910.285
40556.633
40137.484
40299.434
39901.617
39903.5
39617.816
40240.168
40398.551
40467.5
40275.484
39947.234
40961.082
41211.766
41520.484
41609.102
42156.883
42363.434
41675.016
41477.965
41313.082
41276.035
40458.418
40599.898
40804.418
40808.301
41132.285
41055.965
41554.484
41461.168
41525.949
41334.766
41617.551
41266.168
41004.684
40515.699
41108.883
41208.832
40385.949
41258.5
40841.215
41221.234
41445.148
40897.5
41185.949
40739.965
39939.949
39503.965
39986.617
39721.5
39426.016
39796.434
39850.816
40823.832
40592.082
41273.898
41395.949
41086.102
41027.016
41416.168
41751.551
41224.234
40676.215
40377.566
40356.883
39798.035
39658.215
39536.168
40099.082
40158.102
40125.082
40091.434
40689.148
40747.168
40381.883
40109.965
40129.551
39782.965
39109.684
38619.301
38778.684
38691.699
38279.551
38612.633
38949.082
39500.168
39740.75
39819.965
40133.215
40379.898
40769.883
40666.965
40834.285
40616.5
40434.148
40974.301
40339.551
40805.367
40482.75
40062.168
40602.551
40516.566
40635.949
40275.234
40092.949
40032.5
40036.883
39457.832
39623.352
39332.367
39177.816
39479.832
39173.816
38918.035
38879.484
38739.168
39583.418
39836.5
39036.949
39134.699
39705.816
39657.633
39516.016
40067.035
39559.016
39251.766
39128.352
38376.301
38823.816
38071.566
38258.883
38167.434
38083.883
38675.898
38414.352
38753.898
38713.352
38583.367
38970.148
38886.102
39262.883
39188.035
38720.816
38775.234
39000.352
39134.633
38306.816
38648.035
38795.352
38868.965
38264.617
38728.633
39353.883
38976.168
38698.617
39568.102
39631.551
39511.898
39199.617
38797.367
39366.148
38857.102
39083.949
39053.168
38764.816
38982.5
38885.285
38624.832
38969.352
38711.699
38055.551
38212.301
38533.883
38311.566
37688.285
37710.168
37421.617
37237.301
37082.148
36660.633
37227.949
37261.965
36895.352
37853.102
37769.016
37977.301
37884.215
37552.234
38112.148
37815.234
37436.215
36907.035
37309.418
37363.766
36512.551
35688.965
34945.352
34155.699
33577.215
32930.232
32583.35
31962.1
31469.283
32532.834
33176.949
33229.168
33849.551
34558.234
35708.016
35488.699
36024.082
35861.965
35811.883
36002.5
35534.883
35300.102
35461.484
35401.234
34961.016
35059.168
35162.684
35369.367
35277.016
35091.898
35532.684
35368.5
35435.617
35287.434
35718.418
35581.633
35171.215
35648.699
35426.148
35148.5
34703.215
34328.566
34364.816
34378.699
34426.016
34660.234
34484.352
34879.699
35019.484
34851.035
35132.484
35612.898
35240.484
34980.766
35243.215
35419.035
35267.418
35400.5
35264.352
34847.633
34695.285
34714.832
34871.883
34807.566
34039.352
34429.301
34360.617
34633.898
34453.617
34315.633
34391.352
34525.234
34868.215
34362.102
34625.082
34883.566
34362.949
34613.102
34633.949
34556.766
33998.082
34151.965
34056.883
34112.633
34215.148
34128.566
33981.883
33992.301
33387.816
33741.633
33535.285
33808.832
33337.215
33670.367
34288.016
33928.301
34378.082
34344.699
34255.016
34644.633
34405.082
34468.367
34508.418
34364.633
34577.617
34410.633
34546.816
34334.965
34545.816
34282.633
34737.352
34128.301
34175.617
33913.035
34181.949
34334.168
33868.949
33708.168
33837.352
33862.5
33834.949
33926.301
33985.148
34073.367
33995.949
33970.5
33914.285
33590.965
33142.816
32985.965
33256.816
32734.5
32440.75
32555.9
33041.816
32960.434
32480.482
32536.1
32869.617
32669.367
32408.684
32131.768
32408.684
32200.768
31796.949
31372.1
31675.35
31795.367
31760.684
32032.301
31936.35
31986.834
31376.416
31602.033
31230.684
31094.9
30397.883
30231.967
30264.35
29821.768
29795.551
29129.633
29503.75
29200.033
28637.75
27863.1
27765.75
27845.166
27636.018
27051.967
27324.617
27279.033
27540.816
27605.434
28218.283
28639.699
29378.217
30113.301
30287.15
30438.699
30469.883
30692.699
30546.084
30178.1
30262.482
29967.301
30262.75
30037.834
30342.084
30408.1
30715.35
30640.633
30887.816
30772.1
31219.551
31119.232
30846.018
31148.367
31462.75
31188.166
30881.617
30663.967
31003.482
30894.768
30674.949
30621.301
30720.684
30773.834
31096.949
30368.434
30882.482
30855.768
30896.018
30736.5
30975.617
30791.9
30344.883
30337.033
30490.949
30682.768
29949.75
29909.768
30057.684
29815.834
29716.416
29936.967
30052.018
29752.301
29667.816
29409.768
29361.084
29433.566
29482.283
29445.5
29413.283
29315.5
29368.217
29240.301
29126.35
29108.1
28885.15
28365.633
28744.883
28309.5
28394.283
28441.566
28533.75
28378.633
28496.551
28371.967
28448.482
28775.9
28568.15
28863.768
28701.883
28909.768
28673.217
28078.5
28210.684
27937.9
27747.35
27963.434
27804.949
27788.633
27813.482
27780.834
28224.883
28715.1
28309.416
28821.633
28972.684
28700.699
28837.084
28508.967
28779.482
28942.768
29086.883
29281.232
29347.217
29750.834
29659.816
30014.1
30390.617
30676.232
30132.217
29997.301
30305.617
30865.1
30665.018
31120.768
31352.084
31735.566
31533.482
31688.633
31603.816
31306.232
30583.551
29570.166
29023.283
28692.301
28448.482
28180.699
27947.416
27964.967
27769.617
27723.1
27936.949
27842.768
27863.416
27828.434
28201.75
27988.834
27835.018
27500.5
27488.35
27703.1
27248.35
27556.834
27394.816
27658.1
27640.217
27751.166
27844.15
28068.232
27686.217
27820.768
28178.551
27979.834
27404.416
27745.967
28156.816
27945.166
27551.084
27844.367
28123.75
27515.367
27925.283
27239.699
27640.416
27242.301
27052.75
27193.633
27046.35
27109.5
26900.816
26397.768
27050.416
27158.033
26818.617
26846.5
26972.684
26765.967
27106.084
26568.166
26798.283
26841.301
26975.816
26998.1
27108.018
26850.834
26999.482
27102.9
27352.617
26943.9
26515.816
26518.768
26769.551
26886.232
26603.684
26801.566
26621.75
26847.633
26580.482
26585.166
26577.949
26565.768
26121.551
25845.1
26494.617
26240.967
25767.617
25655.9
26075.949
25648.434
25607.949
25714.566
25952.15
25632.301
24573.816
25317.367
25733.684
25297.967
25244.283
24859.033
25107.883
25126.699
25440.15
25424.1
25345.949
25018.1
25122.217
25123.1
24522.75
24435.699
23883.75
24181.967
23795.617
24240.1
23826.75
23911.699
25250.35
25077.033
25046.416
25635.768
25433.416
25440.166
24897.617
24618.367
24375.018
24397.434
24126.15
24212.367
24347.416
24430.1
24110.15
24421.301
25106.75
24645.967
24113.018
24458.633
24729.684
24813.834
24443.684
24581.768
24698.949
24331.166
24044.283
23700.699
24025.416
23581.5
23480.949
23088.367
23078.75
23155.834
22472.617
22033.434
21908.018
20549.166
19777.35
18979.434
19130.949
19136.834
19219.35
19464.301
20227.617
21133.5
21644.551
21657.166
21912.15
22541.768
23057.883
23017.301
22672.75
23109.9
23033.75
23137.166
23145.883
22756.033
22410.816
22328.367
22769.816
22653.5
22264.617
22924.633
22806.816
23039.9
23116.75
23001.166
23107.883
23117.834
22884.084
22947.033
23072.084
23304.033
22818.883
22842.768
23270.018
23309.1
23238.482
23276.301
23435.617
23418.967
23266.684
22789.166
23246.217
23175.033
22824.35
22656.301
22899.949
23040.301
22857.75
22485.434
22647.283
22997.301
22368.617
23062.566
23194.35
23106.1
23508.283
23284.967
23396.018
23320.301
23100.018
23256.1
23196.283
23119.967
22785.217
22875.967
22925.883
22959.699
22831.283
22943.633
23167.15
23200.434
22887.416
22605.967
22912.883
22801.699
23009.617
22577.768
23094.482
22920.033
23096.883
23093.834
23195.084
23126.232
22670.283
22411.768
22968.15
22797.967
22958.35
22568.5
22519.084
22580.834
22479.217
22791.033
22608.15
22544.232
21990.35
22043.367
22158.816
22405.834
21530.75
21809.166
22021.883
22055.9
21764.883
21647.9
22036.35
21996.566
21778.018
21905.967
21980.949
22214.768
21459.018
21710.166
22132.084
22225.367
21846.416
21727.166
21845.217
22036.633
21662.35
21645.967
21769.283
21700.633
21137.75
21441.768
21410.883
21285.633
21220.482
21387.232
21083.816
21822.301
21177.084
21067.232
21203.684
21228.301
21124.283
20547.301
21047.883
21090.5
20771.084
20477.633
21001.883
20840.033
20730.684
20249.033
20798.617
20761.232
20659.551
20713.967
20331.684
20655.033
20485.217
20075.367
20344.217
20123.699
20150.482
19685.367
20077.883
20042.1
19409.283
19044.434
19828.217
19630.633
19418.35
19302.768
19563.883
19431.367
19114.684
18979.166
19636.283
19343.033
19201.816
19056.566
19521.482
19081.166
18899.551
18802.633
19407.217
19211.768
18977.75
18904.633
19074.482
18813.232
18337.816
18067.768
18538.816
18629.367
18534.084
18829.367
18979.283
18847.5
18252.283
18897.1
18710.084
18579.1
18561.684
18472.967
18382.482
18548.967
18014.551
17874.834
17132.617
16241.233
15381.616
14514.634
14048.95
13813.9
13721.816
13772.967
14754.017
15395.967
15682.283
16184.566
16551.283
16603.366
16745.217
16610.366
16744.483
16164.366
16139.616
15407.1
16463.884
16447.9
16188.55
16158.5
16560.217
16796.967
16972.949
16654.5
17120.217
17363.166
17024.551
17139.301
17478.283
17469.232
17510.75
17644.301
17753.15
17680.9
17461.684
17074.033
17940.883
17651.232
17563.084
17106.1
17765.084
17838.434
17590.283
17752.1
17730.018
17238.166
17407.684
17095.967
17650.617
17510.768
17383.949
17353.9
17440.084
17715.033
17345.551
17866.367
17843.217
17843.699
17862.018
17449.166
18163.482
18192.232
17779.35
18029.834
18805.018
18518.232
18386.283
18930.9
19140.551
18802.566
18569.217
18650.699
18316.551
18454.1
17959.949
18091.232
18325.949
18167.5
18134.883
18538.166
18136.617
18244.5
17602.416
17458.768
18356.018
18179.834
18060.551
18232.5
18051.816
18128.166
18186.617
17885.5
17941.416
17917.633
17850.617
17793.166
17997.416
17660.166
17757.416
17632.9
18037.35
17760.232
17905.482
17796.232
18224.617
17827.566
17872.084
17804.5
18143.416
18436.1
18432.883
18331.5
18261.35
18167.033
18023.883
18236.566
18388.684
18493.434
18495.084
18142.434
18826.816
18608.768
18548.217
18058.301
18568.883
18480.566
18262.617
18155.834
18231.617
18390.566
18573.217
18459.301
18536.816
18261.434
18409.949
18644.633
18308.15
18460.566
18345.018
18180.834
18280.416
18399.033
18173.35
18090.633
18227.684
18472.566
17512.949
18317.033
18334.283
18266.301
17567.816
17969.633
18268.75
18405.566
18245.883
18245.166
18251.883
18340.633
18067.617
17941.834
18357.949
18101.367
18149.883
17851.9
18103.684
18136.1
17812.684
17727.033
18077.949
17684.166
17681.018
17497.434
17855.15
17707.301
17352.217
17680.232
17628.482
17393.1
17537.551
17687.967
17477.018
17432.232
17231.949
17226.033
17562.949
17241.566
17335.949
16968.9
16997.15
17068.9
16910.217
17003.434
16795.217
16736.166
16668.482
16623.434
16865.949
16789.367
16679.483
15714.833
15884.217
15680.3
15375.816
14679.9
14429.017
14334.833
13865.417
13185.366
13695.616
13569.634
12790.417
13210.967
13166.884
12778.634
12937.283
12489.233
12626.75
12383.434
12084.616
12156.233
12401.95
12343.9
12470.283
11192.767
11971.816
12044.767
11585.217
11930.033
12216.884
12357.967
12238.15
12779.5
13129.616
13250.7
13496.483
13977.366
13994.75
13891.566
14015.483
13795.3
13763.417
13936.833
13900.083
13358.967
13772.684
13487.634
13079.816
12404.434
12674.417
12447.3
12061.35
11942.566
11760.217
11860.634
11741.95
11647.833
12024.283
12021.833
11854.55
11829.366
11940.884
11796.9
11701.417
11611.9
12040.217
11845.767
11517.483
11977.233
12376.55
12163.7
11901.55
12074.033
12079.283
12115.566
12076.083
11920.434
11941.884
11636.9
11039.75
11581.366
11503.083
11676.5
11842.083
11517.967
12058.684
11963.634
11180.684
11441.3
11604.684
11409.1
11441.35
11707.3
11855.75
11839.434
11986.75
11981.3
12119.684
11934.967
11878.483
11552.767
11764.616
11903.566
11676.017
11670.7
11873.684
11851.033
11627.35
12155.967
12259.75
12440.1
12072.417
12343.767
12567.35
12549.3
12760.417
12054.7
12520.083
12406.967
12622.55
12263.767
12939.083
12735.366
12871.35
12538.967
13085.75
13021.7
12666.684
12474.5
12661.217
12448.7
12328.083
12568.9
12491.483
12398.634
12038.35
12010.967
12248.75
12399.566
12244.684
12424.434
12385.684
12225.9
12005.483
12261.967
12349.616
12266.366
12572.017
11974.767
12319.816
12552.366
12510.217
12262.7
12291.816
11847.634
11582.017
11976.767
11883.884
11981.434
11195.95
11708.9
12010.417
11881.833
11604.884
11967.833
12218.15
11850.767
11970.816
11841.366
12094.816
11727.7
11462.75
11405.366
11769.417
11732.434
11278.816
11573.566
11567.55
11715.1
11556.884
11608.033
11697.95
11541.566
11343.816
11595.7
11741.283
11643.1
11513.884
11874.3
11576.95
11701.767
11620.083
11418.967
11592.083
11544.033
11406.35
11253.833
11320.35
11402.967
11097.417
11014.5
11483.15
11483.833
11181.35
11219.767
11473.884
11475.7
11085.15
11113.434
11314.55
11116.634
10903.083
11327.1
11265.483
11069.5
11305.417
11048.767
11123.283
11084.833
10784.55
10420.167
11116.017
10762.9
10993.483
10797.7
10900.616
10731.033
10674.35
10530.233
10885.75
10725.366
10653.283
10390.767
10606.483
10671.1
10476.017
10438.033
10754.15
10703.566
10180.684
10349.9
10636.483
10595.634
9897.017
10072.634
10531.75
10476.634
10361.15
10029.9
10569.616
10471.967
10390.816
10144.767
10291.15
10154.3
9978.217
10143.634
10301.884
10092.767
9936.35
9990.5
10436.684
10420.434
10203.417
9901.5
10024.75
10176.634
9994.816
9807.967
10153.55
10039.5
10006.35
9689.366
9878.884
9989.767
9952.283
9762.634
9959.083
9769.967
10166.15
9458.967
9917.684
9847.634
9620.217
9189.366
9904.417
9860.434
9858.35
9563.434
9646.283
9509.434
9630.017
9736.9
10011.083
9228.5
9504.816
9293.167
9529.684
8921.566
8407.017
7671.633
7358.75
6437.833
5526.083
4833.767
4113.017
3310.567
2897.95
2196.9
2485.017
2386.9
2104.35
2309.433
3197.217
3451.233
3492.617
4545.5
5133.55
5463.233
5798.95
5181.233
5906.617
5495.1
5294.483
4915.033
4649.217
4718.1
4401.55
4174.167
4555.483
4661.233
4620.483
4455.633
5184.883
4995.167
5046.35
5686.767
5755.683
6027.433
5722.55
6228.1
6430.75
6440.033
6489.083
6736.433
7053.283
7128.1
6708.417
6972.767
7542.483
7588.367
7188.683
7693.367
7964.75
8149.567
8059.217
8098.233
8546.817
8570.767
7980.884
8106.299999999999
8802.217
8905.233
8707.35
8464.5
9007.55
8806.767
8629.35
8640.767
9122.483
8923.5
8062.816000000001
8928.767
9084.816
9162.767
8848.417
8631.434
9104.95
9069.566
8894.816
8769.967
8936.217
9033.5
8625.083
8465.033
9387.083
8968.566
8754.816
8792.167
9105.483
9034.366
8885.217
8857.167
9064.217
9008.366
8826.417
8804.366
9108.017
9116.566
8941.083
8841.634
9191.283
9087.167
8545.017
8739.9
9067.35
8977.767
8622.217
8536.1
8923.816
8830.033
8860.95
8604.434
8855.083
9007.5
8706.083
8242.833
9040.417
8914.833
8931.816
8731.3
9202.75
8941.233
8793.15
8550.5
9050.483
8834.033
8382.55
8248.233
8881.816
8815.9
8807.616
8232.1
8911.017
8779.7
8645.483
8702.5
8892.35
8871.634
8678.816
8617.434
9116.684
8922.7
8090.35
8419.3
8999.75
8785.434
8759.483
8618.3
9018.684
8878.9
8434.483
8241.566
8792.417
8666.767
8636.884
8508.634
8837.884
8819.566
8654.55
8178.566000000001
8861.616
8809.033
8449.017
8148.566000000001
8735.483
8855.366
8532.017
8469.833
8792.15
8429.167
8382.083
8513.1
8537.417000000001
8432.1
8318.15
8127.634
8701.75
8532.967
8153.282999999999
8103.967000000001
8536.217
8682.167
8014.75
8069.5
8554.817
8456.367
8481.417000000001
8268.5
8452.483
8347.167000000001
8309.55
8002.567
8614.483
8395.7
8075.55
8058.433
8417.417000000001
8335.233
8157.817
7648.433
8295.817
8214.7
8092.417
7579.967
8365.15
8174.233
7668.75
8094.1
8165.35
8045.767
7628.75
7715.3
7865.15
7988.567
7723.55
7702.567
7988.75
7743.433
7747.75
7551.833
7883.217
7869.367
7414.817
7370.433
7867.95
7840.9
7552.55
7487.3
7549.35
7760.5
7287.883
7469.033
7518.817
7540.833
7362.35
7153.7
7706.017
7575.5
7203.017
6884.1
7451.083
7620.5
7431.017
7151.967
7519.483
7488.367
6807.283
7219.433
7615.15
7266.3
7090.683
7158.033
7398.883
7439.433
7020.883
6894.7
7294.017
7396.767
7202.15
7072.5
7335.083
7126.033
6843.217
6580.567
7178.483
7018.567
7251.617
6816.833
7300.417
7254.7
6742.883
6832.5
7289.217
7116.833
6931.75
6995.633
7277.417
7199.3
6793.883
6722.967
7314.35
7073.567
6923.883
6967.433
7198.617
7062.567
6608.817
6504.9
6877.417
6820.033
6312.15
6420.3
6889.95
6729.7
6903.083
6570.767
6904.083
6759.633
6978.617
6605.233
6841.683
6744.3
6384.817
6393.833
6823.283
6716.833
6258.017
5706.367
6664.017
6686.3
6253.883
6422.833
6689.35
6480.7
6304.35
6280.9
6661.95
6466.167
6265.083
5930.9
6501.017
6551.633
5846.55
6013.1
6561.95
6367.5
6136.483
5947.7
6532.15
6500.1
6413.35
5997.567
6567.55
6499.367
6438.683
6334.967
6503.017
6385.633
5140.217
5660.833
6398.217
6481.767
6095.017
5837.167
6332.15
6481.767
5833.617
5836.3
6240.017
6203.567
5732.95
5775.767
6250.75
6208.3
5574.817
5567.033
6086.55
6025.633
5789.483
5796.5
6036.483
5922.9
5530.35
5892.833
5971.75
5996.367
5460.883
5710.7
6067.483
5837.167
5371.75
5264.9
5851.817
5850.033
5690.75
5124.5
5897.283
5790.767
5098.083
5209.367
