284.0
80.483
-141.067
157.483
456.933
147.21699999999998
210.8
241.083
242.067
265.15
128.667
-154.583
213.86700000000002
221.28300000000002
39.266999999999996
-20.583
368.533
8.950000000000003
71.533
373.75
441.33299999999997
191.817
475.133
163.95
292.66700000000003
215.083
232.53300000000002
-112.45
212.53300000000002
211.417
333.66700000000003
28.882999999999996
297.6
203.817
246.2
34.68300000000001
573.533
487.017
100.733
-47.31699999999999
252.86700000000002
134.88299999999998
9.933000000000007
187.28300000000002
220.267
243.15
158.667
249.483
221.6
255.017
-36.266999999999996
40.55
630.933
289.883
-6.667000000000002
-248.583
447.867
456.15
37.400000000000006
49.81699999999999
393.6
451.55
391.2
237.75
423.067
378.017
169.4
328.683
398.66700000000003
397.017
334.66700000000003
-131.11700000000002
465.4
290.08299999999997
50.599999999999994
89.417
391.0
192.88299999999998
151.46699999999998
71.883
318.33299999999997
510.35
215.6
76.55
249.86700000000002
347.75
44.533
26.083
250.53300000000002
216.55
509.533
20.549999999999997
195.667
224.88299999999998
357.6
-63.583
213.667
265.75
205.267
108.483
424.2
380.483
-214.6
32.083
414.533
314.483
235.667
217.483
468.267
300.15
11.066999999999993
279.483
113.467
339.283
257.133
287.483
416.6
299.75
566.667
-219.38299999999998
335.267
379.883
114.267
368.017
394.867
460.283
266.2
108.35
355.8
260.817
-46.667
123.017
349.33299999999997
321.35
139.4
15.483000000000004
423.733
454.55
73.333
-236.05
366.533
322.15
84.733
138.88299999999998
280.0
426.15
348.533
51.283
310.867
337.41700000000003
-280.2
-133.71699999999998
317.2
213.75
175.4
0.15000000000000568
349.4
275.55
52.8
224.017
417.267
311.283
266.6
-99.917
462.933
418.683
442.33299999999997
167.417
508.133
281.017
162.13299999999998
352.617
408.133
82.617
380.66700000000003
-150.317
139.933
233.61700000000002
17.333
369.817
605.067
438.08299999999997
179.067
-71.317
511.2
157.083
467.867
31.217
405.067
374.15
327.8
397.017
537.267
367.483
431.733
315.35
343.2
239.483
393.733
-345.717
393.267
359.15
181.933
151.28300000000002
152.333
332.817
490.6
181.683
252.46699999999998
311.683
127.667
-195.25
277.8
401.017
473.867
194.35
396.867
312.683
54.2
-310.983
454.533
255.15
-50.0
27.150000000000006
274.133
197.21699999999998
-1007.0
-81.383
136.46699999999998
273.283
250.86700000000002
-59.382999999999996
571.2
411.817
270.867
76.15
272.0
232.75
-105.8
439.75
526.133
284.883
-173.667
52.016999999999996
319.067
327.55
-104.467
362.483
391.8
268.95
411.867
346.883
335.66700000000003
423.017
252.733
191.28300000000002
391.66700000000003
258.817
418.267
28.483000000000004
413.733
442.483
342.8
-58.45
224.067
325.08299999999997
85.933
-274.91700000000003
379.867
352.217
260.66700000000003
-111.65
358.33299999999997
343.15
222.0
86.017
374.467
365.41700000000003
-154.4
209.683
341.267
79.55
-134.8
166.95
279.933
221.95
328.133
177.683
270.867
536.883
96.667
182.083
394.467
540.617
403.533
169.28300000000002
236.4
287.55
107.2
499.617
358.2
219.483
-151.933
110.017
217.46699999999998
292.017
267.2
2.4170000000000016
552.2
567.883
40.2
291.883
378.8
355.41700000000003
238.267
117.617
346.267
390.217
85.6
133.75
315.067
334.95
189.46699999999998
308.08299999999997
483.533
449.41700000000003
406.2
118.75
576.2
188.417
401.4
-137.05
380.133
190.61700000000002
-64.80000000000001
297.483
353.86699999999996
219.083
562.0
409.483
395.467
275.817
649.2
103.61699999999999
402.533
306.75
-20.266999999999996
286.95
664.267
429.283
562.267
-23.44999999999999
465.13300000000004
392.41700000000003
417.933
219.417
371.13300000000004
543.283
-29.733000000000004
256.55
643.467
358.217
163.4
204.417
373.33299999999997
379.35
547.2
209.75
687.867
574.217
727.267
464.283
737.333
534.75
266.667
385.15
428.467
652.15
817.267
233.41699999999997
740.867
625.217
584.733
719.75
646.2
535.95
393.133
683.883
535.0
800.55
154.13299999999998
324.283
609.2
595.35
612.6
444.617
932.733
594.4169999999999
761.067
593.95
736.6
709.75
737.467
353.15
1064.067
515.683
616.933
555.15
889.467
573.883
757.4
656.95
663.0
944.083
844.2
731.617
684.733
939.417
695.467
494.017
998.467
793.217
687.533
628.683
626.267
727.817
834.867
722.417
945.8
833.683
623.0
573.283
739.067
850.483
741.267
621.083
976.4
543.55
806.6
545.483
740.333
640.95
814.933
904.017
787.6
525.883
843.4
1026.883
508.86699999999996
926.217
779.533
818.817
846.133
816.617
688.6
1040.55
1226.2
744.55
746.067
1343.017
975.6
1188.017
571.867
753.483
1238.2
1075.883
1207.0
1281.883
822.4
805.017
916.733
889.4169999999999
1426.667
1249.017
725.4670000000001
1191.95
1077.333
1298.617
1342.733
1147.883
1065.667
1396.75
699.8
968.483
1093.067
1256.883
1589.067
1539.617
1473.933
1431.35
1230.667
1336.217
1360.4
1251.35
894.133
1096.217
1441.667
1250.283
1518.467
1071.417
1577.533
1472.15
1600.067
1396.417
1551.533
1477.817
1070.6
1535.55
1397.267
1312.683
1243.267
1371.617
1353.267
1466.017
1374.733
1154.15
1467.667
1248.75
1232.467
1119.35
1587.2
1486.417
1422.467
1506.417
1609.333
1341.617
1341.333
1225.817
1491.0
1516.35
1384.267
1136.883
1635.267
1387.083
1427.333
1404.083
1545.8
1431.417
932.6669999999999
1375.017
1442.067
1524.817
1549.733
1736.617
1871.6
1673.95
1700.333
1668.55
1809.8
1865.617
1726.6
1806.35
1789.267
1807.55
1976.267
1823.817
2198.0
1666.883
1245.333
1509.35
1713.467
2012.217
1735.0
1850.95
2183.4
2009.217
1913.933
1856.417
2085.133
2135.617
2165.267
1881.95
2247.8
1926.683
1813.867
1698.817
1738.6
1670.883
1975.0
1326.483
1719.733
1843.417
2087.6
1749.083
2065.667
1964.217
2159.6
1963.017
2043.0
2109.683
2094.0
2009.483
2321.467
1879.883
2421.6
2176.283
2199.4
2115.15
2020.867
2216.883
2455.2
1824.417
1937.533
2245.483
2499.067
2210.883
2290.8
2047.95
2116.467
1999.55
2085.133
2221.55
2187.133
2513.683
2781.533
2082.75
2669.4
2640.417
2510.267
2417.083
2456.867
2347.35
2290.933
2594.35
2533.333
2336.15
2121.933
2251.15
2158.933
2151.35
2469.867
2357.483
2528.133
2751.017
2586.733
2710.083
2929.4
2673.017
3003.933
2834.35
3179.933
2934.35
2779.6
3011.817
3020.667
2931.683
2725.4
2868.683
2683.333
2767.15
2639.4
2818.417
2787.267
2578.817
2238.667
2503.617
2427.4
2452.017
2279.933
2213.35
2476.933
2243.883
2159.467
1844.55
2467.733
2042.95
2392.867
2399.217
2606.067
3113.617
2924.467
3212.683
3074.467
3250.617
3393.667
2995.35
3175.0
3114.217
2814.267
2739.55
3017.467
2890.083
3125.333
2698.55
2965.467
3031.35
2994.467
3177.283
3132.0
3197.017
3375.267
3320.883
3371.667
3359.083
3270.2
2993.15
3329.0
3402.75
3227.6
3497.75
3578.933
3435.083
3302.0
3011.283
3549.067
3419.75
3759.467
4060.617
4140.6
4518.883
4498.067
4370.817
4292.133
4219.35
4340.6669999999995
3934.75
4505.2
4207.683
4343.4
4268.4169999999995
4481.6669999999995
3987.683
4150.267
4292.75
4130.267
4176.35
3952.667
3677.417
4298.3330000000005
4400.483
4265.933
4480.217
4657.667
4635.483
4540.8
4276.083
4629.267
4545.817
4032.8
4219.15
4200.867
4435.483
4322.4
4579.083
4756.867
4496.217
4366.2
3793.617
4072.867
4170.4169999999995
4217.0
3938.95
4373.6
4041.95
4058.533
3835.683
3744.067
3708.15
3610.867
3687.883
3731.333
3831.883
3631.8
3764.083
3497.267
3706.95
3845.333
3981.217
4263.067
4452.617
4577.267
4740.15
4522.8
4602.483
4159.6
4710.55
4501.267
4530.217
5061.267
4778.017
5481.667
5513.083
5473.467
5692.75
6289.267
5765.75
5915.2
5356.75
5533.533
5408.15
4960.0
4702.083
4758.0
4583.417
4378.933
4526.283
5018.333
4669.283
4971.667
5030.817
5535.333
5526.017
5647.867
5360.417
5187.533
5042.55
4663.267
4473.35
4553.733
4138.75
3975.667
3799.283
3870.0
3795.083
3200.733
3537.35
3534.467
3201.35
2875.067
3655.417
3736.533
3891.417
4205.133
3972.683
4818.133
5089.083
5143.0
5004.617
5070.6
4848.55
4467.6
4599.617
4526.933
4735.75
4721.6
4563.617
5131.267
4792.483
4978.467
4841.683
5027.2
4977.35
4870.667
4333.35
4929.2
4802.95
4959.2
4881.217
4792.2
4790.017
4871.667
4885.95
5591.867
5667.083
5681.2
5965.083
6146.467
6217.15
6192.2
6003.15
6344.6
6117.55
6565.533
6161.75
6639.933
7082.017
6374.867
6636.35
6681.667
6449.017
6397.467
5650.883
5501.467
4900.283
4603.2
3632.617
3435.533
2884.35
2683.267
2708.883
3258.067
3561.217
3960.133
4515.55
4926.533
5210.55
5510.467
5985.15
6303.467
6767.617
6646.467
6616.683
6750.467
6174.617
6034.6
5674.35
5274.267
4426.617
4077.4
3739.083
3707.2
4108.617
4304.867
4910.817
5876.133
6232.483
6482.867
7396.883
7668.0
7813.617
8255.267
7985.017
8695.934
8780.017
9157.066
8928.884
8855.333
9307.417
9036.467
9096.15
9276.733
9118.884
9369.667
9166.95
9812.2
9655.816
9761.934
9565.75
10082.333
9935.616
9752.8
9887.55
10415.8
10204.884
10138.134
9892.417
10050.0
9591.616
9649.866
9834.55
9888.733
10381.483
10111.333
10225.616
10265.934
9923.083
9640.8
9409.816
9605.733
9888.35
10080.733
9995.083
10007.4
10043.95
9927.134
9814.616
9678.4
9658.35
9525.6
9612.95
10063.333
9834.283
10076.4
9733.684
9880.2
10100.417
9845.066
10289.616
10472.333
10449.217
10577.733
10674.55
10816.2
11141.483
11411.066
11227.283
11179.667
11063.684
10327.333
9753.15
9906.0
9818.417
9743.066
9653.283
10008.733
10282.017
10460.733
11146.35
11087.066
11766.15
11668.333
11730.95
11710.533
12189.083
11498.934
11643.616
12080.733
11593.884
11628.934
11832.283
11763.866
11555.95
12205.333
11721.55
12072.267
12011.083
11919.066
11660.884
11894.533
11740.816
11759.2
11141.816
11856.066
11646.684
11689.533
11275.15
11621.267
12066.75
12254.467
11935.083
12162.8
12243.55
12030.733
12014.483
11944.533
10867.217
11295.267
11363.75
11417.866
10926.483
11610.6
11430.217
11483.667
11171.417
11132.4
11537.884
11723.667
11591.816
11704.267
11459.283
11164.733
11164.283
10504.733
10805.75
11541.333
11351.017
11492.066
11910.483
12217.4
12316.15
12511.2
12143.017
12252.066
12405.684
12322.4
11835.283
11605.866
11085.417
11298.6
10462.283
11193.934
11426.816
11066.467
11080.55
11964.267
11921.417
11340.4
11401.283
12285.267
12517.684
12147.8
11945.417
12078.0
12193.616
11853.467
11775.15
12074.0
11853.816
12137.6
12464.017
12158.533
12440.283
12737.333
11769.283
12048.6
11908.884
11485.866
11740.616
10979.8
11262.884
11349.467
12394.017
12261.733
12049.95
12094.267
11620.35
11846.134
11835.083
12160.866
11850.083
11625.267
10996.283
10808.2
10415.684
10006.467
9934.816
9194.866
9057.95
9086.667
9075.684
9639.267
10112.017
11104.6
11822.417
13133.134
13291.55
14379.267
13523.217
12898.934
13408.55
13247.0
13026.35
13836.066
14016.75
14205.934
14047.017
13885.533
13243.95
12694.2
12332.75
12547.0
12503.75
13880.667
13308.283
13969.066
14076.417
14385.866
14459.95
14046.267
14834.417
15078.333
15780.283
15599.4
15777.017
16096.467
16484.816
15358.866
15573.017
14862.533
15276.816
15247.2
15724.083
15072.667
14817.684
14339.066
14088.884
14331.866
14020.75
13066.333
14003.017
13833.134
14780.017
14945.667
14986.55
15973.533
15551.15
15143.533
15497.616
15531.333
15293.75
15310.0
15567.15
15975.533
16507.017
16549.333
16196.884
16306.733
18124.883
16733.801
16811.217
17094.732
16426.018
17103.732
17045.283
17717.066
17065.416
16484.2
16794.551
17044.867
16949.551
16380.733
16327.482
17462.732
17971.617
17601.934
16835.217
17230.334
16992.816
16873.533
15982.217
16898.467
16747.75
16377.4
15638.417
16280.667
16596.483
16574.934
16139.483
17274.133
17297.482
17085.934
17486.883
17668.334
18489.482
17610.334
17410.949
18046.867
17590.75
17935.334
16984.018
17309.666
18172.018
17721.666
17837.684
17889.334
17385.949
17644.6
18154.283
18881.133
18578.018
18534.133
18774.283
18516.801
19019.283
19563.6
19064.883
18962.732
18518.15
18559.0
17976.482
18444.066
18048.018
18362.801
17737.684
17236.666
17481.883
17386.732
17020.15
17644.0
17174.816
17345.867
17530.816
17404.4
17520.283
17363.334
17970.482
18474.467
18903.75
17934.334
18082.416
18117.6
17498.35
18464.133
18097.084
18633.133
18614.617
19053.4
19044.816
19197.0
19496.15
18863.533
18418.883
20231.4
19507.416
19440.066
19739.084
19950.0
18613.018
19450.4
18591.684
19684.6
19337.217
18529.0
19192.883
19725.533
19447.217
19545.533
20658.482
19980.801
19325.217
19060.467
18815.018
18682.0
19330.684
20145.467
19952.283
20689.533
20893.084
21331.666
20763.617
20832.732
21235.617
21053.199
21071.684
20995.0
21106.283
21596.867
21212.15
21957.867
21700.684
21854.4
22349.15
22135.133
22105.684
21574.934
21700.883
22061.6
21622.217
21474.934
21266.816
22026.4
21700.482
22831.133
21986.617
21586.533
22119.482
22268.268
23112.482
23223.533
23342.283
22651.334
22906.551
22346.801
22493.75
22245.268
22732.35
22904.666
24984.15
23000.4
24034.551
24424.334
24645.949
24132.533
25487.416
24907.732
25279.482
26114.133
26875.883
25576.867
26174.551
25542.732
25925.816
27740.467
25988.416
26241.934
25316.883
25221.467
25395.018
26100.199
25986.684
26554.133
27356.482
26761.334
27645.617
28401.732
29170.482
29151.334
29380.75
30212.867
30990.416
30257.4
28767.217
29702.199
29864.617
29035.867
29720.551
30326.199
30390.551
30198.867
30653.551
31373.4
30621.15
32290.732
33127.551
32622.867
32017.684
33207.133
33004.949
33101.668
32800.617
33186.332
33299.816
33044.867
33147.148
32740.133
33076.082
34001.668
34888.949
35320.133
35709.215
37231.133
37571.75
36912.535
37658.082
37666.199
37405.215
37430.133
36380.617
37448.535
36499.215
36529.266
38304.285
38900.066
39255.75
39323.535
39562.484
40413.668
39420.016
39677.801
39143.082
39404.066
39720.617
39171.398
39940.551
40778.066
41210.551
41345.0
41546.352
42013.133
42048.285
41348.0
41650.949
41566.734
41633.551
40944.934
41597.949
41707.398
41968.016
42392.266
41905.352
41677.934
41896.684
41937.199
42084.551
42095.801
42455.148
42204.668
42419.617
42619.332
42327.949
41052.266
40404.551
38536.734
36938.75
35877.535
35531.215
35414.668
35983.016
36013.266
37466.082
39331.332
39972.016
40647.199
40817.75
41116.801
42116.617
43225.398
42866.883
43590.465
43570.352
43148.398
42246.352
41900.133
42186.082
42870.801
43223.816
43787.734
44511.215
45510.199
46093.016
46244.266
46316.684
45520.199
45303.082
44772.066
45143.949
45237.801
45213.75
45108.133
44351.082
43877.801
43682.949
42990.266
43093.285
43429.734
43210.617
44868.734
45086.883
45528.066
46198.352
46406.734
45426.617
45650.801
45198.617
45247.199
45671.484
46031.199
46538.484
47664.934
47529.352
48175.535
47642.215
47614.332
47125.016
46350.133
46461.016
46421.266
46613.352
46363.801
46655.082
47364.602
47705.484
47147.465
47257.551
48389.535
47796.684
48286.801
47546.215
48110.668
47481.684
46478.0
45920.418
45478.266
45433.617
45676.398
45989.418
46498.199
47894.816
47555.332
48445.352
47827.199
47846.082
47658.867
47136.75
46745.199
46192.352
45559.867
45747.148
45686.465
45402.148
45597.867
45619.883
45348.266
45438.016
45215.734
45438.016
45930.0
46421.418
46391.133
47041.082
47724.332
48064.285
47983.266
48338.551
48088.199
47987.816
47178.398
46649.418
46074.066
46423.551
46882.801
46572.883
47486.0
47825.883
48470.332
48788.816
48797.801
48743.285
49744.0
50038.949
50705.602
50751.418
50390.867
50217.352
49945.602
49885.285
49086.535
48834.484
49040.398
49025.484
48666.465
48538.215
47512.734
48205.418
47743.266
48202.352
48065.535
49051.148
49620.465
50311.684
50769.398
51131.75
50021.934
50100.484
49464.668
49553.285
49955.066
49503.949
49474.734
49116.418
49539.535
49994.082
49989.332
50248.684
50323.934
50827.617
51358.734
52230.418
51357.668
51176.684
50411.465
50424.617
49526.801
49492.949
49406.867
49142.617
49826.398
49982.082
48057.734
49373.551
49218.934
48842.551
49004.801
48736.484
48546.867
48903.617
49528.133
49905.484
49933.398
49825.082
50026.066
50819.418
50927.535
51221.148
50889.801
50299.816
48689.535
47005.484
46033.535
44241.215
42486.066
41858.816
42621.266
43875.816
46466.867
47198.082
46532.133
46588.949
46791.066
46217.617
46600.801
46032.883
45446.801
46484.418
47936.934
49006.418
48904.398
49437.285
49584.734
50157.883
51027.668
50496.949
50364.266
50331.816
49544.867
50058.016
50610.133
50616.75
50444.535
51390.484
51822.602
51914.484
51911.734
51103.617
50982.266
50638.883
50764.0
50459.75
49596.668
49411.016
48832.133
50065.082
50918.332
51745.551
51426.0
52164.617
53156.0
53502.949
52901.734
52427.215
52793.801
52098.215
51946.602
51264.148
51941.133
52565.617
51994.602
51678.285
51212.934
50028.551
49347.867
47534.484
46206.332
45741.082
45821.801
46357.016
46901.668
48281.285
48617.535
50084.285
50335.133
50436.75
51209.0
51382.148
51935.602
52126.551
52279.398
52834.352
53727.602
53028.484
52592.266
51674.949
51581.465
51370.215
51210.133
51268.816
51307.199
52047.418
53160.133
53189.75
53238.668
53189.75
53114.066
52814.215
52803.535
52795.551
51521.133
50889.352
50373.867
49681.082
48761.668
48201.684
48617.066
48958.285
49453.398
49964.949
50723.133
50855.148
50621.867
50431.75
50569.734
50183.883
49781.934
49972.148
50422.934
50995.551
51226.602
51283.551
51844.332
52445.816
52434.934
52498.949
52196.668
51968.016
51278.867
50432.418
49956.133
48986.484
47907.602
49279.816
49224.668
49617.883
49763.0
50538.082
50664.398
51024.484
50414.668
50493.949
50845.465
50321.949
50175.332
49936.816
49884.398
49439.418
48739.668
48184.016
48377.266
48406.551
47867.398
47145.016
47508.668
47322.352
47049.266
47022.949
47300.602
47648.816
47939.465
48462.949
48607.535
49120.285
48888.465
48624.418
49154.266
49040.352
47711.465
48470.082
48068.199
48073.617
48318.734
47567.684
47739.0
48733.684
48926.0
49372.285
49201.398
49348.684
49247.535
48938.75
49467.668
48883.215
48276.0
48210.551
48591.734
49076.816
49224.867
48464.484
48653.133
48499.617
48150.332
48432.617
48483.668
48418.016
48157.266
48456.617
48011.465
48238.484
47630.602
47294.484
47121.133
47062.215
47346.0
46863.949
47792.602
48137.148
48676.0
48026.082
48218.133
48195.883
48493.398
48343.816
48073.332
48297.148
48220.332
47990.215
48025.801
48053.082
47664.0
47135.883
47544.465
47737.016
47804.668
47819.082
47985.398
48058.352
47920.734
48379.551
48331.734
48615.617
47700.602
47214.148
47440.398
46834.816
46989.398
46677.883
47317.066
47889.082
47734.332
47543.883
47901.801
47808.352
48154.535
48036.016
48090.465
48416.016
48155.133
48147.617
48347.934
48418.617
48293.199
48129.949
47369.602
47606.016
46720.332
46988.551
46968.867
46860.285
46516.602
46606.352
46600.535
46517.949
46663.266
47042.148
46661.266
47286.684
47024.199
46908.285
46283.934
45883.484
45529.133
45643.082
45152.133
45218.816
44914.133
45591.148
45775.668
45848.816
45565.199
45237.484
46405.266
46678.816
46942.0
47106.617
47680.668
47842.418
47087.934
46862.551
46675.602
46665.082
45789.867
45898.75
46142.066
46165.352
46604.0
46500.551
47001.066
46845.75
47023.133
46799.148
47070.199
46673.816
46367.465
45835.816
46435.535
46518.551
45690.734
46626.148
46202.734
46635.816
46832.734
46209.484
46510.133
46095.285
45254.266
44765.418
45219.133
44972.148
44614.734
45141.215
45160.867
46291.617
45981.199
46649.617
46893.867
46567.883
46548.602
46922.816
47259.332
46646.352
46078.602
45820.949
45792.734
45256.617
45023.0
44951.418
45583.934
45648.551
45600.066
45616.75
46203.133
46289.949
45830.867
45574.352
45592.734
45110.883
44388.734
43884.215
43908.465
43854.484
43426.0
43797.816
44182.0
44820.949
45140.332
45252.883
45592.398
45855.684
46250.602
46201.215
46264.332
46048.016
45875.398
46439.684
45775.266
46230.883
45970.801
45456.082
46022.266
45973.016
46147.602
45759.816
45564.734
45479.016
45426.266
44844.215
44969.398
44643.016
44450.867
44800.285
44426.0
44202.75
44179.332
44079.215
44898.602
45207.551
44372.465
44494.883
45131.266
44963.352
44849.133
45372.352
44835.266
44485.684
44376.0
43570.215
44059.934
43190.285
43380.801
43264.949
43209.934
43787.352
43562.332
43925.551
43765.668
43747.215
44166.801
44100.016
44436.801
44316.816
43839.934
43901.617
44063.066
44273.684
43407.668
43745.082
43929.668
43945.016
43331.398
43862.148
44543.535
44100.816
43837.602
44686.484
44755.133
44694.082
44308.332
43884.082
44465.535
43964.75
44132.332
44122.617
43847.465
44046.816
43901.668
43701.551
44071.602
43730.949
43082.199
43176.352
43450.465
43242.215
42589.801
42573.617
42260.398
42125.551
41923.066
41516.484
42058.398
42145.484
41780.602
42790.617
42664.867
42984.082
42931.602
42606.949
43169.199
42877.148
42619.801
42072.617
42553.199
42702.215
41835.602
40991.617
40118.867
39343.285
38762.0
38015.082
37609.199
36949.352
36414.398
37727.617
38424.465
38482.215
39051.602
39837.352
41168.133
40817.484
41335.266
41098.75
41037.602
41154.949
40739.934
40579.484
40799.602
40721.883
40309.535
40467.551
40555.934
40771.949
40523.867
40238.551
40640.332
40376.75
40439.867
40256.551
40703.867
40602.883
40288.465
40859.949
40684.934
40477.148
40020.734
39755.148
39793.066
39727.551
39675.332
39809.816
39566.066
39935.215
40042.801
39778.551
40002.133
40579.148
40215.398
39954.617
40225.602
40394.215
40237.602
40415.418
40243.465
39831.016
39658.199
39527.016
39747.535
39586.148
38813.266
39212.418
39014.934
39352.148
39137.133
39010.949
39139.734
39215.883
39517.934
39095.016
39269.398
39579.082
38969.867
39254.016
39211.934
39111.949
38513.934
38631.883
38534.066
38608.883
38611.734
38500.684
38467.535
38447.551
37797.734
38128.75
37939.535
38198.816
37673.602
38087.75
38716.867
38359.484
38842.535
38822.949
38691.535
39121.215
38960.801
38925.949
38957.199
38881.215
39038.066
38844.215
39002.465
38737.285
38981.133
38736.082
39148.867
38482.949
38595.934
38344.016
38543.332
38760.551
38254.602
38074.684
38162.133
38211.352
38200.066
38273.484
38307.934
38437.75
38415.465
38345.484
38242.133
37824.684
37372.668
37287.617
37467.398
36944.148
36601.133
36744.617
37202.0
37132.949
36660.602
36720.215
37049.602
36840.949
36577.066
36244.949
36512.398
36292.215
35866.934
35336.551
35759.934
35819.148
35784.199
36097.484
35970.867
36010.016
35415.668
35613.551
35143.535
35037.418
34232.602
34046.215
34087.133
33602.75
33544.867
32882.949
33226.0
32867.75
32207.268
31495.217
31288.934
31409.883
31161.334
30499.217
30755.732
30739.816
31009.4
31135.482
31781.533
32224.684
33084.199
33947.617
34085.535
34232.816
34310.535
34524.352
34306.867
33971.016
34043.465
33762.418
34037.332
33808.617
34169.602
34277.285
34564.801
34500.352
34776.867
34661.617
35116.398
34981.684
34708.867
35024.816
35380.199
35072.816
34791.734
34528.617
34845.266
34738.617
34539.199
34459.016
34502.266
34606.484
34983.332
34198.418
34714.867
34726.883
34757.398
34588.883
34808.465
34561.816
34137.668
34148.215
34281.199
34500.082
33759.398
33651.215
33817.535
33565.883
33492.398
33618.75
33785.602
33505.75
33361.668
33098.082
33048.934
33054.816
33135.535
33088.684
33082.467000000004
33001.617
33026.334
32929.215
32706.934
32693.35
32527.467
31953.816
32327.867
31876.018
32001.0
31982.018
32077.533
31874.15
32005.467
31984.283
32002.732
32396.883
32133.0
32474.551
32309.867
32537.617
32313.533
31793.482
31881.133
31646.283
31430.066
31636.018
31465.666
31518.018
31548.268
31534.482
31923.732
32481.15
31983.199
32545.018
32715.732
32447.482
32569.133
32255.816
32477.4
32689.15
32834.732
33052.352
33101.467000000004
33553.215
33433.398
33875.016
34221.734
34540.484
34028.398
33868.418
34202.934
34800.75
34586.668
35117.551
35284.668
35783.883
35532.867
35672.684
35521.934
35249.352
34372.266
33264.551
32616.533
32317.949
32012.934
31702.35
31403.467
31459.684
31323.334
31194.283
31430.867
31327.416
31342.732
31317.617
31670.801
31437.617
31210.199
30926.482
30887.666
31120.416
30658.533
31009.084
30818.666
31095.018
31053.934
31177.617
31297.801
31476.217
31068.268
31264.551
31636.0
31397.949
30794.533
31177.551
31518.199
31348.551
30950.934
31230.416
31492.6
30860.35
31325.666
30591.416
30929.4
30568.617
30330.533
30524.617
30359.199
30446.018
30133.268
29680.949
30327.066
30420.35
30036.533
30049.416
30242.6
30037.283
30387.0
29848.684
30055.066
30089.35
30249.334
30198.35
30359.133
30128.084
30223.0
30352.018
30609.199
30174.416
29725.467
29760.018
30031.0
30185.883
29902.066
30035.883
29855.6
30073.551
29789.268
29784.416
29865.6
29810.75
29357.732
29115.084
29779.6
29523.949
29059.199
28928.15
29367.066
28978.551
28962.867
29028.617
29329.467
29039.75
28075.533
28850.35
29301.867
28885.416
28801.666
28458.883
28660.801
28770.283
29049.0
28980.084
28859.533
28521.883
28614.801
28582.883
27915.268
27809.617
27159.467
27495.684
26911.934
27404.684
26919.066
27043.084
28386.801
28226.35
28168.467
28801.018
28631.867
28716.684
28237.334
27977.883
27838.867
27807.35
27543.4
27598.816
27702.334
27720.018
27322.801
27597.416
28278.199
27764.617
27207.732
27551.283
27819.268
27944.217
27568.0
27659.018
27801.268
27458.482
27098.4
26712.617
27143.066
26646.816
26600.867
26155.816
26127.732
26165.084
25449.533
24891.883
24722.666
23142.883
22288.066
21448.15
21573.6
21581.018
21745.0
21951.949
22841.533
23849.35
24421.133
24559.684
24669.666
25394.949
25858.199
25863.816
25468.268
25948.084
25870.467
26003.084
25993.133
25586.35
25199.4
25093.883
25535.4
25405.416
24982.867
25695.217
25544.801
25787.283
25900.867
25783.551
25905.867
25892.283
25616.467
25711.482
25841.066
26059.684
25600.133
25571.15
25973.0
26092.75
25942.867
26016.084
26194.732
26141.684
26039.0
25486.283
25949.066
25872.816
25508.6
25313.018
25568.066
25756.084
25553.268
25136.35
25332.533
25725.283
25045.666
25728.816
25887.199
25820.482
26298.133
25998.883
26125.732
26039.018
25827.0
25973.018
25854.133
25816.217
25454.934
25529.949
25489.533
25620.15
25487.268
25618.883
25783.334
25883.084
25516.867
25299.15
25556.467
25453.883
25651.0
25185.217
25692.867
25554.949
25780.133
25787.482
25891.867
25756.35
25288.066
25014.816
25556.934
25445.949
25605.934
25180.217
25086.467
25163.551
25030.334
25399.883
25138.467
25169.35
24556.533
24628.084
24690.066
24972.75
24012.334
24332.283
24558.4
24587.883
24302.867
24147.883
24583.533
24566.949
24293.0
24445.949
24490.533
24714.684
23984.133
24182.018
24686.6
24729.482
24318.334
24242.018
24306.066
24524.416
24126.732
24118.217
24200.533
24168.617
23596.801
23883.816
23842.133
23719.35
23660.066
23806.15
23472.066
24289.283
23575.801
23475.816
23576.934
23609.551
23498.066
22904.416
23447.934
23482.883
23197.533
22903.617
23364.533
23239.816
23100.6
22608.217
23154.732
23127.084
23029.533
23096.684
22743.133
22962.617
22792.867
22332.617
22634.467
22422.75
22422.268
21936.15
22295.6
22274.551
21605.666
21288.217
22035.467
21788.084
21629.732
21472.15
21759.334
21619.217
21264.334
21184.75
21860.666
21531.883
21352.934
21179.018
21697.467
21211.15
21066.467
20972.75
21608.133
21338.15
21091.066
21072.75
21226.666
20922.283
20479.066
20210.949
20621.4
20759.75
20661.133
20922.283
21055.6
20976.084
20369.268
21028.617
20840.0
20723.35
20660.133
20605.217
20451.0
20647.949
20087.4
19935.75
19141.666
18216.018
17359.732
16512.75
15994.733
15764.217
15732.667
15813.083
16811.732
17466.482
17728.934
18244.75
18606.268
18683.018
18808.199
18703.949
18799.732
18220.15
18195.732
17472.75
18548.6
18506.15
18288.867
18288.15
18680.334
18908.416
19105.801
18831.217
19299.533
19511.75
19132.066
19234.617
19633.867
19613.684
19608.334
19811.15
19937.867
19918.551
19689.467
19379.018
20281.934
20021.482
19995.199
19630.75
20303.334
20428.018
20184.066
20430.15
20407.732
19953.617
20173.867
19853.482
20386.666
20291.551
20165.732
20083.816
20097.934
20359.35
19950.533
20485.35
20488.934
20508.883
20493.0
20083.084
20792.934
20784.416
20359.334
20526.416
21235.801
20952.15
20692.268
21190.883
21431.4
21040.018
20804.934
20889.217
20516.0
20705.416
20194.6
20372.018
20665.133
20540.75
20584.4
21070.482
20731.268
20842.684
20197.533
20070.35
20994.334
20775.684
20640.6
20758.084
20574.467
20648.816
20729.4
20434.35
20472.133
20486.217
20393.0
20377.617
20523.4
20202.949
20262.666
20114.217
20496.066
20237.084
20397.0
20319.816
20754.801
20291.084
20391.133
20308.217
20544.066
20825.35
20807.133
20706.75
20597.467
20460.416
20377.6
20627.416
20728.0
20882.084
20894.199
20506.684
21169.533
20971.283
20927.066
20415.482
20960.0
20875.018
20685.867
20533.482
20626.867
20757.949
20948.533
20798.15
20880.066
20564.15
20678.133
20875.018
20571.268
20680.217
20559.133
20463.283
20544.0
20650.018
20382.268
20328.883
20455.467
20710.551
19701.467
20513.283
20502.533
20434.75
19723.133
20100.482
20415.801
20543.617
20400.133
20454.283
20387.666
20579.217
20285.199
20138.949
20504.334
20225.482
20339.867
19975.482
20207.066
20234.617
19910.867
19840.35
20147.867
19698.75
19769.666
19536.416
19903.6
19775.416
19411.867
19732.018
19710.867
19416.949
19566.199
19733.217
19551.334
19499.883
19269.934
19307.883
19600.801
19272.018
19436.6
19032.617
19073.732
19190.018
19038.199
19096.551
18935.467
18852.283
18823.268
18755.018
19005.0
18996.416
18853.867
17944.551
18202.334
18107.416
17952.133
17283.883
17232.4
17257.018
16838.4
16242.684000000001
16740.066
16632.283
15746.6
16121.15
15998.6
15609.616
15771.6
15189.017
15323.4
15144.75
14854.467
14989.95
15246.4
15105.15
15288.267
14041.95
14814.4
14885.217
14386.934
14722.55
14945.267
14997.283
14760.333
15201.55
15442.4
15471.684
15694.467
16102.417
16063.134
15944.417
16028.2
15778.217
15739.4
15948.684
15959.333
15314.15
15767.733
15604.816
15236.134
14671.15
15021.267
14795.884
14429.733
14356.75
14193.0
14280.417
14107.667
14003.616
14385.4
14369.816
14216.0
14232.35
14352.667
14204.684
14106.733
14012.75
14444.8
14241.95
13931.8
14367.417
14724.866
14529.884
14206.0
14380.417
14347.934
14404.884
14318.0
14193.083
14244.333
13975.083
13402.733
14007.483
13863.467
13992.483
14109.4
13668.417
14169.0
14032.417
13282.467
13572.35
13767.934
13608.15
13680.134
13939.75
14075.866
14041.083
14242.2
14167.816
14297.467
14145.884
14073.533
13767.884
13994.066
14089.75
13859.8
13835.15
14078.866
14066.884
13785.934
14240.35
14328.667
14441.95
13979.066
14202.217
14344.267
14359.95
14536.866
13820.283
14307.0
14179.35
14379.0
14009.55
14678.267
14422.75
14557.0
14160.884
14734.667
14678.35
14318.2
14125.35
14350.134
14066.083
13975.2
14224.35
14135.667
13998.017
13669.066
13627.483
13872.267
14052.616
13886.866
14064.684
14014.533
13838.35
13653.2
13840.75
13929.066
13821.75
14121.2
13485.75
13813.866
14085.684
14058.8
13707.816
13750.134
13290.483
13011.467
13436.217
13350.733
13386.417
12610.6
13158.483
13460.066
13288.684
13020.134
13354.15
13614.934
13194.417
13326.467
13150.283
13380.066
13040.816
12746.2
12695.35
13068.467
13010.684
12565.934
12861.217
12838.2
12985.95
12821.6
12870.15
12953.267
12810.55
12609.533
12830.35
12968.2
12893.35
12730.333
13080.083
12805.134
12899.15
12803.333
12633.483
12763.533
12758.75
12599.866
12464.283
12511.4
12598.684
12261.6
12163.083
12652.333
12676.616
12366.866
12423.217
12652.8
12632.217
12239.533
12260.017
12490.667
12261.083
12029.134
12452.417
12385.066
12207.616
12429.333
12213.95
12227.667
12228.15
11892.333
11545.95
12234.533
11894.75
12116.733
11924.283
12027.333
11780.217
11787.866
11613.616
11934.8
11822.816
11703.8
11467.884
11723.533
11791.35
11564.667
11515.95
11801.6
11790.55
11262.267
11444.417
11688.2
11636.483
10952.667
11134.816
11547.134
11551.884
11433.934
11090.884
11639.467
11509.283
11414.4
11159.017
11350.667
11145.616
11043.6
11182.884
11343.333
11143.217
10948.333
11018.95
11462.866
11434.816
11210.267
10964.283
11049.8
11205.884
11003.8
10853.217
11146.0
11032.684
11034.333
10700.017
10882.8
10986.884
10948.934
10768.483
10968.934
10739.483
11195.0
10467.95
10900.134
10821.217
10596.733
10160.483
10878.4
10832.083
10846.267
10516.417
10629.467
10470.483
10599.934
10673.55
10961.467
10181.083
10454.667
10259.417
10474.333
9824.55
9305.134
8553.616
8211.467
7254.217
6293.133
5555.083
4826.2
3965.35
3531.133
2806.817
3107.467
2984.683
2742.4
2951.483
3903.667
4160.883
4243.0
5326.417
5949.0
6292.083
6652.467
6004.75
6749.0
6345.017
6119.2
5702.55
5455.8
5510.883
5216.133
4965.55
5370.533
5466.017
5436.533
5261.483
6014.267
5827.017
5886.867
6518.283
6598.267
6880.35
6599.933
7107.55
7300.8
7304.083
7372.333
7624.417
7926.533
8006.75
7553.667
7835.083
8414.8
8463.283
8055.200000000001
8575.217
8849.267
9012.483
8922.333
8983.35
9455.866
9429.15
8835.8
8994.35
9693.4
9814.217
9617.066
9343.017
9884.934
9696.884
9532.134
9517.283
9995.667
9782.15
8936.8
9776.417
9931.4
10038.283
9710.866
9491.283
10020.467
9925.217
9730.4
9651.083
9798.066
9960.15
9494.333
9340.616
10263.733
9833.083
9624.467
9647.684
9965.2
9873.217
9730.2
9716.75
9920.0
9884.684
9695.6
9672.55
9961.4
9950.083
9839.0
9703.616
10026.467
9951.217
9377.667
9613.083
9925.6
9821.417
9479.066
9392.684
9786.267
9633.816
9702.467
9436.483
9684.134
9842.616
9559.2
9081.017
9854.0
9756.55
9774.8
9583.55
10067.8
9773.616
9593.934
9391.684
9878.4
9668.35
9193.667
9058.684
9710.8
9619.684
9623.667
9017.816
9733.533
9615.816
9451.134
9572.417
9730.2
9707.283
9508.2
9470.417
9945.733
9755.75
8906.866
9242.217
9835.733
9614.417
9568.733
9417.616
9784.866
9689.417
9244.4
9072.75
9636.2
9465.217
9433.934
9327.217
9632.733
9622.417
9505.733
9023.483
9712.733
9618.417
9262.4
8951.55
9525.866
9672.95
9341.4
9277.15
9635.8
9209.417
9184.6
9318.217
9318.467
9251.483
9108.0
8904.017
9504.066
9364.083
8969.4
8897.15
9330.333
9512.15
8782.0
8866.75
9344.8
9249.55
9302.0
9065.884
9271.2
9174.35
9109.267
8794.417
9439.2
9201.55
8930.467
8914.417
9240.467
9166.55
8993.733
8499.483
9131.0
9070.15
8953.8
8425.417
9204.6
9009.684
8500.934
8940.483
9022.134
8920.884
8505.467
8584.417
8774.267
8876.884
8624.8
8604.684
8844.533
8646.35
8641.134
8388.35
8742.267
8746.816
8270.333
8217.884
8704.0
8660.95
8382.533
8312.75
8375.867
8581.417
8094.733
8258.483
8327.733
8372.483
8188.667
7962.683
8519.8
8376.35
8008.0
7634.55
8215.467
8364.883
8181.8
7895.817
8235.667000000001
8173.55
7491.8
7906.95
8322.332999999999
7976.017
7797.933
7844.55
8085.4
8132.283
7746.467
7635.083
8026.933
8127.483
7938.133
7837.883
8135.467
7961.617
7660.067
7411.883
8032.133
7842.017
8106.533
7597.95
8062.6
7991.883
7476.4
7546.55
8025.2
7842.75
7632.933
7723.283
7985.2
7926.75
7505.133
7455.55
8044.467
7777.75
7640.067
7677.95
7900.8
7766.15
7326.4
7213.683
7593.8
7540.083
7021.067
7139.017
7606.8
7460.683
7623.333
7292.217
7642.267
7491.617
7711.933
7330.683
7543.533
7460.95
7118.867
7103.483
7556.4
7433.083
6953.933
6427.417
7377.933
7410.483
6922.2
7144.817
7359.8
7163.217
7020.533
6968.417
7341.0
7145.35
6940.6
6610.483
7169.933
7223.55
6499.133
6662.817
7226.267
7019.083
6761.733
6534.75
7124.467
7105.617
7025.4
6599.15
7195.733
7100.817
7048.133
6920.417
7104.2
6968.483
5734.333
6223.083
6998.0
7086.75
6691.467
6429.75
6929.4
7066.883
6407.133
6398.95
6835.067
6805.883
6320.933
6376.483
6857.733
6812.283
6143.333
6155.15
6691.4
6671.75
6382.4
6364.95
6615.467
6529.617
6099.133
6493.617
6593.2
6614.95
6119.0
6335.35
6691.933
6491.883
6026.667
5924.95
6516.467
6513.817
6361.2
5801.95
6576.733
6466.683
5782.267
5915.95
