282.33299999999997
70.5
-135.067
157.567
449.267
132.96699999999998
218.333
249.1
233.667
265.9
119.13300000000001
-169.03300000000002
215.53300000000002
211.433
17.732999999999997
-23.033
355.733
7.766999999999996
63.533
368.9
421.133
190.433
471.733
153.1
286.733
206.36700000000002
229.067
-129.767
204.4
208.7
324.0
25.299999999999997
282.733
194.233
245.267
26.900000000000006
553.4
467.5
89.4
-57.233000000000004
256.8
129.833
-2.5330000000000013
186.567
204.4
236.03300000000002
146.933
237.36700000000002
221.267
254.63299999999998
-34.93300000000001
41.033
625.0
291.633
-10.200000000000003
-253.233
442.33299999999997
443.9
36.132999999999996
48.233000000000004
382.067
435.767
395.133
235.233
428.133
364.033
158.2
327.567
401.067
387.433
332.33299999999997
-135.63299999999998
445.0
282.367
42.333
85.7
385.33299999999997
185.767
152.067
73.833
305.933
499.033
204.333
57.967
237.86700000000002
347.9
40.93300000000001
16.233000000000004
241.4
201.433
498.0
7.766999999999996
182.0
219.03300000000002
355.933
-58.3
193.733
260.367
199.13299999999998
87.9
415.4
368.1
-226.933
25.766999999999996
406.0
302.9
231.6
220.767
473.4
297.233
2.799999999999997
279.567
109.933
331.3
256.733
280.767
416.66700000000003
294.7
560.467
-228.433
330.2
380.433
101.133
368.767
393.533
461.3
258.4
109.033
346.0
253.96699999999998
-62.667
110.9
346.067
306.567
125.467
15.966999999999999
418.533
445.567
54.733000000000004
-234.9
352.133
320.033
90.467
142.167
276.4
423.767
340.867
44.3
300.067
329.567
-275.0
-134.767
314.133
205.63299999999998
174.4
-2.8329999999999984
328.33299999999997
270.233
53.2
223.767
407.467
296.433
246.86700000000002
-107.633
456.6
411.7
433.733
158.03300000000002
488.0
278.83299999999997
153.333
332.7
412.0
74.5
376.0
-162.567
137.86700000000002
229.767
2.933000000000007
366.033
603.4
423.5
172.0
-75.967
505.4
151.7
462.66700000000003
22.833
392.733
363.567
319.33299999999997
381.967
530.267
352.1
432.867
310.233
335.867
239.167
385.33299999999997
-353.83299999999997
387.133
357.433
178.8
144.833
139.8
325.033
470.2
181.03300000000002
245.067
305.033
127.4
-197.03300000000002
275.533
390.433
476.133
177.63299999999998
397.6
302.967
54.333
-320.567
444.467
245.5
-57.266999999999996
28.367000000000004
261.733
190.96699999999998
-1003.667
-95.1
128.0
275.83299999999997
248.733
-62.967
559.133
405.16700000000003
260.933
69.567
260.867
232.833
-100.933
434.033
519.733
282.433
-181.46699999999998
42.967
316.467
333.567
-113.0
352.967
387.467
264.633
407.067
344.567
327.133
406.033
252.8
190.567
371.733
254.5
409.6
35.033
396.66700000000003
439.5
344.867
-61.967
225.8
313.1
86.2
-280.633
373.467
337.5
264.933
-119.967
352.6
342.3
224.733
89.967
366.933
358.3
-152.8
205.433
332.33299999999997
70.5
-133.4
161.833
265.267
216.833
316.2
182.3
268.933
529.5
89.4
178.233
379.867
533.633
390.067
162.9
232.333
284.033
106.2
504.16700000000003
365.0
219.03300000000002
-153.6
109.033
221.733
298.9
264.2
-9.433000000000007
547.0
561.167
43.06699999999999
298.9
377.66700000000003
357.633
234.733
111.9
346.133
392.233
94.133
126.367
307.66700000000003
337.767
190.53300000000002
304.033
481.8
455.16700000000003
414.6
119.1
576.333
187.7
410.267
-131.5
400.66700000000003
200.7
-68.93299999999999
311.7
364.267
228.433
559.733
407.433
413.33299999999997
295.16700000000003
664.133
116.03299999999999
415.66700000000003
317.5
-6.266999999999996
308.5
666.467
447.767
583.733
-4.699999999999989
475.467
408.9
421.66700000000003
237.1
394.533
572.633
-7.467000000000013
278.967
647.8
376.7
182.467
224.367
399.0
399.83299999999997
557.4
218.3
695.333
592.9
734.2
485.233
746.2
560.9
286.0
401.1
448.467
672.633
846.6669999999999
271.233
790.6669999999999
648.233
593.467
744.1669999999999
665.733
569.767
420.4
703.033
549.0
836.3
181.267
346.167
633.933
612.367
641.933
477.033
958.0
633.567
781.067
614.633
767.733
726.367
758.3330000000001
389.167
1081.933
538.7
641.6669999999999
564.433
902.0
595.8330000000001
765.6669999999999
676.233
698.467
955.033
865.4
759.5
705.667
961.5
729.6
523.1
1022.2
802.433
709.4
648.233
656.267
750.3
858.667
747.033
962.333
855.1
647.467
610.233
769.933
877.767
775.2
655.1
1002.067
571.233
831.733
557.367
762.0
654.567
831.067
918.3
812.467
554.3
858.067
1038.567
532.733
952.3
801.933
850.433
862.933
844.433
697.333
1068.967
1240.267
762.3
787.0
1366.633
1003.533
1213.767
591.0
787.433
1269.267
1113.5
1246.933
1321.833
864.933
828.233
948.933
930.433
1460.133
1282.5
760.4000000000001
1235.5
1121.0
1337.3
1362.667
1181.233
1102.467
1452.567
733.2
1001.8330000000001
1142.733
1296.1
1611.8
1573.367
1521.267
1475.167
1278.2
1380.3
1394.733
1288.767
912.4670000000001
1135.567
1464.6
1300.967
1548.533
1122.033
1614.733
1513.967
1622.333
1433.367
1581.867
1519.1
1106.0
1566.633
1425.467
1334.1
1256.867
1397.3
1382.4
1507.3
1412.067
1175.233
1514.2
1296.3
1275.6
1151.367
1618.933
1526.433
1464.4
1545.433
1642.733
1394.233
1361.467
1247.433
1521.6
1535.767
1424.267
1175.167
1659.0
1403.767
1451.333
1430.433
1575.6
1473.9
960.5999999999999
1400.033
1497.333
1569.633
1586.267
1770.767
1913.533
1726.1
1731.733
1701.5
1847.333
1904.1
1764.733
1852.967
1833.0
1845.433
2022.733
1855.567
2248.667
1706.833
1287.2
1545.833
1741.6
2045.367
1771.0
1867.1
2217.867
2038.5
1962.467
1883.167
2129.0
2174.7
2207.133
1926.767
2287.133
1973.367
1861.667
1736.5
1782.2
1701.9
1992.667
1348.833
1751.733
1879.367
2127.0
1794.433
2096.467
2004.767
2195.267
2006.767
2079.133
2139.833
2120.2
2042.3
2353.8
1918.567
2461.867
2219.1
2228.067
2146.5
2055.467
2230.1
2480.933
1852.567
1965.133
2280.033
2515.667
2248.767
2313.067
2073.767
2138.8
2027.9
2103.733
2245.967
2238.067
2534.167
2806.333
2112.967
2698.267
2661.3
2555.733
2443.3
2493.133
2376.5
2325.867
2616.5
2551.667
2355.233
2152.0
2272.3
2201.8
2169.367
2496.667
2383.9
2570.6
2773.433
2600.667
2733.633
2949.067
2711.233
3019.8
2874.9
3199.267
2963.5
2795.533
3023.633
3036.4
2933.767
2745.933
2899.833
2704.6
2788.833
2655.0
2839.567
2822.733
2605.9
2236.6
2520.167
2431.6
2469.767
2267.6
2237.5
2494.8
2246.633
2164.067
1879.5
2489.467
2044.1
2388.8
2431.167
2625.533
3124.5
2930.533
3236.1
3078.2
3272.567
3413.933
3006.3
3186.8
3132.233
2854.6
2755.567
3031.667
2893.433
3142.533
2728.567
2982.133
3025.033
3020.667
3182.433
3154.867
3210.9
3378.8
3335.9
3375.0
3374.367
3283.533
2984.433
3328.933
3413.433
3228.933
3504.3
3589.667
3454.5
3315.133
3024.7
3546.933
3416.1
3754.467
4048.233
4152.532999999999
4510.8330000000005
4521.133
4380.233
4321.4
4238.967
4325.733
3935.567
4510.467000000001
4197.9
4365.4
4259.967000000001
4472.733
3984.367
4125.133
4295.767
4112.933
4168.967000000001
3944.8
3664.833
4277.2
4396.433
4265.0
4463.9
4627.4
4656.3
4523.867
4265.7
4604.667
4530.9
3988.733
4202.433
4169.6
4408.233
4303.133
4556.033
4752.667
4478.367
4336.467
3785.3
4049.467
4137.032999999999
4206.3330000000005
3936.7
4335.0
4013.167
4041.667
3818.167
3731.133
3683.9
3595.6
3666.367
3706.8
3824.233
3586.067
3743.433
3482.4
3684.833
3821.133
3937.967
4255.6
4421.9
4541.667
4696.3
4476.667
4562.833
4126.133
4664.5
4474.2
4487.367
5009.933
4735.3
5448.6
5474.367
5409.667
5637.167
6243.0
5725.5
5844.867
5309.433
5449.267
5337.233
4922.333
4662.233
4699.8
4535.033
4344.2
4485.767
4979.8
4620.833
4899.867
4976.633
5466.2
5456.567
5565.667
5297.833
5129.533
4997.5
4588.4
4412.033
4497.467000000001
4082.967
3927.0
3769.167
3837.733
3746.033
3166.467
3504.9
3515.933
3174.033
2850.2
3621.833
3695.533
3834.433
4153.8
3912.5
4742.467
4993.7
5081.2
4928.9
5015.6
4776.233
4383.467
4540.3
4437.467
4657.367
4652.933
4467.833
5036.133
4690.1
4887.8
4780.167
4942.667
4889.433
4790.133
4244.033
4843.067
4734.367
4881.0
4794.833
4722.6
4725.367
4787.667
4828.3
5532.267
5585.7
5590.867
5856.7
6047.8
6091.567
6058.533
5909.833
6227.267
6009.7
6396.733
6019.367
6497.933
6952.367
6231.067
6495.167
6572.533
6318.767
6266.267
5531.767
5387.667
4802.033
4508.8
3561.1
3386.8
2841.033
2640.467
2655.1
3216.733
3503.567
3893.6
4451.233
4831.4
5091.5
5403.667
5870.7
6171.467
6604.633
6509.133
6489.9
6621.4
6049.433
5921.067
5569.7
5156.2
4362.367
3995.867
3679.3
3655.733
4043.7
4210.933
4829.3
5762.333
6077.7
6330.0
7218.567
7493.733
7627.3
8070.933
7796.567
8488.332999999999
8567.033
8955.733
8687.767
8660.333
9082.7
8826.333
8879.9
9034.667
8881.434
9130.934
8930.767
9580.6
9410.5
9527.066
9304.3
9815.267
9662.9
9513.934
9634.3
10162.467
9927.5
9893.533
9644.7
9802.467
9318.1
9395.667
9585.434
9648.267
10121.1
9848.533
9963.5
10046.4
9670.167
9392.333
9143.7
9350.667
9661.767
9824.866
9725.634
9738.267
9747.033
9655.134
9528.233
9417.8
9419.167
9252.667
9350.7
9797.667
9562.767
9803.134
9453.833
9597.0
9836.167
9579.2
9993.967
10184.333
10158.967
10302.533
10379.7
10499.8
10861.167
11099.2
10926.434
10850.2
10773.233
10048.533
9506.434
9641.6
9595.833
9526.134
9425.9
9738.667
9993.967
10165.866
10828.033
10792.8
11402.833
11321.066
11371.366
11365.866
11790.566
11149.733
11282.5
11719.866
11233.767
11274.066
11498.434
11425.134
11224.233
11845.333
11353.7
11679.267
11642.366
11528.4
11269.033
11530.467
11373.5
11381.6
10766.5
11463.866
11282.233
11294.333
10885.1
11249.8
11654.9
11850.066
11501.7
11791.0
11888.366
11663.066
11659.233
11565.667
10511.833
10962.533
10989.3
11056.066
10572.7
11232.733
11062.7
11101.267
10780.634
10771.333
11182.9
11293.533
11209.833
11324.0
11062.833
10802.267
10800.967
10159.4
10409.767
11143.333
10958.167
11119.667
11493.9
11822.066
11925.167
12118.066
11739.9
11855.8
11990.434
11931.4
11457.833
11228.934
10724.634
10882.866
10134.033
10789.333
11050.767
10699.2
10717.9
11575.4
11525.9
10936.0
11005.3
11875.333
12056.767
11755.4
11536.167
11661.667
11756.634
11450.6
11373.366
11636.8
11438.033
11715.6
12050.9
11685.533
11954.3
12265.333
11382.5
11618.667
11465.366
11090.4
11348.233
10597.8
10864.033
10934.934
11926.233
11832.267
11653.767
11648.6
11142.566
11417.0
11426.434
11743.2
11403.7
11186.733
10592.1
10406.934
10052.9
9657.533
9598.3
8885.533
8746.9
8767.066
8744.434
9292.667
9734.7
10716.866
11403.634
12640.267
12777.3
13868.866
12998.167
12401.4
12903.634
12760.733
12549.9
13359.0
13497.3
13737.8
13527.434
13414.6
12786.1
12265.6
11907.3
12138.667
12076.233
13418.866
12870.167
13463.866
13547.9
13860.866
13912.366
13542.134
14330.7
14500.267
15153.5
15019.866
15184.5
15491.533
15850.233
14746.8
14988.3
14312.333
14668.366
14655.333
15094.233
14489.866
14240.634
13826.866
13556.3
13823.8
13483.5
12557.0
13475.833
13298.6
14191.833
14359.8
14420.833
15342.533
14941.033
14566.467
14905.167
14912.533
14693.634
14682.4
14955.033
15376.533
15822.5
15866.066
15545.7
15699.733
17388.033
16055.6
16125.3
16373.0
15759.434
16393.533
16335.767
17002.533
16358.967
15808.667
16085.9
16373.2
16242.833
15709.667
15653.634
16780.8
17243.166
16858.6
16149.1
16533.934
16313.767
16157.467
15313.233
16252.333
16069.566
15711.467
14994.3
15617.733
15905.434
15929.733
15493.566
16574.467
16575.767
16396.334
16754.9
16929.0
17717.367
16940.732
16661.434
17310.334
16867.967
17232.0
16311.634
16618.934
17392.967
17021.199
17080.633
17131.666
16661.033
16915.867
17395.967
18069.066
17814.166
17729.533
17996.768
17764.467
18251.5
18712.334
18248.5
18209.133
17749.232
17773.533
17222.967
17686.334
17296.9
17617.6
16994.1
16468.6
16750.367
16629.4
16320.434
16890.934
16445.634
16592.467
16760.301
16627.4
16791.566
16614.268
17173.166
17668.533
18115.9
17191.6
17295.5
17344.732
16751.434
17662.334
17258.566
17816.6
17819.834
18240.732
18203.033
18399.801
18668.566
18056.133
17574.1
19338.199
18677.834
18573.066
18884.566
19094.934
17814.9
18583.268
17787.768
18839.133
18520.699
17773.133
18386.1
18889.334
18605.033
18691.467
19763.033
19143.4
18482.768
18237.268
18021.367
17850.066
18490.1
19242.199
19064.768
19825.6
19946.768
20355.467
19864.367
19911.6
20298.5
20117.199
20085.633
20053.199
20185.033
20679.6
20239.699
20990.066
20724.1
20836.867
21329.699
21152.334
21119.834
20629.666
20731.166
21065.934
20657.5
20478.467
20293.367
21074.268
20752.232
21800.867
20983.166
20587.533
21139.232
21271.268
22032.5
22123.467
22269.834
21619.0
21907.633
21317.533
21463.834
21235.467
21699.967
21865.934
23843.232
21980.0
22946.768
23309.133
23553.434
22975.199
24359.232
23784.801
24111.1
24942.867
25688.768
24396.934
24975.434
24390.6
24679.967
26480.4
24827.699
25028.666
24167.768
24052.268
24218.768
24907.334
24766.1
25294.467
26134.9
25515.199
26359.699
27057.801
27835.033
27808.199
27997.633
28857.066
29621.1
28860.6
27366.967
28289.133
28561.768
27715.934
28331.434
28951.268
28999.301
28789.467
29313.5
29960.133
29212.166
30837.066
31586.633
31129.133
30495.9
31716.867
31507.699
31584.334
31278.9
31667.133
31878.566
31538.666
31630.9
31235.4
31540.967
32441.666
33287.434
33718.668
34097.566
35619.0
35880.035
35214.867
35955.965
35966.801
35699.5
35772.066
34717.434
35720.266
34859.965
34842.133
36534.832
37146.266
37471.699
37511.199
37775.168
38608.465
37657.699
37898.867
37323.965
37669.801
37906.168
37376.133
38150.832
38911.867
39319.633
39446.535
39636.168
40114.535
40106.766
39505.934
39793.699
39607.066
39735.5
39056.066
39684.766
39856.332
39987.301
40483.199
39998.168
39707.934
39994.832
40034.734
40178.633
40163.398
40535.898
40232.398
40456.965
40709.0
40391.035
39252.465
38638.168
36799.266
35307.633
34334.465
33956.965
33830.801
34404.965
34324.801
35793.566
37561.266
38152.301
38763.332
38957.168
39176.734
40203.168
41276.734
40841.766
41572.066
41599.035
41154.066
40328.766
40010.867
40295.898
40911.934
41253.965
41757.934
42489.766
43411.133
43968.102
44125.398
44227.965
43460.133
43203.367
42736.066
43050.832
43132.465
43127.5
43103.668
42274.301
41904.465
41648.168
41014.801
41089.301
41407.0
41185.5
42782.734
43034.434
43358.465
44057.035
44365.332
43324.566
43545.734
43137.434
43150.332
43580.699
43901.734
44367.5
45480.133
45382.102
46017.332
45466.035
45411.133
44925.102
44191.867
44385.566
44240.668
44464.367
44183.535
44520.035
45093.668
45455.898
44979.398
45090.234
46167.535
45591.367
46079.801
45301.766
45934.133
45290.434
44297.734
43763.898
43403.398
43316.434
43518.398
43882.5
44357.602
45620.633
45365.867
46154.035
45628.934
45582.566
45467.332
44932.102
44583.266
44096.102
43413.199
43556.234
43547.535
43244.898
43484.266
43491.301
43186.465
43293.699
43164.266
43274.168
43826.0
44269.301
44227.668
44799.766
45567.734
45832.566
45787.602
46067.035
45870.801
45835.5
45049.934
44496.035
43946.332
44285.168
44728.332
44492.035
45263.465
45658.367
46283.801
46543.699
46549.668
46498.566
47447.0
47788.434
48370.867
48481.633
48078.398
47903.168
47641.465
47604.832
46860.332
46598.367
46750.133
46781.965
46428.734
46293.832
45305.535
45944.102
45504.398
45956.102
45831.465
46827.434
47354.867
48014.633
48402.934
48779.699
47711.734
47810.367
47239.465
47214.035
47583.934
47226.699
47181.0
46825.035
47237.0
47665.699
47664.602
47883.633
47978.133
48488.234
48957.0
49812.766
49010.199
48846.434
48035.199
48084.633
47205.0
47185.367
47107.133
46851.234
47527.668
47650.898
45809.801
47014.168
46900.133
46530.434
46713.133
46446.832
46295.867
46599.168
47219.734
47578.168
47577.398
47484.633
47678.465
48432.301
48558.066
48805.5
48519.934
47956.434
46424.867
44737.234
43840.465
42160.102
40378.332
39880.035
40558.133
41754.832
44273.934
44955.766
44294.801
44385.234
44562.133
44019.301
44445.332
43854.633
43322.465
44355.168
45668.332
46675.434
46615.133
47076.367
47297.199
47799.965
48677.602
48146.566
47963.398
48044.301
47239.199
47702.168
48203.801
48261.234
48102.734
48971.434
49455.867
49455.965
49559.801
48731.301
48582.934
48232.234
48425.867
48092.035
47356.332
47064.102
46574.602
47712.234
48571.934
49329.898
49110.066
49723.234
50685.332
51069.699
50477.332
49997.168
50362.133
49702.832
49587.668
48833.898
49531.734
50181.633
49607.668
49305.965
48897.535
47621.633
46998.465
45295.699
44018.734
43614.035
43670.398
44154.367
44696.266
46025.367
46310.199
47719.035
48051.867
48089.898
48849.332
49059.102
49529.668
49703.5
49926.332
50426.832
51326.066
50536.434
50190.133
49286.566
49158.801
48997.434
48864.734
48880.102
48895.867
49676.832
50728.734
50849.699
50791.535
50811.102
50660.801
50350.766
50364.668
50351.301
49128.199
48535.168
48101.602
47378.898
46480.066
45941.367
46320.066
46619.766
47136.066
47667.301
48379.332
48429.965
48285.0
48096.566
48259.801
47864.633
47528.199
47631.898
48120.734
48623.5
48823.199
48852.102
49398.602
50011.766
49962.133
50080.5
49761.535
49532.102
48829.734
48041.5
47644.332
46724.898
45617.465
47010.434
46906.066
47216.898
47409.602
48108.234
48226.668
48627.699
48027.801
48188.301
48502.602
47956.566
47740.266
47600.633
47501.668
47145.301
46387.867
45935.5
46067.332
46173.633
45524.266
44854.832
45226.867
45077.5
44761.199
44821.766
45012.332
45391.5
45633.535
46160.234
46313.535
46832.301
46538.602
46309.898
46819.266
46721.566
45442.266
46179.566
45780.734
45865.766
46013.199
45357.965
45442.199
46409.102
46612.066
47033.434
46892.199
47006.566
47008.668
46615.633
47106.668
46623.965
46019.535
45950.5
46323.602
46757.633
46946.465
46129.5
46333.934
46205.566
45781.535
46057.832
46167.332
46081.566
45850.199
46097.699
45682.465
45926.898
45309.602
44971.301
44853.066
44801.102
45043.066
44639.035
45509.734
45826.168
46378.801
45660.035
45803.332
45868.566
46186.465
46017.766
45796.801
45982.832
45861.066
45721.965
45684.066
45719.965
45349.602
44845.566
45285.602
45390.035
45545.602
45455.102
45679.398
45715.633
45624.465
46040.633
46024.398
46305.566
45409.465
44946.832
45199.199
44552.102
44681.398
44416.566
44999.801
45567.234
45356.867
45236.832
45584.398
45510.102
45884.668
45729.633
45718.398
46130.234
45868.934
45853.035
46043.535
46114.102
46013.602
45790.832
45091.266
45273.965
44473.602
44655.699
44729.668
44623.102
44268.535
44411.234
44359.867
44273.102
44301.535
44744.5
44333.0
44973.965
44740.668
44639.168
44056.398
43659.699
43273.199
43349.035
42983.266
43050.5
42717.535
43350.5
43596.266
43585.301
43405.066
43036.234
44132.535
44513.898
44744.535
44809.965
45420.266
45598.102
44858.734
44641.434
44506.066
44410.035
43583.602
43628.832
43907.199
43945.699
44304.465
44211.367
44721.266
44666.566
44714.066
44541.367
44777.668
44459.367
44118.0
43612.898
44202.734
44278.898
43519.133
44419.566
44005.0
44381.699
44582.266
43998.965
44283.602
43886.766
43097.266
42550.633
43031.199
42779.035
42466.535
42928.301
42939.668
44048.434
43734.535
44457.566
44641.465
44303.566
44279.801
44671.035
44952.668
44471.5
43854.398
43640.766
43638.398
43057.633
42849.066
42823.566
43406.465
43534.766
43436.535
43357.301
44012.266
44044.766
43609.535
43403.699
43382.535
42965.102
42298.734
41704.035
41785.0
41764.035
41366.199
41678.5
42005.602
42686.699
42966.199
43134.566
43432.0
43660.301
44044.801
43981.234
44083.801
43860.965
43716.867
44281.234
43592.535
44100.234
43775.934
43303.035
43890.332
43801.168
43947.934
43597.234
43441.734
43338.898
43282.0
42714.035
42818.199
42524.5
42345.332
42712.832
42293.066
42139.168
42060.066
41989.766
42762.801
43078.5
42234.934
42310.832
42946.066
42847.434
42773.332
43244.234
42738.332
42392.898
42271.133
41481.102
41930.398
41051.965
41258.398
41179.898
41132.801
41717.434
41505.266
41815.766
41669.199
41618.832
42022.867
41960.367
42266.535
42182.5
41721.199
41784.699
41983.266
42090.965
41268.602
41563.434
41756.066
41830.699
41251.133
41656.102
42346.465
41926.832
41682.535
42500.168
42631.734
42468.301
42105.602
41705.699
42267.934
41781.035
41995.332
41938.102
41666.602
41831.832
41738.332
41500.965
41869.0
41556.234
40831.465
40992.168
41344.867
41119.566
40471.0
40445.102
40125.398
40061.832
39816.535
39421.102
39995.734
40025.766
39662.066
40645.766
40537.266
40857.301
40724.398
40489.965
41005.934
40737.035
40463.734
39929.699
40421.801
40600.5
39773.066
38935.434
38131.465
37394.699
36791.867
36086.367
35716.199
35076.898
34598.266
35835.168
36446.602
36509.566
37094.199
37897.168
39049.398
38791.434
39287.867
39016.434
39007.398
39171.898
38670.266
38572.566
38744.867
38678.766
38252.066
38391.898
38534.066
38725.633
38520.266
38217.367
38589.398
38361.168
38394.332
38198.035
38647.0
38605.5
38226.734
38854.699
38658.734
38487.699
38056.867
37761.234
37770.867
37665.898
37649.465
37780.633
37570.266
37981.898
38018.535
37782.633
38000.465
38522.234
38174.734
37949.367
38225.734
38340.301
38195.934
38398.301
38282.535
37806.832
37655.668
37516.367
37755.332
37589.633
36860.266
37212.301
37100.535
37339.766
37198.602
37051.035
37129.199
37248.434
37528.602
37097.234
37277.934
37618.301
36945.0
37272.168
37231.668
37115.234
36575.066
36681.035
36610.734
36656.234
36666.133
36583.301
36490.066
36463.168
35903.867
36213.434
35965.332
36248.301
35751.867
36117.965
36733.867
36420.699
36833.535
36834.035
36700.734
37137.965
36890.934
36935.699
36978.332
36841.035
37079.199
36833.035
37019.535
36774.5
36987.465
36722.367
37159.398
36516.168
36666.332
36386.434
36619.801
36759.699
36260.734
36100.633
36233.867
36220.035
36197.266
36337.102
36354.535
36481.633
36431.133
36291.699
36234.535
35926.633
35415.0
35323.898
35531.535
35003.367
34745.066
34852.965
35296.133
35162.5
34714.398
34785.898
35157.867
34929.434
34650.465
34288.234
34666.801
34352.5
34031.133
33512.766
33887.535
33918.633
33896.934
34192.301
34057.602
34125.566
33552.801
33736.633
33295.398
33224.102
32452.6
32279.301
32298.066
31854.768
31811.467
31138.033
31510.533
31124.768
30526.6
29739.166
29634.133
29710.699
29538.0
28926.166
29131.6
29105.9
29372.4
29459.699
30092.066
30536.434
31346.268
32169.367
32278.199
32434.5
32470.133
32710.301
32548.268
32175.566
32244.133
31962.834
32289.867
32024.834
32354.133
32463.9
32732.732
32694.633
32926.066
32838.434
33248.801
33133.234
32872.266
33144.965
33451.934
33265.965
32892.666
32728.301
33070.133
32905.834
32679.467
32623.633
32681.6
32736.967
33126.801
32335.1
32885.867
32819.032999999996
32907.801
32761.5
32984.867
32768.1
32376.6
32345.768
32484.467
32642.232
31931.934
31821.566
32063.732
31749.633
31699.268
31895.5
31978.4
31698.301
31596.0
31341.566
31310.0
31291.1
31379.801
31318.367
31274.934
31246.434
31272.334
31180.699
30997.0
30969.9
30779.268
30248.834
30646.666
30152.699
30313.066
30282.434
30411.467
30182.301
30299.867
30297.301
30295.133
30687.301
30486.199
30749.232
30571.934
30823.768
30563.268
30102.367
30176.801
30051.9
29808.133
30037.699
29919.533
29917.166
29934.066
29883.232
30285.268
30776.367
30319.0
30900.232
31021.934
30787.566
30863.268
30603.967
30799.867
30966.301
31090.867
31294.367
31389.732
31793.033
31709.666
32102.301
32403.268
32720.033
32205.867
32079.834
32411.066
32958.633
32736.0
33251.102
33433.668
33833.301
33617.266
33820.434
33668.734
33379.832
32551.801
31463.367
30907.801
30589.166
30275.533
29963.633
29718.0
29738.1
29614.0
29500.967
29774.533
29647.033
29679.867
29607.434
29941.066
29716.166
29503.732
29232.301
29163.934
29390.633
28933.6
29307.232
29126.4
29367.166
29357.732
29461.033
29560.801
29780.166
29420.533
29517.566
29897.066
29677.633
29102.066
29441.301
29846.334
29641.699
29196.0
29504.166
29789.801
29206.967
29558.934
28894.699
29245.533
28868.166
28696.4
28826.1
28620.066
28712.834
28451.801
28021.768
28653.268
28710.566
28403.334
28392.1
28514.867
28313.367
28671.732
28166.633
28343.666
28419.633
28590.867
28556.5
28670.199
28451.1
28530.066
28723.699
28893.4
28479.166
28079.0
28056.1
28324.467
28520.9
28196.467
28344.768
28210.467
28402.566
28148.6
28122.566
28151.666
28132.9
27687.666
27421.566
28092.467
27841.1
27395.666
27305.633
27784.199
27384.768
27340.4
27419.566
27689.133
27399.232
26389.268
27214.566
27615.533
27250.166
27167.133
26790.232
27077.867
27158.166
27377.666
27346.967
27244.4
26936.232
26999.066
26954.367
26350.199
26153.434
25623.334
25888.566
25417.199
25871.367
25425.467
25517.699
26806.934
26595.232
26535.533
27208.434
26991.6
27084.566
26612.867
26408.232
26266.0
26261.768
25952.133
26074.033
26156.334
26167.033
25737.066
25976.232
26637.467
26166.1
25651.467
25983.1
26224.6
26328.9
26014.268
26149.967
26203.268
25893.566
25541.467
25194.633
25592.334
25158.834
25075.6
24668.367
24614.0
24650.834
24015.334
23545.834
23367.867
21887.367
21091.801
20240.5
20400.6
20398.232
20491.6
20744.633
21606.6
22536.566
23040.066
23136.768
23308.934
23967.699
24465.268
24365.166
24036.467
24498.5
24393.934
24468.834
24473.066
24066.232
23762.934
23628.166
24061.4
23934.367
23542.133
24256.166
24073.268
24297.633
24394.934
24272.301
24389.867
24335.166
24077.732
24204.232
24289.934
24499.033
24087.133
24083.566
24484.533
24576.633
24473.666
24492.768
24649.467
24625.633
24530.066
23985.5
24470.334
24413.434
24036.133
23820.5
24097.133
24223.834
24053.4
23598.699
23848.0
24182.566
23571.867
24250.967
24355.4
24284.434
24749.6
24500.633
24580.666
24521.033
24288.268
24480.699
24411.4
24308.1
23976.334
24045.434
24057.934
24120.434
24000.801
24074.434
24315.133
24333.768
24005.066
23772.033
24105.268
23945.5
24134.934
23697.5
24225.0
24076.367
24252.0
24230.1
24323.533
24286.699
23788.801
23527.633
24086.467
23916.699
24124.066
23672.434
23603.199
23725.1
23552.6
23931.967
23655.666
23673.5
23066.467
23146.367
23221.666
23500.166
22561.133
22893.633
23103.867
23123.5
22861.133
22676.768
23148.867
23112.434
22834.6
22982.033
23089.533
23275.9
22562.801
22773.033
23266.533
23279.166
22933.934
22761.566
22902.934
23069.768
22690.467
22681.033
22788.533
22737.633
22148.334
22442.301
22468.867
22312.633
22275.4
22416.699
22060.533
22830.367
22173.533
22098.232
22184.934
22214.166
22074.066
21542.9
22046.533
22109.9
21824.0
21513.633
21994.268
21870.967
21747.334
21257.367
21781.467
21751.967
21653.867
21708.232
21322.934
21592.166
21471.467
20997.566
21279.4
21125.566
21121.867
20637.033
21007.533
20947.9
20301.732
19982.301
20754.066
20500.699
20349.0
20215.301
20461.732
20364.566
19998.4
19913.367
20566.467
20294.434
20108.801
19965.834
20421.268
19982.232
19824.4
19707.367
20301.934
20062.232
19823.199
19808.566
19953.334
19643.566
19254.732
18947.166
19417.732
19533.367
19423.334
19707.367
19817.6
19716.699
19127.0
19802.232
19572.732
19447.5
19418.533
19328.566
19211.666
19419.301
18886.533
18824.5
18126.533
17312.166
16564.8
15769.5
15317.2
15120.033
15109.866
15148.833
16032.2
16590.5
16858.801
17306.367
17623.666
17712.699
17822.801
17696.9
17828.801
17265.9
17277.467
16535.566
17619.4
17554.434
17319.0
17237.967
17668.732
17909.232
18054.867
17781.9
18242.4
18431.834
18082.4
18185.1
18544.0
18537.033
18555.4
18682.1
18807.0
18791.1
18571.732
18226.033
19153.268
18873.166
18855.6
18444.967
19130.268
19261.967
19016.666
19241.033
19264.467
18830.434
19014.801
18666.301
19207.199
19118.9
18994.867
18900.033
18940.066
19174.1
18735.334
19331.434
19279.133
19327.1
19282.133
18870.166
19563.0
19567.301
19120.334
19272.1
19947.732
19695.9
19422.4
19965.768
20173.268
19797.232
19540.334
19643.566
19287.666
19463.967
18966.4
19123.232
19429.6
19333.367
19357.133
19825.232
19451.666
19620.434
18991.066
18868.166
19758.666
19538.166
19409.0
19503.699
19373.666
19414.232
19525.268
19206.699
19265.801
19232.367
19200.801
19164.633
19304.0
18958.834
19049.732
18919.633
19301.6
19029.301
19174.4
19119.166
19529.4
19111.566
19148.6
19046.699
19288.199
19580.5
19559.133
19443.633
19364.934
19213.166
19133.934
19373.1
19515.467
19622.566
19625.666
19218.967
19906.732
19709.1
19668.133
19149.9
19709.334
19630.367
19399.732
19315.1
19369.467
19497.301
19675.867
19537.768
19606.801
19349.367
19419.533
19630.367
19328.801
19453.967
19356.268
19212.768
19292.6
19434.1
19146.334
19075.967
19242.6
19463.367
18527.334
19256.367
19292.801
19189.367
18527.066
18878.834
19226.4
19319.1
19179.6
19197.633
19161.133
19303.768
19051.934
18858.301
19248.133
19040.301
19121.268
18753.566
18994.533
19033.166
18727.268
18636.9
18937.666
18521.166
18535.867
18354.166
18716.199
18562.834
18241.867
18551.699
18525.4
18268.566
18400.666
18555.232
18356.268
18335.834
18095.867
18114.633
18422.934
18108.768
18194.6
17889.232
17909.666
18029.301
17881.732
17964.367
17763.467
17753.967
17685.268
17641.367
17907.133
17813.166
17741.467
16819.232
17114.199
17037.166
16908.268
16289.233
16225.2
16268.767
15888.934
15303.233
15850.467
15672.7
14838.134
15216.9
15111.2
14723.9
14863.8
14276.434
14468.6
14295.3
14039.667
14127.033
14404.866
14270.7
14421.267
13190.033
13974.8
14050.634
13564.2
13867.767
14082.733
14191.566
13922.934
14288.434
14502.066
14575.5
14754.667
15185.366
15114.467
14985.5
15034.6
14852.9
14815.533
14999.167
14988.866
14430.167
14873.4
14704.9
14366.267
13790.7
14170.667
13934.1
13598.866
13535.233
13385.267
13489.767
13282.934
13148.566
13534.134
13543.1
13402.134
13407.767
13540.2
13350.833
13292.667
13195.967
13633.333
13445.434
13122.6
13526.7
13898.4
13691.233
13378.866
13547.033
13480.866
13546.366
13487.733
13389.566
13442.866
13196.233
12643.2
13175.767
13030.467
13186.366
13322.267
12815.033
13340.134
13183.967
12487.267
12782.9
12961.0
12858.3
12857.4
13160.434
13244.4
13240.767
13420.134
13336.7
13465.267
13307.967
13239.6
12958.233
13206.934
13295.566
13000.667
13014.634
13241.2
13242.634
12975.267
13433.833
13453.2
13614.833
13164.8
13356.634
13485.8
13457.7
13650.4
12969.3
13485.134
13343.5
13516.533
13115.833
13806.066
13536.7
13665.066
13329.967
13861.333
13798.967
13446.066
13249.767
13494.733
13265.366
13151.0
13359.634
13293.2
13147.967
12796.8
12788.233
13048.934
13220.033
13069.6
13254.767
13157.0
13024.033
12808.934
13045.9
13146.0
12992.7
13262.733
12682.9
12963.4
13258.634
13193.533
12886.3
12940.934
12479.233
12198.134
12649.434
12548.8
12632.5
11795.134
12368.366
12618.0
12483.434
12207.134
12568.634
12776.667
12383.634
12471.533
12334.7
12571.267
12220.767
11990.467
11938.434
12292.066
12241.167
11801.066
12067.967
12069.267
12201.3
12028.733
12084.767
12164.4
12019.7
11810.533
12043.566
12178.134
12109.434
11948.533
12323.5
12028.6
12128.566
12019.667
11845.833
12033.267
11989.967
11794.8
11702.1
11749.467
11808.1
11503.667
11411.434
11874.267
11898.9
11588.134
11642.033
11869.533
11903.033
11447.733
11531.967
11738.333
11511.5
11300.667
11697.033
11649.8
11466.9
11677.8
11453.967
11509.733
11429.767
11163.866
10812.233
11505.733
11167.634
11384.066
11211.434
11316.134
11130.3
11080.6
10908.366
11242.733
11104.967
10986.866
10736.3
10999.533
11067.566
10863.467
10859.767
11085.8
11098.033
10561.934
10713.9
10991.667
10962.5
10278.934
10431.3
10885.2
10844.634
10703.733
10398.7
10926.866
10837.833
10746.134
10486.167
10662.934
10483.767
10363.134
10497.634
10662.733
10485.833
10281.066
10341.167
10776.066
10770.967
10526.467
10261.167
10368.333
10505.566
10314.6
10133.1
10458.866
10381.9
10381.333
10025.634
10201.733
10320.967
10287.467
10104.3
10295.667
10085.9
10511.934
9816.366
10238.0
10161.9
9930.134
9515.7
10234.267
10172.566
10224.667
9895.967
9979.733
9821.366
9955.0
10047.5
10352.934
9570.9
9819.467
9628.5
9868.8
9292.634
8796.066
8125.7
7854.133
6974.833
6105.2
5481.5
4798.133
4013.433
3608.067
2903.3
3202.467
3118.633
2844.867
3066.3
3987.867
4194.9
4250.467
5271.233
5825.8
6141.233
6474.133
5832.367
6561.267
6155.767
6000.4
5601.7
5397.8
5456.1
5134.0
4912.833
5305.733
5390.9
5374.4
5181.167
5918.8
5707.633
5756.133
6389.167
6432.6
6696.3
6373.0
6880.367
7058.867
7051.433
7051.4
7354.5
7610.333
7653.233
7189.4
7457.633
7999.067
8027.633
7629.933
8149.767
8393.533
8549.9
8468.667
8496.167
8962.2
8938.1
8355.2
8478.3
9182.6
9238.9
9053.6
8809.767
9328.467
9160.233
8946.467
8976.434
9435.4
9242.434
8364.934
9250.566
9411.134
9497.233
9144.733
8938.434
9427.467
9342.366
9163.4
9081.033
9224.733
9358.7
8919.2
8746.167
9649.267
9247.7
9072.2
9063.9
9386.267
9290.1
9153.0
9140.434
9350.866
9303.1
9139.0
9080.7
9389.467
9367.833
9207.733
9117.634
9432.267
9390.967
8806.0
9008.7
9324.533
9236.767
8883.134
8814.767
9207.066
9075.366
9159.0
8898.3
9145.134
9263.167
8959.6
8516.167
9302.267
9170.5
9174.333
8999.167
9475.866
9216.1
9052.934
8831.5
9322.733
9079.767
8669.134
8480.7
9127.4
9075.7
9073.4
8464.033
9166.533
9038.3
8896.866
8981.566
9172.333
9162.7
8946.2
8873.9
9374.467
9197.7
8343.2
8701.833
9267.8
9033.1
9016.4
8877.033
9252.866
9112.967
8687.0
8492.967
9064.667
8893.3
8876.134
8768.033
9090.0
9050.366
8899.267
8444.033
9125.2
9084.1
8712.934
8385.3
8978.066
9111.434
8791.267
8715.566
9059.333
8682.634
8679.733
8783.033
8776.467
8693.167
8564.6
8394.833
8953.0
8802.167
8428.733
8363.566
8801.733
8942.634
8248.134
8310.167
8773.066
8746.434
8766.8
8531.3
8726.8
8622.833
8586.8
8276.5
8920.267
8647.634
8400.267
8345.1
8704.733
8649.033
8451.4
7949.1669999999995
8594.467
8547.233
8409.4
7921.167
8681.467
8493.767
7990.6
8410.433
8528.467
8397.033
7993.733
8110.5
8252.933
8356.633
8109.667
8091.233
8357.133
8147.167
8128.4
7914.967
8205.0
8237.5
7748.0
7713.167
8205.8
8174.367
7879.267
7816.033
7880.533
8086.633
7609.067
7775.567
7848.667
7868.1
7711.933
7483.567
8035.933
7901.967
7528.4
7153.767
7757.067
7909.3
7729.333
7425.367
7759.933
7713.7
7024.533
7440.367
7854.067
7512.033
7324.067
7396.367
7619.267
7652.1
7288.0
7172.633
7554.467
7658.1
7488.6
7377.367
7705.667
7502.9
7232.933
6959.9
7570.867
7392.033
7630.667
7131.167
7598.6
7549.5
7024.533
7098.033
7567.933
7405.167
7192.6
7264.967
7539.4
7476.833
7041.267
6975.567
7594.4
7332.167
7202.6
7221.233
7450.0
7331.567
6892.333
6790.633
7151.0
7109.1
6629.267
6731.1
7183.267
7030.167
7199.133
6875.167
7215.533
7098.7
7289.067
6908.033
7135.867
7020.7
6672.4
6669.3
7134.867
6999.967
6519.067
6003.3
6946.2
6993.033
6556.867
6723.3
6958.333
6738.033
6598.867
6567.7
6914.667
6715.033
6551.067
6182.7
6762.667
6828.567
6111.8
6275.9
6828.533
6615.9
6344.2
6134.233
6732.933
6716.7
6638.8
6215.9
6780.733
6687.233
6648.867
6529.233
6727.267
6579.5
5361.867
5843.233
6623.8
6694.567
6302.867
6030.433
6548.667
6669.1
6020.0
6022.3
6467.4
6421.1
5941.533
5974.367
6475.4
6448.033
5799.0
5788.233
6338.667
6277.233
5996.067
6016.833
6243.733
6166.633
5753.6
6152.5
6241.0
6253.567
5725.867
5958.633
6360.4
6118.3
5677.133
5562.767
6163.067
6154.633
6003.0
5468.567
6228.067
6104.233
5443.667
5561.167
