269.8
66.333
-146.0
150.933
445.6
140.53300000000002
202.53300000000002
236.867
222.46699999999998
257.133
126.067
-158.267
199.0
214.933
20.267000000000003
-42.06699999999999
345.2
-5.200000000000003
61.067
365.4
418.0
182.267
458.467
143.0
279.0
198.2
216.333
-132.4
198.667
207.267
319.6
22.533
282.267
193.86700000000002
236.2
25.799999999999997
553.867
478.2
87.333
-61.599999999999994
236.13299999999998
127.0
-14.066999999999993
179.733
192.067
228.267
134.933
230.933
208.8
241.2
-41.667
29.066999999999993
608.8
283.533
-22.266999999999996
-260.33299999999997
433.33299999999997
435.933
30.533
28.400000000000006
367.067
433.133
371.0
219.53300000000002
402.0
372.533
154.733
316.4
391.0
387.933
322.4
-137.6
440.467
276.533
40.533
79.533
379.067
186.067
136.86700000000002
62.2
299.467
489.533
206.86700000000002
58.266999999999996
231.46699999999998
345.0
26.0
5.799999999999997
233.53300000000002
196.067
496.867
-0.13299999999999557
175.13299999999998
213.4
344.66700000000003
-75.733
191.0
241.53300000000002
191.267
92.067
406.4
360.533
-234.6
22.066999999999993
401.6
297.533
213.333
205.733
457.867
288.33299999999997
-10.200000000000003
276.66700000000003
100.8
321.733
238.067
281.267
405.133
269.533
542.733
-227.46699999999998
316.067
370.533
102.467
352.2
379.867
446.8
251.333
92.333
343.0
239.6
-77.4
105.533
323.66700000000003
302.067
123.067
14.132999999999996
411.067
443.867
46.467
-243.667
347.067
309.933
74.733
136.267
263.867
419.2
333.0
39.06699999999999
287.2
323.133
-291.867
-138.733
297.4
203.667
166.13299999999998
-12.667000000000002
326.4
268.66700000000003
49.400000000000006
212.8
400.933
293.867
242.0
-120.4
450.067
411.533
426.533
147.53300000000002
485.067
269.2
158.2
328.267
401.267
76.133
369.933
-173.0
138.333
212.733
0.3329999999999984
360.66700000000003
575.8
421.66700000000003
160.53300000000002
-87.333
494.133
143.13299999999998
453.33299999999997
14.867000000000004
387.66700000000003
368.067
304.533
380.533
518.333
342.4
424.8
303.933
330.0
220.2
380.067
-358.4
375.33299999999997
345.33299999999997
165.4
140.13299999999998
142.53300000000002
317.2
467.533
172.53300000000002
240.267
289.733
118.733
-198.733
263.6
385.733
460.533
184.46699999999998
372.6
296.66700000000003
43.06699999999999
-317.133
437.0
222.667
-60.266999999999996
10.066999999999993
250.133
183.2
-1008.267
-93.667
118.6
264.8
236.46699999999998
-71.6
553.467
395.867
257.533
68.2
254.6
225.53300000000002
-118.6
427.4
522.0
276.867
-190.933
29.733000000000004
297.6
319.733
-121.067
344.933
374.733
257.33299999999997
392.4
345.8
317.6
393.33299999999997
235.46699999999998
183.4
366.133
247.267
403.533
20.132999999999996
396.0
411.8
334.267
-65.067
215.8
308.8
75.867
-285.467
366.267
334.533
255.667
-127.6
340.067
335.067
211.933
79.6
359.467
349.66700000000003
-161.13299999999998
200.86700000000002
340.533
65.333
-147.6
151.733
255.53300000000002
199.333
312.733
162.333
267.4
518.6
91.533
162.733
375.4
534.467
389.067
160.86700000000002
222.46699999999998
284.8
86.4
498.66700000000003
351.33299999999997
212.86700000000002
-157.2
90.2
204.933
280.133
256.8
-16.799999999999997
541.267
549.8
31.333
282.733
372.66700000000003
348.133
238.667
93.067
341.467
388.067
81.733
131.733
295.8
324.267
174.933
296.467
471.4
434.0
399.66700000000003
108.267
565.933
190.533
391.66700000000003
-139.067
381.0
193.2
-81.13300000000001
300.733
350.33299999999997
215.067
558.067
402.267
390.933
278.86699999999996
645.4
101.6
387.4
303.0
-18.0
293.2
645.8
433.6
564.8
-23.733000000000004
457.66700000000003
377.4
400.267
213.067
363.067
540.467
-28.067000000000007
247.2
618.467
347.267
155.467
194.4
358.8
371.6
532.2
197.867
668.067
555.667
707.667
448.533
707.933
513.2
245.8
352.533
402.6
621.3330000000001
780.467
227.2
724.933
598.3330000000001
552.6
684.0
619.8
522.467
366.133
648.067
510.733
758.0
122.80000000000001
294.133
570.4
555.3330000000001
577.3330000000001
405.733
888.467
570.067
712.467
555.267
698.3330000000001
654.267
694.133
316.6
1014.267
482.0
570.6
506.467
861.067
535.6
712.733
598.4
612.0
879.733
783.6669999999999
678.867
616.867
873.6669999999999
643.067
451.067
960.533
740.733
630.533
569.467
562.2
665.933
781.8
652.3330000000001
876.4
772.467
563.267
513.8
670.067
771.4
670.133
554.733
898.4
477.20000000000005
730.933
461.66700000000003
667.0
567.267
745.4
831.267
716.0
457.0
774.2
957.667
435.6
864.6
716.0
745.6
767.867
741.733
597.067
949.6
1141.467
648.133
668.2
1259.8
882.8
1105.133
484.533
669.333
1150.667
977.933
1105.133
1189.267
706.0
680.867
799.467
779.0
1302.467
1140.0
620.133
1081.133
965.667
1190.333
1229.933
1048.467
971.133
1308.267
581.133
854.8
984.933
1145.333
1475.933
1419.333
1348.6
1293.133
1094.4
1198.0
1220.467
1124.6
748.4000000000001
976.933
1321.867
1131.933
1394.6
947.133
1451.467
1351.067
1451.533
1271.667
1414.0
1346.8
944.4670000000001
1401.333
1263.0
1168.067
1099.267
1227.2
1226.733
1339.733
1245.8
1023.933
1361.4
1124.0
1094.733
977.5999999999999
1433.667
1331.533
1264.933
1343.4
1455.0
1210.467
1178.667
1086.8
1348.467
1378.6
1259.0
1004.2
1506.533
1238.667
1286.133
1269.933
1409.2
1304.467
796.3330000000001
1239.2
1320.2
1380.067
1400.467
1586.667
1697.2
1508.4
1535.467
1510.867
1632.4
1700.133
1558.133
1636.333
1606.8
1627.333
1788.333
1644.0
2013.733
1514.133
1082.333
1333.467
1557.867
1840.6
1549.467
1657.6
2006.533
1815.4
1730.4
1658.533
1885.933
1936.8
1963.467
1681.8
2058.6
1735.733
1619.333
1528.933
1572.467
1491.8
1803.067
1162.333
1567.667
1676.533
1906.6
1561.067
1857.933
1750.933
1961.467
1771.133
1835.067
1909.0
1901.4
1814.467
2111.133
1687.2
2209.667
1960.2
1995.933
1911.8
1806.4
2009.467
2230.4
1607.933
1721.267
2033.867
2268.467
1992.733
2062.0
1819.467
1889.6
1788.933
1874.6
2005.8
1956.867
2267.8
2523.133
1807.933
2381.267
2372.6
2242.8
2149.333
2207.133
2083.867
2031.067
2346.533
2279.133
2091.6
1873.533
1997.133
1923.867
1902.867
2233.667
2106.533
2266.133
2472.0
2278.133
2411.4
2644.733
2365.533
2683.667
2536.533
2855.867
2609.467
2441.133
2685.467
2690.467
2584.267
2395.4
2554.933
2375.733
2460.133
2330.067
2522.933
2478.2
2294.667
1961.6
2240.8
2174.333
2193.067
2001.667
1955.867
2204.6
1974.0
1914.4
1612.333
2230.867
1798.6
2138.2
2142.867
2319.733
2781.8
2552.467
2853.8
2695.2
2855.333
3002.267
2614.267
2796.6
2770.0
2494.4
2402.867
2696.4
2556.2
2783.4
2372.467
2636.267
2682.333
2661.667
2816.2
2762.6
2800.533
2953.4
2914.6
2954.2
2962.933
2859.333
2593.533
2918.067
2967.467
2804.667
3060.133
3143.0
3003.4
2885.933
2596.4
3114.467
2968.667
3287.0
3551.2
3630.333
3986.4
3968.267
3819.933
3748.2
3682.933
3815.733
3382.467
3947.8
3644.867
3813.533
3712.733
3958.067
3471.733
3603.667
3769.333
3593.467
3652.867
3431.6
3158.4
3755.0
3849.267
3705.467
3891.333
4055.467
4025.267
3900.667
3669.133
4025.733
3973.0
3467.867
3673.867
3654.733
3873.8
3731.067
3959.933
4138.733
3886.0
3765.4
3241.667
3518.933
3614.2
3674.333
3377.333
3814.667
3487.733
3532.667
3338.533
3258.667
3217.067
3133.933
3199.733
3210.867
3320.6
3114.333
3261.067
3023.733
3194.533
3313.133
3395.133
3681.6
3841.067
3927.4
4092.733
3886.267
3980.133
3576.733
4082.0
3862.2
3869.333
4392.3330000000005
4068.933
4748.0
4768.133
4678.133
4881.6
5444.8
4923.933
5074.667
4556.333
4730.467
4647.267
4280.0
4005.267
4069.067
3929.333
3748.467
3858.533
4340.467000000001
3946.0
4237.933
4259.6
4736.933
4712.067
4856.267
4597.333
4456.667
4294.867
3976.067
3841.467
3937.333
3546.733
3418.8
3279.4
3369.0
3300.2
2723.067
3072.067
3060.8
2732.4
2416.2
3179.667
3206.067
3337.4
3601.733
3311.533
4123.6
4317.933
4414.733
4234.8
4318.933
4130.4
3756.0
3915.133
3850.4
4039.067
4016.2
3836.133
4378.6
4054.0
4224.867
4116.867
4277.267
4232.267
4145.6
3617.8
4207.733
4065.2
4220.733
4166.6669999999995
4060.0
4115.8
4122.933
4116.0
4789.333
4808.667
4811.467
5040.2
5193.267
5274.6
5245.733
5083.667
5410.6
5167.6
5557.667
5147.733
5590.533
6006.533
5316.133
5539.2
5659.867
5438.867
5429.8
4715.933
4626.333
4095.3329999999996
3889.0
3026.267
2905.867
2427.533
2255.8
2268.533
2794.8
3046.267
3366.867
3827.133
4164.6669999999995
4350.333
4623.4
5026.333
5324.267
5680.733
5561.267
5551.333
5699.2
5170.4
5067.067
4815.133
4457.733
3726.4
3456.2
3177.2
3150.6
3491.467
3644.0
4143.6
4949.133
5183.133
5397.2
6187.733
6445.667
6536.533
6902.133
6600.267
7313.733
7340.133
7737.267
7430.067
7366.267
7812.867
7572.8
7600.067
7751.2
7586.333
7851.533
7639.8
8277.133
8083.333
8201.467
7980.4
8453.933
8293.0
8144.667
8183.267
8740.533
8502.134
8454.0
8247.6
8402.332999999999
7951.0
8016.867
8215.467
8277.6
8674.067
8447.733
8506.667
8585.2
8298.933
8014.4
7805.533
8006.933
8291.533
8439.467
8344.267
8325.267
8321.0
8289.933
8148.066000000001
8076.2
8073.933
7906.067
7960.067
8451.8
8199.2
8380.6
8074.2
8215.6
8412.4
8205.8
8604.133
8715.467
8699.6
8806.0
8903.667
8984.066
9312.2
9531.934
9321.8
9266.2
9233.467
8590.866
8117.866
8284.467
8211.467
8171.333
8040.867
8343.0
8565.6
8668.267
9263.866
9187.6
9782.934
9706.4
9756.934
9725.2
10121.267
9496.8
9630.066
10074.4
9576.066
9643.333
9803.2
9774.8
9607.733
10182.667
9661.4
10010.733
9929.066
9852.8
9594.8
9886.533
9731.333
9759.667
9179.267
9804.2
9653.0
9602.667
9226.0
9615.2
9973.866
10140.934
9814.0
10067.2
10177.8
9953.134
9977.533
9870.467
8935.066
9386.0
9380.4
9498.066
9009.066
9639.8
9442.533
9528.733
9261.267
9226.467
9574.866
9675.267
9628.733
9697.134
9456.866
9224.467
9231.6
8643.267
8874.866
9591.533
9324.934
9493.0
9788.4
10112.934
10162.866
10339.134
10031.467
10142.866
10259.533
10212.934
9797.533
9665.934
9151.733
9343.667
8597.2
9297.0
9442.8
9112.333
9118.0
9881.8
9850.733
9331.934
9366.8
10131.0
10310.733
10029.533
9856.8
9944.866
10049.733
9804.066
9714.866
9945.667
9811.467
10044.866
10347.934
10018.667
10271.733
10522.333
9655.866
9939.934
9780.0
9433.533
9709.267
9024.4
9280.0
9282.066
10182.2
10119.0
9926.667
9939.866
9496.333
9825.333
9717.066
10102.134
9751.8
9559.467
9044.733
8923.6
8600.333
8270.933
8187.2
7632.333
7490.533
7534.533
7511.4
7949.867
8336.467
9193.467
9726.267
10758.667
10898.4
11857.467
11055.267
10583.333
11000.934
10892.333
10741.934
11457.667
11520.4
11726.733
11576.134
11501.333
10860.4
10490.934
10181.8
10391.4
10307.6
11503.533
10943.4
11538.2
11570.8
11895.866
11888.4
11540.934
12268.934
12403.667
12964.333
12868.4
12988.467
13203.066
13555.2
12610.667
12826.4
12230.8
12504.934
12479.934
12894.333
12408.4
12185.0
11748.467
11581.333
11822.333
11551.533
10685.467
11535.134
11392.2
12089.667
12272.333
12306.066
13155.934
12778.6
12462.8
12759.6
12773.066
12566.0
12539.066
12701.0
13142.6
13555.733
13626.866
13266.267
13392.467
14919.333
13751.667
13786.733
14037.733
13423.267
13999.467
13953.866
14566.533
13993.0
13463.2
13803.6
14024.467
13894.134
13396.267
13294.667
14354.467
14780.8
14394.733
13803.934
14164.733
13943.533
13800.667
12998.733
13892.866
13767.2
13434.0
12785.866
13361.2
13613.866
13598.866
13221.066
14187.267
14227.733
13959.667
14353.134
14477.2
15116.8
14470.134
14262.733
14854.8
14406.4
14708.934
13868.267
14225.667
14922.333
14467.333
14623.333
14664.8
14263.8
14464.4
14860.134
15489.2
15198.6
15166.467
15343.934
15187.533
15604.6
16030.066
15631.866
15567.533
15147.6
15166.6
14714.2
15119.066
14783.667
15111.533
14496.733
14120.6
14355.733
14224.066
13935.2
14556.4
14051.667
14196.934
14258.2
14245.934
14339.4
14153.667
14727.467
15182.866
15519.134
14731.267
14738.333
14834.6
14336.866
15061.934
14727.0
15252.4
15246.4
15548.866
15583.134
15758.467
15988.2
15492.8
14969.4
16571.6
15999.2
15891.733
16106.467
16350.333
15241.866
15881.333
15187.333
16116.467
15886.467
15220.267
15726.667
16206.866
15909.267
16035.934
16900.467
16381.533
15775.934
15629.667
15401.667
15320.467
15828.733
16433.199
16400.733
16978.732
17110.732
17430.4
17023.801
17092.934
17446.732
17196.732
17193.199
17191.334
17308.0
17665.0
17283.666
18009.4
17745.666
17886.199
18270.4
18125.133
18068.133
17599.732
17789.334
18026.666
17681.867
17518.066
17365.133
18007.199
17752.334
18659.6
17972.732
17639.801
18062.666
18211.801
18928.533
19001.133
19054.133
18460.666
18754.666
18251.6
18408.199
18171.199
18510.0
18772.4
20454.199
18900.4
19677.4
19987.6
20176.6
19633.0
20883.801
20358.934
20662.4
21376.6
22001.533
20908.0
21459.666
20912.268
21200.666
22723.732
21324.801
21419.199
20653.934
20636.133
20718.467
21364.0
21234.801
21708.533
22430.6
21847.133
22620.334
23242.334
23841.4
23846.133
24023.533
24800.732
25404.199
24788.467
23492.0
24319.732
24513.133
23784.6
24278.6
24857.066
24898.0
24698.0
25140.533
25715.934
25079.467
26444.4
27092.533
26724.934
26212.4
27208.467
27100.6
27093.867
26837.199
27183.4
27294.732
27094.801
27207.867
26760.732
27071.467
27931.133
28603.801
28998.533
29292.801
30650.867
30878.199
30315.533
30981.133
30970.199
30692.801
30754.801
29801.066
30767.934
30012.467
29889.334
31440.133
31988.6
32310.4
32290.533
32515.268
33254.535
32396.199
32641.268
32104.199
32404.867
32638.199
32118.0
32818.266
33549.734
33897.332
33987.332
34146.0
34586.734
34580.602
34011.133
34332.266
34187.465
34298.398
33651.801
34234.465
34308.535
34476.602
34857.266
34416.934
34323.199
34487.199
34555.332
34559.066
34705.066
34990.332
34699.133
34844.734
35130.0
34880.199
33829.133
33337.668
31693.133
30409.199
29533.133
29225.334
29138.0
29579.732
29539.6
30839.666
32398.6
32844.734
33439.332
33591.332
33834.602
34662.266
35599.934
35232.934
35891.133
35902.133
35533.934
34792.535
34548.0
34739.934
35330.0
35644.266
36053.066
36669.535
37520.133
37998.465
38136.801
38250.266
37507.266
37372.133
36923.801
37236.133
37294.934
37285.734
37280.465
36575.066
36161.266
35991.668
35440.133
35491.602
35828.801
35558.199
37003.801
37167.332
37525.734
38105.535
38349.133
37491.535
37706.668
37291.465
37332.801
37625.266
37992.332
38448.934
39411.734
39245.332
39805.0
39321.266
39323.266
38912.0
38188.668
38411.332
38297.602
38499.668
38243.465
38561.934
39093.535
39349.734
38893.934
38997.465
40066.0
39523.066
39936.199
39211.0
39828.734
39269.0
38384.398
37922.465
37564.332
37474.066
37703.465
38033.0
38485.199
39560.332
39212.266
40064.602
39535.535
39573.535
39351.934
38912.734
38603.867
38208.0
37548.535
37691.801
37702.0
37441.266
37687.066
37699.934
37420.535
37539.535
37339.332
37509.535
37947.734
38393.398
38352.398
38845.934
39505.266
39753.734
39682.867
40024.133
39792.801
39718.668
39003.199
38592.398
38083.332
38360.332
38784.133
38484.734
39266.465
39638.398
40194.465
40431.398
40339.465
40329.535
41181.934
41463.066
42070.465
42174.199
41806.867
41603.133
41418.133
41344.465
40679.199
40438.066
40569.602
40598.398
40250.867
40186.668
39290.602
39883.066
39486.734
39911.801
39771.0
40615.668
41127.934
41713.066
42094.801
42415.934
41415.066
41557.801
40988.801
41044.199
41388.734
41037.332
41039.266
40656.332
41013.133
41381.066
41384.668
41606.465
41686.066
42095.332
42555.332
43348.535
42601.465
42436.535
41775.801
41773.398
40995.867
41050.199
40942.668
40634.867
41353.0
41452.602
39596.066
40842.0
40757.066
40395.133
40601.734
40371.0
40210.934
40508.066
41066.867
41358.266
41375.535
41258.266
41489.734
42158.0
42221.332
42485.398
42223.867
41698.398
40391.535
38827.332
38051.465
36639.199
35025.535
34495.133
35242.398
36230.465
38513.398
39088.602
38533.801
38587.066
38808.199
38222.266
38653.801
38068.199
37638.934
38527.0
39701.199
40585.465
40484.266
40956.535
41168.535
41586.535
42433.398
41914.465
41818.066
41850.867
41053.398
41571.602
41999.332
42023.465
41854.867
42669.668
43125.199
43096.0
43158.734
42441.465
42352.668
42017.199
42247.066
41930.867
41279.668
41025.535
40520.465
41556.332
42291.801
42998.734
42758.535
43382.734
44240.133
44595.867
44004.602
43563.734
43981.668
43388.535
43213.465
42551.332
43225.602
43763.867
43266.199
42982.535
42626.867
41584.266
40899.602
39370.199
38281.668
37872.535
37994.398
38357.734
38907.266
40054.0
40319.0
41569.668
41884.801
41938.066
42583.535
42762.332
43191.0
43398.133
43530.465
43997.668
44860.465
44252.266
43785.801
42955.734
42895.332
42782.734
42679.398
42690.199
42678.602
43330.934
44342.602
44361.867
44397.734
44425.398
44323.934
43993.535
44013.867
44053.266
42854.066
42334.734
41964.867
41306.535
40452.535
40050.066
40389.133
40658.332
41141.398
41605.535
42247.867
42308.398
42069.199
41959.0
42131.266
41813.398
41399.398
41565.266
42019.535
42534.535
42606.734
42696.332
43191.867
43718.734
43668.332
43784.734
43481.734
43310.801
42718.133
41935.801
41635.934
40749.934
39756.668
41039.934
40935.332
41169.465
41395.398
42029.066
42137.066
42487.199
41908.535
42038.0
42401.398
41892.867
41717.266
41562.801
41516.199
41158.934
40490.867
40019.734
40166.199
40234.867
39802.465
39134.602
39471.465
39310.133
39086.465
39021.668
39346.867
39630.199
39834.867
40266.934
40439.066
40846.867
40577.332
40435.398
40868.465
40751.199
39619.668
40361.199
39955.465
39953.934
40173.398
39601.734
39653.465
40521.934
40736.266
41048.465
40949.266
41088.734
41035.332
40717.199
41146.066
40704.199
40182.398
40099.066
40420.934
40862.266
41025.465
40297.465
40476.332
40371.199
39958.133
40220.199
40323.398
40188.668
40009.199
40234.133
39891.266
40089.398
39500.602
39293.133
39164.332
39118.133
39298.266
38874.199
39749.0
40016.0
40505.266
39844.934
40056.934
40077.668
40331.535
40157.332
39991.465
40153.133
40134.133
39886.801
39866.668
39930.133
39582.199
39141.734
39570.867
39655.801
39822.867
39746.535
39926.199
39908.668
39809.133
40214.734
40245.801
40497.734
39650.199
39245.867
39505.066
38932.133
39063.266
38835.535
39360.867
39816.398
39639.801
39502.266
39802.199
39769.535
40055.266
39900.066
39985.734
40305.867
40091.199
40080.867
40258.801
40301.801
40189.867
40065.867
39411.734
39640.465
38818.398
39064.0
39127.398
38992.266
38680.066
38843.934
38743.602
38701.133
38736.668
39143.066
38773.734
39326.332
39125.332
39057.602
38516.266
38204.734
37787.602
37930.535
37579.801
37593.602
37283.535
37879.934
38101.602
38092.266
37957.934
37542.602
38607.199
38812.199
39114.266
39182.0
39745.465
39912.0
39275.133
39042.0
38886.668
38890.867
38031.266
38191.867
38432.465
38387.602
38745.535
38694.066
39131.602
39051.0
39161.133
38949.465
39202.0
38884.199
38585.668
38027.734
38679.934
38739.934
37943.0
38828.0
38458.801
38785.602
38995.867
38487.934
38743.066
38395.734
37586.867
37164.734
37675.465
37397.934
37102.0
37548.602
37570.934
38581.066
38280.332
38959.668
39143.734
38775.934
38728.266
39088.535
39400.398
38923.398
38404.0
38172.535
38170.066
37682.801
37494.602
37437.066
38009.199
38066.801
38056.0
37969.934
38610.332
38632.734
38272.734
38021.465
38005.734
37572.398
36965.934
36495.133
36557.602
36557.199
36209.0
36502.602
36849.801
37416.602
37594.668
37731.066
38038.535
38236.199
38591.867
38528.0
38643.133
38448.668
38250.066
38785.668
38236.398
38693.734
38381.867
37927.266
38469.602
38363.0
38565.0
38163.801
38037.535
37983.066
37982.066
37424.668
37548.199
37296.066
37078.801
37433.535
37061.133
36877.867
36891.0
36718.0
37541.332
37772.934
36934.602
37096.0
37641.398
37580.867
37476.266
37962.668
37443.266
37146.066
37043.0
36248.934
36775.398
36003.199
36137.535
36082.668
36046.801
36594.668
36313.465
36609.0
36631.066
36486.465
36845.801
36753.867
37046.602
36982.332
36473.465
36563.602
36775.398
36970.668
36114.934
36424.602
36613.266
36634.0
36043.133
36464.602
37169.734
36731.867
36442.934
37224.332
37333.602
37235.934
36894.133
36513.465
37087.934
36569.801
36766.801
36746.199
36478.668
36665.266
36559.465
36343.398
36646.332
36387.0
35718.934
35928.398
36229.668
35999.199
35331.199
35417.535
35144.266
35046.398
34839.801
34433.066
35008.602
35068.398
34649.668
35611.066
35448.535
35719.398
35671.332
35390.934
35906.734
35678.934
35355.934
34857.734
35374.602
35543.602
34701.801
33982.332
33317.199
32686.0
32149.066
31465.334
31175.6
30640.268
30179.6
31312.732
31846.0
31852.199
32449.199
33074.734
34182.066
33942.465
34295.0
34115.398
34081.0
34312.133
33812.535
33684.867
33864.332
33795.066
33439.801
33549.266
33678.535
33878.398
33618.535
33374.266
33826.133
33554.535
33604.465
33404.867
33777.398
33746.602
33402.668
33933.602
33797.602
33614.668
33266.867
33000.934
33082.133
32974.199
32885.666
33036.4
32865.801
33212.934
33267.602
32984.801
33254.465
33751.934
33407.535
33176.867
33419.133
33566.199
33435.934
33543.398
33467.0
33084.801
32886.199
32861.465
32997.268
32883.0
32173.467
32592.4
32457.934
32679.467
32536.4
32389.066
32479.199
32606.334
32908.0
32444.334
32629.533
32886.732
32358.666
32628.066
32549.867
32513.0
31977.867
32115.0
32027.334
32015.133
32134.666
32038.533
31989.801
31944.199
31353.867
31664.666
31463.133
31736.867
31272.867
31654.0
32220.867
31789.666
32280.133
32263.066
32072.0
32559.133
32310.4
32323.066
32350.934
32240.934
32471.467
32222.867
32426.334
32127.732
32437.533
32136.732
32589.6
31962.666
32091.4
31829.334
32124.133
32187.0
31735.6
31620.0
31728.934
31734.268
31711.934
31747.4
31864.268
31954.467
31889.867
31816.867
31751.4
31402.666
30989.268
30878.801
31121.533
30654.0
30375.199
30430.199
30889.934
30856.268
30368.666
30403.066
30787.4
30531.066
30238.066
30029.199
30306.4
30126.0
29735.133
29283.801
29647.0
29676.133
29685.934
29921.666
29780.934
29834.268
29299.732
29472.666
29126.0
29071.867
28315.6
28196.4
28244.066
27829.666
27797.0
27127.334
27512.801
27220.732
26667.4
25956.467
25869.934
25975.066
25810.801
25236.0
25527.199
25399.801
25667.467
25749.801
26321.334
26720.0
27380.801
28095.6
28200.666
28399.533
28389.133
28639.268
28481.732
28076.467
28177.199
27962.334
28223.867
27977.467
28275.0
28359.666
28664.801
28620.533
28777.666
28686.268
29145.0
28994.801
28693.666
28978.066
29294.533
29076.867
28788.066
28544.199
28922.4
28784.533
28558.066
28518.6
28644.066
28665.4
29000.666
28231.0
28764.666
28718.334
28779.268
28592.867
28805.867
28615.066
28246.533
28277.334
28408.732
28548.334
27901.334
27797.334
28042.133
27737.268
27660.801
27859.066
28007.666
27702.801
27631.732
27388.6
27323.732
27354.6
27473.6
27407.0
27371.867
27311.533
27297.732
27241.467
27127.732
27134.467
26965.467
26409.732
26807.199
26382.801
26483.934
26449.6
26624.467
26367.6
26528.533
26432.6
26479.133
26834.934
26654.268
26912.801
26756.133
26973.133
26726.199
26277.934
26437.066
26253.934
26126.533
26352.0
26214.467
26179.066
26214.732
26092.533
26518.0
26977.133
26509.066
27077.268
27145.133
26939.0
27085.6
26721.732
26968.934
27095.732
27255.0
27391.6
27487.732
27847.199
27693.533
28110.4
28373.6
28648.133
28145.934
28027.6
28319.268
28830.533
28650.4
29097.867
29247.467
29649.934
29397.199
29579.467
29462.0
29238.867
28500.467
27538.666
27005.467
26673.133
26466.934
26171.066
25985.199
25985.467
25866.732
25741.467
25976.199
25868.732
25916.867
25866.6
26221.533
25935.066
25846.0
25489.268
25532.133
25717.801
25285.934
25582.533
25429.199
25662.6
25644.934
25768.867
25787.801
26026.133
25639.533
25801.666
26122.4
25936.334
25424.801
25694.4
26083.268
25865.732
25487.268
25737.533
26058.334
25493.801
25897.6
25186.334
25544.801
25245.801
25020.334
25185.533
25037.801
25124.133
24850.934
24361.4
25046.066
25133.732
24790.934
24768.666
24939.732
24755.801
25113.0
24523.801
24779.066
24788.732
24939.6
24909.334
25027.467
24804.199
24890.467
25044.4
25248.666
24866.732
24476.732
24511.4
24736.801
24924.268
24581.801
24721.066
24625.199
24806.666
24526.867
24547.732
24629.268
24530.732
24139.334
23961.6
24556.066
24306.133
23895.533
23786.801
24262.867
23842.4
23861.6
23973.334
24237.4
23906.801
22939.801
23708.268
24149.666
23713.934
23704.934
23315.066
23612.934
23649.666
23916.4
23871.6
23782.533
23453.666
23555.732
23541.666
22999.0
22833.334
22315.934
22618.199
22141.801
22586.199
22069.732
22136.133
23407.867
23166.666
23143.334
23774.467
23620.4
23621.4
23206.334
23057.199
22849.533
22925.867
22620.268
22699.533
22829.467
22839.0
22386.0
22690.4
23305.4
22841.199
22334.801
22645.732
22905.199
22972.133
22664.066
22831.467
22936.533
22570.732
22267.867
21909.666
22317.801
21919.268
21869.0
21441.666
21506.4
21516.533
20937.533
20444.867
20381.6
19099.666
18392.268
17639.268
17779.334
17797.732
17886.066
18101.334
18826.133
19621.0
20056.268
20113.6
20267.199
20897.467
21360.6
21276.467
20902.199
21356.133
21252.0
21365.4
21395.801
20982.334
20660.801
20567.666
21005.467
20850.133
20451.732
21121.4
21008.4
21199.533
21291.268
21170.867
21306.0
21230.199
21009.801
21120.268
21179.801
21438.066
20946.666
20938.0
21330.268
21437.867
21321.533
21357.867
21504.199
21497.066
21411.4
20871.0
21332.533
21296.334
20935.133
20772.199
21039.732
21171.867
20980.4
20545.801
20793.801
21131.133
20488.0
21114.934
21270.199
21222.199
21605.867
21358.199
21440.867
21386.334
21179.801
21352.533
21295.133
21204.6
20895.334
20934.199
20970.199
21051.934
20945.066
21013.268
21218.934
21216.334
20949.0
20688.268
20987.801
20885.533
21083.533
20618.666
21172.467
20992.934
21142.199
21153.732
21249.0
21153.666
20761.066
20464.6
20986.934
20885.199
21059.934
20650.6
20608.666
20648.801
20571.4
20950.801
20653.066
20604.732
20078.133
20107.732
20242.066
20518.268
19657.801
19928.0
20162.199
20154.467
19937.268
19786.867
20185.867
20149.133
19896.732
20051.867
20115.867
20310.133
19595.6
19791.666
20288.334
20360.666
19994.6
19831.666
19961.0
20147.867
19751.334
19787.867
19941.732
19867.268
19302.467
19606.666
19614.801
19444.533
19391.066
19534.467
19221.066
19940.666
19335.4
19249.934
19366.199
19407.467
19268.934
18735.467
19220.6
19277.666
18944.133
18764.268
19201.533
19068.268
18947.199
18443.801
19025.4
18990.334
18919.801
18961.732
18611.867
18874.666
18746.533
18306.133
18612.801
18420.934
18428.6
17959.801
18352.801
18281.801
17643.467
17333.199
18123.334
17909.533
17771.467
17637.467
17857.199
17733.133
17418.732
17344.268
17963.867
17680.666
17495.133
17375.934
17815.268
17436.199
17250.268
17158.6
17774.867
17541.334
17286.334
17263.133
17450.6
17136.732
16752.467
16489.133
16954.867
17045.199
16961.4
17231.934
17357.0
17217.666
16594.4
17289.199
17063.867
17003.801
16980.268
16877.133
16804.334
16959.934
16473.666
16456.4
15927.333
15299.4
14596.0
13924.533
13539.934
13454.6
13389.733
13344.8
14195.934
14663.8
14810.866
15234.667
15500.667
15541.934
15614.2
15566.0
15711.0
15212.2
15185.866
14479.333
15520.134
15456.4
15221.733
15136.267
15550.8
15720.4
15872.0
15543.0
15957.467
16199.667
15799.934
15865.467
16243.8
16252.4
16237.0
16341.4
16485.4
16465.134
16190.267
15845.733
16730.667
16480.267
16441.2
16063.533
16699.066
16849.066
16568.0
16815.066
16812.333
16396.667
16562.732
16198.801
16784.066
16648.934
16526.4
16475.467
16507.467
16710.533
16290.599999999999
16843.0
16782.533
16841.199
16790.199
16377.599999999999
17037.334
17072.133
16617.867
16775.934
17448.066
17177.533
16889.066
17402.268
17600.6
17280.066
17012.268
17142.801
16856.199
17005.801
16494.666
16648.334
16956.268
16822.066
16856.199
17286.732
16941.268
17107.334
16433.268
16318.666000000001
17236.467
17038.867
16888.268
17023.6
16854.066
16947.6
17035.732
16729.867
16782.533
16748.801
16709.133
16669.467
16828.934
16499.6
16618.133
16468.732
16846.666
16599.6
16712.334
16659.4
17090.533
16653.0
16702.533
16606.0
16844.467
17101.066
17097.066
16973.4
16920.6
16747.666
16627.467
16894.0
17021.666
17106.666
17102.467
16750.066
17365.666
17248.066
17178.268
16683.6
17236.732
17128.268
16893.801
16828.467
16904.666
17019.133
17174.666
17052.467
17154.867
16838.066
16961.732
17162.934
16866.732
16964.334
16868.334
16711.4
16832.666
16931.0
16688.133
16626.4
16778.732
17011.334
16096.0
16833.867
16840.732
16815.732
16106.6
16472.467
16794.334
16877.6
16730.732
16797.334
16712.666
16848.268
16563.0
16456.467
16854.199
16609.801
16701.133
16375.866
16590.667
16626.934
16324.733
16263.267
16551.934
16156.533
16149.866
15994.533
16339.333
16197.6
15904.4
16198.6
16189.267
15958.8
16077.267
16202.6
16032.667
15991.733
15770.066
15823.6
16101.4
15821.6
15902.2
15599.533
15659.533
15731.934
15613.8
15685.733
15543.8
15443.8
15416.733
15365.467
15585.733
15603.4
15513.134
14631.134
14927.533
14904.8
14754.8
14192.866
14120.667
14206.8
13850.8
13296.333
13806.0
13670.667
12844.8
13259.533
13172.733
12847.467
12969.733
12435.8
12602.4
12466.134
12186.267
12348.733
12540.4
12405.467
12597.333
11380.066
12126.667
12222.0
11753.533
12101.0
12310.267
12383.4
12094.667
12471.667
12714.333
12696.934
12881.467
13222.533
13221.934
13063.2
13131.333
12929.733
12930.8
13101.6
13095.8
12550.267
13025.4
12855.866
12542.2
12003.333
12347.467
12155.467
11855.333
11755.934
11671.667
11754.2
11565.8
11398.267
11841.934
11830.6
11667.0
11714.134
11782.0
11648.733
11569.533
11474.333
11877.4
11710.066
11371.066
11785.934
12164.8
11969.134
11682.733
11827.134
11794.866
11811.8
11767.4
11619.934
11748.533
11476.134
10934.533
11498.267
11386.8
11491.2
11625.467
11108.467
11612.134
11513.0
10797.667
11107.8
11329.6
11186.6
11244.2
11478.066
11578.267
11532.6
11718.4
11657.134
11772.4
11608.733
11552.8
11284.066
11505.2
11601.733
11329.0
11326.667
11591.934
11557.134
11278.866
11742.2
11789.2
11905.2
11488.134
11648.733
11805.0
11767.667
11953.066
11273.467
11769.533
11650.467
11814.866
11410.2
12122.134
11844.733
11957.267
11591.066
12115.8
12045.934
11728.333
11554.2
11792.533
11556.0
11458.866
11709.733
11626.866
11474.667
11166.333
11137.4
11397.667
11533.667
11406.333
11610.934
11560.467
11391.866
11173.134
11398.733
11462.0
11345.4
11613.134
11016.467
11307.2
11611.8
11555.667
11266.0
11323.934
10892.6
10613.934
11088.467
10950.467
11043.6
10265.0
10804.533
11091.467
10932.8
10658.134
10993.2
11208.6
10801.8
10943.2
10806.066
11047.134
10702.267
10441.467
10402.8
10775.333
10692.6
10280.4
10578.333
10558.733
10709.934
10543.866
10580.4
10646.066
10499.333
10320.8
10548.667
10690.333
10594.733
10458.4
10789.667
10523.6
10635.8
10539.667
10330.8
10514.333
10497.467
10338.934
10213.2
10295.667
10357.333
10080.6
9977.866
10465.733
10419.533
10138.066
10180.667
10431.267
10407.4
10033.934
10089.866
10314.8
10091.667
9888.667
10264.533
10241.2
10032.0
10227.866
10028.8
10098.934
10047.6
9771.866
9402.866
10111.2
9763.6
9986.866
9820.4
9941.0
9718.0
9692.4
9520.8
9864.733
9747.2
9663.533
9366.333
9649.333
9712.667
9498.866
9457.267
9755.533
9709.8
9213.667
9383.533
9675.8
9656.333
8951.533
9141.467
9556.066
9522.8
9418.467
9061.6
9626.8
9526.267
9420.267
9189.533
9345.267
9201.866
9050.066
9203.467
9351.866
9178.733
9020.934
9045.066
9491.066
9476.533
9286.733
8958.4
9090.333
9211.467
9060.4
8891.066
9211.2
9112.2
9110.6
8770.267
8982.866
9057.4
9022.066
8858.467
9043.8
8879.6
9274.134
8582.066
9030.0
8968.533
8737.0
8302.4
8998.667
8989.533
8982.866
8661.733
8777.066
8621.134
8744.333
8875.0
9157.667
8355.8
8650.134
8444.866
8713.066
8157.467
7781.267
7204.267
7031.333
6296.267
5528.067
5031.533
4467.267
3778.8
3430.2
2775.467
3084.867
3001.267
2734.133
2926.533
3787.133
3935.867
3907.3999999999996
4829.4
5305.8
5582.067
5864.533
5211.867
5968.267
5581.667
5462.4
5143.867
4941.133
5037.533
4739.067
4525.933
4888.4
4982.4
4901.133
4689.133
5417.133
5199.6
5235.533
5805.267
5846.267
6070.667
5731.533
6220.2
6362.933
6328.4
6338.0
6577.867
6832.733
6876.0
6402.0
6633.267
7163.933
7180.333
6720.067
7217.467
7470.867
7597.733
7495.267
7505.667
7961.267
7929.2
7334.667
7425.867
8125.133
8206.933
8013.6
7736.8
8263.067
8067.4
7862.467
7862.467
8370.467
8147.6
7308.8
8167.667
8290.867
8378.533
8066.4
7848.6
8355.0
8243.867
8059.4
7975.4
8111.933
8228.467
7822.8
7639.133
8567.8
8157.733
7948.133
7980.6
8297.933
8214.6
8059.0
8019.333
8260.332999999999
8197.332999999999
8031.4
7994.867
8293.8
8260.2
8131.8
8018.933
8352.667000000001
8256.332999999999
7705.4
7922.267
8233.332999999999
8136.467
7791.8
7736.4
8139.067
8001.533
8046.667
7829.267
8076.533
8196.933
7897.2
7430.4
8244.667000000001
8114.867
8113.467
7921.333
8401.6
8123.267
7951.8
7738.133
8230.267
8004.533
7578.733
7437.2
8083.133
7996.067
8019.067
7421.8
8126.6
7982.4
7820.2
7922.867
8099.133
8051.267
7896.333
7793.333
8305.933
8120.4
7283.333
7625.333
8218.933
7979.267
7946.733
7813.133
8201.733
8119.867
7648.733
7463.867
8028.667
7880.6
7850.4
7726.733
8025.933
8017.2
7855.333
7396.467
8080.733
8003.6
7656.133
7347.467
7936.133
8077.133
7759.533
7702.667
8014.0
7686.2
7636.733
7751.6
7759.533
7671.533
7561.533
7372.667
7913.533
7760.133
7412.2
7347.0
7787.2
7953.2
7257.733
7339.4
7798.333
7699.4
7761.133
7530.467
7724.867
7643.267
7566.333
7255.0
7893.333
7672.2
7398.667
7381.733
7735.067
7660.333
7469.467
7006.4
7632.333
7558.667
7445.733
6965.733
7715.133
7502.067
7013.533
7426.0
7528.2
7455.933
7019.333
7148.0
7327.267
7429.933
7181.067
7133.733
7418.8
7201.467
7188.533
6991.4
7272.8
7327.333
6840.133
6807.2
7293.333
7265.267
6969.067
6915.533
6952.333
7162.6
6690.533
6886.6
6930.667
6977.6
6806.067
6604.8
7149.533
6985.8
6638.6
6319.0
6867.267
7042.133
6841.4
6554.533
6880.333
6853.0
6162.667
6581.067
6997.2
6646.133
6453.4
6535.067
6768.8
6804.267
6444.267
6316.133
6702.6
6814.2
6628.267
6554.6
6845.0
6648.733
6362.267
6119.6
6730.933
6540.867
6771.733
6288.733
6767.133
6705.4
6173.067
6242.267
6728.267
6563.667
6355.667
6436.067
6724.4
6654.8
6225.333
6171.467
6757.467
6519.667
6368.0
6404.533
6659.733
6501.667
6074.933
5999.733
6360.867
6308.333
5801.067
5932.2
6418.733
6250.8
6413.333
6070.733
6423.267
6286.733
6499.533
6125.667
6338.933
6261.733
5910.4
5899.4
6357.267
6223.0
5767.533
5261.733
6211.133
6238.667
5775.533
5969.733
6204.533
5995.2
5855.867
5798.733
6196.933
5968.067
5796.6
5451.933
6052.4
6112.0
5377.933
5549.067
6110.467
5887.667
5635.067
5418.467
6016.867
5983.733
5904.733
5477.867
6054.467
5982.733
5903.067
5801.533
6000.333
5860.467
4637.8
5133.6
5892.8
5975.733
5595.2
5317.0
5850.333
5958.6
5315.6
5322.133
5772.467
5726.867
5252.733
5263.467
5771.667
5749.2
5088.933
5103.6
5649.133
5584.0
5344.467
5366.933
5569.133
5510.467
5071.333
5486.4
5562.4
5596.333
5065.267
5305.267
5697.0
5479.267
5003.333
4920.2
5513.8
5532.333
5355.667
4799.733
5595.467
5442.533
4804.933
4916.867
