272.017
60.667
-140.11700000000002
148.333
438.217
125.0
209.883
230.067
229.28300000000002
254.867
115.417
-167.13299999999998
208.817
212.6
22.483000000000004
-36.533
350.41700000000003
-11.332999999999998
64.883
359.6
425.35
178.8
468.683
150.53300000000002
281.617
203.333
223.15
-130.46699999999998
196.95
201.4
319.55
21.667
277.617
188.46699999999998
236.683
25.467
557.417
470.067
96.75
-65.533
247.35
117.733
-10.516999999999996
181.53300000000002
189.15
231.2
148.483
230.733
215.817
236.6
-42.849999999999994
32.667
613.483
279.133
-15.049999999999997
-266.4
424.817
443.2
26.217
38.599999999999994
375.883
433.2
384.483
222.333
413.683
367.533
156.75
309.2
395.95
379.733
322.75
-147.933
444.08299999999997
274.733
34.150000000000006
66.067
377.41700000000003
177.86700000000002
133.35
67.733
291.883
489.733
211.95
56.667
231.017
347.133
35.283
1.733000000000004
228.017
208.333
502.15
-4.733000000000004
179.483
210.6
341.35
-61.667
200.083
252.667
192.017
80.8
400.15
354.933
-234.517
23.333
400.017
300.267
220.017
205.8
468.41700000000003
282.067
-1.7830000000000013
271.2
105.35
323.733
239.883
271.33299999999997
403.15
275.867
545.817
-240.0
315.817
363.133
107.817
360.66700000000003
384.883
446.267
250.35
94.6
339.617
250.13299999999998
-66.117
104.333
330.683
309.933
133.75
-2.6670000000000016
417.41700000000003
435.8
57.083
-246.46699999999998
352.55
315.8
86.35
133.0
269.483
411.467
333.55
41.132999999999996
295.15
321.8
-285.91700000000003
-128.53300000000002
303.75
201.86700000000002
175.417
-14.132999999999996
318.283
254.86700000000002
56.349999999999994
206.067
402.35
292.467
256.883
-117.333
449.683
410.8
431.35
146.267
482.08299999999997
262.067
167.017
339.4
409.283
70.0
367.95
-166.733
134.55
221.86700000000002
13.349999999999994
356.2
584.217
418.6
169.083
-92.0
494.95
151.933
452.217
17.867000000000004
395.15
351.267
318.55
382.2
530.483
343.267
421.817
300.533
332.15
220.86700000000002
381.817
-358.867
378.683
350.2
174.417
136.8
140.417
315.267
471.55
175.067
238.61700000000002
304.2
118.683
-205.0
276.95
381.2
462.683
179.933
387.35
305.733
45.083
-313.33299999999997
438.283
232.46699999999998
-63.717
13.132999999999996
261.08299999999997
177.8
-1001.183
-93.267
121.017
266.8
248.28300000000002
-69.667
565.083
391.6
264.283
66.933
259.95
214.86700000000002
-111.117
425.067
523.883
275.8
-197.11700000000002
32.2
306.75
316.2
-121.383
344.467
383.483
249.267
394.683
328.33299999999997
326.617
395.33299999999997
239.417
178.4
368.217
247.13299999999998
401.883
19.066999999999993
397.617
424.467
324.35
-79.067
220.083
310.867
83.35
-288.267
366.283
337.933
248.483
-124.867
351.283
331.0
214.083
74.133
357.483
346.2
-158.183
200.46699999999998
331.617
64.733
-148.05
164.667
256.617
212.667
312.883
171.267
274.283
517.867
89.55
160.133
384.483
523.933
391.883
156.86700000000002
227.55
273.2
86.483
491.8
354.55
206.13299999999998
-152.25
102.867
208.55
287.0
263.55
-2.4000000000000057
540.683
551.0
44.150000000000006
282.533
378.817
346.267
238.083
110.533
346.283
386.467
79.75
131.267
305.817
333.067
186.15
297.533
478.817
441.067
416.08299999999997
114.867
576.883
192.267
400.217
-123.6
388.75
195.667
-62.650000000000006
314.2
362.35
215.133
567.217
410.8
406.88300000000004
295.067
665.483
114.86699999999999
404.08299999999997
316.467
-3.1169999999999902
293.733
663.55
444.067
564.217
-7.800000000000011
475.88300000000004
394.86699999999996
420.08299999999997
229.2
384.41700000000003
557.8
-6.449999999999989
272.6
645.083
365.2
178.083
198.8
384.483
390.733
552.75
221.067
683.15
583.467
724.95
479.267
730.417
538.533
275.483
376.8
430.483
649.8
831.017
243.46699999999998
768.883
631.2
593.55
730.0
656.017
551.2
395.617
690.067
527.75
804.2
173.483
332.4
614.35
598.933
611.883
447.667
930.4169999999999
598.933
767.4169999999999
595.067
741.017
711.4
737.15
355.333
1066.417
522.4
632.55
552.533
890.817
574.6
754.75
650.6
664.35
914.0
844.417
726.6
672.883
929.6
692.883
498.333
989.217
784.4
683.617
621.067
624.417
715.4
847.15
705.0
945.883
826.4
622.683
564.933
740.483
844.467
738.75
627.733
969.283
528.533
787.483
527.0
734.283
630.133
814.417
899.467
780.017
518.733
837.683
1002.267
503.88300000000004
912.0
762.883
805.933
835.883
811.333
666.55
1015.467
1211.617
730.6
734.017
1329.267
967.017
1175.133
561.95
750.6
1220.483
1052.333
1201.35
1279.6
811.283
771.0
899.95
862.2
1411.55
1237.067
697.1500000000001
1172.067
1068.883
1280.133
1313.483
1138.0
1051.017
1394.467
688.0830000000001
956.6669999999999
1083.483
1246.4
1576.217
1514.933
1459.017
1399.533
1205.35
1313.8
1339.217
1236.133
864.483
1072.933
1417.95
1238.267
1495.95
1062.0
1552.95
1459.6
1561.417
1379.467
1528.55
1457.667
1048.617
1500.933
1369.35
1276.8
1213.95
1333.333
1333.75
1440.533
1345.017
1122.267
1456.017
1215.267
1207.283
1092.533
1552.017
1445.867
1404.15
1468.6
1577.95
1321.6
1293.55
1200.067
1464.75
1489.933
1366.15
1111.4
1597.95
1329.0
1381.75
1368.467
1531.75
1402.733
913.3499999999999
1346.933
1429.683
1500.133
1503.683
1694.4
1835.883
1640.6
1646.817
1633.0
1769.217
1823.667
1685.15
1766.2
1764.55
1766.4
1930.95
1763.267
2147.817
1644.667
1207.083
1461.733
1679.817
1975.267
1687.417
1775.6
2130.15
1961.533
1866.35
1807.667
2048.217
2089.867
2105.617
1837.467
2202.35
1897.133
1768.55
1651.733
1702.35
1622.267
1940.017
1281.4
1675.75
1800.333
2046.15
1689.933
2014.55
1902.467
2115.283
1918.667
1999.283
2052.267
2041.283
1946.867
2256.283
1810.533
2363.817
2119.267
2131.95
2056.6
1964.883
2145.333
2383.15
1752.733
1864.017
2189.2
2425.883
2154.6
2217.75
1982.333
2042.75
1924.6
2011.817
2138.867
2120.55
2427.6
2688.817
1997.7330000000002
2575.217
2551.133
2446.75
2332.733
2384.15
2260.8
2229.483
2507.6
2458.217
2249.733
2035.5500000000002
2161.0
2081.083
2055.133
2397.75
2286.133
2448.15
2639.933
2465.883
2618.4
2823.483
2577.533
2887.617
2745.8
3065.35
2827.933
2662.75
2898.8
2902.15
2801.4
2618.283
2785.533
2572.217
2650.8
2531.683
2700.2
2677.817
2470.8
2141.55
2390.533
2341.55
2355.4
2194.883
2114.067
2388.483
2134.133
2058.283
1757.8
2382.483
1941.0
2303.35
2308.867
2491.15
2961.867
2782.217
3065.8
2925.217
3111.267
3242.417
2857.067
3031.15
2968.133
2692.95
2608.267
2882.817
2736.267
3002.15
2572.267
2836.083
2892.533
2852.55
3027.4
3005.35
3029.8
3198.35
3143.733
3215.683
3184.467
3102.617
2820.333
3146.95
3221.6
3064.883
3322.0
3395.35
3253.4
3127.483
2837.667
3370.35
3231.867
3556.417
3832.6
3920.283
4302.4
4284.683
4121.133
4078.017
3995.4
4094.15
3685.267
4274.282999999999
3943.2
4096.683
4022.867
4251.683
3770.4
3907.417
4050.0
3906.083
3937.933
3721.683
3443.533
4054.683
4155.6
4030.483
4209.067
4370.817
4362.133
4257.683
3992.6000000000004
4358.217000000001
4288.4
3755.817
3959.067
3949.15
4167.2
4041.683
4288.0
4474.017
4221.0
4088.683
3537.067
3816.617
3901.867
3975.483
3683.133
4105.0830000000005
3796.067
3810.483
3589.867
3523.15
3451.4
3392.483
3463.533
3494.417
3610.4
3389.883
3519.933
3286.95
3455.067
3588.083
3697.0
3999.55
4157.0
4275.083
4428.0
4231.0830000000005
4308.532999999999
3858.617
4406.133
4194.617
4203.733
4735.817
4429.4
5138.75
5137.867
5067.483
5290.867
5843.017
5374.2
5481.617
4960.0
5116.35
5031.733
4608.483
4358.2
4408.683
4246.867
4064.55
4198.333
4675.95
4323.4
4596.283
4653.867
5141.617
5112.467
5247.483
4980.133
4828.017
4671.267
4303.217
4139.733
4236.15
3830.6
3687.083
3547.533
3603.417
3538.6
2960.617
3304.533
3301.35
2960.867
2639.15
3406.133
3460.617
3588.067
3901.617
3621.333
4454.883
4682.8
4760.75
4613.6
4687.683
4467.067
4103.617
4245.067
4180.0830000000005
4352.2
4332.417
4161.333
4719.15
4383.8
4580.617
4464.333
4617.95
4572.8
4497.483
3955.2
4550.417
4411.8
4543.15
4484.2
4397.417
4407.267
4485.55
4472.0
5164.683
5212.2
5208.683
5463.6
5629.017
5696.667
5660.15
5503.733
5816.35
5620.333
5996.95
5615.6
6053.283
6477.4
5783.35
6024.733
6131.483
5889.333
5879.083
5134.067
5029.75
4461.8
4219.282999999999
3274.267
3136.35
2644.733
2460.817
2459.4
3002.883
3261.333
3627.083
4124.733
4487.217
4711.933
5025.617
5430.867
5744.217
6175.8
6022.55
6043.4
6166.15
5595.933
5481.95
5181.533
4823.35
4026.2
3718.417
3427.133
3392.083
3753.067
3931.683
4494.333
5367.15
5639.933
5844.883
6718.933
6956.35
7065.0
7508.217
7188.533
7929.017
7955.467
8352.55
8065.333
8004.75
8416.667000000001
8199.283
8244.067
8385.95
8230.267
8486.217
8285.4
8924.884
8732.134
8855.35
8627.4
9143.083
8980.4
8845.95
8890.934
9453.884
9210.533
9148.017
8939.4
9095.75
8637.4
8691.684
8869.333
8943.75
9386.066
9114.217
9218.533
9295.35
8970.333
8712.816
8435.6
8683.017
8946.934
9132.35
9020.866
9008.15
9016.066
8948.55
8826.467
8730.15
8722.733
8548.417
8639.066
9100.816
8858.4
9073.15
8746.4
8898.75
9088.533
8862.15
9280.066
9401.55
9409.333
9504.35
9606.2
9715.55
10046.2
10290.684
10093.0
10024.217
9948.733
9301.75
8780.934
8937.684
8847.733
8787.017
8715.267
9025.95
9212.0
9399.283
10014.733
9953.017
10534.533
10490.55
10518.8
10505.684
10916.667
10273.75
10403.0
10827.55
10377.8
10423.217
10608.0
10565.95
10385.134
10980.217
10460.066
10817.884
10745.4
10640.816
10375.2
10628.95
10495.667
10536.884
9947.4
10590.283
10422.934
10410.35
9999.667
10379.283
10762.066
10964.283
10614.4
10872.884
10966.0
10760.75
10768.2
10687.684
9667.4
10135.217
10128.6
10239.95
9765.866
10377.083
10181.733
10259.217
9971.066
9959.217
10299.667
10449.017
10374.533
10458.15
10209.866
9966.75
9930.467
9338.95
9595.533
10316.35
10089.533
10252.15
10614.533
10896.15
10968.6
11181.483
10819.4
10959.017
11080.134
10999.35
10542.467
10384.35
9861.6
10073.15
9291.267
9978.35
10179.667
9846.75
9843.0
10668.95
10637.066
10079.884
10120.667
10919.417
11118.866
10831.417
10637.066
10754.017
10844.6
10548.017
10490.134
10746.616
10529.066
10809.417
11097.467
10792.55
11036.533
11317.217
10428.533
10728.217
10570.267
10170.35
10451.4
9747.75
9994.6
10027.684
11006.533
10884.884
10710.0
10693.55
10258.2
10528.217
10489.733
10838.017
10506.866
10267.884
9727.0
9591.55
9263.866
8938.017
8801.6
8193.417000000001
8040.6
8122.617
8058.733
8569.75
8976.866
9891.816
10509.333
11592.083
11729.333
12745.083
11940.134
11395.684
11839.934
11731.55
11528.533
12295.017
12398.4
12618.217
12470.733
12353.15
11736.533
11295.884
10932.333
11188.884
11070.134
12351.483
11803.934
12416.616
12464.8
12781.816
12815.6
12433.417
13157.467
13338.55
13935.533
13831.75
13967.4
14222.083
14583.4
13535.283
13741.467
13132.684
13435.066
13453.55
13866.2
13327.483
13077.8
12655.15
12455.667
12679.75
12396.934
11516.55
12353.066
12221.55
13008.2
13173.083
13198.667
14140.017
13716.866
13404.15
13683.6
13715.884
13502.467
13465.15
13670.4
14106.684
14549.467
14578.816
14249.134
14389.217
15977.267
14753.217
14809.2
15017.15
14434.866
15040.15
15014.134
15634.15
15031.4
14520.15
14799.134
15057.217
14922.8
14414.684
14326.667
15416.55
15854.8
15464.283
14841.134
15191.95
14950.267
14837.616
14006.934
14935.75
14763.267
14411.816
13720.467
14321.884
14610.467
14597.15
14167.066
15229.15
15242.6
15023.417
15395.4
15511.283
16253.934
15510.417
15309.267
15920.083
15465.267
15781.017
14934.6
15264.816
15978.6
15539.417
15693.4
15707.483
15302.333
15505.083
15930.934
16576.95
16305.934
16282.35
16466.334
16287.417
16744.867
17183.949
16716.533
16697.884
16266.267
16307.15
15744.2
16237.017
15829.866
16206.884
15544.733
15153.35
15356.533
15268.417
14925.733
15559.017
15078.467
15202.217
15325.2
15288.816
15343.866
15202.884
15768.4
16270.35
16608.467
15771.95
15842.267
15921.95
15331.0
16193.483
15789.866
16321.816
16334.066
16709.35
16693.4
16871.684
17101.467
16562.75
16101.4
17730.551
17105.334
17022.551
17229.533
17515.482
16344.2
17003.482
16267.467
17287.35
17040.467
16267.15
16837.4
17319.416
17016.4
17136.084
18065.934
17517.084
16892.066
16717.417
16496.134
16393.884
16952.199
17582.283
17508.732
18163.949
18310.6
18664.816
18196.533
18249.084
18625.666
18429.283
18391.268
18402.35
18487.334
18911.949
18536.666
19231.416
19003.0
19090.283
19594.467
19382.283
19334.467
18849.949
19000.0
19270.018
18867.4
18750.551
18573.6
19265.482
18963.0
19967.35
19200.199
18856.35
19357.934
19476.084
20173.867
20277.482
20373.867
19782.617
20030.268
19497.35
19660.6
19414.551
19812.732
20005.018
21833.666
20139.15
21015.4
21354.283
21539.268
20987.816
22312.801
21741.75
22066.6
22842.482
23478.334
22305.482
22888.533
22323.35
22612.0
24223.684
22739.801
22896.617
22037.066
21978.15
22115.867
22787.816
22643.666
23156.283
23921.533
23352.084
24123.934
24783.883
25482.867
25441.617
25660.934
26434.883
27108.467
26418.684
25119.6
25942.684
26139.467
25353.217
25918.268
26499.482
26547.334
26364.15
26823.467
27451.684
26742.4
28229.15
28893.666
28519.084
27903.732
29050.883
28828.268
28911.018
28589.6
28993.35
29137.6
28920.949
28997.334
28545.482
28867.867
29718.416
30497.0
30922.883
31170.066
32582.35
32875.133
32272.482
32932.6
32963.15
32708.732
32780.551
31768.199
32719.35
31934.533
31865.551
33497.867
34051.484
34330.066
34401.75
34612.801
35384.148
34465.801
34738.215
34141.332
34480.484
34738.801
34224.617
34939.734
35682.816
35996.133
36179.684
36330.332
36770.551
36781.0
36163.215
36523.0
36294.816
36387.066
35792.883
36376.801
36518.016
36658.867
37079.215
36591.734
36455.484
36661.266
36734.949
36786.668
36824.75
37172.867
36892.75
37051.332
37271.617
37049.867
35923.285
35363.801
33672.285
32336.334
31440.551
31043.268
30956.684
31465.199
31413.15
32746.066
34410.684
34884.332
35518.215
35664.398
35921.617
36815.668
37842.883
37420.602
38105.684
38128.801
37729.617
36925.801
36642.551
36939.734
37542.352
37851.801
38307.816
38952.535
39828.352
40351.801
40497.352
40570.0
39842.484
39677.332
39189.484
39440.133
39583.484
39523.332
39540.285
38820.133
38389.484
38174.332
37569.816
37652.734
37983.082
37730.199
39221.949
39434.535
39773.617
40432.465
40676.684
39768.934
39958.484
39534.602
39605.215
39934.934
40278.883
40740.734
41781.816
41648.332
42234.816
41750.332
41672.617
41273.602
40480.418
40690.465
40639.75
40759.602
40568.75
40866.668
41458.883
41695.133
41257.418
41314.668
42372.148
41864.934
42265.551
41467.867
42148.949
41541.867
40623.949
40119.266
39777.215
39684.867
39920.617
40259.066
40680.617
41827.602
41568.285
42372.465
41857.949
41879.867
41699.949
41206.535
40883.148
40440.398
39765.148
39877.668
39886.551
39676.535
39926.016
39864.199
39588.949
39707.602
39563.816
39685.199
40176.148
40614.199
40572.215
41092.801
41798.418
42057.0
42012.949
42348.332
42128.949
42012.133
41326.285
40818.668
40320.484
40618.602
41023.551
40730.199
41546.484
41866.934
42497.816
42760.266
42740.684
42702.734
43558.148
43871.734
44409.816
44510.934
44189.016
43949.332
43690.352
43715.535
43018.484
42799.133
42921.418
42937.734
42588.617
42488.199
41547.949
42150.266
41742.418
42159.602
42108.816
42952.801
43521.215
44121.199
44512.883
44825.535
43783.016
43894.535
43330.617
43392.0
43709.617
43361.867
43364.082
42968.934
43369.75
43764.133
43756.016
43944.133
44022.016
44461.602
44949.285
45770.535
44938.352
44790.668
44125.551
44130.734
43316.75
43328.801
43227.484
42949.066
43589.949
43724.867
41885.215
43114.934
43050.484
42652.0
42852.148
42596.602
42401.816
42745.332
43327.148
43699.332
43620.016
43576.398
43782.285
44471.133
44595.551
44843.668
44507.75
44040.668
42600.418
41017.734
40222.816
38696.066
36988.617
36456.398
37174.949
38221.398
40579.285
41265.934
40641.816
40716.668
40904.484
40314.199
40748.551
40214.734
39707.883
40635.199
41877.215
42827.066
42745.75
43180.332
43361.148
43850.734
44636.352
44157.668
44051.484
44115.668
43253.617
43814.867
44196.75
44292.602
44108.215
44984.332
45436.551
45425.535
45442.551
44717.465
44628.816
44288.066
44499.949
44236.266
43436.617
43254.398
42720.148
43731.0
44608.215
45299.535
45014.551
45686.465
46650.883
46944.465
46341.816
45946.535
46302.617
45663.734
45517.082
44829.734
45528.016
46060.602
45559.949
45273.602
44904.883
43830.066
43140.016
41526.734
40333.883
39912.199
40041.285
40451.668
41038.082
42206.066
42423.082
43776.934
44118.148
44190.465
44830.016
45034.535
45476.684
45697.332
45866.684
46262.734
47200.148
46513.734
46148.352
45283.066
45153.551
45014.801
44867.148
44882.0
44894.816
45622.602
46616.883
46685.398
46721.684
46700.332
46606.016
46308.199
46301.418
46298.734
45164.285
44502.398
44134.285
43499.0
42649.949
42160.199
42504.551
42788.867
43272.816
43689.398
44414.418
44470.199
44293.551
44145.332
44327.684
43929.133
43607.949
43731.199
44104.883
44683.066
44804.352
44863.801
45379.684
45960.332
45901.75
46020.602
45727.016
45523.398
44879.484
44099.934
43751.684
42792.867
41794.484
43093.867
42988.148
43353.867
43573.484
44216.734
44270.016
44680.066
44111.949
44154.867
44549.016
44039.465
43867.484
43709.066
43641.684
43287.602
42577.551
42101.332
42256.684
42310.465
41824.418
41146.266
41487.883
41295.801
41085.551
41066.266
41317.082
41604.199
41857.617
42311.801
42504.883
42952.398
42689.148
42507.934
42946.352
42850.801
41695.684
42415.535
42012.082
42068.602
42197.285
41597.133
41731.352
42594.332
42729.484
43207.734
43022.082
43166.602
43130.684
42802.734
43298.215
42746.199
42190.816
42119.934
42493.75
42895.465
43110.082
42319.066
42507.816
42426.332
41960.352
42270.199
42384.949
42287.133
42028.148
42244.734
41896.617
42106.934
41468.352
41268.602
41190.016
41125.0
41361.684
40930.199
41759.75
42027.398
42543.418
41849.465
42061.082
42076.465
42378.816
42195.0
41984.285
42173.266
42166.215
41845.465
41898.418
41972.332
41571.75
41099.066
41553.148
41706.465
41818.617
41737.734
41935.551
41943.602
41844.215
42195.668
42244.016
42523.801
41640.684
41220.934
41472.082
40860.066
40909.684
40729.199
41242.551
41794.266
41641.684
41499.535
41828.75
41759.602
42058.016
41852.199
41972.617
42313.801
42102.883
42031.668
42219.418
42275.801
42235.684
41978.266
41288.016
41548.867
40701.949
40978.867
41029.016
40957.266
40564.883
40741.133
40668.816
40611.199
40670.484
41045.602
40673.816
41289.465
41023.551
40954.266
40412.484
40025.066
39653.684
39826.668
39404.816
39478.0
39149.082
39793.602
39939.484
39941.398
39822.949
39440.535
40508.215
40720.602
41023.816
41115.934
41664.816
41825.535
41152.949
40964.133
40808.148
40771.801
39929.816
40081.934
40282.75
40291.801
40577.215
40562.734
40995.617
40952.801
41089.082
40877.199
41111.285
40757.133
40469.352
39939.066
40536.285
40634.934
39856.082
40764.199
40373.285
40652.266
40873.148
40381.133
40566.551
40274.734
39436.148
39005.066
39467.285
39224.133
38924.617
39370.867
39409.75
40427.602
40109.016
40766.668
40997.016
40704.199
40635.016
40982.465
41327.418
40745.602
40241.883
40010.398
40020.148
39495.934
39344.285
39261.266
39858.285
39901.398
39866.816
39820.535
40417.684
40445.465
40121.75
39853.734
39825.285
39405.602
38787.484
38232.199
38346.551
38310.602
37961.285
38200.602
38618.75
39172.199
39446.352
39516.535
39875.684
40054.801
40381.484
40336.734
40488.75
40306.199
40089.75
40618.934
40022.082
40479.398
40205.949
39746.535
40286.016
40181.535
40398.684
39959.266
39861.949
39756.934
39705.418
39149.133
39301.816
39098.398
38859.75
39121.734
38847.215
38624.199
38615.352
38484.066
39309.551
39524.934
38802.484
38857.398
39466.215
39351.066
39217.551
39678.668
39266.215
38901.465
38779.484
37956.066
38518.551
37696.602
37854.684
37802.199
37731.484
38320.734
38080.684
38348.734
38278.082
38162.266
38526.75
38424.867
38803.883
38702.266
38228.816
38273.066
38505.148
38648.668
37813.418
38196.602
38309.883
38321.801
37736.684
38178.535
38888.551
38459.465
38159.551
38961.266
39065.551
38948.867
38625.949
38206.332
38802.551
38298.332
38492.418
38462.535
38181.352
38373.934
38230.215
38007.934
38378.082
38088.934
37416.883
37613.332
37876.016
37646.066
37030.75
37067.801
36776.883
36692.465
36488.148
36041.266
36652.883
36714.0
36357.883
37264.934
37170.617
37407.602
37338.551
37062.867
37585.883
37332.867
37063.816
36582.801
37012.352
37207.934
36472.484
35656.133
34921.285
34274.465
33696.816
33075.668
32717.217
32126.666
31667.084
32802.133
33419.016
33449.332
34018.215
34672.133
35825.75
35530.535
35982.949
35782.801
35747.617
35877.133
35489.551
35339.0
35533.418
35484.734
35044.016
35187.801
35324.082
35527.133
35288.082
35016.867
35411.215
35142.602
35169.551
34915.465
35372.75
35312.535
35061.082
35568.0
35425.551
35234.734
34868.617
34619.066
34675.617
34540.668
34483.75
34630.133
34415.016
34795.332
34867.285
34635.602
34840.883
35286.398
35001.949
34706.867
35023.016
35190.0
35011.949
35106.199
35087.617
34623.199
34428.883
34434.0
34532.949
34395.266
33695.617
34068.133
33943.551
34239.934
34061.082
33908.734
33977.016
34131.0
34407.016
33939.398
34121.418
34424.602
33869.352
34141.602
34098.082
34000.0
33458.148
33575.934
33511.816
33583.066
33610.148
33515.0
33413.551
33411.465
32827.75
33142.801
32916.949
33200.133
32728.217
33055.133
33704.816
33280.734
33764.883
33719.398
33598.352
33998.867
33794.551
33805.867
33822.016
33716.266
33931.418
33719.398
33868.484
33617.398
33855.883
33586.398
34072.551
33449.602
33526.016
33339.0
33557.082
33655.535
33210.551
33055.266
33158.684
33172.133
33115.148
33201.734
33285.484
33341.266
33338.352
33246.465
33195.418
32852.934
32454.75
32297.199
32526.018
32037.934
31750.15
31813.533
32270.482
32243.199
31756.018
31820.133
32185.684
31966.934
31618.482
31394.199
31689.75
31518.0
31106.816
30595.467
31003.018
31014.6
31025.217
31313.6
31225.617
31200.533
30636.217
30851.732
30438.482
30349.0
29629.35
29476.867
29523.684
29127.801
29123.15
28418.0
28790.617
28462.801
27876.816
27154.066
27047.15
27173.334
26997.75
26370.334
26643.75
26598.666
26803.15
26935.732
27517.816
27890.268
28664.816
29389.066
29508.75
29613.732
29641.551
29898.801
29744.684
29367.533
29490.482
29227.4
29481.684
29213.934
29587.816
29636.133
29989.283
29831.4
30092.283
29984.334
30446.949
30299.666
30061.816
30309.133
30615.15
30381.533
30074.084
29870.0
30211.283
30076.533
29881.816
29834.533
29911.949
29966.199
30303.816
29514.867
30073.551
30016.732
30087.617
29895.666
30158.816
29967.801
29568.35
29584.133
29689.416
29851.533
29160.482
29061.666
29258.084
29001.268
28948.816
29178.133
29246.883
28949.801
28888.283
28601.0
28581.551
28599.4
28662.416
28653.934
28604.482
28547.334
28580.416
28473.934
28351.949
28332.867
28135.883
27558.801
27984.75
27561.934
27675.283
27643.133
27818.217
27556.334
27730.084
27626.467
27694.816
28059.199
27816.617
28115.0
27995.35
28174.533
27979.217
27496.732
27640.75
27452.199
27318.35
27558.934
27415.617
27406.6
27385.816
27292.6
27667.617
28172.467
27717.217
28225.0
28411.684
28101.268
28248.551
27987.801
28189.617
28281.732
28478.75
28603.732
28671.416
29072.199
28954.018
29311.133
29677.084
29960.732
29391.816
29287.6
29631.482
30092.867
29958.018
30431.0
30571.084
30973.133
30747.617
30889.801
30759.482
30491.867
29761.883
28751.268
28197.217
27923.066
27624.617
27346.934
27127.551
27179.268
27021.551
26910.867
27150.617
27055.066
27044.084
27003.199
27325.084
27106.666
26984.551
26638.867
26652.084
26864.268
26398.283
26699.268
26574.949
26813.268
26789.75
26887.268
27010.551
27169.934
26816.217
26941.732
27319.217
27071.533
26585.15
26842.934
27216.416
27025.066
26681.283
26900.268
27157.816
26615.732
27011.816
26348.934
26684.084
26336.4
26129.15
26293.666
26158.75
26241.533
26010.816
25488.199
26168.883
26211.467
25889.217
25898.6
26093.617
25833.199
26222.883
25677.533
25843.35
25929.732
26031.217
26031.268
26195.816
25929.4
26056.949
26192.334
26427.617
25969.867
25561.084
25582.867
25860.416
25996.867
25699.35
25850.133
25721.018
25912.334
25665.617
25674.133
25708.617
25627.666
25265.816
24984.666
25644.15
25430.0
24935.551
24909.334
25328.217
24933.0
24920.482
25043.268
25303.551
25000.6
24065.416
24812.867
25249.617
24815.666
24792.018
24446.268
24723.018
24759.334
25052.482
24954.4
24870.949
24567.0
24621.949
24586.133
24017.684
23886.066
23356.684
23630.4
23170.217
23592.6
23107.75
23228.268
24467.416
24254.467
24188.084
24834.4
24668.018
24719.6
24253.084
24052.199
23924.084
23941.467
23702.084
23735.133
23831.018
23833.4
23415.35
23656.666
24334.018
23891.199
23352.949
23660.0
23942.816
23986.867
23678.15
23806.467
23926.35
23560.666
23284.883
22922.934
23359.684
22963.066
22831.75
22454.934
22446.816
22494.6
21848.35
21396.533
21297.551
19927.0
19208.551
18429.133
18620.617
18581.934
18650.684
18927.0
19665.816
20502.732
20985.018
21009.6
21248.416
21822.533
22307.018
22198.467
21855.15
22325.934
22216.217
22314.801
22315.217
21949.0
21612.084
21470.666
21922.283
21794.0
21394.416
22067.6
21946.283
22160.666
22247.35
22113.6
22229.617
22170.4
21943.35
22038.4
22145.482
22369.934
21880.684
21899.199
22290.883
22416.732
22268.283
22312.666
22441.883
22439.666
22290.416
21827.199
22291.617
22197.334
21903.883
21685.801
21964.15
22069.133
21891.551
21504.0
21710.883
21995.199
21426.084
22044.666
22187.883
22116.467
22562.283
22258.467
22391.15
22353.467
22135.482
22298.867
22192.084
22102.268
21790.949
21870.732
21916.018
21998.801
21843.617
21975.334
22161.35
22161.6
21869.416
21648.133
21945.018
21784.533
22007.617
21556.533
22091.084
21913.666
22091.217
22060.268
22193.883
22153.0
21636.217
21324.867
21939.018
21791.199
21973.084
21557.6
21520.15
21596.6
21466.283
21836.666
21573.416
21546.268
20990.883
21034.934
21155.75
21415.334
20541.551
20810.6
21036.75
21034.334
20803.617
20648.666
21087.949
21034.4
20769.75
20916.4
21010.75
21189.533
20473.482
20715.4
21189.35
21244.533
20858.084
20754.934
20869.617
21071.199
20676.283
20636.4
20792.883
20701.467
20196.816
20471.334
20500.217
20295.268
20258.816
20402.666
20097.684
20851.199
20184.949
20105.801
20185.482
20232.801
20129.816
19592.4
20095.551
20131.801
19811.949
19538.533
20021.949
19868.334
19806.018
19283.4
19850.217
19831.934
19738.15
19757.732
19432.35
19710.732
19547.482
19101.732
19402.35
19212.801
19219.551
18754.467
19172.217
19069.199
18469.217
18100.133
18870.883
18670.467
18494.15
18362.533
18642.084
18499.867
18188.551
18101.867
18744.084
18450.0
18263.949
18146.0
18632.617
18222.6
17998.617
17900.133
18518.283
18292.934
18052.684
18005.066
18191.35
17884.199
17540.684
17194.268
17659.15
17792.133
17701.084
17962.934
18090.949
17975.6
17384.217
18034.934
17799.551
17707.533
17669.018
17602.4
17522.482
17692.867
17212.684
17176.133
16569.75
15893.2
15181.816
14481.134
14099.55
13962.467
13921.95
13862.467
14781.15
15231.4
15442.483
15867.733
16176.15
16203.2
16323.55
16233.2
16384.217
15828.8
15851.083
15122.2
16157.616
16082.4
15847.217
15782.667
16197.884
16377.667
16547.75
16240.066
16656.084
16866.867
16475.084
16579.801
16928.15
16895.334
16933.283
17029.199
17184.816
17141.133
16942.883
16557.467
17459.217
17233.199
17181.75
16775.934
17470.684
17588.666
17358.949
17571.133
17564.617
17150.066
17293.283
16958.066
17532.35
17433.0
17290.617
17266.334
17265.018
17469.867
17053.75
17611.801
17585.217
17617.666
17555.883
17139.0
17832.75
17790.4
17396.883
17528.334
18195.816
17952.334
17665.084
18159.133
18377.617
18042.133
17799.551
17901.199
17577.416
17727.934
17229.283
17380.666
17684.617
17631.666
17612.551
18067.4
17723.018
17897.268
17243.084
17080.467
18022.283
17803.066
17655.949
17753.533
17613.883
17690.066
17810.883
17486.199
17552.217
17528.334
17458.75
17437.467
17637.949
17285.066
17382.883
17209.4
17577.217
17322.732
17469.949
17421.801
17842.018
17420.867
17453.084
17366.199
17607.617
17823.666
17832.816
17710.0
17659.283
17507.533
17364.883
17649.533
17785.084
17897.732
17871.684
17493.467
18090.75
17936.801
17928.816
17408.934
17953.617
17831.268
17667.684
17556.934
17635.684
17768.934
17913.416
17786.732
17887.35
17604.533
17698.883
17881.533
17608.217
17671.334
17582.217
17425.867
17572.883
17651.934
17435.551
17342.199
17464.084
17744.133
16808.416
17550.801
17567.416
17482.732
16816.482
17201.533
17514.949
17598.0
17438.482
17459.666
17416.217
17594.268
17288.018
17177.467
17588.816
17312.4
17388.283
17050.0
17300.617
17333.066
17034.75
16948.801
17245.617
16867.334
16853.883
16687.533
17023.684
16869.0
16567.883
16863.467
16866.084
16624.666
16782.217
16897.268
16689.283
16696.199
16461.949
16489.066
16758.949
16474.199
16625.217
16253.733
16322.884
16412.267
16293.95
16345.4
16198.217
16135.4
16064.483
16047.2
16293.417
16234.0
16181.616
15303.4
15604.483
15572.934
15386.217
14806.8
14800.95
14886.333
14539.483
13926.333
14501.217
14343.6
13519.884
13905.6
13839.417
13484.733
13617.684
13089.934
13220.55
13095.8
12789.816
12933.866
13177.816
13038.134
13237.75
12005.2
12785.816
12896.333
12397.017
12685.134
12906.684
12987.6
12720.017
13080.533
13285.616
13312.866
13472.684
13841.333
13820.884
13620.467
13715.283
13509.667
13494.483
13687.934
13696.884
13100.866
13593.55
13461.467
13136.283
12548.2
12944.15
12746.134
12447.75
12360.134
12225.483
12339.8
12167.95
11984.533
12382.083
12386.066
12247.283
12268.4
12365.884
12195.6
12124.684
12020.667
12442.483
12276.467
11937.75
12370.0
12718.55
12480.0
12225.616
12373.8
12320.75
12378.4
12308.017
12188.6
12292.616
12057.533
11498.15
12049.267
11914.217
12017.4
12134.616
11668.467
12173.616
12034.8
11309.483
11648.733
11867.55
11719.8
11776.55
12017.333
12126.616
12099.2
12278.283
12187.934
12329.55
12123.533
12130.55
11829.866
12095.283
12146.667
11812.616
11862.733
12129.017
12099.2
11826.35
12264.134
12333.083
12433.0
12010.283
12180.934
12325.55
12263.2
12469.884
11770.733
12274.35
12158.733
12360.35
11903.934
12588.616
12296.2
12474.083
12118.134
12617.417
12577.0
12262.15
12051.066
12304.95
12041.467
11970.816
12197.467
12124.483
11984.2
11635.217
11634.2
11902.616
12050.134
11899.417
12095.134
12040.616
11891.8
11645.417
11885.533
11952.017
11843.934
12124.884
11474.6
11779.283
12065.8
12023.417
11737.066
11791.083
11340.2
11068.35
11530.733
11434.15
11484.2
10699.616
11256.533
11540.684
11403.866
11116.55
11422.2
11648.283
11236.0
11396.483
11224.4
11467.616
11150.533
10853.55
10863.733
11199.35
11112.934
10728.884
10986.866
10977.95
11120.467
10945.35
11001.8
11068.017
10942.4
10740.417
10977.267
11116.55
11038.467
10884.15
11209.533
10942.616
11044.267
10949.684
10783.8
10964.417
10919.8
10754.95
10639.333
10703.35
10754.0
10479.884
10365.134
10861.75
10863.134
10549.417
10592.733
10839.616
10841.866
10416.083
10489.667
10707.083
10514.066
10268.083
10687.333
10643.616
10436.934
10672.684
10417.934
10502.684
10437.533
10174.483
9794.733
10515.684
10150.533
10388.884
10186.934
10298.75
10112.4
10051.884
9908.2
10279.283
10128.8
10010.15
9776.667
10027.816
10092.533
9872.55
9843.934
10119.417
10100.6
9587.35
9785.733
10051.75
10025.333
9331.15
9515.533
9932.616
9880.667
9763.35
9457.467
9986.483
9884.934
9794.55
9531.134
9718.55
9527.4
9398.017
9559.134
9728.35
9522.8
9352.95
9428.934
9857.75
9852.267
9630.083
9347.0
9451.616
9580.6
9428.55
9233.066
9561.083
9463.4
9423.816
9104.4
9321.95
9405.934
9381.35
9207.066
9400.55
9210.267
9600.35
8939.134
9382.217
9283.134
9082.417
8650.267
9358.15
9317.866
9340.283
8982.733
9118.884
8982.6
9093.483
9192.467
9475.95
8686.533
9007.483
8781.533
9058.483
8478.267
8071.883
7468.067
7254.15
6501.067
5702.883
5172.867
4584.683
3857.933
3487.75
2828.8
3144.55
3058.6
2781.15
2973.6
3848.35
4017.867
4012.683
4956.2
5477.283
5747.867
6056.15
5378.4
6133.817
5766.2
5603.283
5283.4
5088.417
5162.4
4884.083
4628.8
5015.95
5094.467
5063.817
4817.467
5587.483
5342.133
5370.283
5976.067
6030.35
6256.333
5904.417
6401.067
6565.617
6535.867
6544.483
6796.4
7062.617
7079.867
6628.95
6865.333
7396.15
7407.2
6975.617
7496.0
7722.55
7871.333
7767.617
7763.067
8239.017
8215.733
7623.417
7711.933
8415.082999999999
8498.4
8314.75
8040.667
8552.417000000001
8378.533
8191.883
8161.200000000001
8660.95
8436.733
7590.017
8428.8
8595.35
8678.332999999999
8355.15
8129.8
8636.083
8567.6
8392.417
8276.2
8396.35
8532.134
8096.0830000000005
7954.134
8859.617
8454.733
8256.817
8299.4
8611.75
8494.332999999999
8347.95
8327.8
8547.816
8482.6
8326.017
8293.333
8588.816
8598.733
8421.15
8325.733
8648.684
8548.2
7998.483
8222.667
8533.684
8435.866
8082.817
8016.0
8417.617
8279.6
8335.417000000001
8074.933
8359.017
8499.067
8203.15
7712.533
8505.55
8399.667000000001
8385.817
8220.332999999999
8685.15
8440.533
8259.217
8030.0
8508.683
8315.6
7866.217
7729.0
8355.15
8294.733
8313.35
7702.867
8406.55
8261.267
8128.217
8200.733
8413.15
8342.733
8164.083
8085.4
8599.55
8421.8
7570.883
7924.6
8471.283
8286.467
8237.817
8092.333
8475.55
8353.467
7920.55
7747.933
8317.817
8149.133
8138.083
7986.2
8342.217
8318.067
8143.283
7685.467
8371.617
8312.467
7926.15
7606.333
8193.082999999999
8333.933
8054.017
7964.0
8315.817
7942.267
7894.683
8028.667
8026.483
7944.267
7819.617
7635.733
8211.017
8045.2
7675.483
7605.733
8050.55
8208.467
7501.75
7589.2
8071.883
7981.2
7997.883
7798.667
7991.817
7925.867
7826.017
7541.067
8167.55
7947.267
7668.15
7646.0
8008.683
7910.667
7734.417
7261.333
7896.483
7842.333
7732.217
7181.467
7957.617
7791.6
7303.817
7690.867
7804.483
7686.133
7299.15
7406.067
7566.017
7690.533
7432.817
7395.533
7681.15
7474.067
7458.083
7221.8
7527.283
7577.0
7086.417
7057.8
7523.817
7504.733
7228.017
7151.8
7216.483
7391.067
6957.417
7113.067
7155.417
7210.933
7059.55
6841.2
7417.683
7226.4
6881.15
6534.067
7109.683
7294.333
7076.017
6793.8
7111.15
7083.333
6381.217
6795.267
7242.75
6859.867
6720.483
6772.733
7008.95
7039.0
6669.15
6504.733
6929.683
7021.933
6865.75
6763.867
7065.75
6877.533
6609.883
6336.267
6961.55
6770.467
7032.55
6482.4
6978.35
6924.067
6412.083
6477.733
6942.017
6793.867
6607.617
6662.0
6918.35
6846.8
6445.683
6380.933
6994.683
6739.467
6598.217
6600.6
6879.883
6727.6
6305.883
6196.133
6567.617
6508.4
6004.55
6140.867
6633.55
6475.067
6628.75
6283.4
6650.483
6501.6
6723.017
6326.2
6562.55
6478.267
6113.15
6089.0
6554.617
6427.067
5979.283
5447.8
6402.083
6430.533
5966.417
6160.333
6412.95
6214.733
6032.55
5993.333
6356.75
6173.867
5988.817
5652.133
6251.95
6298.467
5565.883
5711.867
6295.617
6076.933
5823.417
5604.067
6212.883
6161.933
6110.017
5669.467
6245.617
6149.667
6109.483
5988.867
6185.017
6039.0
4811.817
5317.467
6081.817
6160.467
5771.283
5502.533
6015.55
6170.533
5504.95
5512.0
5947.75
5912.467
5447.483
5468.733
5963.683
5934.867
5274.55
5281.467
5832.75
5775.6
5520.483
5519.667
5741.883
5679.267
5237.35
5652.467
5763.817
5760.4
5252.617
5471.067
5859.083
5636.933
5180.683
5099.333
5671.483
5689.8
5527.35
4983.133
5764.483
5630.267
4974.35
5063.8
