262.633
63.016999999999996
-144.9
143.883
444.9
126.35
202.767
230.017
229.633
257.617
114.56700000000001
-166.11700000000002
206.1
206.28300000000002
23.367000000000004
-37.583
341.967
-9.183000000000007
57.433
361.883
415.967
178.017
460.1
145.017
272.16700000000003
197.817
222.5
-125.65
199.36700000000002
196.883
316.1
15.816999999999993
278.433
190.15
234.567
16.150000000000006
549.033
459.017
86.967
-61.45
236.63299999999998
125.95
-12.900000000000006
182.21699999999998
188.9
224.817
138.96699999999998
226.15
213.1
242.35
-49.632999999999996
35.083
606.567
278.283
-14.233000000000004
-254.71699999999998
426.367
435.017
26.233000000000004
34.349999999999994
375.767
429.75
374.7
226.15
409.433
358.283
146.233
318.483
386.7
387.617
318.16700000000003
-143.65
442.9
283.217
28.700000000000003
74.417
374.567
177.28300000000002
133.7
63.150000000000006
290.967
486.883
203.433
57.283
230.1
341.817
32.099999999999994
1.5499999999999972
234.9
198.15
493.233
0.8829999999999956
173.7
206.817
340.633
-68.85
192.63299999999998
240.21699999999998
187.767
88.417
407.767
355.95
-237.767
20.150000000000006
396.5
295.55
218.7
201.55
459.9
286.15
-3.433000000000007
268.683
101.967
317.95
241.233
275.75
400.233
281.283
543.167
-235.38299999999998
324.5
366.55
100.767
360.883
382.967
454.75
247.633
92.283
344.567
237.35
-67.3
111.017
323.5
301.41700000000003
129.63299999999998
-4.183000000000007
411.3
437.95
51.033
-245.45
345.633
313.283
82.567
132.483
262.9
414.883
327.16700000000003
32.882999999999996
289.3
320.15
-289.367
-153.317
294.633
207.683
160.36700000000002
-12.983000000000004
334.3
266.15
43.367000000000004
212.083
409.83299999999997
287.883
242.7
-113.85
444.9
403.683
427.5
148.15
492.767
270.617
154.233
331.217
400.633
77.683
368.367
-168.917
132.9
226.75
5.367000000000004
359.617
580.367
415.15
154.433
-86.383
495.633
145.88299999999998
449.633
20.217
385.967
351.283
308.633
379.08299999999997
519.9
339.217
419.367
302.08299999999997
324.5
222.483
375.5
-355.783
382.7
347.283
171.167
135.083
131.1
315.35
463.3
175.683
240.96699999999998
300.41700000000003
110.633
-212.11700000000002
273.3
381.817
454.567
190.483
377.967
299.817
36.833
-323.717
436.1
237.417
-64.833
17.617000000000004
252.633
188.75
-1007.367
-97.85
120.767
273.283
234.767
-66.983
556.1
398.883
259.567
49.617
248.433
221.083
-124.633
426.75
521.5
273.95
-194.233
18.549999999999997
304.767
314.483
-123.7
342.217
369.5
254.21699999999998
394.767
338.217
321.16700000000003
407.95
229.233
172.017
362.83299999999997
248.88299999999998
399.567
23.217
394.16700000000003
428.55
322.633
-77.983
224.5
312.55
78.3
-283.65
375.83299999999997
341.017
250.767
-129.71699999999998
341.367
337.35
215.567
79.883
344.033
353.95
-156.7
205.21699999999998
330.233
69.817
-148.9
156.683
252.233
202.417
311.7
162.15
251.3
514.817
93.1
170.61700000000002
374.7
528.417
384.16700000000003
169.483
225.167
273.35
95.3
489.683
347.433
202.817
-156.5
100.35
207.96699999999998
293.017
259.7
-6.183000000000007
537.433
552.483
33.167
287.817
373.367
339.883
227.9
89.417
328.16700000000003
383.35
78.967
119.95
290.367
320.817
179.03300000000002
294.683
479.767
433.95
400.367
106.75
561.767
180.15
384.433
-137.25
365.767
173.15
-91.567
288.017
334.83299999999997
202.683
543.967
382.617
380.3
274.217
636.1
90.017
382.9
302.35
-33.099999999999994
272.15
637.7
417.017
550.1
-40.78299999999999
450.7
361.55
387.1
196.55
349.433
528.217
-50.43299999999999
232.817
604.233
331.017
138.033
173.883
355.63300000000004
359.817
519.233
177.017
648.1
550.75
693.1
440.283
683.633
507.017
231.1
335.08299999999997
381.367
607.017
770.633
193.55
710.967
581.283
532.633
669.283
594.5
496.083
338.5
629.283
486.7
749.55
105.43299999999999
283.15
555.633
528.883
555.9
389.35
869.5
537.617
702.3
530.95
674.1669999999999
644.35
657.1
293.617
1000.967
460.017
549.567
482.817
840.5
515.483
694.433
583.483
582.8330000000001
851.4169999999999
754.567
651.75
597.1669999999999
851.4169999999999
612.9
427.55
919.7
718.35
609.767
552.15
546.8330000000001
643.35
766.767
640.217
864.433
750.95
542.767
493.817
654.433
752.55
650.7
531.15
879.033
450.817
716.1
452.35
658.233
547.083
715.167
819.883
696.633
444.88300000000004
747.233
935.35
425.1
847.35
693.233
732.95
753.433
731.683
580.833
934.817
1116.433
633.817
655.433
1241.75
871.833
1089.617
470.23299999999995
643.417
1126.967
949.283
1079.433
1166.55
693.167
656.75
781.767
739.883
1302.633
1115.817
581.633
1059.217
954.7
1182.15
1194.1
1030.417
944.767
1288.883
572.167
844.483
963.233
1133.15
1447.167
1395.217
1324.7
1274.083
1076.3
1181.483
1210.567
1108.283
733.1669999999999
956.617
1301.433
1110.417
1379.7
945.483
1433.767
1328.35
1426.567
1243.617
1407.1
1327.15
925.0999999999999
1380.417
1251.233
1150.417
1082.3
1226.283
1204.3
1332.083
1234.9
1014.55
1341.3
1112.883
1089.433
952.95
1424.633
1320.417
1267.233
1338.95
1443.833
1199.617
1182.433
1086.417
1332.3
1368.683
1248.7
1007.2170000000001
1490.833
1237.417
1272.367
1250.95
1408.033
1298.883
790.3
1234.617
1294.633
1356.55
1392.767
1567.083
1709.5
1494.417
1533.3
1508.35
1635.233
1704.95
1545.233
1622.15
1609.1
1621.15
1787.233
1648.017
2018.7
1501.283
1074.833
1331.55
1541.3
1839.417
1553.233
1659.017
1997.9
1813.017
1726.433
1646.817
1893.567
1916.617
1964.633
1694.95
2048.5
1734.483
1634.833
1529.95
1574.833
1497.817
1812.833
1166.283
1564.167
1676.483
1922.167
1547.75
1869.967
1759.217
1960.633
1771.617
1835.367
1925.35
1885.767
1806.017
2111.167
1681.417
2210.033
1953.483
1996.633
1906.083
1807.1
1991.017
2253.167
1621.017
1736.5
2025.55
2273.167
1998.35
2069.9
1839.75
1895.833
1787.15
1874.567
2011.35
1959.433
2265.883
2529.233
1824.283
2403.167
2375.417
2246.367
2159.683
2229.567
2090.75
2045.233
2340.35
2282.3
2083.95
1869.1
2015.483
1935.9
1902.283
2239.567
2112.217
2276.5
2471.817
2296.767
2435.217
2639.5
2391.35
2694.433
2535.883
2868.567
2623.883
2456.633
2692.35
2707.967
2607.083
2433.767
2565.217
2394.367
2480.017
2354.033
2533.35
2497.3
2310.217
1965.833
2238.883
2176.633
2206.417
2028.033
1969.483
2229.1
1993.083
1927.3
1631.883
2249.233
1801.883
2140.433
2144.283
2335.433
2808.483
2592.367
2863.617
2718.233
2885.617
3039.767
2644.417
2837.567
2785.683
2503.5
2435.75
2699.833
2566.35
2835.367
2386.817
2639.567
2702.483
2673.7
2844.15
2791.967
2830.283
2984.967
2938.35
2991.967
2989.817
2879.633
2612.55
2957.167
2994.55
2840.967
3088.283
3172.7
3035.817
2914.767
2634.683
3152.367
3022.683
3330.967
3601.683
3667.633
4041.217
4020.833
3862.15
3810.167
3728.283
3853.567
3426.55
4003.3
3693.883
3846.7
3752.75
3996.967
3500.417
3650.7
3813.35
3652.1
3706.15
3482.367
3207.15
3789.967
3895.217
3759.633
3933.017
4091.233
4074.417
3981.9
3731.417
4072.433
4014.683
3510.9
3711.75
3677.167
3920.083
3781.367
4019.417
4190.967000000001
3932.15
3813.233
3283.35
3578.767
3675.15
3722.7
3445.483
3873.167
3538.35
3568.567
3364.95
3305.233
3254.683
3180.167
3244.017
3275.1
3387.217
3177.767
3298.283
3075.033
3243.283
3363.767
3459.35
3747.833
3893.483
4017.367
4155.55
3978.167
4060.817
3630.633
4135.95
3935.633
3925.483
4455.967000000001
4134.283
4843.433
4837.083
4753.967
4938.883
5535.967
5019.883
5161.033
4649.683
4811.633
4715.35
4338.833
4090.55
4161.7
4010.283
3812.3
3924.617
4410.7
4033.4170000000004
4296.3
4341.283
4824.167
4785.483
4949.567
4687.15
4526.833
4403.15
4040.033
3916.617
3998.9
3591.15
3460.967
3339.883
3416.7
3349.083
2768.367
3114.817
3107.1
2788.55
2457.167
3221.483
3263.033
3393.617
3671.167
3370.883
4183.3
4427.95
4515.767
4333.417
4430.167
4224.483
3865.9
4001.417
3918.433
4119.817
4078.5
3912.683
4483.032999999999
4147.883
4306.767
4208.217000000001
4362.1669999999995
4311.617
4224.8330000000005
3693.683
4269.633
4150.083
4307.967000000001
4212.95
4129.3
4169.55
4198.767
4197.883
4887.767
4907.617
4891.367
5137.083
5297.5
5393.35
5341.033
5179.217
5526.967
5268.883
5681.5
5260.15
5707.967
6125.15
5457.3
5703.35
5779.7
5563.417
5540.433
4836.083
4745.033
4188.35
3982.3
3087.017
2943.967
2469.283
2293.7
2298.017
2823.233
3090.417
3419.967
3897.483
4224.233
4431.017
4710.967
5142.483
5425.433
5822.55
5687.9
5671.417
5839.833
5292.55
5183.3
4894.683
4551.367
3800.483
3519.967
3223.75
3200.633
3547.95
3715.367
4225.75
5064.1
5294.95
5505.633
6339.283
6586.433
6695.55
7049.567
6792.15
7485.233
7506.283
7917.633
7631.95
7572.767
7985.683
7756.167
7801.15
7947.3
7785.75
8019.167
7836.55
8473.433
8269.483
8382.1
8142.75
8655.5
8511.417
8342.233
8400.083
8946.767
8716.083
8663.9
8428.616
8592.967
8163.75
8224.167000000001
8405.283
8476.7
8897.417
8630.5
8754.75
8780.833
8492.884
8247.1
7991.549999999999
8217.3
8459.684
8650.567
8539.283
8538.033
8524.684
8504.434
8340.55
8295.7
8247.35
8103.5
8200.817
8618.967
8383.417000000001
8584.833
8270.617
8416.433
8630.083
8422.567
8796.684
8937.1
8889.15
9026.7
9120.083
9191.7
9530.35
9765.1
9567.283
9493.634
9440.283
8804.9
8294.017
8462.1
8400.55
8357.567
8236.883
8538.233
8779.75
8894.3
9511.283
9437.033
10020.95
9926.5
9982.017
9982.767
10374.816
9718.167
9869.35
10293.967
9834.217
9885.3
10085.217
10026.434
9849.816
10445.033
9934.483
10265.167
10206.083
10125.967
9846.283
10115.7
9967.884
10010.967
9426.217
10068.833
9903.083
9870.634
9490.884
9859.167
10212.35
10406.9
10047.083
10325.033
10389.684
10213.167
10240.083
10122.434
9170.616
9609.833
9638.217
9759.9
9269.217
9875.434
9693.35
9739.967
9500.417
9477.233
9779.083
9926.634
9851.55
9960.366
9704.283
9482.833
9470.15
8887.833
9153.884
9840.767
9600.684
9725.9
10063.15
10410.767
10435.55
10659.233
10266.95
10407.967
10514.616
10478.167
10066.684
9874.233
9388.55
9592.767
8858.95
9506.833
9719.017
9399.634
9361.283
10157.1
10112.483
9590.1
9630.15
10443.833
10612.017
10317.7
10129.417
10250.233
10332.217
10067.7
9999.816
10229.167
10030.217
10291.033
10561.483
10289.366
10508.083
10771.767
9916.017
10197.7
10052.283
9687.634
9962.017
9248.233
9554.017
9520.1
10456.15
10379.566
10209.283
10226.967
9761.283
10067.7
10008.35
10368.7
10010.083
9780.1
9292.017
9142.9
8842.15
8450.233
8386.684
7815.233
7703.617
7710.833
7683.75
8160.167
8571.75
9421.767
10000.217
11089.566
11186.95
12158.967
11380.95
10883.9
11283.95
11176.566
11006.283
11736.767
11810.884
12030.233
11861.217
11786.566
11160.417
10748.033
10418.217
10660.566
10565.816
11809.7
11234.35
11860.967
11912.75
12188.434
12238.616
11875.9
12589.884
12749.9
13336.283
13211.566
13334.616
13582.033
13911.55
12919.967
13166.75
12540.833
12848.283
12841.1
13232.35
12698.5
12508.884
12058.7
11877.55
12138.5
11854.083
10990.5
11820.017
11711.566
12447.55
12606.767
12645.017
13515.366
13171.35
12807.833
13103.083
13173.566
12923.35
12891.967
13052.35
13462.833
13902.083
13973.7
13607.483
13746.634
15289.017
14071.167
14169.684
14391.366
13806.816
14338.7
14304.283
14931.833
14388.35
13855.566
14161.083
14406.167
14250.15
13789.9
13674.816
14755.3
15197.083
14813.7
14189.15
14547.967
14345.35
14206.1
13378.15
14288.1
14155.417
13771.1
13164.417
13721.5
13991.017
13958.7
13573.55
14557.7
14599.816
14336.7
14715.483
14876.833
15563.884
14897.967
14686.15
15276.1
14848.417
15116.1
14296.483
14645.366
15324.684
14887.967
15014.616
15089.434
14680.483
14858.9
15272.684
15906.967
15609.017
15619.9
15783.884
15585.833
16007.884
16463.233
16041.417
16012.233
15590.35
15621.366
15110.55
15551.233
15195.95
15517.767
14863.217
14508.233
14727.15
14623.7
14332.217
14944.833
14475.283
14576.7
14688.95
14660.167
14725.816
14565.167
15127.417
15609.033
15910.083
15103.767
15187.483
15234.434
14707.816
15516.1
15135.884
15653.566
15702.217
16036.967
16009.483
16180.3
16436.483
15878.5
15423.217
17020.434
16420.283
16310.033
16559.482
16815.1
15661.816
16361.1
15629.884
16602.833
16308.55
15646.366
16171.15
16637.566
16311.884
16439.833
17344.816
16813.768
16239.75
16060.9
15853.816
15739.7
16265.217
16902.566
16801.15
17447.033
17570.15
17957.033
17496.018
17540.367
17910.883
17643.699
17642.883
17640.834
17749.75
18143.434
17786.018
18498.834
18260.684
18365.434
18796.482
18667.834
18613.084
18145.367
18266.75
18557.834
18141.416
18034.232
17866.018
18493.9
18248.816
19206.367
18474.883
18101.967
18604.416
18711.301
19343.018
19450.566
19545.949
18989.1
19253.883
18742.768
18934.883
18666.232
19037.084
19259.1
21008.617
19394.434
20239.15
20564.967
20726.75
20205.834
21474.949
20929.301
21218.217
21909.434
22613.883
21471.633
21992.084
21468.232
21686.883
23328.967
21851.816
21998.699
21193.482
21170.566
21314.018
21923.9
21786.482
22259.9
22996.283
22433.434
23209.617
23843.166
24495.75
24533.566
24676.883
25446.967
26109.75
25446.5
24153.217
24993.166
25140.084
24439.033
24971.084
25543.834
25591.15
25421.834
25898.416
26477.1
25801.416
27202.768
27861.949
27493.434
26896.416
28020.232
27818.883
27861.434
27554.15
27935.5
28064.816
27827.5
27910.551
27485.967
27764.283
28690.232
29366.684
29750.566
30091.617
31428.232
31634.35
31096.367
31759.416
31800.9
31508.217
31547.768
30577.551
31565.033
30783.283
30698.9
32320.684
32841.699
33151.418
33188.035
33372.215
34171.699
33274.148
33529.699
32937.617
33242.102
33555.484
32963.234
33715.484
34384.5
34756.082
34869.965
35077.148
35504.102
35488.75
34885.234
35208.148
34999.234
35140.949
34534.367
35066.75
35200.5
35341.215
35752.566
35256.617
35159.102
35304.418
35412.5
35487.551
35534.434
35864.949
35565.5
35727.949
35959.035
35774.082
34662.633
34141.484
32513.633
31190.15
30262.434
29904.084
29832.566
30299.816
30217.434
31545.084
33114.898
33663.883
34263.102
34369.215
34661.434
35640.418
36540.035
36121.082
36817.5
36852.215
36515.566
35700.352
35464.633
35733.148
36281.301
36529.684
37011.633
37672.75
38491.5
39018.352
39171.035
39233.484
38443.965
38340.816
37896.832
38172.684
38218.699
38227.352
38217.367
37490.418
37092.168
36909.215
36338.234
36416.551
36749.5
36475.684
37896.965
38141.617
38440.832
39153.816
39306.035
38463.418
38630.5
38260.285
38327.367
38636.148
39016.168
39438.949
40439.633
40296.215
40872.832
40367.082
40394.5
39905.617
39212.301
39397.484
39310.699
39477.551
39252.766
39506.215
40077.633
40374.352
39915.035
40058.016
41058.102
40541.418
40928.5
40154.684
40791.832
40261.082
39383.234
38872.816
38475.168
38399.816
38668.699
38972.285
39340.699
40487.617
40135.699
41015.75
40520.5
40515.883
40378.633
39837.684
39543.898
39154.684
38448.301
38650.484
38620.301
38404.148
38618.766
38622.949
38319.766
38484.016
38332.367
38421.418
38952.633
39336.551
39290.566
39809.016
40539.566
40753.215
40677.102
41052.617
40810.035
40725.883
39976.102
39557.551
39036.965
39344.551
39752.035
39449.617
40272.633
40620.418
41198.234
41434.949
41465.566
41382.75
42188.699
42554.285
43132.035
43169.215
42864.301
42622.684
42413.566
42384.352
41728.699
41472.285
41598.566
41609.285
41268.367
41185.684
40257.898
40850.883
40452.766
40892.617
40775.102
41676.082
42144.965
42803.082
43141.234
43513.949
42528.566
42617.215
42047.566
42082.148
42475.633
42061.551
42112.434
41683.75
42066.633
42430.883
42434.102
42657.684
42697.766
43207.684
43650.766
44438.551
43605.566
43483.285
42827.301
42818.285
42057.434
42043.617
41959.434
41686.418
42336.5
42428.949
40658.965
41881.949
41768.898
41385.016
41628.633
41343.082
41202.5
41496.617
42043.168
42369.016
42344.566
42261.352
42447.434
43195.484
43234.699
43524.285
43256.5
42699.352
41382.234
39785.75
39017.633
37487.285
35868.566
35360.883
36050.766
37074.883
39412.566
40015.082
39389.965
39475.617
39693.766
39147.215
39555.766
38971.617
38547.566
39445.418
40649.965
41614.082
41463.301
41930.215
42100.5
42583.418
43387.566
42944.551
42809.367
42842.551
42040.168
42545.484
43043.367
43047.082
42824.699
43752.352
44109.766
44106.215
44137.965
43476.215
43324.168
42971.285
43214.699
42925.285
42202.434
42012.484
41480.234
42505.016
43313.102
44006.148
43742.234
44393.082
45315.301
45634.484
45067.566
44629.418
45035.699
44418.816
44305.832
43636.816
44338.434
44848.484
44340.367
44073.75
43692.965
42591.816
41910.898
40346.484
39194.434
38804.016
38892.5
39284.617
39806.434
41036.082
41251.766
42585.816
42882.434
42893.148
43562.832
43747.617
44220.965
44429.816
44537.832
45070.082
45881.5
45225.352
44842.367
44037.617
43917.035
43758.484
43612.168
43662.418
43663.965
44339.016
45394.367
45400.617
45444.566
45425.148
45318.234
45037.684
45035.234
45089.75
43904.5
43355.016
42943.301
42336.484
41475.566
40937.816
41383.5
41632.617
42095.168
42485.684
43198.035
43290.082
43061.367
42893.551
43084.102
42755.285
42374.102
42452.418
42867.102
43448.082
43624.434
43679.617
44138.168
44702.148
44642.102
44721.285
44473.965
44271.617
43621.168
42910.75
42561.434
41687.484
40620.035
41960.684
41840.5
42156.148
42361.434
42940.75
43100.5
43474.617
42901.301
43066.215
43358.367
42938.215
42736.699
42527.883
42483.699
42138.285
41419.035
40981.285
41079.035
41178.75
40739.633
40051.883
40351.102
40226.684
39960.168
39897.684
40183.766
40495.082
40744.898
41190.684
41347.633
41797.352
41482.965
41350.684
41779.367
41738.215
40558.168
41254.883
40837.633
40917.75
41118.301
40500.082
40588.301
41448.016
41618.832
42031.949
41883.566
42049.551
41954.102
41698.484
42134.766
41607.285
41108.102
41001.285
41315.832
41800.551
41959.5
41253.016
41421.699
41270.75
40845.766
41094.551
41310.301
41206.75
40931.766
41065.285
40800.566
41041.75
40463.965
40151.352
40114.5
40051.016
40273.168
39815.75
40742.832
40908.148
41427.5
40783.352
40996.566
41040.215
41285.832
41128.949
40875.766
41045.484
41036.699
40816.148
40807.5
40854.684
40530.367
39982.352
40453.633
40558.285
40722.898
40676.75
40794.301
40836.75
40724.434
41146.148
41176.5
41440.285
40591.566
40142.418
40384.832
39867.684
39891.832
39726.285
40220.035
40725.949
40565.102
40416.816
40724.434
40650.215
40907.434
40794.883
40893.5
41223.285
40971.102
40929.75
41200.699
41182.883
41103.965
40959.684
40253.367
40481.883
39645.832
39905.617
39939.5
39902.418
39498.367
39673.016
39659.566
39577.949
39640.301
39996.617
39644.5
40184.484
40007.234
39902.484
39436.965
38996.285
38646.699
38804.75
38421.102
38437.148
38076.168
38698.215
38861.102
38965.418
38771.168
38370.484
39471.035
39675.082
39951.898
40023.75
40549.766
40760.684
40126.102
39915.617
39770.367
39709.352
38921.832
39074.551
39253.367
39301.352
39605.832
39530.684
39973.234
39923.617
40030.633
39825.148
40070.898
39774.551
39454.566
38934.75
39546.102
39639.215
38834.5
39680.949
39339.566
39641.148
39842.633
39403.285
39606.035
39279.949
38465.832
38009.215
38485.367
38267.418
37929.301
38386.082
38407.832
39373.082
39115.898
39775.082
39986.102
39655.816
39556.102
39947.883
40225.434
39736.285
39223.633
39038.082
38983.898
38459.883
38360.633
38253.684
38872.832
38924.551
38869.699
38759.082
39433.367
39477.617
39089.898
38839.418
38808.434
38419.418
37765.898
37294.418
37380.102
37330.418
36968.633
37284.617
37636.168
38180.551
38482.766
38540.949
38844.434
39010.551
39453.965
39322.551
39493.898
39243.551
39104.898
39649.082
39050.566
39476.285
39195.633
38692.883
39306.566
39168.352
39356.367
38991.016
38837.434
38787.617
38781.566
38193.684
38346.832
38087.082
37872.301
38214.75
37868.832
37655.418
37639.102
37529.148
38290.301
38520.816
37739.766
37871.484
38478.367
38364.215
38282.434
38743.617
38240.965
37938.949
37842.965
37077.082
37573.434
36746.285
36970.434
36809.082
36777.035
37349.148
37121.965
37458.418
37328.699
37203.016
37592.367
37531.285
37840.832
37735.883
37296.766
37335.016
37546.832
37687.75
36889.367
37204.617
37382.766
37406.016
36807.102
37274.418
37918.434
37509.082
37264.832
38075.816
38132.5
37990.215
37666.168
37280.883
37830.5
37380.352
37556.367
37543.883
37273.699
37399.617
37307.766
37098.215
37462.766
37198.816
36464.234
36718.816
36966.699
36769.352
36158.301
36152.285
35915.5
35784.617
35586.965
35141.215
35792.832
35839.082
35453.102
36343.75
36249.965
36517.215
36453.898
36136.551
36672.566
36470.949
36097.766
35622.617
36122.301
36248.418
35502.633
34755.285
34081.367
33382.215
32821.434
32212.816
31866.699
31278.883
30823.5
31956.949
32500.166
32554.883
33109.168
33771.215
34926.102
34613.883
35043.766
34863.148
34866.633
35045.352
34565.434
34475.285
34589.301
34558.016
34169.301
34304.617
34399.566
34616.148
34402.832
34077.949
34521.965
34239.883
34322.5
34106.883
34530.965
34457.684
34119.168
34668.551
34497.5
34352.816
33965.699
33693.484
33798.367
33630.082
33619.102
33750.148
33594.699
33912.684
33991.234
33728.75
33956.168
34454.484
34129.566
33860.617
34153.965
34264.551
34160.102
34251.816
34214.434
33766.617
33565.434
33483.75
33708.566
33578.082
32887.5
33236.418
33160.965
33397.883
33227.566
33029.949
33177.301
33257.684
33587.965
33108.215
33348.434
33593.883
32989.5
33323.484
33267.566
33194.816
32663.834
32800.75
32694.1
32753.883
32787.566
32701.15
32645.5
32588.217
32033.434
32333.482
32153.967
32406.684
31930.768
32285.217
32881.768
32525.816
32909.5
32934.352
32835.032999999996
33182.148
32993.566
33015.215
33023.633
32910.148
33145.434
32944.684
33130.967000000004
32793.35
33069.367
32812.082
33251.032999999996
32673.816
32770.301
32502.416
32750.768
32842.482
32408.232
32282.482
32361.5
32393.084
32348.699
32432.018
32501.434
32579.482
32557.768
32509.617
32428.033
32069.217
31661.232
31565.018
31777.967
31310.883
30974.367
31099.018
31547.633
31488.217
31008.301
31043.883
31458.166
31212.018
30933.699
30642.684
30960.5
30758.816
30373.166
29926.816
30236.967
30348.684
30307.367
30598.816
30479.033
30495.15
29944.834
30140.75
29758.1
29665.084
28911.166
28771.018
28859.367
28403.75
28392.033
27766.018
28142.367
27823.15
27253.768
26527.883
26399.367
26500.283
26409.5
25799.816
26062.9
25987.416
26223.301
26320.283
26840.033
27208.15
27980.033
28709.217
28805.1
28968.217
28967.166
29242.084
29079.434
28678.949
28811.967
28529.617
28827.1
28577.816
28884.166
28967.551
29277.1
29205.482
29393.633
29303.35
29709.1
29590.283
29317.834
29597.617
29933.033
29682.018
29415.232
29176.283
29534.166
29401.018
29174.834
29076.551
29229.232
29251.15
29603.434
28830.684
29349.232
29374.217
29395.768
29211.684
29472.699
29267.617
28869.633
28879.084
29013.434
29150.684
28513.633
28382.684
28603.834
28330.551
28307.967
28469.35
28604.5
28293.816
28205.232
27927.084
27898.434
27940.35
28046.434
27951.617
27933.9
27908.018
27890.768
27823.35
27676.367
27640.416
27504.166
26941.551
27355.834
26910.018
27043.434
27009.217
27166.566
26890.416
27081.9
27016.949
27059.033
27375.816
27140.301
27447.15
27336.367
27498.883
27306.033
26845.018
26996.166
26793.35
26659.5
26873.482
26742.1
26728.883
26748.367
26650.684
27019.834
27535.617
27070.699
27596.416
27677.9
27434.084
27617.5
27320.35
27573.232
27627.416
27785.5
27958.816
28076.367
28407.084
28327.232
28630.084
28986.301
29246.482
28720.033
28612.949
28968.566
29477.416
29219.301
29694.283
29875.301
30272.551
30055.367
30152.684
30097.9
29833.551
29098.5
28111.551
27617.967
27275.75
26988.768
26768.684
26507.232
26524.084
26416.9
26278.75
26543.633
26414.084
26433.301
26398.15
26786.5
26505.883
26380.232
26073.283
26043.633
26236.217
25799.768
26097.217
25997.1
26194.084
26207.367
26303.35
26351.967
26568.018
26181.566
26370.949
26706.434
26463.883
25895.434
26251.816
26632.232
26427.35
26039.768
26347.084
26626.033
26023.883
26439.9
25765.551
26098.1
25783.617
25559.699
25691.084
25552.834
25652.217
25404.232
24899.75
25583.699
25650.684
25320.9
25328.684
25500.232
25315.482
25614.967
25082.084
25295.834
25335.018
25476.5
25482.482
25607.367
25336.15
25460.5
25564.617
25841.967
25417.75
25006.367
25028.617
25272.699
25455.684
25149.434
25245.084
25174.566
25330.283
25111.1
25071.551
25155.434
25115.551
24706.566
24456.482
25080.967
24820.416
24392.967
24320.416
24766.1
24359.816
24369.967
24439.018
24714.566
24399.75
23455.434
24197.816
24627.033
24221.217
24221.834
23842.551
24131.633
24172.084
24396.033
24384.416
24277.301
23942.684
24034.9
24049.018
23516.967
23332.684
22813.5
23080.15
22633.232
23022.283
22556.9
22663.75
23905.232
23673.15
23635.768
24282.482
24080.566
24164.35
23723.9
23512.482
23337.301
23392.482
23136.9
23172.283
23277.367
23321.018
22908.367
23142.617
23747.1
23304.15
22793.5
23120.949
23424.1
23475.283
23138.768
23277.617
23401.768
23039.684
22734.633
22383.684
22813.834
22360.15
22303.033
21901.551
21929.5
21967.883
21358.033
20911.35
20782.566
19459.018
18765.367
17965.617
18163.5
18132.15
18198.566
18408.217
19164.434
20019.949
20457.768
20520.482
20722.166
21323.018
21817.1
21681.217
21363.1
21837.617
21726.434
21806.551
21830.768
21418.883
21136.1
21008.018
21437.5
21276.35
20899.166
21584.416
21453.566
21647.551
21733.768
21622.883
21761.367
21719.018
21479.699
21573.883
21688.166
21872.883
21418.301
21445.949
21791.633
21895.617
21747.768
21822.551
21957.033
21983.949
21809.301
21319.551
21791.5
21720.684
21449.768
21218.084
21449.699
21606.684
21411.166
21000.684
21208.166
21582.949
20918.9
21581.416
21707.1
21621.283
22090.967
21799.283
21867.9
21873.816
21639.301
21789.217
21736.768
21675.816
21351.367
21397.084
21448.232
21489.816
21388.367
21472.949
21674.033
21692.084
21374.9
21156.617
21494.834
21369.551
21538.5
21130.949
21621.566
21434.018
21638.9
21612.883
21717.633
21643.617
21175.166
20873.217
21488.9
21321.75
21508.633
21098.75
21023.232
21131.949
20998.967
21373.75
21136.1
21080.883
20574.367
20568.949
20672.5
20976.816
20044.232
20370.482
20606.633
20590.15
20363.434
20207.084
20641.1
20593.084
20348.9
20450.15
20527.633
20739.283
20037.967
20273.482
20749.967
20764.816
20432.166
20283.416
20374.301
20578.551
20191.633
20205.416
20347.9
20270.084
19713.967
20006.684
20051.967
19865.75
19853.301
19956.482
19692.033
20350.75
19791.232
19656.75
19764.566
19824.283
19711.5
19141.949
19643.5
19649.883
19399.633
19147.416
19628.367
19476.35
19374.566
18843.15
19446.301
19380.217
19329.301
19347.883
19024.967
19289.617
19150.166
18687.482
19014.9
18780.283
18836.367
18352.018
18768.768
18672.684
18068.033
17722.15
18501.9
18324.949
18119.033
17996.482
18251.633
18100.482
17783.434
17692.816
18342.434
18079.684
17892.367
17759.482
18223.768
17800.018
17624.1
17517.018
18132.566
17920.482
17620.232
17639.482
17790.834
17508.551
17130.834
16857.084
17322.166
17413.217
17340.1
17605.551
17706.967
17591.816
16996.367
17654.617
17435.434
17396.283
17286.5
17242.217
17159.5
17304.084
16821.768
16840.949
16256.9
15525.684
14850.9
14185.017
13752.767
13629.417
13569.366
13553.684
14428.233
14943.15
15080.033
15496.15
15813.033
15880.417
15979.033
15845.15
15982.634
15434.417
15497.366
14751.483
15790.967
15701.15
15483.033
15392.95
15823.3
16026.884
16180.9
15854.483
16288.233
16470.017
16127.1
16203.017
16551.634
16556.417
16540.634
16671.018
16749.232
16797.15
16511.9
16154.949
17051.699
16816.217
16748.566
16347.815999999999
17030.434
17164.35
16922.566
17142.35
17164.166
16724.482
16886.367
16551.018
17115.367
16976.482
16865.5
16819.883
16832.633
17059.617
16640.768
17184.283
17154.834
17204.416
17153.033
16727.617
17422.5
17391.416
16973.166
17121.482
17822.301
17545.15
17270.967
17735.816
17978.232
17629.883
17385.633
17509.283
17173.834
17359.217
16858.301
17032.617
17271.9
17216.883
17224.633
17644.35
17324.834
17455.15
16851.768
16680.883
17577.1
17352.217
17245.768
17390.217
17217.967
17301.416
17395.232
17108.35
17151.367
17102.949
17071.301
17032.75
17186.699
16840.15
16975.699
16822.482
17212.5
16932.283
17055.768
16989.416
17425.166
17001.217
17077.166
16959.416
17169.301
17429.15
17446.232
17327.883
17276.834
17142.35
17006.699
17219.684
17407.232
17517.684
17461.566
17087.283
17710.033
17584.217
17508.434
17025.684
17560.232
17445.217
17291.967
17205.283
17284.768
17374.482
17548.232
17435.416
17535.967
17227.617
17331.566
17501.617
17221.699
17345.283
17222.166
17047.617
17163.166
17266.482
17021.9
16987.949
17097.232
17355.551
16432.166
17230.816
17209.9
17169.617
16432.033
16789.283
17142.768
17229.084
17073.301
17125.482
17058.1
17164.217
16921.434
16800.084
17203.301
16952.35
17008.699
16717.35
16943.1
17010.018
16661.166
16575.617
16920.967
16524.017
16520.1
16370.150000000001
16674.833
16560.482
16239.767
16546.483
16524.767
16270.15
16402.033
16551.417
16379.366
16345.417
16115.5
16109.017
16433.7
16120.55
16234.7
15916.616
16023.5
16057.884
15920.833
16022.35
15855.566
15775.15
15751.366
15664.75
15934.7
15895.083
15809.167
14909.417
15249.167
15224.417
15052.1
14469.95
14425.233
14470.017
14116.033
13531.684
14088.767
13925.75
13107.3
13537.684
13442.366
13089.35
13225.1
12710.816
12862.233
12695.816
12447.566
12580.15
12810.033
12671.283
12832.9
11616.616
12392.566
12463.483
12037.1
12336.55
12554.1
12612.616
12338.566
12718.55
12936.967
12971.283
13119.3
13490.55
13495.634
13317.816
13384.833
13195.884
13181.033
13368.417
13347.9
12797.15
13274.634
13108.483
12804.833
12226.15
12605.566
12415.35
12125.434
12031.55
11905.967
11995.684
11803.566
11682.884
12056.767
12054.884
11916.3
11931.684
12029.967
11867.55
11764.566
11725.55
12112.967
11923.55
11601.033
12033.083
12418.3
12170.217
11889.033
12032.283
12002.167
12065.75
12018.767
11888.55
11945.3
11719.95
11201.9
11732.616
11582.366
11723.816
11826.033
11363.083
11879.634
11750.616
11031.1
11350.483
11561.566
11404.217
11470.033
11696.483
11801.7
11784.283
11949.833
11869.55
12020.7
11848.55
11791.233
11476.616
11760.3
11839.083
11535.7
11573.417
11819.566
11811.417
11497.434
11958.083
12004.767
12134.884
11699.167
11937.616
12029.033
12008.483
12215.833
11496.684
12027.366
11890.017
12062.434
11679.55
12326.3
12066.017
12222.566
11814.816
12366.566
12296.283
11964.833
11792.95
12016.9
11811.283
11699.566
11915.283
11883.5
11724.017
11392.233
11388.75
11619.5
11792.95
11638.566
11811.083
11750.033
11620.15
11415.833
11614.684
11730.033
11578.283
11853.233
11251.75
11563.167
11824.283
11797.634
11499.616
11538.634
11117.283
10843.833
11280.884
11190.634
11277.017
10464.5
11049.616
11308.167
11153.884
10886.634
11191.816
11425.434
11038.816
11173.767
11031.616
11256.833
10920.95
10646.233
10625.816
10980.033
10939.616
10490.033
10805.483
10749.967
10901.884
10719.033
10805.483
10860.033
10704.684
10534.033
10778.483
10918.1
10828.55
10666.833
11013.483
10745.7
10844.217
10748.5
10548.283
10735.634
10692.283
10557.566
10433.816
10494.833
10562.083
10266.5
10181.884
10627.3
10627.95
10359.634
10371.083
10650.967
10637.15
10229.634
10297.616
10497.634
10277.684
10067.233
10468.417
10460.7
10232.017
10470.634
10244.15
10295.634
10226.217
9969.767
9630.483
10300.967
9966.017
10179.434
9996.816
10121.366
9897.283
9855.167
9716.417
10058.7
9949.283
9830.3
9585.816
9862.366
9874.083
9698.167
9689.884
9936.167
9927.684
9371.366
9615.483
9881.7
9822.217
9165.233
9300.483
9745.366
9703.217
9586.7
9254.616
9823.9
9715.684
9629.366
9365.75
9551.434
9339.616
9226.7
9393.35
9551.767
9329.083
9183.233
9246.75
9687.9
9652.217
9439.366
9163.283
9266.833
9422.017
9241.7
9063.616
9364.967
9312.95
9296.366
8965.417
9161.9
9244.616
9185.5
9053.017
9215.833
9028.884
9453.3
8768.217
9201.967
9096.35
8913.967
8481.283
9181.566
9153.483
9152.9
8823.417
8919.7
8790.684
8904.967
9033.283
9331.767
8546.017
8813.434
8641.217
8895.967
8301.082999999999
7909.567
7322.283
7138.1
6351.883
5590.033
5044.617
4442.567
3752.283
3391.633
2727.483
3035.967
2957.017
2677.167
2861.483
3745.767
3921.55
3879.367
4832.283
5340.433
5598.017
5902.633
5254.017
5988.9
5629.95
5492.967
5156.483
4961.433
5059.883
4727.9
4490.95
4885.367
4944.35
4914.767
4691.883
5426.233
5209.283
5237.567
5850.617
5888.567
6126.417
5775.367
6267.15
6415.7
6388.217
6409.433
6656.55
6907.367
6951.95
6484.3
6750.95
7265.3
7284.417
6847.567
7337.283
7583.367
7706.283
7589.7
7616.883
8091.233
8058.283
7460.1
7573.483
8255.9
8338.017
8149.167
7870.683
8389.367
8216.75
8028.833
8032.217
8491.3
8286.082999999999
7452.833
8316.017
8460.567
8530.95
8184.033
8001.55
8489.767
8401.617
8222.367
8128.083
8298.5
8363.883
7968.233
7814.083
8732.9
8305.55
8103.1
8142.083
8454.033
8346.75
8209.5
8189.617
8404.233
8339.617
8192.567
8161.683
8461.433
8417.15
8298.7
8158.417
8507.3
8426.15
7840.3
8063.283
8381.9
8301.483
7964.167
7866.95
8267.633
8159.217
8215.367
7962.483
8221.567
8344.817
8025.633
7566.15
8368.5
8248.55
8253.367
8054.883
8538.433
8303.95
8106.233
7874.417
8377.967
8156.35
7719.7
7590.75
8213.767
8138.617
8157.1
7575.95
8272.233
8117.95
7991.167
8080.483
8253.033
8199.017
8006.1
7958.883
8471.233
8269.35
7417.367
7783.883
8363.633
8118.283
8101.1
7951.55
8327.967
8231.417000000001
7775.3
7597.483
8163.233
8008.683
7983.1
7852.617
8174.433
8167.217
8000.033
7555.283
8209.767
8168.483
7808.633
7476.95
8090.7
8228.15
7904.7
7824.083
8172.567
7806.083
7752.967
7890.883
7905.7
7817.683
7687.1
7484.617
8080.567
7897.483
7546.567
7460.283
7929.167
8079.083
7364.767
7450.55
7932.1
7855.817
7899.3
7661.617
7880.033
7768.95
7714.5
7414.283
8058.967
7805.35
7547.367
7498.283
7887.233
7785.617
7624.167
7138.683
7742.633
7707.683
7595.7
7065.617
7848.167
7642.083
7171.7
7586.083
7647.367
7557.75
7167.567
7279.283
7439.367
7556.35
7306.167
7278.283
7560.1
7307.75
7330.633
7100.083
7396.633
7448.017
6992.9
6953.217
7399.567
7359.683
7092.3
7022.817
7111.567
7276.883
6828.433
7007.617
7067.033
7100.95
6910.967
6709.483
7268.7
7130.417
6741.7
6435.75
6992.367
7150.95
6964.233
6674.083
7014.433
6974.95
6312.567
6717.017
7101.633
6772.75
6593.967
6677.683
6902.767
6940.15
6554.567
6425.15
6816.167
6935.617
6763.7
6649.083
6973.433
6782.017
6488.833
6213.55
6845.7
6677.417
6889.833
6406.55
6891.567
6811.483
6301.833
6362.75
6863.367
6673.417
6491.967
6537.55
6832.633
6774.017
6356.233
6282.683
6883.567
6629.883
6492.567
6538.217
6782.5
6632.95
6203.167
6076.95
6473.9
6427.35
5928.567
6066.283
6509.3
6353.417
6541.633
6201.617
6537.633
6397.283
6605.633
6225.617
6471.1
6365.55
6012.833
5993.417
6446.167
6344.483
5869.7
5333.483
6285.167
6341.883
5878.7
6063.017
6318.567
6126.15
5950.833
5926.883
6280.167
6101.617
5899.167
5556.95
6128.767
6202.15
5461.567
5643.95
6200.633
5982.283
5743.833
5527.75
6104.233
6098.017
5995.7
5585.417
6161.433
6090.217
6015.233
5906.217
6072.833
5941.283
4731.767
5221.35
6003.9
6066.817
5699.967
5423.017
5938.1
6093.817
5417.9
5426.883
5879.833
5829.217
5362.233
5382.217
5877.367
5848.017
5206.1
5191.483
5732.033
5699.217
5443.3
5449.417
5667.767
5612.75
5187.367
5584.017
5670.233
5673.483
5162.1
5417.15
5770.033
5563.017
5102.1
5016.017
5606.033
5599.95
5466.233
4894.483
5686.033
5555.817
4898.233
5008.483
