270.85
64.783
-138.083
149.45
440.383
138.05
196.383
241.05
225.583
253.85
115.38300000000001
-170.683
202.25
215.183
17.85
-34.083
338.65
-1.816999999999993
62.917
358.25
415.783
180.25
455.91700000000003
142.917
276.183
201.517
220.65
-131.817
190.983
203.317
321.717
33.05
278.25
197.65
233.85
13.450000000000003
550.983
480.317
82.05
-58.68300000000001
248.517
121.05
-17.483000000000004
173.917
191.583
225.583
139.11700000000002
225.983
214.11700000000002
239.25
-44.150000000000006
28.583
603.717
278.317
-25.417
-260.08299999999997
421.45
446.91700000000003
24.183000000000007
32.983000000000004
371.983
432.317
379.117
231.85
412.517
369.317
148.71699999999998
322.117
389.25
390.65
315.183
-140.61700000000002
435.05
280.183
20.650000000000006
83.117
374.05
187.183
131.45
64.65
289.91700000000003
491.05
199.517
60.516999999999996
226.25
345.117
25.117000000000004
1.4500000000000028
225.183
198.78300000000002
493.117
-5.483000000000004
180.983
209.65
336.25
-65.083
186.917
244.45
185.25
74.45
409.983
357.517
-235.683
31.849999999999994
391.183
297.45
215.85
200.983
453.91700000000003
288.717
-3.8829999999999956
268.85
90.383
315.85
233.05
273.717
402.717
285.983
547.717
-239.88299999999998
324.517
367.517
96.983
352.58299999999997
383.383
455.45
247.45
95.25
341.117
238.11700000000002
-78.55
99.25
328.85
307.05
125.45
-3.816999999999993
407.45
437.91700000000003
47.917
-239.61700000000002
348.117
309.91700000000003
79.25
127.583
267.183
416.117
338.183
34.650000000000006
289.317
325.117
-285.08299999999997
-132.083
286.517
204.917
157.78300000000002
-13.483000000000004
320.317
260.25
44.849999999999994
216.38299999999998
389.783
293.983
246.517
-113.483
444.45
402.317
424.517
148.65
475.517
269.85
149.71699999999998
333.91700000000003
393.317
69.917
363.183
-169.95
125.717
224.71699999999998
3.049999999999997
372.183
575.383
419.05
157.85
-90.683
487.91700000000003
144.11700000000002
439.65
19.650000000000006
382.983
357.05
309.45
376.183
514.783
343.717
417.983
306.517
324.783
221.45
383.517
-348.217
378.317
345.983
163.78300000000002
138.38299999999998
130.25
313.85
463.783
162.983
246.517
294.517
110.25
-201.88299999999998
264.317
375.65
455.117
188.983
382.717
301.317
34.516999999999996
-324.217
432.25
228.38299999999998
-71.017
15.183000000000007
259.383
187.183
-1010.417
-92.817
114.917
272.91700000000003
243.78300000000002
-69.483
562.383
398.05
254.183
53.583
246.85
216.517
-117.35
422.05
511.45
267.983
-190.75
33.31699999999999
307.91700000000003
311.983
-118.15
344.85
369.317
267.85
390.983
336.05
321.58299999999997
405.45
237.85
178.917
372.05
240.517
402.517
24.516999999999996
390.91700000000003
431.983
328.717
-68.95
217.85
315.91700000000003
69.25
-282.95
358.58299999999997
342.383
253.65
-117.883
346.58299999999997
336.317
206.05
77.117
345.45
345.983
-157.017
199.183
330.45
64.183
-158.083
158.25
255.183
211.65
304.25
162.65
257.383
517.85
80.983
164.71699999999998
373.317
526.05
387.58299999999997
167.583
219.65
273.05
80.85
483.183
346.58299999999997
206.983
-159.15
101.65
204.71699999999998
282.983
250.517
-14.683000000000007
531.05
562.983
20.783
282.383
369.783
339.25
225.183
99.117
332.85
386.05
75.25
129.917
288.91700000000003
323.65
173.983
302.383
469.91700000000003
442.45
394.983
108.183
560.917
174.71699999999998
377.117
-135.15
361.983
179.917
-91.417
295.983
335.25
202.25
542.317
395.517
379.783
263.11699999999996
629.117
89.25
381.383
288.983
-37.083
284.317
638.383
417.65
542.85
-47.75
448.38300000000004
367.317
389.183
198.45
344.783
520.517
-46.68299999999999
228.917
605.05
325.783
145.583
164.383
348.783
346.25
507.983
173.317
649.85
536.45
694.983
446.45
692.317
503.517
223.583
341.38300000000004
385.65
597.517
767.783
189.45
701.05
577.25
519.917
667.517
598.717
495.317
334.917
635.9169999999999
470.317
740.517
106.517
276.317
556.45
535.983
543.5830000000001
390.05
872.117
544.5830000000001
692.517
522.783
668.25
637.9169999999999
658.25
296.05
987.183
452.783
557.45
486.317
825.717
511.917
683.05
575.25
584.717
848.383
759.25
642.317
597.45
848.317
612.25
417.45
921.317
720.717
612.517
545.983
537.5830000000001
640.9169999999999
756.25
627.183
855.783
748.117
532.65
487.783
648.383
746.383
648.317
525.117
856.383
445.183
699.65
447.317
653.25
555.25
711.183
811.783
692.583
435.183
745.383
922.65
413.717
836.783
687.117
724.783
757.383
732.117
572.85
936.583
1103.117
625.85
644.117
1228.183
856.517
1082.65
447.58299999999997
634.45
1112.517
949.917
1064.917
1153.717
676.583
653.117
765.05
749.45
1294.917
1108.983
588.717
1058.517
945.45
1161.583
1192.117
1022.983
936.717
1282.65
561.517
835.583
959.117
1122.65
1450.783
1390.917
1319.05
1265.25
1064.05
1166.917
1189.25
1081.85
724.983
946.25
1282.117
1102.05
1360.25
925.7170000000001
1419.85
1326.717
1417.783
1243.783
1393.117
1323.983
906.183
1366.45
1223.25
1154.65
1082.983
1213.65
1192.517
1315.517
1227.65
1001.8499999999999
1311.517
1109.85
1069.383
934.6500000000001
1423.65
1304.983
1242.583
1323.583
1424.05
1179.85
1175.183
1063.917
1327.25
1351.45
1249.583
989.183
1478.783
1219.583
1269.05
1253.25
1404.317
1290.517
767.5830000000001
1204.85
1277.717
1356.183
1375.917
1559.317
1681.517
1498.517
1502.45
1493.317
1620.117
1687.317
1529.65
1616.65
1594.117
1594.183
1765.85
1608.983
1990.25
1491.517
1063.183
1319.65
1533.25
1812.117
1536.45
1637.383
1985.85
1784.117
1708.85
1645.783
1866.65
1931.983
1937.117
1666.783
2025.85
1716.25
1610.65
1497.65
1556.117
1496.317
1786.383
1150.45
1540.183
1667.583
1883.917
1533.583
1853.05
1742.383
1945.05
1748.05
1825.183
1901.583
1876.517
1799.05
2100.317
1677.45
2200.917
1930.383
1965.25
1902.717
1781.983
1990.383
2230.517
1604.65
1705.983
2018.717
2254.983
1980.583
2046.783
1815.717
1882.917
1772.183
1866.517
1982.783
1952.25
2252.983
2500.85
1805.917
2368.117
2355.517
2240.05
2145.583
2199.85
2063.717
2025.45
2328.317
2256.917
2073.05
1868.65
1998.45
1913.317
1893.85
2202.917
2106.25
2246.65
2464.05
2263.917
2408.717
2615.983
2356.183
2685.983
2520.383
2838.317
2601.983
2436.183
2686.05
2681.183
2586.65
2402.85
2541.45
2362.717
2435.583
2322.917
2499.317
2491.983
2274.317
1956.317
2228.383
2158.983
2187.783
2014.383
1936.783
2209.517
1967.25
1897.65
1615.583
2226.65
1797.983
2123.45
2128.25
2320.317
2789.583
2566.583
2853.583
2695.45
2876.05
3007.983
2642.05
2790.183
2753.45
2474.583
2416.917
2696.65
2544.983
2798.983
2363.583
2633.983
2684.983
2645.65
2806.983
2759.05
2808.183
2979.25
2914.383
2957.05
2956.583
2858.783
2601.917
2913.117
2983.717
2820.25
3060.45
3167.183
3011.583
2890.783
2588.117
3140.317
2996.783
3304.783
3566.583
3647.25
3994.517
3982.917
3827.183
3775.25
3697.717
3816.717
3414.45
3966.117
3659.85
3799.983
3735.317
3960.45
3462.983
3625.917
3766.117
3622.117
3673.317
3450.25
3169.45
3777.517
3862.517
3732.517
3889.117
4081.65
4049.45
3918.983
3707.717
4033.25
3989.983
3456.45
3695.317
3658.517
3879.183
3737.383
3977.583
4146.85
3910.517
3797.717
3266.917
3539.183
3653.583
3701.317
3417.45
3835.65
3508.25
3539.45
3345.117
3289.65
3228.45
3146.45
3222.783
3250.05
3353.183
3133.317
3271.717
3046.783
3205.583
3331.717
3428.05
3725.85
3866.783
3974.183
4128.782999999999
3929.583
4028.45
3586.45
4117.5830000000005
3900.117
3899.783
4417.65
4118.05
4786.85
4792.25
4695.583
4903.717
5489.383
4990.317
5125.517
4582.383
4771.517
4667.183
4290.383
4066.717
4110.9169999999995
3976.317
3767.583
3897.983
4376.85
3996.05
4269.983
4303.917
4789.983
4768.317
4915.183
4632.183
4494.05
4366.583
3996.117
3879.117
3979.317
3574.85
3447.183
3305.183
3376.783
3319.783
2734.65
3082.45
3092.583
2748.183
2436.783
3207.45
3223.05
3366.117
3645.917
3349.983
4172.383
4364.25
4448.517
4302.183
4409.917
4167.183
3806.583
3975.517
3897.117
4077.85
4046.45
3874.917
4431.45
4102.45
4262.383
4157.65
4331.782999999999
4284.65
4210.25
3659.117
4249.717000000001
4135.917
4275.85
4217.25
4097.717000000001
4142.717000000001
4154.85
4163.383
4841.583
4876.85
4862.383
5106.517
5265.517
5347.317
5323.983
5164.517
5478.25
5218.117
5620.517
5235.117
5652.65
6079.983
5406.85
5651.25
5734.517
5506.983
5517.983
4797.783
4697.383
4147.717
3951.25
3062.317
2919.383
2445.45
2279.183
2288.45
2801.783
3075.65
3395.317
3887.583
4211.65
4400.983
4672.45
5096.85
5391.317
5777.117
5642.183
5625.583
5797.317
5252.25
5150.85
4852.25
4501.85
3780.583
3494.05
3213.183
3180.317
3540.65
3685.25
4196.317
5020.583
5289.45
5474.783
6307.583
6542.783
6648.117
7009.05
6719.117
7422.25
7431.45
7874.85
7545.983
7507.917
7917.783
7696.183
7743.583
7893.383
7741.583
7966.85
7771.517
8412.05
8222.783
8339.117
8112.65
8592.517
8439.45
8277.116
8351.583
8889.316
8665.583
8618.917
8405.783
8559.85
8090.717
8152.717
8341.25
8422.117
8835.583
8592.45
8679.05
8741.717
8433.45
8144.983
7944.517
8150.65
8422.116
8580.917000000001
8485.184
8478.05
8466.45
8451.917
8291.45
8220.45
8210.183
8070.85
8109.85
8589.383
8355.117
8517.384
8226.45
8353.983
8552.25
8352.65
8732.184
8878.583
8881.583
8981.45
9030.85
9138.517
9480.25
9674.316
9487.05
9425.184
9394.65
8768.05
8240.85
8401.117
8340.05
8291.317
8189.45
8478.85
8733.316
8839.316
9458.05
9376.517
9954.983
9869.717
9913.917
9902.983
10313.65
9693.583
9796.517
10254.583
9757.116
9820.25
10021.65
9948.05
9787.85
10380.917
9861.717
10185.05
10149.65
10053.717
9782.184
10057.783
9906.85
9951.583
9373.983
10023.983
9853.25
9827.184
9415.184
9818.583
10165.116
10374.384
9986.717
10265.717
10339.983
10134.917
10162.983
10095.25
9120.65
9589.316
9599.717
9679.116
9216.05
9803.45
9614.583
9715.583
9435.316
9401.384
9738.917
9847.583
9787.316
9875.316
9650.116
9404.717
9401.45
8825.384
9084.65
9779.783
9531.316
9674.917
9984.184
10313.384
10378.517
10590.85
10230.05
10335.384
10477.25
10414.917
9987.316
9862.983
9358.983
9529.184
8792.917
9478.25
9635.05
9326.45
9292.85
10112.384
10059.25
9549.583
9565.583
10369.384
10545.316
10277.517
10073.184
10184.25
10248.25
9988.917
9943.783
10163.983
9987.85
10247.05
10551.116
10200.25
10468.583
10742.65
9851.184
10127.583
10010.917
9614.517
9907.05
9223.717
9470.583
9465.717
10401.45
10334.983
10152.184
10145.65
9719.983
10018.85
9945.116
10325.116
9975.384
9734.45
9232.65
9095.116
8792.25
8458.25
8383.917
7776.117
7673.317
7682.25
7650.183
8141.983
8521.184
9396.45
9992.85
10992.384
11133.05
12095.45
11293.917
10812.517
11235.583
11117.583
10970.917
11665.116
11760.316
11976.184
11827.65
11715.583
11115.583
10689.45
10382.783
10596.85
10508.45
11731.85
11215.983
11824.184
11858.517
12163.783
12165.384
11815.983
12547.517
12695.116
13244.717
13143.25
13296.25
13540.116
13859.65
12883.384
13103.45
12482.45
12783.384
12773.25
13165.45
12676.05
12436.116
12014.783
11816.116
12075.983
11814.717
10945.316
11786.116
11632.783
12395.783
12567.717
12598.917
13462.384
13085.316
12761.184
13045.116
13059.05
12883.85
12813.45
12986.983
13418.583
13829.25
13907.45
13559.316
13694.783
15223.184
14046.983
14076.25
14326.917
13737.384
14300.917
14268.05
14863.85
14332.583
13776.384
14121.25
14323.583
14192.917
13716.783
13641.517
14681.384
15115.05
14750.384
14166.717
14502.384
14261.983
14129.05
13326.25
14216.05
14105.983
13715.184
13091.316
13657.917
13933.05
13918.783
13518.917
14498.184
14539.25
14271.517
14663.917
14801.184
15518.316
14835.184
14629.65
15207.25
14786.384
15052.783
14245.517
14576.983
15279.517
14826.517
15013.517
15014.65
14598.583
14820.917
15206.717
15808.05
15567.717
15540.384
15699.65
15577.184
15975.384
16367.85
15968.717
15924.717
15538.316
15572.45
15056.783
15498.85
15126.45
15478.45
14805.717
14439.983
14663.316
14546.917
14302.783
14873.384
14370.983
14505.85
14611.316
14561.116
14662.917
14534.05
15044.116
15556.517
15890.384
15068.717
15136.116
15200.384
14653.85
15416.717
15033.65
15600.917
15626.983
15953.05
15966.783
16116.983
16330.05
15809.05
15335.85
16943.117
16376.517
16263.783
16471.449
16748.916
15615.983
16276.517
15568.116
16541.583
16249.05
15614.783
16096.316
16586.85
16283.45
16393.917
17298.982
16756.383
16168.45
16009.583
15782.85
15708.85
16173.517
16845.717
16752.583
17368.916
17505.25
17864.584
17410.65
17465.184
17846.717
17654.65
17581.916
17622.316
17700.117
18097.051
17760.85
18425.449
18207.383
18292.65
18744.117
18579.383
18548.184
18050.25
18222.85
18510.916
18085.117
17944.65
17801.717
18467.449
18159.717
19148.117
18405.383
18043.717
18503.518
18607.449
19306.184
19399.184
19516.518
18913.584
19183.783
18677.65
18881.65
18622.184
18967.184
19205.916
20917.25
19370.65
20171.982
20504.449
20654.383
20090.316
21407.65
20839.316
21185.518
21860.916
22533.783
21401.717
21912.85
21410.717
21664.316
23272.518
21798.316
21969.518
21150.916
21075.85
21272.316
21894.051
21723.383
22221.916
22918.783
22382.449
23140.916
23801.65
24410.184
24439.85
24599.584
25356.184
26020.717
25369.783
24080.916
24900.051
25094.518
24357.717
24856.783
25456.982
25502.316
25314.916
25815.449
26389.117
25700.982
27166.65
27759.051
27384.316
26844.982
27911.184
27744.916
27760.982
27498.25
27832.783
27951.584
27749.184
27830.916
27424.916
27725.65
28587.449
29271.65
29707.449
29958.85
31325.783
31538.783
31053.717
31700.316
31715.25
31425.584
31500.383
30533.584
31509.584
30708.982
30589.449
32178.65
32746.85
33073.383
33095.982
33324.785
34030.25
33194.785
33455.715
32874.316
33153.117
33467.516
32894.051
33614.184
34346.051
34680.984
34754.785
35012.785
35361.449
35417.25
34867.715
35143.316
34999.582
35075.383
34440.184
35011.117
35106.117
35279.785
35704.785
35204.852
35073.117
35277.316
35341.117
35403.184
35469.051
35764.852
35484.715
35714.852
35934.383
35674.984
34593.582
34085.25
32440.584
31170.25
30173.65
29853.25
29808.584
30209.316
30159.717
31488.85
33050.717000000004
33558.516
34200.516
34315.25
34571.383
35503.715
36481.648
36064.918
36738.984
36744.25
36417.449
35648.785
35384.516
35668.051
36212.582
36510.117
36966.383
37602.984
38463.184
38958.051
39088.184
39152.316
38363.383
38271.383
37784.582
38118.316
38176.785
38120.383
38091.582
37456.316
37048.715
36810.184
36270.785
36364.316
36644.383
36401.516
37875.715
38098.051
38383.715
39022.785
39258.918
38358.785
38575.516
38181.316
38287.516
38577.918
38972.516
39374.852
40359.852
40211.785
40791.516
40309.918
40297.852
39878.715
39126.051
39324.25
39306.316
39407.25
39177.984
39471.449
40023.785
40349.316
39839.516
39948.383
40980.25
40428.918
40862.051
40115.383
40684.316
40156.785
39236.051
38803.184
38407.852
38316.051
38603.715
38883.785
39315.715
40389.852
40147.516
40987.449
40458.918
40466.582
40318.582
39781.184
39515.449
39064.316
38427.648
38583.785
38563.184
38313.582
38570.852
38561.918
38265.117
38377.117
38215.117
38354.984
38848.715
39298.117
39270.648
39724.984
40439.25
40666.715
40589.582
40925.184
40729.316
40660.25
39990.715
39486.516
38987.918
39317.785
39712.383
39393.785
40201.648
40534.715
41154.316
41400.918
41394.184
41274.051
42146.582
42497.117
43043.984
43102.785
42744.316
42599.715
42345.715
42301.449
41592.383
41403.051
41486.648
41588.449
41221.582
41133.117
40200.449
40815.648
40380.852
40841.785
40730.117
41579.984
42088.648
42726.984
43115.383
43383.316
42469.316
42554.449
42039.785
42068.582
42360.715
42051.316
42049.184
41652.785
42042.117
42384.582
42414.852
42625.117
42637.918
43142.984
43551.984
44386.449
43584.648
43429.184
42815.051
42764.984
42009.316
42009.25
41891.918
41634.117
42253.051
42397.785
40625.785
41802.648
41735.785
41337.184
41567.648
41263.785
41129.984
41415.25
42037.184
42331.648
42353.516
42267.383
42383.715
43145.715
43188.383
43502.582
43182.184
42668.785
41300.785
39790.648
38958.449
37470.715
35809.316
35329.051
36029.582
37083.051
39322.383
39956.852
39343.918
39399.184
39698.316
39110.582
39565.383
38987.316
38480.449
39352.715
40630.449
41557.648
41489.918
41886.852
42099.316
42569.785
43351.051
42845.852
42783.852
42837.852
41954.184
42517.316
42937.383
42995.383
42816.184
43644.852
44117.25
44079.648
44147.184
43435.117
43276.051
42970.516
43227.516
42914.516
42188.25
41980.25
41437.184
42497.648
43251.449
44010.316
43713.316
44350.516
45314.117
45605.117
45075.984
44606.449
44952.117
44367.582
44201.316
43559.184
44247.184
44856.25
44280.582
44000.117
43673.648
42555.449
41900.051
40326.918
39193.449
38806.25
38897.184
39283.516
39821.984
41011.184
41215.852
42579.449
42832.582
42938.648
43583.984
43762.383
44181.383
44383.516
44531.184
45037.648
45873.516
45251.449
44833.582
43983.516
43835.051
43746.918
43630.715
43627.117
43626.984
44369.918
45367.383
45451.918
45425.383
45443.184
45310.449
44993.852
45004.516
45042.582
43884.582
43381.25
42923.184
42305.051
41459.316
40979.715
41309.984
41621.785
42058.648
42482.184
43169.449
43228.785
43031.785
42921.383
43074.785
42748.785
42323.648
42455.984
42909.316
43448.184
43603.582
43690.117
44112.785
44668.582
44636.852
44722.516
44475.051
44263.316
43657.918
42886.383
42551.449
41644.25
40635.449
41863.918
41819.852
42162.785
42325.383
42977.051
43067.184
43447.25
42906.648
42967.715
43366.051
42836.051
42757.051
42520.117
42523.051
42111.516
41399.449
40955.582
41112.648
41171.852
40660.184
40038.316
40377.918
40200.918
39936.852
39928.449
40197.715
40493.918
40721.918
41162.316
41345.516
41800.449
41540.715
41318.648
41802.184
41736.051
40550.984
41319.184
40897.051
40913.516
41153.785
40506.117
40557.383
41397.785
41620.25
42064.715
41882.184
42008.516
41984.316
41666.918
42127.852
41594.383
41092.785
41020.648
41373.918
41831.516
41937.316
41218.316
41342.715
41298.648
40829.984
41150.582
41243.25
41183.117
40943.117
41099.984
40828.184
41023.582
40428.648
40180.918
40085.184
40022.383
40275.051
39867.184
40755.316
40892.984
41442.648
40814.516
40987.383
40984.449
41274.715
41125.582
40908.582
41063.852
41019.852
40809.918
40792.785
40866.715
40528.715
40090.582
40514.383
40563.316
40690.984
40655.648
40877.383
40862.918
40680.918
41098.785
41154.051
41441.117
40608.25
40154.051
40391.051
39782.918
39901.715
39701.984
40261.25
40772.648
40528.051
40424.582
40733.648
40687.852
40993.449
40794.25
40896.715
41243.184
41050.184
40947.184
41142.715
41260.648
41095.117
40944.25
40272.383
40486.051
39687.648
39980.785
39981.051
39882.785
39546.785
39723.449
39597.184
39550.648
39648.852
40001.316
39615.051
40213.785
39962.785
39950.184
39423.715
39048.383
38692.785
38770.852
38431.051
38443.918
38118.648
38738.051
38910.184
38960.383
38811.117
38429.117
39461.918
39683.852
40008.516
40039.582
40631.785
40750.648
40135.984
39892.785
39769.582
39738.582
38911.516
39058.25
39308.051
39296.25
39581.918
39548.051
40061.383
39934.648
40057.715
39827.785
40083.785
39768.918
39473.449
38962.383
39568.316
39630.051
38861.715
39735.184
39342.117
39664.984
39872.984
39385.984
39675.184
39270.449
38461.582
38020.383
38496.449
38258.852
37915.117
38425.449
38433.785
39445.516
39106.117
39817.449
39996.051
39641.715
39624.25
39972.852
40258.852
39769.648
39222.918
39063.918
39060.785
38501.449
38343.516
38277.316
38898.316
38924.918
38886.184
38765.648
39434.984
39504.785
39098.648
38875.117
38881.984
38424.316
37791.516
37359.984
37382.984
37390.316
36993.582
37304.648
37673.516
38218.984
38410.648
38549.25
38882.051
39089.785
39408.051
39340.383
39557.25
39324.25
39135.582
39677.648
39062.383
39533.449
39208.316
38789.184
39295.316
39252.715
39402.785
39014.184
38883.117
38794.316
38790.25
38280.316
38432.918
38111.852
37895.852
38201.449
37927.25
37661.582
37694.852
37502.715
38304.449
38564.918
37780.852
37925.25
38486.117
38388.117
38262.117
38763.117
38289.184
37994.316
37823.383
37099.449
37583.184
36789.516
36981.715
36871.184
36810.852
37380.051
37163.316
37446.516
37357.383
37314.184
37637.449
37575.785
37867.715
37862.852
37314.117
37404.25
37600.25
37733.785
36908.785
37256.715
37380.715
37469.852
36869.316
37328.316
37917.383
37554.449
37284.383
38059.785
38172.582
38051.918
37698.449
37335.449
37880.316
37418.582
37629.449
37549.852
37300.25
37460.316
37370.184
37141.715
37522.449
37190.648
36504.383
36721.852
36996.117
36850.785
36213.383
36238.918
35948.516
35803.25
35638.316
35250.184
35776.316
35844.785
35455.852
36393.984
36280.449
36516.184
36498.648
36229.051
36647.516
36494.648
36172.117
35677.984
36138.383
36325.648
35574.582
34792.051
34087.984
33452.852
32900.717000000004
32265.584
31889.85
31337.184
30861.25
31996.85
32576.316
32611.184
33146.25
33822.184
34951.449
34723.316
35091.516
34907.648
34830.852
35064.648
34618.984
34473.184
34675.648
34594.25
34234.449
34294.051
34440.117
34609.715
34401.184
34175.184
34591.984
34315.785
34296.582
34164.117
34587.117
34535.984
34192.852
34730.516
34577.648
34324.918
34004.051
33760.449
33837.25
33727.984
33650.316
33829.918
33622.316
33949.582
34021.449
33773.051
33989.648
34528.051
34201.184
33929.25
34165.918
34287.648
34173.852
34343.918
34195.785
33796.051
33652.582
33616.984
33815.582
33659.852
32929.051
33280.715
33196.25
33444.582
33241.316
33111.449
33216.852
33320.582
33634.117
33216.184
33382.984
33616.117
33075.184
33353.184
33276.715
33262.715
32672.783
32825.85
32721.65
32841.117
32839.584
32739.982
32704.717
32642.982
32128.65
32405.316
32198.916
32470.982
32007.783
32361.65
32924.782999999996
32570.25
32945.584
32939.984
32853.584
33213.715
32956.316
33077.25
33116.117
33011.051
33169.184
33025.117
33180.85
32868.715
33120.518
32884.648
33302.117
32672.25
32796.518
32541.717
32815.051
32941.782999999996
32498.717
32324.65
32398.449
32447.518
32423.65
32477.982
32579.316
32651.184
32627.717
32547.383
32519.717
32132.25
31695.717
31617.916
31865.449
31369.383
30994.25
31183.518
31622.584
31507.449
31069.117
31134.25
31425.316
31256.518
30949.117
30696.383
31011.916
30821.584
30409.316
30006.783
30273.051
30393.449
30340.383
30636.982
30502.051
30547.383
29950.117
30193.184
29819.316
29718.717
28991.383
28887.449
28911.783
28454.916
28451.783
27801.184
28152.85
27833.85
27325.85
26549.717
26503.25
26578.85
26418.518
25844.316
26102.449
26003.117
26255.051
26327.117
26932.25
27293.518
28055.184
28718.584
28874.916
29010.051
29054.117
29317.982
29141.316
28729.184
28818.117
28566.316
28875.916
28637.051
28982.184
29011.717
29313.117
29237.117
29463.783
29393.449
29800.449
29640.25
29330.184
29694.117
29996.518
29740.25
29476.051
29243.117
29573.518
29491.383
29276.584
29188.518
29282.184
29290.982
29689.25
28902.184
29410.051
29411.051
29447.982
29293.584
29514.25
29344.783
28970.85
28962.783
29065.184
29251.518
28548.051
28463.117
28647.25
28412.25
28349.449
28497.051
28651.449
28375.383
28251.518
28006.117
28027.65
27983.65
28091.916
28049.717
28022.783
27963.85
27973.117
27879.982
27786.518
27776.449
27562.65
27006.383
27415.584
26968.117
27090.518
27081.316
27211.383
26962.584
27108.717
27057.85
27134.184
27455.717
27206.184
27536.717
27407.051
27592.449
27372.584
26860.982
27063.051
26864.584
26715.717
26918.783
26799.518
26765.184
26782.051
26710.982
27100.518
27602.316
27118.316
27639.85
27757.783
27521.449
27680.982
27387.584
27579.584
27710.449
27864.449
28030.65
28130.117
28454.584
28329.117
28726.65
29064.717
29310.184
28823.982
28690.117
29010.916
29482.518
29327.518
29806.25
29957.117
30321.717
30162.051
30219.117
30102.584
29889.518
29153.916
28166.117
27660.982
27363.316
27042.982
26812.982
26587.117
26623.449
26495.85
26372.982
26619.518
26477.717
26529.184
26436.717
26799.383
26565.584
26474.184
26082.584
26105.85
26287.982
25908.117
26144.518
26059.051
26286.85
26266.184
26356.85
26399.518
26622.316
26259.184
26406.717
26755.584
26557.783
25998.85
26315.518
26666.85
26465.783
26093.982
26405.518
26645.518
26113.717
26506.982
25781.717
26150.117
25831.65
25602.25
25757.717
25636.316
25727.25
25452.25
25001.184
25660.518
25737.584
25388.783
25380.449
25553.25
25356.051
25687.518
25125.117
25351.117
25397.982
25546.717
25550.117
25656.25
25407.584
25517.518
25650.316
25883.916
25428.85
25032.916
25087.117
25329.783
25466.65
25202.65
25387.316
25223.25
25400.383
25171.383
25196.717
25199.117
25159.383
24756.316
24520.25
25151.117
24886.184
24453.916
24375.383
24796.916
24441.717
24459.117
24505.65
24779.783
24505.316
23528.584
24266.25
24740.65
24318.982
24241.65
23890.85
24155.184
24229.051
24496.449
24448.584
24336.717
24039.25
24098.051
24110.184
23534.916
23396.717
22848.916
23137.449
22694.449
23075.584
22628.449
22722.783
23968.383
23738.982
23695.783
24332.117
24148.383
24185.184
23795.783
23563.117
23402.184
23477.982
23199.184
23244.316
23365.783
23344.316
22991.449
23228.982
23827.449
23363.783
22893.65
23182.449
23463.117
23556.316
23197.916
23330.916
23440.383
23098.518
22783.518
22481.449
22877.117
22466.449
22385.117
21988.584
21979.85
22034.383
21425.051
20947.518
20849.65
19512.117
18824.25
18035.383
18164.584
18195.916
18272.783
18454.449
19247.518
20055.518
20536.316
20572.85
20809.184
21378.449
21844.717
21757.85
21419.916
21895.051
21802.783
21930.316
21872.449
21497.051
21170.25
21075.85
21547.316
21360.717
20964.449
21642.383
21532.717
21720.717
21820.383
21670.316
21815.518
21835.383
21510.383
21649.25
21726.184
21904.051
21474.25
21506.25
21889.117
21951.383
21830.717
21923.25
22021.316
22012.518
21880.584
21384.25
21873.982
21795.449
21489.65
21270.383
21553.383
21735.449
21483.383
21045.449
21326.25
21632.85
21004.65
21647.717
21817.449
21702.25
22128.518
21887.316
21967.916
21899.584
21711.518
21860.717
21801.117
21739.051
21384.051
21439.982
21526.051
21552.85
21434.117
21519.65
21736.783
21752.65
21461.051
21250.117
21561.316
21435.85
21584.584
21173.982
21689.518
21492.916
21685.85
21692.584
21779.85
21701.783
21257.316
20964.717
21516.383
21413.051
21574.518
21170.783
21147.316
21187.051
21074.916
21426.783
21186.449
21141.65
20613.117
20639.184
20711.85
21029.25
20142.117
20443.982
20648.051
20661.584
20457.85
20264.518
20681.449
20673.25
20413.982
20544.051
20631.717
20823.383
20078.117
20318.051
20809.65
20834.982
20488.916
20357.184
20473.518
20668.65
20252.65
20270.584
20446.117
20342.449
19784.449
20106.783
20090.982
19935.982
19907.982
20027.25
19745.051
20460.717
19825.518
19723.717
19829.85
19904.117
19789.383
19203.783
19710.65
19792.85
19470.25
19199.982
19667.051
19570.584
19429.117
18937.65
19459.783
19423.518
19389.449
19397.117
19080.518
19338.717
19223.584
18774.316
19046.916
18882.518
18897.85
18416.051
18856.518
18752.982
18151.25
17809.449
18553.051
18375.051
18140.449
18059.449
18335.65
18173.184
17873.184
17774.383
18439.051
18143.85
17959.117
17826.85
18275.518
17871.518
17670.518
17603.25
18197.518
17977.982
17713.783
17673.383
17841.051
17579.584
17219.117
16900.25
17383.383
17475.783
17382.316
17664.25
17775.25
17670.051
17054.117
17692.717
17478.717
17408.449
17384.051
17249.25
17212.518
17342.982
16927.65
16897.25
16277.184
15586.116
14914.25
14216.384
13808.45
13693.517
13618.384
13596.583
14477.184
14981.717
15138.65
15556.783
15875.583
15871.184
15992.583
15889.783
16058.316
15543.983
15545.65
14791.116
15849.583
15779.316
15535.85
15477.45
15859.65
16050.184
16205.116
15914.783
16321.384
16563.384
16182.116
16222.45
16617.917
16625.982
16631.783
16711.449
16842.051
16823.85
16556.717
16206.116999999998
17110.783
16865.117
16839.449
16439.584
17106.25
17222.184
16976.25
17197.65
17211.518
16788.25
16926.982
16604.184
17181.316
17096.117
16927.184
16888.584
16889.518
17136.117
16688.717
17233.316
17215.85
17234.449
17217.916
16792.449
17491.449
17438.518
17035.051
17195.717
17875.449
17587.584
17325.783
17829.717
18020.117
17703.184
17467.449
17595.982
17249.449
17421.184
16893.518
17076.518
17388.916
17253.584
17284.65
17736.783
17369.65
17515.383
16848.051
16738.25
17664.85
17441.449
17281.65
17427.117
17280.518
17337.518
17503.783
17144.449
17193.117
17167.449
17141.316
17068.449
17279.584
16896.449
17020.982
16878.518
17252.982
16966.117
17106.916
17033.316
17467.316
17076.783
17117.916
17015.051
17269.316
17489.518
17513.783
17390.65
17320.65
17174.25
17057.982
17301.584
17429.783
17548.184
17549.449
17183.518
17789.717
17627.584
17553.783
17082.916
17651.25
17567.518
17339.316
17235.25
17332.783
17477.65
17547.65
17475.184
17582.982
17234.316
17359.117
17609.717
17283.184
17385.584
17293.117
17125.117
17257.518
17359.584
17096.982
17044.916
17172.65
17440.65
16509.916
17259.383
17272.518
17208.783
16506.051
16902.449
17189.85
17306.518
17127.982
17173.982
17123.783
17283.383
16979.051
16871.316
17266.584
17021.982
17111.316
16745.316
17014.184
17036.85
16703.717
16655.316
16944.717
16585.783
16563.916
16376.650000000001
16705.65
16595.85
16289.116
16612.25
16567.917
16307.917
16479.917
16618.384
16433.983
16401.316
16184.583
16180.983
16483.717
16180.717
16308.583
15984.316
16083.65
16107.517
15981.583
16072.917
15908.116
15841.05
15797.85
15752.25
16009.917
15936.65
15893.583
15008.917
15304.717
15264.05
15104.983
14517.45
14491.783
14545.316
14178.05
13589.25
14116.917
13957.45
13149.45
13564.45
13511.116
13156.316
13271.384
12778.583
12899.65
12747.184
12494.05
12594.05
12859.25
12745.517
12870.384
11647.05
12413.917
12482.517
12025.45
12359.65
12590.65
12663.116
12357.184
12783.583
13003.917
12994.05
13201.717
13538.45
13543.983
13368.583
13468.65
13258.85
13270.85
13434.316
13394.717
12859.85
13312.316
13190.917
12859.717
12307.783
12628.783
12440.316
12132.316
12068.65
11922.184
12025.05
11842.116
11695.184
12110.316
12085.917
11941.983
11989.917
12069.983
11910.517
11822.116
11732.316
12161.983
11967.85
11659.05
12067.65
12444.45
12236.983
11947.25
12090.583
12041.116
12113.85
12027.25
11928.717
12012.184
11756.384
11189.184
11762.116
11635.917
11749.05
11908.184
11418.184
11907.184
11794.717
11088.85
11367.517
11590.783
11452.583
11509.116
11737.85
11858.783
11807.717
12011.05
11921.783
12040.783
11892.116
11834.45
11545.25
11810.517
11898.384
11580.116
11595.65
11850.316
11835.116
11552.65
12016.45
12023.25
12184.517
11719.917
11948.517
12074.184
12052.783
12259.65
11571.05
12066.45
11935.583
12118.983
11718.116
12397.583
12134.116
12252.85
11849.316
12415.25
12352.116
12032.65
11853.65
12057.316
11835.316
11758.45
11982.917
11911.85
11779.116
11430.583
11419.783
11666.184
11849.316
11719.917
11852.316
11812.65
11671.116
11443.316
11653.05
11776.783
11643.116
11886.517
11291.384
11620.517
11906.316
11876.25
11547.983
11610.583
11168.05
10866.05
11332.05
11254.917
11314.25
10510.717
11066.983
11345.783
11190.384
10898.917
11231.184
11489.983
11078.384
11249.783
11043.85
11323.983
10965.25
10706.65
10703.65
11030.717
10964.25
10522.517
10838.05
10800.316
10961.85
10803.116
10836.783
10924.783
10772.45
10587.05
10805.116
10956.983
10856.184
10690.45
11057.184
10773.983
10895.05
10783.717
10596.116
10750.116
10769.116
10600.717
10480.517
10537.25
10621.384
10307.65
10242.316
10693.384
10690.517
10394.65
10447.05
10687.25
10694.05
10268.316
10345.184
10530.583
10335.917
10111.517
10510.917
10507.25
10281.583
10494.85
10269.583
10317.45
10294.85
10022.05
9672.05
10349.85
10010.517
10217.85
10045.05
10163.05
9943.65
9906.116
9761.917
10108.25
9977.116
9889.717
9636.517
9887.583
9931.384
9727.717
9701.384
9977.65
9958.85
9446.717
9643.116
9901.384
9879.85
9177.717
9373.45
9801.184
9765.783
9630.05
9317.45
9857.384
9754.184
9648.517
9433.983
9584.384
9400.05
9267.783
9447.05
9584.717
9381.116
9224.65
9250.85
9722.583
9698.45
9476.45
9210.583
9317.05
9460.45
9282.517
9081.517
9439.116
9321.25
9328.316
9005.517
9184.717
9295.717
9230.917
9064.65
9291.583
9073.583
9501.85
8801.583
9248.184
9154.717
8942.717
8511.25
9219.116
9179.184
9193.116
8884.783
8992.983
8830.05
8950.05
9061.517
9345.85
8582.65
8839.116
8654.116
8922.116
8358.05
7947.917
7367.317
7155.85
6379.317
5615.983
5071.517
4479.45
3776.717
3389.45
2741.317
3052.45
2966.65
2686.317
2873.383
3744.983
3926.85
3900.8500000000004
4845.917
5363.05
5635.583
5934.983
5265.717
6026.183
5655.717
5501.05
5176.717
4978.383
5065.85
4761.65
4541.783
4903.45
4977.983
4934.583
4726.05
5450.45
5223.65
5259.317
5840.317
5927.05
6145.517
5820.85
6298.85
6452.383
6425.05
6416.45
6676.917
6940.783
6990.717
6497.783
6751.717
7265.25
7282.05
6872.117
7348.917
7610.717
7761.45
7656.25
7654.783
8123.05
8091.183
7494.717
7613.117
8282.582999999999
8386.917000000001
8188.25
7915.317
8466.05
8246.383
8072.317
8074.65
8537.917000000001
8363.183
7471.45
8344.65
8484.45
8580.317
8242.383
8033.05
8536.317
8463.65
8240.517
8174.117
8321.717
8406.983
7994.183
7869.583
8757.783
8349.317
8149.183
8199.582999999999
8494.317
8407.582999999999
8256.25
8215.983
8439.183
8384.317
8221.783
8191.583
8490.517
8458.582999999999
8332.783
8219.384
8535.45
8471.05
7887.25
8111.25
8425.582999999999
8358.383
7977.65
7917.517
8326.517
8180.317
8229.65
8025.583
8258.517
8376.85
8087.317
7654.25
8401.783
8299.317
8296.65
8099.85
8577.85
8318.383
8155.917
7915.183
8421.717
8199.65
7788.05
7632.05
8256.317
8214.582999999999
8201.317
7601.317
8314.317
8168.85
8003.85
8091.583
8291.383
8241.383
8060.983
7976.117
8495.45
8288.317
7465.85
7835.383
8387.45
8156.717
8146.783
7986.517
8403.25
8294.65
7841.383
7623.65
8212.05
8035.983
8037.717
7896.25
8206.983
8206.582999999999
8050.117
7587.717
8259.983
8202.117
7849.383
7535.65
8113.85
8260.05
7969.517
7862.383
8216.25
7844.383
7812.317
7943.45
7925.65
7870.85
7740.117
7547.783
8122.25
7950.85
7572.65
7519.65
7977.45
8118.583
7431.65
7500.05
7964.05
7892.317
7919.65
7704.317
7885.317
7819.317
7756.917
7464.783
8058.317
7843.317
7553.783
7552.383
7900.317
7816.583
7685.117
7168.517
7811.25
7730.917
7613.517
7101.05
7890.783
7685.783
7186.45
7614.717
7682.25
7607.783
7182.317
7307.317
7459.917
7600.25
7335.65
7303.983
7594.85
7369.383
7357.983
7123.183
7438.983
7468.783
7009.25
6975.85
7425.383
7402.117
7137.183
7084.45
7134.85
7314.05
6857.983
7013.45
7091.317
7155.917
6962.85
6733.383
7284.517
7173.717
6768.117
6448.85
7026.917
7163.317
6992.983
6695.783
7024.317
7000.117
6310.85
6718.05
7151.05
6798.25
6636.517
6693.117
6927.917
6974.717
6592.65
6463.117
6856.65
6958.183
6765.65
6672.65
7001.983
6808.983
6522.517
6262.45
6877.317
6708.45
6941.983
6387.65
6901.317
6840.85
6344.317
6380.383
6874.45
6706.183
6512.25
6577.117
6866.317
6795.583
6373.05
6315.717
6913.05
6680.117
6514.717
6572.717
6799.317
6681.317
6221.183
6120.783
6484.183
6461.717
5945.45
6073.717
6553.05
6414.45
6558.05
6234.583
6560.117
6446.05
6640.45
6280.85
6468.183
6393.983
6039.517
6013.25
6481.45
6351.983
5902.383
5363.783
6336.317
6375.117
5893.717
6102.983
6328.25
6143.917
5976.517
5962.65
6311.25
6112.117
5946.85
5596.917
6154.983
6229.517
5510.783
5681.05
6217.917
6016.25
5747.183
5531.917
6132.517
6112.583
6011.783
5625.05
6200.85
6116.85
6057.45
5936.517
6134.717
5997.117
4775.117
5271.117
6035.317
6088.583
5737.05
5465.717
5973.717
6091.983
5456.65
5446.117
5902.85
5857.65
5381.183
5418.117
5924.717
5877.05
5221.383
5256.583
5768.183
5722.25
5475.05
5473.983
5705.917
5644.517
5212.117
5604.583
5682.717
5734.517
5188.45
5438.05
5801.05
5584.45
5145.05
5065.383
5638.317
5637.85
5479.45
4929.117
5692.117
5587.983
4904.117
5031.983
