269.0
63.93300000000001
-143.067
158.333
440.4
136.933
210.133
240.53300000000002
233.53300000000002
262.867
121.667
-171.2
202.53300000000002
214.8
14.667000000000002
-29.599999999999994
355.0
2.8670000000000044
51.6
358.933
417.8
189.333
461.533
142.0
279.2
195.2
222.333
-127.4
193.46699999999998
201.0
317.267
28.132999999999996
283.733
201.53300000000002
237.733
26.132999999999996
559.933
475.6
86.8
-56.467
244.267
122.267
-12.799999999999997
181.067
199.86700000000002
232.067
150.4
236.067
215.0
250.86700000000002
-42.2
34.2
603.667
282.133
-17.599999999999994
-268.533
427.2
440.533
26.0
40.733000000000004
372.2
440.867
390.267
233.6
414.33299999999997
377.533
158.267
323.33299999999997
390.4
395.2
322.33299999999997
-138.067
440.4
281.6
32.333
76.8
376.6
187.067
132.933
77.4
300.867
502.133
186.46699999999998
66.4
227.667
342.933
32.266999999999996
9.332999999999998
240.2
203.53300000000002
500.533
-4.466999999999999
180.333
207.8
340.933
-60.8
192.6
256.533
188.53300000000002
94.733
407.66700000000003
366.267
-226.0
29.266999999999996
397.4
299.66700000000003
214.0
213.067
463.33299999999997
289.867
-5.933000000000007
268.533
103.067
320.867
246.46699999999998
274.2
408.8
277.133
551.6
-225.2
319.867
370.8
97.933
366.0
389.267
449.867
255.46699999999998
104.867
347.533
243.53300000000002
-64.6
115.267
330.133
310.33299999999997
123.133
3.4669999999999987
408.33299999999997
438.8
57.132999999999996
-243.933
346.533
323.067
80.867
140.53300000000002
271.4
416.933
332.467
38.132999999999996
293.6
324.867
-284.933
-135.333
300.133
199.333
158.0
-4.533000000000001
323.33299999999997
272.33299999999997
51.8
215.46699999999998
403.8
293.2
240.933
-106.0
452.6
405.66700000000003
430.467
154.46699999999998
481.067
283.2
162.2
348.733
410.2
87.333
365.4
-160.2
134.6
230.8
2.5999999999999943
368.867
586.133
426.4
169.333
-86.733
494.133
158.067
460.933
29.132999999999996
384.933
360.067
318.4
389.4
520.2
353.467
426.267
310.33299999999997
329.133
228.667
385.733
-349.8
382.267
355.733
163.46699999999998
149.4
135.6
316.33299999999997
466.533
186.733
241.067
302.33299999999997
118.333
-190.86700000000002
268.933
379.867
460.33299999999997
185.46699999999998
391.933
306.933
37.667
-317.733
439.33299999999997
243.8
-69.533
20.266999999999996
254.067
196.2
-1006.0
-87.733
124.533
273.66700000000003
235.53300000000002
-67.0
563.667
397.933
254.667
75.867
258.0
232.13299999999998
-121.133
429.33299999999997
520.133
277.8
-188.0
32.533
310.66700000000003
319.533
-123.4
352.0
382.6
264.133
393.467
348.467
331.067
409.0
239.46699999999998
184.46699999999998
367.467
250.8
414.133
23.0
400.267
433.533
338.133
-73.667
217.13299999999998
314.6
83.0
-294.533
367.067
341.66700000000003
249.933
-116.2
342.0
335.467
210.13299999999998
83.4
360.933
353.733
-163.267
206.733
332.133
66.733
-152.267
157.733
259.133
211.86700000000002
319.933
167.067
258.66700000000003
522.933
102.933
169.267
373.2
533.0
387.733
158.4
220.667
284.33299999999997
95.267
483.867
355.067
214.6
-154.333
104.267
218.333
298.0
276.6
-5.266999999999996
542.133
563.067
35.867000000000004
288.067
377.6
355.733
238.067
113.933
344.2
392.867
85.0
133.067
304.067
343.933
176.733
315.6
481.733
454.8
413.933
129.13299999999998
568.733
192.867
402.4
-116.13300000000001
388.2
203.467
-67.667
305.8
354.6
224.133
566.133
418.13300000000004
404.66700000000003
290.733
662.533
117.86699999999999
415.13300000000004
323.733
2.1330000000000098
308.067
670.8
436.467
572.0
-8.13300000000001
472.6
397.8
420.733
231.0
388.733
561.933
-13.0
272.66700000000003
643.867
376.267
181.867
210.333
381.13300000000004
395.86699999999996
556.267
219.4
681.533
570.333
731.8
488.467
734.067
548.933
273.4
381.0
433.6
671.267
821.733
254.733
763.067
639.3330000000001
578.133
728.533
646.867
546.6
395.533
699.8
538.6
812.733
170.13299999999998
340.0
613.733
611.4
614.2
459.333
941.3330000000001
616.867
772.733
606.6
737.6
708.533
738.6669999999999
371.133
1063.6
519.533
617.3330000000001
557.0
904.3330000000001
581.933
756.2
658.867
666.3330000000001
938.667
846.133
736.933
684.4
930.667
706.333
512.3330000000001
1004.6
796.533
690.2
629.067
619.6
732.733
844.933
719.133
942.8
839.4
628.6
580.6
749.267
860.133
752.0
633.667
968.2
546.333
807.267
543.333
739.0
644.867
816.467
917.867
789.933
537.267
843.6
1022.333
511.933
933.8
783.6
820.867
841.533
828.667
676.933
1043.867
1217.6
743.733
752.133
1346.4
975.0
1197.933
573.933
771.733
1242.867
1076.067
1219.333
1295.067
826.733
801.4000000000001
926.4000000000001
913.867
1428.0
1256.8
721.6669999999999
1206.6
1097.333
1312.8
1342.733
1161.333
1090.267
1432.467
708.6669999999999
975.867
1107.467
1279.067
1603.333
1551.0
1486.933
1446.2
1242.733
1349.667
1365.267
1277.8
903.5999999999999
1115.2
1456.267
1276.4
1528.067
1094.0
1596.733
1493.133
1592.333
1413.2
1562.133
1494.867
1085.4
1548.933
1402.667
1315.0
1247.667
1388.267
1366.6
1486.267
1392.267
1160.933
1482.2
1266.867
1251.467
1134.2
1592.267
1498.667
1438.267
1513.733
1619.333
1373.267
1338.067
1248.6
1500.8
1530.867
1401.733
1157.933
1636.267
1394.133
1419.4
1412.933
1565.467
1451.267
956.0
1393.0
1459.133
1551.067
1554.067
1745.267
1866.0
1682.467
1703.533
1678.333
1813.467
1887.467
1734.6
1833.067
1807.467
1828.733
1988.0
1838.0
2227.467
1694.4
1264.133
1527.133
1728.933
2018.933
1740.067
1839.8
2190.0
2002.333
1932.0
1871.733
2095.2
2155.933
2185.333
1900.467
2258.2
1941.933
1827.533
1715.133
1759.2
1659.667
1980.067
1326.6
1736.133
1860.0
2091.867
1754.6
2081.2
1974.267
2168.933
1982.333
2040.0
2120.133
2090.0
2012.2
2322.867
1887.6
2426.0
2184.933
2198.333
2126.533
2025.0
2210.133
2437.6
1816.2
1926.133
2261.4
2493.6
2206.6
2289.667
2031.667
2093.2
1991.533
2090.267
2222.533
2187.4
2510.267
2763.933
2088.467
2643.867
2643.667
2486.4
2414.267
2448.733
2333.0
2292.267
2581.067
2511.933
2328.067
2115.733
2243.6
2164.0
2131.733
2453.4
2337.2
2499.733
2722.267
2550.067
2696.067
2890.2
2647.2
2986.333
2820.933
3140.133
2904.333
2751.933
2992.067
2987.6
2893.133
2706.0
2851.933
2656.933
2737.467
2611.067
2785.2
2752.2
2542.667
2210.333
2471.6
2388.4
2428.533
2251.8
2187.667
2442.667
2185.667
2112.333
1828.067
2440.867
2008.867
2353.733
2366.8
2567.867
3063.8
2854.867
3167.933
3019.133
3214.2
3341.133
2941.467
3125.533
3070.6
2761.467
2695.2
2967.333
2834.8
3091.067
2645.067
2922.4
2967.4
2954.667
3108.133
3075.8
3119.067
3306.067
3276.0
3305.133
3299.267
3199.8
2918.267
3237.667
3315.0
3143.867
3403.333
3492.533
3362.067
3232.867
2933.8
3456.867
3359.133
3659.733
3950.667
4045.467
4424.2
4404.532999999999
4261.933
4187.067
4106.933
4217.6
3819.6
4397.3330000000005
4082.267
4212.2
4127.0
4369.133
3869.533
4023.6
4159.733
3999.333
4047.2
3821.533
3556.933
4168.467000000001
4276.133
4128.8
4335.667
4502.667
4496.267
4371.133
4127.6
4474.067
4409.067
3879.267
4088.2
4054.8
4293.532999999999
4157.133
4411.8
4608.333
4340.8
4202.933
3667.933
3925.933
4015.467
4070.733
3801.6
4217.3330000000005
3880.067
3921.467
3688.867
3606.067
3563.667
3478.467
3572.6
3589.667
3708.467
3495.333
3615.267
3375.467
3533.2
3686.333
3790.6
4098.4
4286.6669999999995
4388.4
4563.333
4337.3330000000005
4427.067
3979.467
4503.733
4301.267
4322.0
4857.733
4558.667
5265.733
5281.133
5222.933
5461.0
6034.867
5522.867
5630.933
5098.067
5278.267
5163.467
4753.8
4464.2
4517.667
4390.2
4183.267
4304.733
4790.2
4427.267
4720.533
4777.0
5281.933
5259.533
5382.333
5114.533
4934.867
4820.2
4420.8
4267.8
4345.3330000000005
3928.4
3789.2
3639.733
3686.933
3633.067
3026.8
3375.333
3383.667
3041.0
2711.2
3491.267
3537.667
3699.0
3983.533
3730.667
4552.067
4818.4
4896.4
4732.867
4829.2
4589.667
4212.667
4366.6
4277.867
4476.067
4464.667
4291.733
4845.2
4521.267
4705.867
4583.4
4743.8
4711.2
4602.4
4086.8
4685.4
4532.0
4669.8
4615.2
4524.733
4536.333
4604.267
4605.6
5285.2
5351.2
5365.667
5628.067
5773.4
5856.8
5823.533
5660.667
5994.0
5745.6
6164.4
5768.867
6226.267
6664.6
5993.933
6226.2
6276.867
6042.067
6018.533
5296.0
5148.8
4581.533
4318.533
3383.533
3229.6
2705.267
2512.533
2516.0
3068.6
3362.867
3710.0
4262.867
4608.867
4866.4
5144.4
5599.333
5892.4
6309.267
6204.333
6192.933
6326.0
5757.333
5642.867
5327.733
4932.8
4146.933
3819.2
3503.4
3506.267
3850.733
4036.533
4591.733
5495.6
5799.867
6026.667
6900.733
7182.067
7286.8
7698.4
7407.267
8126.867
8163.867
8580.133
8309.6
8232.067
8676.866
8422.333
8480.733
8627.2
8478.2
8752.733
8529.0
9170.066
9004.467
9094.333
8884.4
9402.4
9233.4
9082.467
9184.6
9695.333
9478.667
9400.8
9186.8
9348.134
8901.0
8953.667
9140.267
9197.733
9620.4
9382.267
9525.4
9531.733
9255.6
8932.2
8740.2
8904.866
9207.934
9367.866
9282.8
9286.667
9297.6
9218.667
9096.866
8980.4
8982.8
8808.333
8908.066
9366.6
9116.533
9310.533
9004.4
9139.134
9377.733
9139.533
9551.0
9697.134
9682.533
9804.267
9878.333
9991.467
10326.6
10574.134
10390.467
10297.733
10244.866
9539.667
9028.866
9167.6
9110.333
9027.733
8952.066
9279.866
9516.2
9660.934
10271.733
10233.267
10824.267
10779.6
10821.667
10786.2
11245.0
10601.134
10726.2
11152.934
10675.934
10708.134
10926.2
10838.866
10661.934
11282.066
10772.0
11103.8
11052.267
10946.533
10688.2
10959.2
10818.533
10818.8
10221.533
10886.333
10717.134
10711.6
10313.6
10689.6
11048.333
11276.2
10934.2
11186.733
11253.066
11035.333
11051.533
10990.467
9939.6
10404.533
10443.6
10535.134
10028.0
10649.866
10489.333
10529.667
10250.134
10228.267
10589.733
10734.066
10655.134
10751.467
10486.333
10235.667
10223.667
9621.733
9873.6
10600.934
10394.267
10527.4
10873.066
11203.866
11299.667
11480.0
11117.267
11257.6
11382.333
11304.333
10875.8
10674.2
10182.066
10338.667
9595.533
10252.2
10508.467
10130.0
10124.667
10957.667
10934.267
10353.333
10405.667
11247.467
11427.934
11117.066
10949.533
11041.733
11120.733
10863.0
10782.467
11059.733
10836.267
11132.866
11431.066
11122.066
11369.8
11675.4
10749.4
11004.667
10867.533
10490.467
10744.8
10025.2
10294.267
10325.533
11292.134
11201.0
11006.6
11022.134
10571.6
10836.866
10806.866
11130.467
10794.467
10554.934
10041.733
9852.066
9528.733
9163.0
9066.733
8434.933
8300.4
8289.267
8284.4
8821.667
9201.134
10149.866
10792.134
11957.0
12088.134
13106.467
12271.333
11723.4
12204.8
12068.8
11878.4
12639.667
12788.934
12968.8
12812.134
12706.2
12061.934
11606.134
11235.667
11482.866
11389.467
12682.6
12127.6
12780.066
12821.733
13125.934
13195.2
12809.8
13532.934
13719.333
14348.333
14219.134
14358.467
14616.667
14991.4
13920.533
14142.866
13529.667
13868.8
13830.667
14263.866
13698.134
13456.267
13007.6
12808.8
13034.267
12750.134
11831.066
12705.066
12572.733
13428.2
13579.667
13622.4
14541.066
14144.333
13753.733
14062.134
14138.733
13906.733
13889.333
14125.467
14522.066
14972.467
15036.134
14709.733
14846.066
16486.866
15222.467
15273.134
15489.934
14906.733
15501.6
15469.934
16086.6
15486.8
14928.2
15242.866
15484.6
15345.0
14826.4
14735.4
15848.533
16321.6
15921.6
15266.0
15618.467
15398.0
15293.866
14424.2
15351.4
15197.866
14838.667
14157.267
14747.8
15023.934
15024.6
14630.467
15649.267
15683.934
15488.533
15867.733
16001.267
16767.334
16000.4
15779.733
16371.467
15922.733
16253.267
15361.533
15704.267
16466.667
16018.866
16164.934
16213.533
15759.733
15969.333
16433.0
17096.066
16797.6
16760.4
16977.133
16761.134
17238.732
17669.6
17244.6
17162.533
16783.666
16772.334
16243.4
16722.066
16330.333
16653.934
15998.8
15572.4
15788.2
15711.066
15390.934
16012.066
15531.8
15673.6
15793.066
15711.267
15819.467
15665.0
16232.934
16731.6
17108.934
16228.733
16324.400000000001
16394.2
15818.667
16678.934
16281.666000000001
16829.801
16822.533
17202.0
17206.666
17384.6
17629.268
17043.133
16572.467
18264.732
17615.801
17538.199
17781.666
18058.4
16807.6
17519.6
16793.4
17793.6
17500.334
16727.2
17368.6
17852.934
17514.133
17637.732
18624.268
18049.867
17421.732
17233.666
16998.4
16873.133
17443.199
18148.133
18048.666
18729.533
18882.268
19216.199
18741.066
18787.334
19210.934
18975.666
18982.732
18989.0
19052.199
19420.6
19092.467
19786.4
19550.4
19689.533
20149.268
19976.268
19933.467
19453.934
19618.268
19884.467
19463.533
19315.934
19156.4
19865.199
19532.334
20600.334
19824.666
19416.934
19930.133
20103.934
20831.066
20892.268
21030.867
20410.801
20648.6
20103.801
20311.934
20016.334
20480.533
20645.133
22504.066
20748.133
21669.934
22037.4
22200.732
21673.666
22959.0
22426.4
22778.533
23546.133
24229.4
23014.133
23575.801
23053.268
23315.0
25024.133
23457.467
23611.934
22733.0
22710.666
22833.732
23511.867
23355.066
23901.934
24653.6
24096.467
24877.268
25589.268
26281.334
26251.4
26451.268
27231.334
27947.268
27257.133
25886.4
26768.199
26957.268
26164.268
26746.066
27340.0
27407.334
27152.199
27663.801
28293.801
27614.133
29065.268
29809.666
29396.867
28830.4
29943.268
29752.801
29851.334
29498.4
29939.268
30007.867
29837.6
29896.199
29460.934
29761.867
30681.0
31453.0
31870.867
32214.066
33607.398
33869.332
33253.066
34002.602
34011.266
33725.266
33755.266
32777.465
33796.398
32920.334
32924.199
34513.801
35135.602
35427.398
35525.266
35723.398
36473.934
35564.0
35876.867
35268.066
35606.867
35841.0
35278.332
35990.535
36808.398
37192.867
37282.465
37481.066
37921.398
37899.199
37277.332
37634.734
37425.199
37605.199
36895.934
37525.867
37629.199
37835.801
38254.066
37716.602
37609.867
37785.266
37876.332
37953.133
37975.266
38342.0
38059.867
38231.398
38483.398
38231.0
37070.0
36520.734
34745.332
33355.398
32354.732
32027.6
31930.133
32457.666
32412.533
33759.066
35441.465
35973.066
36629.199
36825.668
37022.867
37978.801
38970.332
38632.668
39278.066
39319.934
38958.0
38138.0
37780.668
38087.535
38695.332
39031.734
39546.0
40126.398
41089.934
41696.066
41777.867
41861.602
41059.465
40944.602
40467.332
40757.465
40801.867
40832.602
40751.801
40025.801
39614.332
39385.867
38801.934
38839.668
39191.133
38911.734
40487.801
40723.133
41057.801
41682.668
41969.465
40994.199
41219.668
40845.398
40873.602
41210.867
41579.934
42049.332
43076.602
42910.199
43550.133
43037.133
42980.0
42558.133
41799.199
42022.0
41944.734
42145.867
41863.332
42159.535
42735.934
43035.934
42536.398
42702.934
43745.332
43191.801
43609.934
42838.0
43488.668
42963.465
41953.535
41448.602
41087.668
40970.535
41180.535
41585.934
41997.398
43168.602
42889.934
43796.668
43204.668
43231.734
43027.133
42544.801
42197.266
41736.133
41095.535
41239.199
41225.867
40962.266
41166.602
41192.066
40891.734
40973.266
40798.398
40968.535
41481.066
41950.398
41930.465
42416.266
43149.398
43416.668
43343.398
43714.867
43469.734
43427.332
42624.867
42175.734
41620.734
41957.0
42358.602
42045.934
42909.801
43268.934
43884.465
44153.734
44143.734
44031.801
44982.867
45316.332
45887.867
45964.801
45578.801
45452.602
45162.801
45139.867
44388.133
44181.133
44340.465
44311.266
44000.266
43845.0
42924.0
43549.867
43124.266
43591.535
43398.332
44334.734
44894.133
45508.332
45921.934
46239.199
45193.332
45342.398
44799.133
44805.266
45177.398
44753.465
44739.801
44332.602
44790.465
45171.0
45165.602
45393.734
45474.465
45964.0
46382.867
47267.801
46419.668
46313.734
45548.199
45565.867
44744.668
44746.332
44639.535
44355.801
45066.535
45183.0
43328.801
44518.199
44438.535
44069.535
44278.0
43975.266
43904.266
44220.0
44790.066
45090.867
45104.535
45051.602
45246.199
45998.133
46036.602
46310.602
46038.934
45500.066
44094.535
42380.734
41551.0
39956.535
38229.734
37698.0
38407.734
39515.398
41947.066
42629.398
42053.801
42076.266
42287.867
41703.133
42143.734
41531.668
41013.867
42021.934
43272.867
44280.934
44161.0
44627.0
44833.332
45319.801
46172.668
45610.465
45508.332
45584.734
44761.398
45276.668
45765.934
45807.734
45581.535
46500.734
46913.535
46956.066
47004.867
46190.668
46063.465
45760.934
46005.398
45652.801
44888.199
44657.734
44158.199
45268.133
46085.398
46826.734
46495.602
47198.668
48139.934
48462.066
47874.602
47448.934
47847.266
47175.465
47053.199
46347.199
47089.668
47610.133
47093.199
46772.734
46402.734
45299.199
44565.465
42956.934
41719.398
41344.867
41412.398
41830.133
42404.801
43685.398
43939.734
45262.734
45568.199
45648.535
46324.602
46562.398
46988.066
47242.465
47350.867
47919.801
48747.867
48106.934
47641.668
46780.734
46648.199
46535.734
46423.465
46367.602
46407.266
47170.066
48184.266
48268.934
48272.066
48300.668
48102.934
47921.266
47859.867
47882.668
46631.535
46075.934
45645.332
44976.535
44089.133
43591.668
43968.801
44290.266
44801.801
45230.668
45933.602
46012.0
45802.266
45656.934
45789.535
45486.465
45080.535
45227.801
45698.934
46205.867
46371.266
46447.332
46943.465
47568.199
47468.332
47551.332
47267.602
47110.801
46430.734
45624.199
45225.066
44316.801
43247.066
44619.199
44477.0
44831.266
45028.934
45718.066
45842.133
46167.602
45626.734
45718.602
46079.332
45538.066
45420.066
45233.266
45115.266
44775.602
44081.0
43558.398
43737.734
43797.535
43288.535
42615.0
42966.066
42729.535
42444.734
42476.332
42783.266
43097.734
43334.332
43806.266
43968.133
44462.465
44139.734
43997.133
44447.465
44346.199
43154.668
43862.867
43499.668
43483.734
43719.734
43016.199
43141.934
44077.734
44246.465
44634.398
44513.066
44630.668
44601.602
44282.0
44771.266
44246.535
43724.0
43638.934
43978.133
44400.266
44635.266
43857.465
43996.133
43859.801
43417.801
43765.801
43910.133
43754.668
43531.934
43731.0
43417.133
43588.535
43009.465
42738.668
42607.801
42534.199
42804.867
42318.668
43270.266
43496.0
44059.801
43376.199
43557.934
43598.332
43830.668
43684.668
43461.734
43652.801
43605.199
43345.668
43387.199
43418.602
43088.0
42603.535
43034.398
43137.602
43271.934
43231.535
43432.266
43436.867
43327.734
43738.602
43726.133
43978.199
43083.066
42638.266
42906.801
42333.465
42404.801
42155.266
42762.398
43310.398
43150.602
42977.867
43261.934
43220.066
43568.734
43374.867
43394.199
43783.801
43522.465
43517.266
43758.668
43801.801
43695.0
43520.801
42791.332
43014.602
42197.332
42444.734
42497.066
42423.801
42043.133
42184.266
42066.934
42059.266
42094.266
42496.066
42148.801
42766.199
42461.867
42459.199
41907.801
41513.133
41109.535
41238.199
40791.867
40856.133
40560.535
41138.602
41359.668
41418.066
41232.199
40879.0
41959.535
42213.332
42439.734
42567.801
43139.668
43351.801
42611.398
42397.535
42244.398
42209.133
41386.266
41517.133
41753.0
41747.332
42086.0
42047.0
42537.465
42390.801
42496.266
42290.535
42622.867
42245.465
41937.398
41410.668
42003.398
42099.0
41296.266
42147.535
41796.801
42122.398
42333.066
41808.867
42097.465
41712.0
40940.332
40417.066
40902.668
40603.867
40380.801
40804.867
40828.734
41871.066
41568.398
42245.934
42439.0
42137.398
42054.867
42449.0
42797.465
42263.133
41681.0
41488.668
41411.266
40910.199
40754.465
40625.066
41268.734
41329.535
41269.668
41226.801
41863.266
41947.535
41522.867
41295.066
41296.0
40856.066
40180.934
39673.0
39705.199
39662.801
39331.867
39653.266
39992.332
40604.801
40852.332
40952.734
41300.668
41508.0
41926.199
41876.934
41998.801
41726.066
41611.332
42111.398
41467.133
41992.465
41694.465
41202.602
41782.535
41706.266
41853.734
41432.266
41291.801
41227.398
41214.535
40605.668
40793.133
40469.133
40290.867
40649.801
40229.332
40034.801
40005.734
39859.465
40705.332
40982.801
40204.199
40320.465
40890.0
40804.734
40684.734
41171.934
40672.0
40347.398
40220.066
39431.199
39955.066
39124.734
39297.465
39169.332
39153.535
39662.734
39456.066
39791.867
39675.734
39612.266
39967.133
39912.602
40211.199
40153.066
39667.535
39661.934
39857.867
40066.199
39176.934
39578.398
39734.668
39749.199
39144.734
39631.465
40315.602
39878.934
39620.535
40420.199
40474.602
40412.332
40085.266
39645.398
40184.465
39727.332
39914.0
39825.066
39607.266
39785.266
39675.465
39446.801
39761.934
39495.867
38868.668
39031.199
39299.332
39049.266
38407.602
38422.133
38138.266
38016.266
37821.266
37428.602
38025.668
38025.934
37718.465
38619.867
38523.133
38772.465
38710.668
38397.398
38943.934
38772.0
38401.602
37920.934
38388.332
38590.398
37718.133
36976.133
36230.734
35511.734
34987.801
34251.133
33877.801
33291.266
32789.732
34028.465
34635.668
34696.867
35231.602
35975.465
37143.133
36803.266
37282.066
37094.801
36986.0
37210.332
36779.535
36598.602
36741.535
36737.133
36320.465
36511.867
36583.133
36784.199
36558.867
36260.133
36707.0
36420.0
36473.734
36310.535
36669.867
36650.133
36305.934
36861.199
36689.398
36505.0
36145.734
35862.734
35910.801
35801.266
35751.602
35924.668
35703.398
36049.199
36113.133
35867.465
36109.465
36603.133
36241.734
36022.199
36306.465
36434.465
36331.668
36450.066
36373.668
35945.934
35731.066
35700.465
35907.668
35758.535
34961.801
35370.0
35245.465
35473.934
35305.0
35159.867
35271.734
35377.602
35716.398
35226.332
35432.332
35705.867
35112.0
35426.801
35359.465
35312.668
34756.465
34840.0
34771.465
34821.199
34797.398
34748.332
34677.465
34652.535
34076.332
34384.867
34130.266
34470.867
33976.133
34332.867
34920.066
34592.535
34997.602
34935.602
34837.602
35289.867
35029.398
35101.602
35141.734
35074.668
35210.734
35014.332
35177.133
34899.602
35138.535
34912.398
35315.199
34727.801
34796.398
34518.734
34837.465
34935.535
34461.934
34360.266
34384.332
34465.535
34405.535
34426.133
34546.266
34602.066
34613.266
34518.332
34460.0
34084.0
33655.199
33580.0
33792.133
33251.867
32932.266
33063.0
33505.0
33452.535
33008.199
33026.465
33375.535
33187.465
32871.867
32537.732
32850.532999999996
32718.334
32295.666
31820.4
32176.133
32261.666
32213.533
32492.6
32415.732
32378.867
31774.066
32002.066
31589.867
31523.268
30785.533
30614.934
30620.268
30196.467
30199.0
29501.0
29920.4
29540.6
28961.0
28235.533
28072.732
28144.4
28022.801
27447.732
27679.133
27606.268
27872.4
27981.732
28551.066
28982.4
29728.133
30506.0
30639.732
30769.6
30779.934
31075.801
30923.133
30495.533
30607.268
30343.732
30583.533
30376.6
30721.801
30744.334
31098.4
31005.4
31270.066
31128.867
31606.934
31440.0
31163.334
31466.867
31794.6
31507.801
31219.6
31012.934
31342.0
31262.066
30989.0
30971.199
31020.533
31042.6
31469.732
30689.6
31197.732
31165.732
31245.934
31023.801
31291.199
31084.533
30697.666
30698.467
30775.0
30968.199
30282.6
30180.6
30428.934
30163.867
30053.934
30251.732
30421.133
30082.666
29935.934
29730.4
29675.934
29679.801
29816.199
29708.934
29707.666
29610.6
29653.666
29585.4
29425.199
29439.4
29234.133
28658.533
29074.334
28643.732
28746.199
28707.4
28836.934
28644.0
28732.334
28690.867
28766.4
29084.732
28848.666
29192.6
29021.334
29244.4
29009.934
28519.268
28704.4
28502.334
28345.133
28592.533
28431.066
28414.732
28450.533
28389.533
28757.467
29256.6
28812.066
29316.6
29458.133
29213.6
29370.801
29023.867
29305.0
29420.801
29554.801
29742.732
29771.0
30144.066
30094.801
30472.268
30798.867
31072.666
30564.199
30409.199
30778.467
31285.533
31068.666
31602.467
31717.801
32179.6
31942.533
32056.066
31922.199
31642.0
30907.6
29856.199
29312.334
28946.199
28684.199
28430.934
28152.867
28172.4
28085.6
27987.268
28164.867
28114.334
28082.4
28095.867
28434.0
28165.334
28005.334
27707.934
27676.199
27911.066
27453.0
27720.0
27586.0
27864.533
27840.6
27908.066
28006.6
28217.066
27863.732
27956.4
28325.4
28102.801
27549.6
27914.732
28200.334
28035.934
27710.6
27986.467
28244.467
27658.133
28049.867
27355.467
27707.867
27421.867
27154.467
27260.334
27110.334
27220.268
26966.666
26511.533
27124.666
27221.133
26879.467
26878.066
27035.732
26832.666
27182.334
26645.334
26866.0
26894.0
27050.666
27058.133
27146.801
26893.4
27071.066
27189.199
27407.133
26969.268
26537.801
26542.268
26816.133
27028.533
26679.467
26833.334
26674.666
26877.467
26646.4
26637.199
26703.934
26612.732
26230.0
25990.066
26577.133
26386.334
25895.334
25839.0
26270.533
25887.0
25895.467
25977.867
26276.133
25941.533
24963.467
25733.334
26178.666
25802.934
25741.467
25380.268
25635.801
25714.666
25915.0
25918.066
25798.533
25482.6
25557.467
25557.801
24911.066
24759.934
24227.467
24526.934
24015.4
24444.666
23998.801
24134.801
25398.268
25180.268
25133.268
25758.934
25579.867
25627.801
25215.066
25011.199
24834.133
24838.732
24586.801
24667.666
24738.133
24755.666
24356.801
24604.133
25222.334
24780.334
24244.0
24593.934
24863.6
24929.801
24584.467
24729.666
24880.533
24516.467
24218.066
23828.934
24217.066
23788.133
23673.133
23299.199
23271.066
23345.666
22705.4
22190.801
22097.6
20686.867
19938.0
19137.666
19242.199
19284.533
19363.467
19585.066
20403.467
21283.0
21764.934
21833.0
22009.867
22644.934
23120.801
23048.334
22698.268
23186.801
23058.066
23188.801
23177.066
22767.801
22457.801
22328.666
22766.732
22632.334
22200.801
22908.533
22809.199
23008.133
23092.066
22983.801
23084.4
23057.133
22816.6
22903.6
23020.666
23187.801
22765.467
22784.934
23166.334
23214.133
23145.934
23161.133
23335.066
23296.732
23168.0
22659.801
23145.867
23076.133
22758.066
22538.801
22800.867
22955.801
22758.066
22324.801
22559.801
22893.6
22232.199
22888.4
23032.268
22951.133
23435.0
23139.934
23246.4
23182.0
22968.533
23152.0
23071.066
22967.268
22653.066
22717.732
22765.066
22815.199
22703.133
22823.6
23014.066
23037.199
22689.4
22496.268
22776.732
22660.4
22837.133
22423.133
22927.533
22734.801
22968.0
22951.133
23001.666
22934.4
22484.268
22197.066
22743.467
22625.334
22787.732
22427.334
22299.533
22459.066
22273.732
22673.4
22387.934
22380.533
21791.467
21841.732
21959.934
22218.334
21328.0
21627.533
21853.199
21854.467
21581.4
21492.268
21880.732
21831.0
21602.0
21731.4
21776.934
22005.533
21285.334
21498.066
21982.867
22002.334
21652.6
21531.066
21629.666
21835.334
21470.666
21406.4
21566.133
21509.4
20924.334
21282.801
21249.6
21085.732
21071.801
21158.0
20867.199
21612.199
20973.066
20885.732
21002.666
21002.334
20889.467
20341.334
20842.801
20899.934
20570.4
20328.666
20800.334
20701.6
20548.934
20027.268
20595.801
20560.199
20472.867
20534.934
20188.666
20460.867
20270.801
19865.199
20145.268
19938.801
19979.467
19462.066
19932.867
19785.0
19175.732
18846.732
19592.801
19407.133
19228.199
19073.732
19375.4
19238.867
18884.066
18787.533
19438.4
19155.732
18987.801
18856.199
19338.6
18912.4
18714.199
18610.732
19226.066
18996.666
18724.934
18714.666
18863.867
18550.133
18214.199
17905.732
18350.467
18473.666
18365.467
18652.801
18777.334
18623.133
18065.4
18704.268
18491.6
18378.867
18367.133
18297.934
18202.199
18363.6
17866.4
17836.801
17229.867
16535.066
15803.8
15108.4
14719.066
14563.066
14502.2
14469.066
15382.6
15882.333
16054.8
16490.467
16807.6
16844.066
16965.0
16841.934
17001.268
16467.066
16478.333
15749.8
16803.134
16734.334
16501.867
16439.801
16828.867
17018.334
17180.867
16882.666
17315.133
17518.666
17153.199
17237.334
17595.867
17626.0
17593.934
17713.467
17856.334
17805.066
17552.066
17223.133
18128.4
17873.801
17825.467
17451.334
18078.666
18249.6
18021.666
18199.801
18246.533
17781.268
17979.4
17627.4
18170.6
18068.4
17952.133
17847.4
17926.934
18107.867
17731.467
18222.066
18216.666
18256.732
18223.6
17801.867
18510.934
18481.666
18040.133
18179.199
18856.732
18603.934
18360.732
18856.533
19082.0
18695.199
18435.467
18573.6
18251.6
18405.801
17915.533
18084.533
18364.6
18264.467
18283.666
18747.133
18379.867
18566.334
17896.334
17762.467
18687.732
18468.268
18316.334
18442.732
18278.867
18371.4
18435.334
18175.066
18177.801
18201.533
18139.666
18100.732
18233.934
17893.732
17984.934
17866.467
18245.199
17954.732
18124.533
18014.199
18472.467
18066.268
18111.934
18015.334
18260.6
18499.199
18497.334
18404.066
18297.467
18166.268
18084.4
18295.867
18443.801
18560.133
18538.666
18173.066
18813.4
18677.6
18584.066
18108.0
18645.0
18565.0
18354.801
18248.066
18306.666
18472.666
18582.867
18483.4
18584.934
18273.467
18350.133
18543.934
18262.467
18393.4
18279.0
18129.268
18256.268
18381.4
18097.199
18041.4
18198.066
18395.0
17444.801
18240.4
18233.732
18146.533
17483.934
17853.268
18166.199
18258.0
18099.934
18176.666
18095.934
18262.934
17987.0
17863.268
18253.533
17957.666
18095.533
17737.732
17961.268
18022.334
17709.066
17644.467
17927.133
17486.0
17514.066
17323.801
17674.467
17529.199
17212.467
17552.533
17526.268
17232.133
17422.0
17549.6
17350.4
17357.6
17097.199
17109.066
17397.4
17070.268
17230.801
16878.268
16954.133
17057.133
16932.334
16979.066
16845.334
16777.6
16726.801
16643.666
16893.4
16861.4
16815.801
15930.333
16209.6
16125.0
15963.866
15375.333
15333.6
15409.866
15033.934
14416.134
15003.667
14830.533
14038.8
14389.066
14314.066
13935.134
14080.733
13546.4
13678.6
13522.866
13260.4
13368.134
13609.733
13475.066
13654.934
12450.2
13197.333
13311.934
12835.333
13122.267
13378.667
13414.6
13117.267
13537.934
13721.6
13790.0
13921.467
14352.934
14292.533
14135.267
14247.4
14025.066
14014.667
14198.467
14184.267
13603.066
14079.866
13942.333
13611.333
13034.0
13379.0
13185.866
12878.934
12785.866
12674.934
12724.533
12580.866
12422.733
12832.733
12814.733
12682.667
12681.2
12787.134
12654.8
12527.467
12450.533
12898.333
12710.134
12352.733
12810.733
13199.333
12967.533
12667.333
12808.866
12782.2
12823.267
12754.4
12633.134
12720.733
12464.2
11926.866
12455.333
12346.733
12467.066
12588.866
12100.733
12597.467
12468.0
11752.733
12059.4
12283.733
12126.066
12187.8
12419.6
12525.667
12503.467
12700.333
12654.0
12761.0
12585.733
12531.533
12238.4
12500.667
12573.866
12286.533
12303.2
12566.333
12535.934
12268.533
12734.533
12739.0
12867.934
12435.8
12676.533
12799.934
12730.8
12966.533
12268.866
12759.066
12626.0
12815.533
12417.533
13074.934
12815.134
12957.8
12557.066
13095.4
13044.866
12711.533
12516.267
12737.4
12529.533
12431.333
12639.866
12580.8
12447.333
12100.467
12095.0
12322.0
12502.866
12373.134
12533.467
12517.4
12329.467
12113.533
12342.667
12421.2
12269.4
12570.2
11975.934
12270.667
12534.467
12508.333
12198.333
12222.333
11805.8
11507.533
11969.667
11859.267
11916.134
11153.134
11683.8
11983.733
11838.467
11550.333
11898.267
12120.333
11690.0
11860.0
11697.733
11915.333
11577.934
11312.6
11281.533
11634.866
11591.134
11140.467
11438.733
11411.0
11562.467
11384.6
11435.066
11537.467
11393.267
11187.0
11405.533
11548.866
11453.467
11311.533
11654.333
11407.934
11484.467
11384.467
11213.267
11377.6
11357.733
11177.866
11075.066
11089.066
11182.667
10928.667
10816.2
11284.934
11263.2
10979.0
11047.2
11283.6
11268.333
10851.0
10894.4
11123.8
10909.667
10702.134
11104.0
11042.866
10865.267
11065.134
10857.467
10932.066
10859.533
10596.733
10227.866
10919.467
10553.0
10806.2
10632.467
10717.866
10515.8
10477.667
10306.4
10655.134
10551.333
10437.4
10173.934
10411.6
10482.6
10295.467
10272.4
10528.667
10497.8
9976.467
10157.333
10445.934
10398.6
9707.066
9884.134
10304.934
10275.533
10170.267
9841.866
10391.733
10288.134
10180.0
9948.866
10087.733
9935.333
9815.2
9958.333
10107.667
9897.467
9732.6
9792.333
10218.4
10227.667
9995.6
9734.267
9809.6
9995.333
9781.533
9614.134
9950.934
9854.733
9815.4
9487.733
9692.4
9797.533
9739.467
9593.934
9752.0
9557.134
9983.134
9287.8
9743.866
9641.6
9430.066
9020.733
9726.4
9684.2
9714.533
9382.134
9483.6
9298.0
9423.4
9565.2
9844.866
9041.8
9322.467
9145.2
9398.267
8814.6
8385.934
7777.8
7565.8
6790.133
5982.2
5394.8
4787.467
4058.533
3648.733
3004.067
3302.333
3210.8
2945.933
3176.0
4058.133
4243.8
4238.8
5178.933
5730.133
6008.267
6310.133
5656.8
6398.733
6035.4
5866.2
5558.867
5327.533
5410.133
5102.867
4876.467
5267.733
5342.867
5301.267
5078.067
5825.2
5593.333
5636.133
6237.533
6303.867
6526.067
6196.533
6687.467
6848.933
6832.533
6809.6
7092.733
7365.6
7389.533
6924.4
7176.733
7720.0
7734.867
7297.8
7793.6
8069.267
8173.267
8086.2
8105.6
8561.933
8516.667000000001
7942.532999999999
8072.733
8754.0
8847.934
8652.066
8388.0
8910.4
8713.667
8535.267
8539.333
9018.267
8793.866
7943.532999999999
8819.0
8938.467
9051.866
8685.467
8484.866
8979.4
8909.667
8724.066
8615.6
8769.134
8889.467
8465.467
8297.066
9213.733
8794.8
8589.667
8626.333
8954.066
8854.467
8710.267
8666.2
8895.066
8844.6
8664.8
8647.733
8917.4
8908.467
8793.2
8666.6
8990.066
8899.066
8352.333
8543.6
8874.066
8779.4
8438.934
8370.066
8756.2
8641.533
8696.134
8427.467
8711.667
8832.733
8555.267
8068.866
8845.6
8746.8
8740.267
8557.533
9018.733
8785.2
8588.934
8364.333
8846.533
8652.333
8194.667
8050.267
8688.4
8631.267
8638.467
8022.200000000001
8737.667
8615.6
8452.0
8540.0
8722.4
8676.667
8501.066
8441.2
8922.333
8729.533
7916.200000000001
8259.533
8832.4
8582.8
8587.4
8433.934
8812.667
8699.2
8270.134
8088.267
8637.533
8487.2
8461.667
8327.333
8662.134
8629.733
8471.2
8027.267
8686.066
8607.066
8285.467
7966.267
8547.333
8700.8
8359.6
8312.2
8617.4
8274.133
8220.332999999999
8362.867
8355.8
8292.067
8146.8
7949.533
8535.933
8388.267
8023.267
7927.933
8405.733
8537.867
7821.2
7912.333
8384.467
8327.667000000001
8353.0
8137.667
8311.6
8220.867
8167.467
7853.2
8489.067
8278.332999999999
7969.667
7952.6
8321.6
8236.533
8076.733
7577.6
8203.8
8132.067
8024.2
7535.267
8288.667000000001
8103.467
7609.867
8030.133
8103.133
8015.2
7582.067
7720.667
7861.333
7987.133
7738.0
7687.733
7979.933
7777.0
7744.8
7544.867
7841.667
7882.333
7393.133
7344.733
7829.267
7809.067
7533.733
7456.733
7525.133
7700.267
7243.333
7422.6
7463.6
7527.2
7338.333
7114.333
7697.733
7528.533
7156.333
6839.867
7400.2
7559.533
7353.133
7069.067
7397.067
7356.333
6669.067
7083.933
7502.6
7135.933
6996.667
7048.867
7284.533
7315.533
6951.0
6795.4
7204.267
7314.933
7138.2
7038.4
7375.267
7161.6
6884.733
6631.933
7246.333
7055.933
7292.067
6807.267
7272.867
7242.467
6703.4
6758.267
7228.067
7055.933
6858.533
6936.067
7206.067
7137.933
6719.133
6682.0
7276.067
7030.733
6865.0
6898.133
7138.267
6979.933
6568.4
6454.933
6845.4
6803.467
6282.2
6403.733
6881.267
6725.533
6896.2
6549.733
6906.533
6757.067
6969.0
6595.333
6808.867
6741.933
6373.867
6369.267
6820.4
6698.4
6231.933
5692.533
6644.533
6689.8
6230.533
6433.133
6651.267
6447.933
6296.667
6254.667
6624.2
6431.933
6236.2
5905.933
6487.467
6532.933
5799.8
5981.667
6534.8
6327.667
6068.0
5850.2
6439.267
6425.533
6321.867
5922.267
6500.533
6412.2
6362.133
6235.6
6440.867
6293.133
5070.333
5551.867
6326.133
6411.333
6029.733
5762.933
6257.467
6415.867
5741.067
5732.267
6178.533
6151.867
5680.2
5708.0
6208.267
6162.6
5517.533
5514.667
6066.733
6031.867
5752.333
5762.733
5984.467
5930.533
5494.6
5880.733
5973.2
6020.333
5478.267
5715.0
6097.667
5857.067
5417.867
5303.067
5894.733
5917.667
5764.667
5203.6
5992.667
5850.333
5193.8
5318.067
