271.08299999999997
76.55
-135.78300000000002
152.95
448.283
130.75
214.88299999999998
229.35
239.483
254.617
123.683
-163.05
203.61700000000002
202.817
21.883000000000003
-39.31699999999999
347.217
-1.4500000000000028
61.817
366.41700000000003
417.95
176.817
463.95
143.35
278.683
199.35
224.483
-133.38299999999998
197.95
204.083
330.95
18.617000000000004
283.15
192.483
240.483
29.882999999999996
557.083
464.95
84.95
-57.849999999999994
243.55
123.55
-12.516999999999996
177.88299999999998
208.28300000000002
223.483
143.88299999999998
233.28300000000002
223.417
239.95
-42.45
25.75
607.283
281.617
-10.983000000000004
-267.783
428.283
439.15
26.882999999999996
39.617000000000004
381.15
429.75
382.75
230.21699999999998
417.75
368.817
159.15
318.35
393.95
396.017
322.75
-133.38299999999998
443.15
279.017
19.816999999999993
68.683
389.017
185.21699999999998
136.61700000000002
61.483000000000004
295.08299999999997
499.08299999999997
202.61700000000002
52.617000000000004
235.55
338.217
30.283
6.816999999999993
235.61700000000002
198.017
495.35
-7.117000000000004
171.95
210.55
349.95
-77.783
198.28300000000002
253.35
194.35
93.083
412.95
357.75
-230.71699999999998
18.283
392.617
290.283
218.483
203.28300000000002
460.483
294.017
-3.3829999999999956
270.217
92.217
318.35
246.75
277.08299999999997
405.617
277.15
547.15
-229.317
323.95
367.75
100.017
364.683
384.483
451.75
260.15
100.75
346.41700000000003
246.817
-64.983
96.75
332.017
310.283
134.28300000000002
6.349999999999994
412.75
439.617
55.95
-238.45
340.55
307.55
90.417
136.083
278.15
416.35
334.41700000000003
44.417
298.617
330.283
-289.317
-137.78300000000002
305.41700000000003
201.083
160.55
-14.650000000000006
331.017
259.017
45.349999999999994
209.817
409.483
293.41700000000003
245.15
-113.717
452.217
402.08299999999997
427.15
153.95
489.283
272.283
149.483
335.217
399.75
69.817
359.483
-168.85
141.683
225.61700000000002
3.816999999999993
360.817
583.617
421.217
157.55
-90.25
487.683
141.083
449.817
15.617000000000004
393.15
367.817
321.617
375.817
525.017
345.683
423.017
297.617
329.41700000000003
226.017
384.55
-347.317
388.617
344.883
172.817
134.28300000000002
138.817
327.217
470.15
174.683
238.28300000000002
296.017
113.683
-203.45
273.41700000000003
389.15
467.883
180.817
388.017
299.483
41.283
-324.25
441.08299999999997
236.017
-67.25
11.882999999999996
262.483
185.417
-1001.65
-96.25
112.817
269.617
243.017
-68.65
568.217
401.217
256.55
58.75
261.35
222.35
-119.183
423.41700000000003
525.017
271.95
-183.25
36.95
308.15
319.75
-118.783
351.283
380.283
254.817
405.08299999999997
344.883
322.017
408.75
246.417
179.28300000000002
370.75
249.483
401.35
17.683000000000007
408.75
435.95
331.35
-73.917
218.28300000000002
315.817
75.483
-283.58299999999997
363.35
347.617
257.75
-122.45
346.283
335.817
217.817
83.617
363.483
350.15
-162.183
190.483
336.217
66.083
-153.517
152.683
264.483
218.683
320.15
161.88299999999998
265.95
522.75
94.083
165.95
366.55
527.017
390.217
170.61700000000002
222.95
279.95
96.75
493.41700000000003
356.883
208.28300000000002
-155.45
109.017
207.683
273.95
263.483
-12.382999999999996
542.35
554.217
34.283
288.55
371.817
350.817
239.55
101.217
344.283
402.483
94.217
128.817
295.683
328.817
188.017
311.017
478.08299999999997
442.15
413.217
116.817
572.017
199.75
395.483
-126.983
387.88300000000004
197.817
-78.71700000000001
304.483
353.61699999999996
217.55
559.75
410.95
410.75
295.817
666.283
109.61699999999999
401.017
321.75
-7.516999999999996
300.75
657.95
429.55
567.217
-16.182999999999993
475.683
397.55
415.55
234.817
370.88300000000004
570.15
-17.317000000000007
257.75
644.35
363.41700000000003
171.817
201.883
385.817
383.61699999999996
549.55
200.95
682.95
580.55
724.083
474.017
720.017
539.817
270.15
378.75
428.217
648.15
815.617
243.483
756.017
630.683
589.35
716.483
637.75
542.817
388.417
688.483
531.15
799.883
161.14999999999998
327.417
614.55
581.817
599.15
442.017
923.75
601.75
758.283
588.15
736.283
695.4169999999999
723.95
351.483
1049.083
509.683
606.217
542.683
879.0830000000001
565.817
740.817
638.95
647.35
908.683
821.017
710.217
667.817
918.883
686.55
495.15
987.017
769.883
673.95
614.283
609.817
704.217
830.75
702.483
936.883
827.017
604.017
549.017
708.75
824.817
722.883
611.283
945.883
524.483
783.883
510.08299999999997
716.217
616.15
785.217
887.083
768.817
509.95000000000005
821.017
1000.283
483.61699999999996
904.683
750.883
795.683
817.35
797.083
648.55
1001.017
1190.483
708.55
726.683
1303.95
951.617
1158.883
533.083
720.75
1204.283
1031.55
1173.95
1255.217
790.75
755.75
883.083
839.083
1392.75
1209.483
683.017
1145.883
1045.95
1255.617
1300.083
1122.35
1033.217
1367.55
657.883
933.683
1054.217
1226.217
1546.883
1481.883
1433.15
1364.883
1190.75
1277.683
1303.95
1208.017
836.75
1052.55
1382.55
1206.883
1470.35
1029.683
1525.283
1427.483
1540.35
1338.75
1498.683
1423.617
1013.2170000000001
1478.683
1330.817
1247.417
1173.817
1316.817
1297.617
1430.217
1308.75
1109.15
1415.283
1185.083
1171.35
1059.017
1517.683
1422.55
1349.417
1439.683
1533.75
1291.017
1266.75
1159.017
1432.817
1449.883
1343.217
1078.083
1571.35
1306.217
1365.95
1349.683
1491.217
1380.35
884.017
1314.35
1394.217
1462.75
1477.817
1660.75
1793.15
1597.15
1617.617
1596.683
1729.483
1790.483
1651.017
1725.95
1723.483
1722.75
1904.017
1736.417
2113.483
1596.817
1178.283
1420.217
1633.017
1912.083
1644.617
1729.683
2092.283
1908.55
1829.95
1763.55
1986.683
2024.883
2067.417
1776.417
2158.283
1837.083
1720.617
1618.95
1666.683
1581.617
1901.35
1245.883
1638.283
1769.817
2012.75
1648.283
1973.883
1864.883
2065.683
1869.75
1943.283
2013.75
1989.95
1903.55
2210.283
1785.15
2326.083
2065.55
2090.817
2013.75
1915.417
2104.017
2338.083
1710.75
1824.95
2149.817
2388.417
2087.817
2177.683
1929.75
2004.417
1882.35
1971.417
2106.817
2070.883
2370.75
2652.883
1924.4830000000002
2523.683
2494.883
2372.95
2285.017
2331.95
2201.617
2151.75
2460.15
2394.417
2200.017
1985.95
2114.617
2045.15
2017.35
2339.15
2233.55
2382.75
2601.75
2410.217
2553.75
2766.883
2522.35
2837.55
2671.483
3011.283
2754.083
2604.483
2824.017
2837.617
2740.483
2548.75
2699.35
2510.75
2604.483
2464.017
2638.35
2623.883
2410.483
2082.683
2341.083
2278.683
2300.417
2126.083
2075.617
2322.817
2091.817
2012.683
1726.483
2335.483
1891.55
2253.017
2248.283
2443.95
2925.083
2713.15
2996.217
2863.017
3036.55
3175.55
2790.483
2967.483
2920.683
2636.95
2551.483
2839.217
2692.083
2943.683
2511.15
2783.55
2843.817
2808.417
2958.483
2927.283
2968.75
3151.35
3094.417
3136.55
3138.083
3043.283
2748.617
3094.817
3144.55
2977.95
3243.35
3327.883
3175.35
3071.883
2772.417
3292.883
3164.217
3472.35
3764.283
3848.483
4212.282999999999
4178.017
4041.95
3980.15
3919.017
4008.083
3610.35
4191.0830000000005
3864.417
4010.883
3927.75
4172.883
3677.35
3819.017
3989.15
3811.083
3863.483
3634.883
3374.017
3978.483
4055.083
3928.817
4141.217000000001
4284.282999999999
4273.483
4159.217
3922.483
4247.95
4192.883
3669.95
3879.283
3850.75
4072.483
3963.217
4187.483
4397.617
4100.017
4006.95
3466.15
3736.483
3830.35
3891.15
3595.35
4023.817
3692.083
3731.617
3519.283
3445.283
3384.083
3303.883
3391.283
3431.483
3523.483
3322.15
3449.483
3211.95
3387.15
3506.683
3604.483
3897.95
4068.75
4187.883
4348.0830000000005
4131.683
4222.75
3788.55
4318.217000000001
4106.0830000000005
4115.817
4641.35
4329.817
5022.95
5049.617
4970.017
5162.15
5750.883
5238.017
5372.483
4837.617
5026.617
4908.483
4516.55
4262.817
4341.0830000000005
4181.017
3981.217
4098.883
4605.883
4202.55
4504.017
4535.283
5026.35
4996.55
5149.617
4871.283
4705.017
4577.617
4215.15
4069.217
4160.617
3743.35
3627.283
3473.35
3537.217
3467.817
2911.35
3239.683
3239.017
2894.35
2597.083
3351.95
3379.883
3509.683
3822.95
3551.35
4370.017
4599.35
4671.817
4524.017
4607.883
4376.817
4014.75
4157.15
4088.283
4280.55
4260.483
4090.55
4642.55
4305.817
4476.683
4372.35
4552.15
4496.017
4404.95
3855.95
4467.683
4331.083
4466.55
4411.217000000001
4306.817
4343.282999999999
4391.417
4398.683
5071.683
5115.483
5099.883
5360.35
5527.95
5593.35
5550.55
5389.483
5732.217
5471.083
5889.417
5474.75
5925.75
6349.017
5666.483
5924.883
6013.017
5805.95
5754.817
5034.35
4927.617
4375.817
4141.4169999999995
3221.883
3075.017
2583.35
2406.417
2399.95
2953.817
3225.95
3568.683
4065.617
4441.75
4619.75
4918.75
5348.217
5631.483
6016.217
5922.15
5908.217
6051.017
5492.417
5363.083
5095.15
4717.217
3949.55
3660.083
3358.75
3347.683
3694.283
3860.55
4411.35
5260.217
5529.683
5741.95
6597.017
6840.55
6935.017
7332.083
7064.617
7768.083
7776.817
8195.75
7899.683
7868.483
8279.683
8015.417
8072.817
8233.75
8095.283
8336.483
8139.35
8777.817
8594.816
8689.283
8476.283
8957.35
8834.75
8634.083
8721.15
9276.483
9032.083
8978.15
8769.283
8937.15
8461.55
8544.083
8713.417
8808.884
9218.75
8970.283
9069.55
9140.217
8800.083
8527.417
8305.283
8507.083
8788.616
8942.15
8847.017
8847.95
8855.684
8779.083
8659.616
8582.217
8553.616
8405.483
8498.684
8948.884
8721.15
8902.017
8584.95
8749.95
8936.75
8718.684
9063.884
9246.684
9267.884
9368.083
9443.217
9546.283
9862.483
10101.816
9931.55
9838.684
9787.684
9116.816
8586.35
8773.283
8718.684
8657.417
8554.017
8842.884
9082.884
9208.217
9842.75
9774.884
10354.15
10298.616
10354.684
10327.884
10739.15
10119.15
10236.283
10661.75
10184.35
10231.483
10449.884
10381.816
10190.417
10796.55
10270.816
10611.417
10547.217
10483.15
10186.017
10455.483
10338.417
10361.95
9761.75
10417.017
10230.017
10250.75
9830.616
10218.35
10599.283
10775.75
10407.483
10691.684
10782.616
10563.15
10564.483
10499.816
9511.684
9931.017
9978.417
10050.616
9588.417
10195.283
10019.35
10093.55
9803.217
9770.283
10110.75
10285.684
10203.083
10264.684
10026.616
9772.884
9764.217
9179.083
9443.217
10161.283
9924.017
10063.283
10413.017
10735.816
10808.684
10976.684
10627.483
10753.884
10891.15
10821.816
10381.684
10210.816
9664.816
9890.283
9136.616
9805.017
9999.816
9683.684
9656.616
10477.816
10427.95
9908.75
9970.417
10755.017
10952.283
10656.55
10455.083
10548.15
10628.816
10368.75
10310.017
10564.35
10365.95
10647.95
10934.283
10600.483
10857.75
11130.417
10273.816
10529.083
10410.95
10008.55
10284.816
9572.217
9827.75
9856.816
10782.417
10718.95
10529.816
10523.95
10084.684
10383.884
10345.684
10656.95
10332.483
10141.684
9566.684
9448.884
9103.684
8765.483
8683.684
8060.283
7936.017
7957.15
7956.217
8436.35
8848.417
9722.083
10320.95
11406.417
11558.55
12543.95
11758.417
11215.816
11663.017
11535.816
11373.083
12126.75
12216.35
12428.083
12260.083
12134.217
11514.35
11096.283
10745.35
10982.75
10901.95
12159.083
11612.217
12215.684
12254.083
12547.283
12605.95
12219.35
12960.616
13147.35
13725.55
13641.083
13738.616
14007.15
14328.884
13346.75
13560.55
12937.083
13267.75
13225.217
13602.083
13119.217
12884.35
12447.816
12245.35
12500.15
12228.55
11331.95
12185.616
12044.55
12829.35
12986.35
13032.95
13910.217
13542.75
13182.616
13473.083
13507.35
13297.15
13284.55
13454.816
13912.417
14298.55
14347.884
14022.483
14156.283
15743.75
14542.417
14613.483
14828.816
14235.017
14825.55
14769.35
15401.283
14811.483
14253.15
14604.55
14807.616
14690.816
14184.884
14096.35
15178.15
15632.417
15254.95
14599.15
14959.483
14740.684
14593.55
13762.15
14693.616
14534.217
14174.35
13530.083
14153.616
14394.417
14401.684
13957.483
14970.483
15015.816
14787.884
15149.95
15287.15
15989.684
15297.083
15093.017
15694.283
15216.884
15535.55
14717.083
15036.884
15761.55
15329.217
15467.75
15510.816
15079.35
15325.55
15693.217
16350.684
16062.884
16045.55
16216.616
16032.75
16470.35
16940.416
16487.616
16446.616
16032.483
16047.017
15531.417
16021.95
15609.017
15961.017
15322.884
14917.017
15155.15
15044.684
14752.217
15335.55
14876.55
14981.017
15109.017
15041.816
15145.616
14983.55
15511.75
16020.083
16369.616
15519.95
15583.017
15682.884
15109.616
15925.083
15534.15
16127.083
16096.217
16452.55
16440.15
16601.417
16848.617
16307.483
15838.95
17485.084
16881.084
16772.482
16996.482
17265.416
16085.417
16770.15
16053.283
17040.15
16731.884
16034.483
16590.482
17065.416
16774.15
16889.416
17827.816
17255.816
16676.816
16483.684
16250.95
16140.15
16693.35
17351.217
17248.217
17906.617
18034.551
18388.75
17928.084
18016.684
18381.617
18137.217
18123.883
18142.617
18233.684
18632.684
18260.949
18981.883
18709.35
18829.75
19252.75
19100.217
19082.416
18585.75
18740.084
19033.75
18663.883
18491.949
18293.15
19002.949
18698.018
19685.482
18926.75
18611.75
19069.482
19199.482
19910.949
19988.35
20077.217
19486.15
19737.949
19241.018
19422.416
19151.018
19552.883
19764.084
21550.416
19886.217
20738.883
21072.35
21231.15
20680.617
22010.883
21458.482
21795.949
22511.15
23183.35
21998.084
22564.084
22039.283
22308.551
23912.482
22438.883
22598.084
21738.283
21738.217
21860.75
22515.684
22357.018
22855.816
23597.816
23046.15
23833.416
24446.084
25126.35
25144.816
25280.084
26102.617
26765.283
26081.482
24768.883
25629.416
25801.684
25020.35
25583.883
26155.883
26194.283
26025.684
26467.617
27094.617
26356.018
27848.617
28491.816
28113.35
27567.482
28627.684
28471.416
28523.949
28243.551
28651.684
28734.949
28566.15
28618.883
28206.35
28516.084
29380.35
30122.217
30469.482
30822.949
32206.617
32419.35
31859.15
32530.482
32532.15
32288.949
32309.283
31369.35
32363.482
31532.883
31469.283
33059.418
33635.215
33917.352
33980.551
34164.816
34931.617
34064.551
34296.016
33800.484
34084.016
34319.082
33756.883
34514.551
35242.418
35567.016
35695.617
35914.684
36318.418
36305.082
35745.551
36006.285
35891.352
35991.148
35327.215
35895.816
36071.016
36191.75
36641.016
36184.352
36013.617
36229.617
36290.285
36293.285
36412.016
36719.082
36441.816
36562.082
36860.883
36626.684
35530.617
34986.949
33279.016
31952.75
31024.018
30657.283
30630.217
31082.551
31005.283
32378.816
33999.883
34499.883
35092.883
35249.883
35475.551
36425.148
37378.617
36971.484
37697.551
37692.016
37314.418
36516.016
36222.551
36509.883
37068.016
37384.484
37897.082
38464.352
39385.617
39873.75
40000.215
40164.75
39355.285
39205.352
38727.082
39025.883
39116.484
39050.551
39060.949
38391.148
37924.215
37717.949
37166.684
37244.215
37571.285
37314.75
38760.617
38991.082
39357.215
39962.352
40212.617
39308.148
39556.949
39100.75
39108.285
39524.883
39828.148
40284.75
41287.883
41138.215
41715.551
41223.551
41214.816
40758.551
40034.816
40253.617
40169.016
40359.816
40116.418
40373.148
40916.617
41245.684
40781.617
40879.215
41904.617
41397.684
41834.75
41023.949
41706.816
41086.684
40163.285
39738.148
39317.684
39248.082
39509.484
39844.484
40221.617
41405.418
41053.551
41928.75
41410.949
41399.816
41240.816
40809.082
40458.016
39989.016
39315.082
39473.285
39466.418
39221.016
39429.484
39454.016
39207.285
39269.617
39137.418
39271.684
39721.617
40197.949
40140.816
40649.082
41376.082
41602.949
41509.816
41836.484
41696.684
41626.617
40838.617
40427.082
39860.418
40197.148
40591.883
40295.484
41161.617
41454.082
42027.352
42285.684
42294.949
42229.617
43073.285
43387.082
43968.418
44086.75
43739.617
43537.883
43283.617
43219.285
42563.949
42344.484
42421.551
42468.617
42128.551
42033.418
41127.082
41764.484
41328.484
41750.816
41627.148
42545.285
43040.418
43603.082
44014.352
44271.75
43293.551
43430.883
42884.016
42878.484
43277.418
42946.418
42854.215
42509.352
42908.148
43263.148
43295.551
43523.684
43511.684
44042.883
44460.816
45364.082
44466.082
44351.148
43676.148
43664.617
42873.016
42882.949
42782.082
42501.617
43174.949
43282.949
41463.148
42680.617
42582.285
42235.484
42426.551
42173.215
42074.75
42311.016
42946.551
43229.418
43218.148
43117.883
43323.75
44027.215
44121.418
44417.082
44077.684
43590.551
42155.484
40612.418
39777.082
38261.484
36582.148
36096.617
36841.883
37854.551
40190.75
40850.016
40231.215
40333.016
40561.285
39931.684
40392.016
39809.016
39311.016
40265.484
41478.352
42434.684
42358.285
42769.082
42938.551
43457.082
44239.617
43773.352
43649.082
43665.418
42857.75
43422.617
43869.684
43907.285
43714.617
44613.352
45017.082
44994.016
45065.148
44360.551
44133.352
43857.484
44068.484
43746.016
43026.551
42800.285
42269.75
43373.684
44182.883
44858.082
44610.148
45304.016
46149.484
46510.148
45938.215
45479.617
45843.883
45261.551
45108.75
44423.352
45086.617
45718.484
45122.949
44860.484
44516.285
43374.551
42730.148
41171.816
39950.148
39540.285
39614.551
40060.285
40621.816
41826.285
42058.883
43379.016
43747.75
43764.285
44477.684
44646.215
45133.551
45259.016
45434.418
45929.816
46826.082
46067.082
45676.551
44867.949
44739.684
44550.082
44450.016
44463.816
44513.684
45244.75
46217.148
46261.148
46277.949
46288.949
46167.215
45891.352
45848.883
45896.484
44761.418
44181.484
43795.148
43094.016
42249.684
41724.617
42133.352
42369.484
42892.148
43271.285
44011.883
44122.148
43832.418
43702.75
43897.215
43578.883
43186.418
43291.949
43784.551
44265.285
44445.484
44461.75
45020.016
45575.883
45498.418
45533.484
45338.816
45105.484
44464.484
43698.148
43370.816
42466.285
41437.617
42733.883
42633.082
42938.418
43162.285
43769.215
43864.285
44225.684
43729.418
43783.551
44140.148
43652.816
43479.418
43342.148
43229.75
42935.082
42207.082
41747.949
41869.75
41953.883
41466.551
40799.352
41150.016
40992.418
40687.082
40726.285
40969.949
41267.617
41488.551
41985.016
42104.215
42611.215
42295.551
42119.082
42627.484
42498.418
41275.285
42046.883
41681.551
41630.285
41867.082
41219.551
41358.75
42166.617
42359.082
42827.484
42646.082
42779.75
42718.484
42398.148
42917.684
42378.418
41821.148
41766.484
42111.148
42585.883
42686.215
41920.418
42126.551
42025.148
41575.484
41925.148
42004.016
41877.215
41691.082
41894.082
41585.684
41795.352
41192.484
40896.883
40789.352
40775.215
40993.617
40545.617
41483.949
41669.75
42180.617
41491.016
41684.285
41742.75
41996.551
41878.617
41629.215
41797.215
41786.949
41554.883
41530.352
41587.016
41249.148
40779.816
41217.617
41312.215
41469.016
41362.285
41553.082
41586.016
41419.684
41823.016
41910.215
42149.883
41280.484
40862.352
41136.816
40533.949
40604.215
40406.484
40973.082
41453.148
41269.617
41102.551
41476.617
41402.016
41713.949
41539.883
41621.617
41997.883
41779.883
41702.082
41891.352
41930.148
41830.082
41676.215
40995.418
41210.148
40407.75
40645.352
40710.215
40584.816
40254.484
40405.148
40334.484
40287.215
40313.883
40678.617
40364.883
40947.484
40717.949
40648.215
40114.418
39728.082
39387.617
39505.617
39094.75
39120.016
38825.617
39447.949
39598.016
39646.016
39501.617
39113.418
40190.016
40442.883
40689.418
40745.883
41315.352
41527.949
40800.484
40628.617
40498.617
40468.816
39578.148
39779.883
39940.484
39993.551
40332.082
40232.617
40756.684
40612.816
40694.016
40473.484
40761.949
40425.484
40202.418
39628.418
40277.215
40310.75
39496.949
40401.949
39990.352
40360.75
40595.684
40109.148
40325.484
39933.551
39129.617
38714.551
39177.684
38913.949
38597.215
39081.082
39091.215
40090.484
39778.551
40469.484
40648.949
40381.285
40308.148
40601.816
40976.75
40420.551
39950.484
39723.016
39750.617
39191.617
39052.551
38951.418
39557.684
39602.883
39574.617
39448.352
40136.082
40171.418
39753.215
39523.352
39526.082
39121.082
38450.949
37959.418
38029.816
37993.617
37597.016
37925.484
38257.551
38852.352
39119.75
39198.215
39537.352
39749.148
40127.75
40066.75
40178.215
40004.551
39879.684
40330.215
39713.418
40203.016
39875.816
39435.082
39963.148
39873.418
40066.082
39710.949
39510.75
39529.883
39486.418
38890.285
39048.551
38779.148
38600.352
38892.285
38591.883
38337.949
38330.352
38191.617
38984.352
39282.082
38444.082
38567.082
39141.617
39049.215
38984.285
39428.816
38933.949
38665.352
38514.551
37737.418
38208.082
37468.883
37596.148
37527.148
37466.418
38056.75
37767.816
38075.883
37969.949
37899.617
38266.883
38160.418
38487.082
38424.016
37963.617
37997.418
38200.215
38376.352
37549.75
37876.016
38038.285
38066.215
37461.75
37869.484
38603.352
38175.215
37924.617
38712.148
38764.484
38674.418
38347.949
37963.484
38466.883
38037.352
38198.684
38162.016
37920.285
38114.418
37983.75
37733.949
38098.148
37842.551
37164.883
37339.352
37639.148
37461.883
36816.215
36824.352
36552.949
36389.617
36193.352
35794.352
36436.551
36419.418
36062.285
37014.551
36908.617
37129.684
37086.617
36780.949
37309.418
37115.484
36758.148
36276.285
36753.352
36963.816
36135.148
35374.285
34649.883
33978.285
33469.082
32832.75
32445.617
31860.883
31420.551
32579.551
33172.551
33190.418
33748.082
34395.75
35552.418
35269.285
35726.949
35525.016
35503.551
35611.484
35221.484
35080.684
35219.75
35178.684
34821.016
34915.949
35035.352
35237.75
34988.684
34744.75
35162.816
34866.75
34929.949
34722.484
35128.617
35119.016
34747.684
35284.484
35157.082
34983.684
34601.816
34313.551
34399.551
34257.816
34262.082
34399.551
34159.75
34518.617
34585.148
34366.215
34589.684
35052.684
34731.418
34452.215
34742.016
34884.016
34747.148
34916.816
34831.215
34363.617
34202.016
34126.816
34317.215
34160.484
33487.949
33832.949
33722.082
33966.082
33822.148
33608.684
33761.949
33882.148
34195.215
33713.352
33878.285
34218.285
33589.883
33860.75
33879.816
33808.148
33258.285
33343.016
33286.75
33346.484
33365.285
33285.148
33209.285
33182.148
32629.018
32914.416
32741.084
32939.75
32476.75
32880.816
33473.352
33066.418
33485.285
33536.148
33353.484
33745.285
33514.617
33598.016
33616.883
33505.684
33725.484
33554.949
33664.148
33368.016
33661.551
33388.215
33845.418
33209.082
33321.617
33058.418
33310.684
33472.215
32995.816
32823.352
32940.551
32907.418
32944.018
33034.684
33049.35
33197.684
33118.016
33027.082
32995.15
32634.816
32225.35
32077.883
32357.018
31840.883
31536.283
31635.217
32111.35
32088.816
31550.949
31596.018
31960.482
31761.883
31427.75
31200.949
31496.084
31296.416
30919.283
30458.018
30831.35
30887.551
30822.482
31099.283
30983.35
31015.084
30445.684
30661.283
30313.35
30176.883
29425.75
29347.816
29334.283
28888.416
28889.35
28228.482
28604.617
28255.75
27670.018
27019.816
26852.35
26968.35
26825.684
26252.018
26488.283
26436.551
26685.75
26756.416
27337.018
27743.75
28505.551
29175.482
29295.551
29459.617
29494.816
29764.018
29564.15
29201.816
29322.35
29045.35
29354.949
29078.617
29402.75
29456.883
29781.75
29686.217
29929.482
29826.084
30259.816
30095.949
29819.283
30099.15
30417.35
30221.084
29879.617
29697.617
30028.684
29929.482
29645.617
29616.75
29748.684
29747.551
30153.617
29360.35
29860.75
29861.816
29890.816
29702.084
29959.949
29746.35
29386.617
29396.816
29485.482
29677.482
28976.217
28912.551
29121.15
28828.416
28760.416
28948.482
29070.816
28790.551
28682.084
28457.15
28409.283
28418.35
28516.15
28480.617
28436.283
28392.018
28417.949
28302.883
28202.949
28162.551
27981.816
27429.684
27840.75
27391.217
27513.15
27493.617
27627.416
27423.75
27555.084
27450.551
27533.217
27874.217
27653.217
27950.883
27802.551
28053.416
27794.15
27301.018
27472.482
27285.816
27112.018
27352.883
27245.217
27246.684
27220.15
27130.551
27549.551
28008.617
27568.883
28078.551
28239.217
27970.018
28089.883
27802.416
28029.684
28168.949
28299.816
28452.883
28548.75
28907.15
28793.283
29168.15
29506.883
29788.949
29228.084
29106.482
29425.35
29941.35
29745.617
30254.482
30381.416
30797.684
30580.883
30679.617
30600.283
30332.283
29573.816
28611.551
28049.883
27732.018
27490.482
27223.75
27008.816
27023.816
26880.084
26753.949
26990.217
26922.35
26940.018
26877.283
27203.482
26959.018
26836.15
26489.35
26515.217
26725.883
26303.217
26584.15
26456.018
26689.684
26647.416
26741.482
26791.416
27039.217
26639.482
26786.75
27196.482
26920.684
26405.949
26678.949
27079.75
26858.15
26481.283
26758.084
27029.684
26502.949
26855.816
26189.084
26579.416
26192.684
26000.816
26140.283
25990.15
26082.217
25814.816
25354.883
26012.816
26112.883
25768.75
25752.283
25949.018
25746.018
26041.617
25514.75
25705.084
25741.816
25927.217
25908.617
26067.883
25790.35
25880.018
26046.15
26285.416
25833.15
25402.482
25468.482
25737.084
25853.883
25529.816
25698.949
25567.084
25763.217
25532.416
25558.283
25587.416
25540.684
25099.883
24879.617
25505.482
25263.217
24850.018
24730.551
25199.684
24797.35
24769.75
24872.35
25155.416
24852.35
23927.617
24685.416
25109.883
24647.949
24662.15
24268.684
24551.75
24620.816
24848.217
24832.084
24730.35
24409.35
24490.816
24465.551
23933.283
23759.883
23220.482
23502.816
23022.283
23462.684
23004.684
23120.617
24341.75
24085.75
24073.684
24688.617
24505.684
24564.018
24154.217
23946.482
23783.949
23829.551
23556.816
23605.684
23688.816
23712.018
23343.551
23534.551
24175.684
23718.416
23241.018
23561.617
23853.551
23847.684
23536.217
23698.617
23855.551
23480.551
23194.75
22816.018
23200.416
22795.217
22749.35
22359.416
22359.35
22419.75
21772.018
21266.018
21191.883
19837.684
19113.949
18325.217
18480.15
18490.75
18581.617
18776.617
19547.482
20397.949
20897.35
20884.15
21099.883
21726.084
22182.617
22104.949
21760.018
22215.018
22082.084
22190.551
22232.617
21810.684
21489.617
21383.482
21834.482
21690.283
21297.75
21953.617
21854.084
22011.816
22101.482
21997.283
22119.283
22080.416
21839.283
21913.949
22038.816
22239.949
21799.684
21767.551
22191.482
22290.15
22134.551
22191.816
22349.084
22342.416
22192.15
21704.217
22159.883
22129.416
21781.482
21589.15
21841.949
22012.35
21823.551
21367.416
21572.617
21921.883
21304.684
21985.883
22109.482
22028.551
22455.217
22148.551
22274.35
22235.684
22057.684
22186.018
22093.416
22031.35
21715.084
21788.617
21801.084
21874.551
21768.949
21836.416
22068.15
22061.018
21800.75
21533.217
21849.949
21703.949
21911.883
21489.949
22016.816
21789.949
21989.617
21998.217
22067.018
22004.883
21558.217
21247.35
21849.883
21690.283
21887.283
21470.482
21387.551
21478.084
21367.883
21729.283
21463.551
21452.551
20916.617
20965.217
21033.084
21301.883
20422.551
20721.949
20925.283
20936.482
20739.684
20550.15
20949.949
20945.15
20683.018
20852.15
20929.416
21075.684
20376.75
20580.551
21075.15
21109.617
20742.883
20605.15
20770.883
20969.35
20600.75
20547.018
20681.816
20602.551
20072.617
20378.217
20411.684
20227.551
20170.75
20306.018
20027.75
20741.816
20121.883
19980.084
20114.617
20123.684
20059.283
19475.15
19960.35
20040.684
19729.684
19454.617
19908.482
19807.617
19708.15
19194.15
19782.15
19689.482
19651.084
19676.684
19311.482
19604.416
19460.949
19013.283
19311.283
19120.551
19131.416
18695.15
19111.883
18966.35
18419.883
18034.416
18784.684
18621.684
18427.018
18296.416
18569.416
18454.949
18083.35
18025.816
18654.551
18374.482
18206.949
18054.684
18529.018
18118.883
17902.551
17849.883
18457.551
18221.217
17983.35
17976.35
18112.084
17836.617
17448.217
17150.551
17613.018
17717.482
17623.283
17843.084
18026.949
17902.617
17295.816
17983.35
17766.684
17615.883
17604.684
17523.15
17423.217
17609.684
17143.684
17118.15
16505.684
15818.35
15145.684
14442.083
14017.616
13916.017
13868.017
13819.884
14728.417
15194.283
15371.15
15807.417
16081.283
16105.417
16229.417
16145.55
16290.884
15751.684
15769.283
15046.417
16062.483
16013.75
15809.75
15692.35
16080.884
16332.884
16455.35
16152.75
16588.217
16784.949
16465.684
16490.35
16862.283
16864.482
16874.551
16981.816
17087.018
17105.018
16845.816
16483.883
17366.816
17121.617
17079.15
16667.684
17375.283
17505.684
17238.15
17500.283
17491.949
17053.75
17220.15
16900.15
17483.018
17328.018
17220.416
17145.883
17182.283
17384.684
16942.482
17507.75
17478.617
17508.816
17451.617
17077.416
17775.084
17724.35
17304.416
17453.283
18114.816
17857.617
17562.482
18068.283
18282.15
17941.15
17695.283
17814.551
17491.684
17651.75
17158.617
17311.217
17627.084
17537.482
17510.617
18016.551
17631.084
17796.15
17180.217
17010.217
17944.949
17726.684
17585.617
17721.35
17536.15
17617.35
17717.883
17415.416
17474.084
17417.883
17386.75
17343.217
17548.949
17185.018
17265.949
17115.084
17515.35
17269.15
17366.482
17311.018
17721.949
17323.617
17361.416
17291.684
17546.217
17731.684
17738.883
17623.551
17602.551
17433.883
17308.482
17572.084
17677.816
17808.949
17786.816
17403.75
18024.949
17869.018
17832.684
17352.482
17864.75
17813.15
17598.949
17486.482
17574.617
17685.283
17825.482
17719.482
17839.018
17531.283
17641.416
17839.018
17532.949
17667.949
17514.883
17400.551
17515.949
17587.283
17354.482
17298.35
17412.35
17698.283
16732.283
17463.617
17502.283
17431.283
16742.684
17100.35
17408.75
17544.816
17400.684
17413.217
17357.283
17522.816
17233.551
17108.416
17495.617
17226.551
17333.15
17014.617
17221.75
17276.816
16968.35
16877.949
17162.018
16759.283
16797.018
16581.949
16966.217
16833.084
16557.018
16803.15
16800.283
16560.684
16707.084
16826.35
16638.482
16608.816
16384.75
16394.883
16707.816
16419.75
16513.684
16209.35
16275.417
16338.483
16213.283
16284.95
16135.816
16089.483
16015.417
15957.684
16208.75
16179.083
16124.95
15239.816
15517.483
15474.95
15324.884
14762.283
14723.15
14794.35
14413.95
13854.283
14379.217
14262.217
13404.75
13799.35
13742.616
13379.684
13519.217
12995.816
13149.95
12975.616
12738.884
12855.55
13099.417
12960.417
13121.15
11921.95
12679.083
12786.816
12307.616
12609.283
12852.483
12892.884
12635.816
12996.083
13200.816
13210.15
13411.55
13798.816
13739.283
13578.95
13661.417
13471.95
13428.083
13639.283
13606.884
13065.417
13491.75
13360.017
13101.15
12488.017
12863.017
12653.884
12351.816
12264.75
12155.884
12249.616
12046.417
11904.884
12328.616
12300.417
12130.15
12191.017
12304.15
12125.816
12039.884
11932.55
12354.884
12190.684
11860.483
12300.95
12642.684
12430.55
12149.417
12303.816
12280.217
12295.684
12265.483
12136.417
12194.15
11977.75
11394.684
11969.35
11851.217
11967.616
12070.684
11591.017
12121.616
11973.017
11264.684
11586.083
11799.083
11646.083
11691.017
11927.483
12050.75
12038.283
12203.217
12154.35
12236.884
12079.35
12043.017
11748.684
12016.55
12081.083
11774.417
11794.417
12067.884
12029.083
11739.283
12195.15
12259.083
12358.217
11902.95
12139.017
12255.616
12224.417
12427.017
11731.483
12233.816
12148.017
12287.483
11869.884
12569.417
12269.616
12450.217
12013.083
12570.55
12510.884
12189.55
12017.616
12229.483
12019.816
11916.684
12124.616
12077.15
11960.15
11573.95
11596.884
11842.95
12014.35
11873.15
12038.95
11969.083
11819.95
11588.884
11811.55
11906.95
11801.75
12056.55
11474.017
11766.417
12016.75
12009.884
11710.083
11755.616
11298.616
11070.483
11504.684
11379.283
11465.35
10663.884
11188.55
11502.217
11373.083
11066.684
11403.15
11602.95
11197.217
11373.217
11206.017
11461.75
11098.884
10844.884
10828.55
11158.35
11118.75
10666.75
10962.95
10939.283
11086.15
10918.616
10962.616
11052.55
10909.217
10707.483
10931.75
11080.217
10998.616
10849.55
11172.75
10909.217
11011.483
10949.884
10723.816
10933.75
10878.283
10739.417
10577.15
10657.35
10733.95
10445.35
10354.35
10821.75
10813.816
10504.35
10571.217
10807.417
10818.75
10383.816
10433.616
10667.217
10456.483
10228.55
10633.417
10618.083
10431.884
10624.684
10382.283
10451.283
10405.483
10112.017
9782.816
10495.684
10105.417
10336.217
10175.017
10291.816
10070.816
10056.15
9832.616
10219.55
10094.55
10012.083
9736.684
9977.616
10033.95
9887.684
9832.616
10086.75
10082.55
9562.483
9730.483
10022.616
9984.75
9307.417
9505.483
9919.283
9852.417
9751.417
9440.816
9958.417
9847.283
9779.083
9531.283
9685.55
9520.816
9384.483
9525.55
9696.083
9497.75
9327.15
9374.15
9832.75
9784.083
9581.35
9284.75
9420.884
9546.616
9377.684
9198.483
9530.55
9434.816
9432.217
9071.684
9284.017
9371.95
9353.95
9182.95
9375.283
9168.35
9582.217
8901.75
9339.283
9242.95
9037.816
8610.417
9343.35
9274.616
9289.616
8990.017
9096.283
8927.283
9047.816
9170.75
9460.884
8651.217
8956.417
8747.15
9020.217
8440.816
8034.483
7440.617
7248.95
6456.083
5684.083
5141.55
4552.282999999999
3842.55
3471.483
2814.75
3138.95
3024.35
2762.283
2960.95
3841.35
4020.083
3985.3500000000004
4949.417
5450.017
5743.95
6015.817
5360.683
6110.617
5735.017
5604.417
5250.417
5057.75
5148.083
4846.35
4617.883
5001.017
5066.683
5044.35
4809.283
5548.083
5338.15
5365.483
5959.683
6021.683
6241.35
5904.817
6384.083
6543.017
6517.817
6517.283
6754.283
7031.217
7077.683
6591.217
6869.883
7397.75
7395.083
6970.15
7461.817
7693.95
7838.483
7738.417
7758.617
8221.883
8184.617
7594.617
7706.75
8398.683
8488.082999999999
8300.35
8008.683
8530.617
8340.417000000001
8146.217
8147.35
8641.082999999999
8425.883
7582.617
8429.017
8598.617
8650.75
8350.283
8101.617
8591.483
8518.616
8340.15
8267.884
8376.684
8517.417
8090.950000000001
7936.283
8846.883
8417.483
8222.95
8239.683
8587.617
8474.883
8348.017
8304.684
8523.75
8486.483
8299.684
8284.55
8579.684
8533.684
8411.083
8290.483
8631.017
8519.017
7987.75
8201.884
8510.017
8422.35
8078.817
7985.017
8396.017
8283.683
8344.95
8065.817
8343.217
8456.883
8162.417
7698.217
8470.683
8383.15
8362.417000000001
8189.683
8667.75
8415.55
8216.483
8018.683
8493.617
8288.817
7842.35
7718.617
8331.483
8258.35
8279.017
7680.35
8378.75
8261.683
8104.483
8185.35
8361.35
8323.75
8146.15
8067.55
8586.95
8389.483
7539.617
7897.55
8489.483
8251.683
8235.75
8073.217
8479.617
8344.483
7907.75
7722.35
8290.017
8121.883
8116.55
7965.217
8290.95
8254.95
8139.75
7651.75
8353.883
8265.15
7897.15
7589.283
8162.017
8321.55
8037.883
7961.083
8262.082999999999
7920.483
7876.417
8012.083
8014.683
7922.617
7782.55
7612.417
8184.617
8006.55
7651.75
7578.683
8048.017
8197.75
7490.817
7582.15
8034.883
7964.883
8021.95
7768.75
7978.15
7885.55
7829.95
7524.35
8154.55
7925.683
7654.683
7623.217
7961.15
7907.35
7728.15
7248.15
7878.483
7793.683
7689.817
7187.217
7947.15
7750.617
7271.683
7693.75
7738.75
7689.017
7271.417
7388.817
7571.15
7640.283
7408.55
7389.283
7672.417
7439.017
7416.017
7198.417
7527.95
7555.683
7074.15
7012.817
7504.883
7476.35
7198.217
7160.683
7199.55
7363.883
6934.617
7094.217
7152.75
7204.75
7039.683
6807.817
7379.883
7228.483
6856.217
6537.15
7076.017
7254.617
7060.483
6737.55
7099.283
7045.217
6393.617
6759.55
7212.217
6841.817
6706.683
6747.483
6998.35
7010.883
6643.083
6509.283
6900.217
7003.683
6865.617
6740.017
7032.283
6868.483
6579.883
6325.417
6962.15
6771.883
7001.083
6499.35
6960.35
6900.683
6394.283
6463.217
6932.817
6752.083
6570.483
6662.683
6890.95
6830.083
6415.083
6356.35
6972.083
6727.083
6561.683
6619.15
6850.55
6701.417
6290.217
6177.95
6547.95
6503.75
5995.483
6119.75
6612.217
6477.75
6629.75
6269.35
6629.483
6495.35
6706.083
6305.483
6548.083
6456.617
6117.283
6065.15
6546.617
6404.617
5953.017
5427.083
6403.417
6427.817
5968.017
6141.083
6387.883
6198.483
6029.883
5995.817
6369.017
6163.55
5984.817
5644.617
6226.483
6268.417
5535.15
5709.35
6280.95
6051.817
5804.283
5577.017
6188.95
6158.283
6079.15
5649.75
6238.683
6156.017
6096.417
5955.083
6171.283
6031.483
4798.083
5314.75
6063.417
6150.15
5758.617
5479.217
6015.817
6158.083
5491.483
5492.217
5920.483
5866.617
5406.217
5452.95
5948.483
5915.95
5269.483
5248.817
5815.683
5751.95
5478.55
5514.617
5744.817
5657.217
5239.95
5620.883
5754.283
5744.817
5239.95
5453.283
5826.817
5631.283
5166.55
5062.683
5663.883
5692.95
5520.083
4983.75
5756.283
5624.55
4959.55
5065.283
