269.267
75.983
-137.4
154.05
453.0
130.11700000000002
202.733
237.983
233.333
253.78300000000002
123.533
-164.55
215.8
215.85
21.4
-36.95
345.533
4.25
68.2
368.983
418.933
185.85
466.4
153.71699999999998
283.4
208.78300000000002
225.53300000000002
-127.483
202.8
204.517
330.33299999999997
22.983000000000004
285.133
197.71699999999998
236.2
21.117000000000004
556.467
480.85
93.533
-54.81699999999999
248.067
135.11700000000002
-20.533
192.85
201.067
240.917
147.53300000000002
238.05
209.13299999999998
240.25
-42.533
40.31699999999999
614.2
279.783
-12.200000000000003
-255.88299999999998
432.533
444.117
40.0
41.382999999999996
380.6
437.517
387.733
230.517
423.6
374.317
156.933
327.183
387.067
391.85
331.067
-139.083
443.067
277.45
37.0
86.85
376.2
198.05
134.8
65.583
297.66700000000003
494.85
208.53300000000002
67.783
239.067
346.45
35.93300000000001
10.117000000000004
249.86700000000002
210.917
498.533
-0.4170000000000016
184.333
215.05
342.867
-57.349999999999994
196.267
255.517
197.933
93.717
413.66700000000003
367.983
-228.8
35.45
403.467
302.717
229.4
210.983
465.933
287.317
1.733000000000004
269.85
102.733
330.117
247.933
276.117
408.533
283.85
556.0
-219.417
326.0
377.383
109.467
362.783
386.467
459.117
260.467
103.717
349.66700000000003
248.45
-61.93300000000001
108.85
337.8
301.25
139.53300000000002
-0.9500000000000028
416.933
440.317
56.2
-234.683
356.867
321.25
86.533
137.25
272.067
415.05
339.6
38.583
297.0
331.91700000000003
-271.66700000000003
-135.017
312.467
210.183
170.667
-5.483000000000004
340.8
263.05
46.132999999999996
218.05
409.933
298.317
246.933
-106.483
462.267
414.183
426.733
162.583
488.4
278.717
161.333
342.58299999999997
403.4
82.05
372.0
-170.017
137.733
229.11700000000002
11.266999999999996
362.517
586.933
425.517
164.0
-83.15
502.4
160.917
450.067
29.717
388.6
370.783
318.8
389.383
515.533
357.517
423.4
310.317
331.133
230.38299999999998
395.8
-352.55
387.6
352.383
173.46699999999998
144.517
136.46699999999998
330.117
472.33299999999997
173.25
253.933
301.05
117.2
-193.817
273.067
388.717
468.0
187.45
383.8
309.983
47.06699999999999
-321.217
441.067
238.983
-54.533
21.183000000000007
263.66700000000003
193.517
-1000.8
-98.55
125.2
277.25
242.4
-63.417
561.867
395.983
259.133
64.783
265.067
225.38299999999998
-112.533
435.383
529.2
273.317
-191.53300000000002
46.45
311.33299999999997
330.183
-113.2
353.517
380.067
269.25
392.733
342.25
332.6
419.783
240.53300000000002
178.71699999999998
370.6
254.05
406.933
24.117000000000004
392.33299999999997
436.183
338.267
-71.55
218.53300000000002
313.983
74.8
-288.55
371.2
347.183
251.933
-108.55
350.533
342.317
215.86700000000002
84.383
349.067
353.58299999999997
-145.267
207.983
328.0
71.917
-155.067
158.05
266.6
212.183
317.533
164.583
268.933
520.517
85.533
159.71699999999998
375.267
538.117
392.733
166.25
222.333
281.25
101.2
506.117
358.467
208.45
-154.86700000000002
110.517
212.2
286.317
266.4
-5.816999999999993
538.533
550.317
30.599999999999994
288.183
380.933
360.85
237.333
108.383
340.133
391.85
84.533
133.317
297.6
332.05
181.667
307.25
483.8
440.25
406.467
112.183
565.333
181.317
385.4
-120.94999999999999
381.733
184.917
-75.733
302.317
342.0
208.45
554.6
402.85
399.13300000000004
288.05
646.467
106.517
393.33299999999997
306.983
-15.932999999999993
291.11699999999996
649.0
429.717
560.333
-28.94999999999999
466.8
380.717
406.0
206.717
373.2
552.183
-31.19999999999999
247.983
626.933
350.91700000000003
160.4
202.317
378.2
369.65
536.133
197.45
668.467
569.85
716.8
463.11699999999996
714.4
531.983
255.333
365.983
411.133
628.5830000000001
793.867
219.85000000000002
731.2
612.5830000000001
558.733
714.717
637.6669999999999
537.05
375.467
671.85
521.6669999999999
792.783
144.66699999999997
313.983
591.533
574.9169999999999
596.4
422.717
909.0
577.117
741.733
574.317
717.067
687.25
716.2
341.583
1046.0
514.383
599.2
528.5830000000001
878.533
564.783
725.467
639.383
635.467
902.117
810.133
710.183
652.733
906.9169999999999
676.8
484.45
981.0
775.85
663.467
610.317
608.133
704.983
823.533
695.917
929.933
815.25
598.2
548.05
712.333
828.517
724.733
609.517
956.733
527.05
782.667
528.85
721.533
623.117
792.933
890.983
776.6
518.317
820.333
1010.517
494.66700000000003
902.583
762.4
810.85
825.933
801.783
658.333
1025.117
1204.067
727.25
737.067
1318.983
958.467
1171.25
546.533
754.45
1233.467
1060.85
1205.067
1279.517
807.267
771.8499999999999
901.6669999999999
887.983
1414.533
1238.783
707.6669999999999
1196.117
1078.733
1304.783
1330.333
1153.983
1063.267
1397.65
690.5329999999999
965.8499999999999
1090.467
1262.517
1596.667
1531.183
1481.067
1426.25
1228.133
1351.65
1351.867
1258.85
881.5329999999999
1092.717
1437.4
1269.85
1506.733
1078.383
1578.6
1482.45
1586.933
1405.65
1551.333
1465.983
1070.4
1541.383
1396.8
1317.05
1243.0
1385.25
1350.0
1468.383
1379.733
1157.183
1498.133
1272.05
1243.467
1119.65
1602.2
1488.65
1429.6
1522.117
1623.067
1371.25
1333.933
1236.983
1490.467
1522.383
1403.933
1139.65
1642.6
1382.183
1437.533
1421.983
1563.333
1451.05
957.133
1403.65
1476.0
1551.383
1572.733
1750.45
1893.2
1713.317
1723.2
1689.783
1827.933
1903.583
1741.133
1823.25
1814.533
1837.717
2001.867
1853.45
2224.0
1692.783
1285.133
1536.717
1737.4
2032.45
1758.4
1850.517
2215.733
2022.583
1947.333
1878.85
2103.6
2171.183
2185.6
1918.05
2266.667
1957.717
1849.533
1738.117
1760.533
1692.85
1997.533
1347.05
1743.333
1883.517
2125.933
1759.983
2097.867
1993.917
2200.2
1988.117
2072.333
2144.917
2129.6
2042.317
2347.4
1920.85
2459.0
2215.45
2232.733
2145.45
2051.867
2249.983
2473.467
1861.183
1967.533
2295.583
2526.4
2243.05
2316.467
2078.983
2144.333
2037.717
2114.467
2260.183
2222.4
2534.05
2802.4
2103.983
2707.867
2676.917
2543.467
2453.583
2494.333
2368.317
2328.733
2640.917
2559.6
2379.917
2150.667
2281.917
2202.0
2178.117
2508.733
2381.983
2568.533
2777.25
2601.267
2738.383
2965.733
2724.183
3047.533
2884.117
3213.267
2976.517
2809.533
3045.05
3055.333
2949.583
2755.067
2903.983
2715.133
2789.917
2663.2
2851.917
2809.467
2606.65
2260.467
2529.45
2450.133
2465.25
2291.467
2246.583
2497.467
2249.383
2174.4
1876.183
2478.333
2044.117
2386.6
2410.317
2625.933
3123.917
2929.8
3228.45
3098.533
3265.783
3428.133
3021.783
3184.533
3144.85
2846.267
2733.65
3032.467
2881.85
3134.067
2718.983
2978.0
3047.317
3009.4
3185.583
3146.467
3206.983
3387.467
3340.517
3384.0
3369.45
3287.067
2997.65
3352.733
3407.383
3233.133
3504.183
3588.933
3426.783
3311.667
3038.583
3565.0
3442.783
3752.333
4044.317
4139.4
4542.25
4528.733
4378.783
4309.067
4249.183
4334.8
3945.7830000000004
4508.3330000000005
4184.25
4344.867
4254.117
4498.867
3983.45
4141.0
4276.183
4111.6669999999995
4161.25
3944.933
3661.983
4285.267
4393.117
4255.133
4459.717
4634.533
4640.05
4521.867
4269.917
4593.2
4523.583
3988.0
4201.183
4180.2
4404.5830000000005
4300.733
4553.25
4731.2
4481.717
4334.133
3783.717
4037.467
4165.25
4190.933
3935.317
4330.532999999999
4023.183
4034.467
3794.183
3715.533
3676.583
3580.333
3644.85
3684.467
3819.183
3578.533
3736.517
3482.667
3664.917
3814.067
3942.383
4234.8
4411.183
4541.133
4707.25
4509.333
4573.117
4112.4
4648.583
4448.067
4471.383
5005.733
4737.783
5419.0
5452.45
5387.0
5621.25
6212.067
5698.183
5831.667
5279.117
5442.933
5338.917
4895.533
4639.317
4697.4
4528.383
4320.6
4448.65
4967.267
4599.983
4900.733
4960.517
5473.6
5447.65
5578.067
5301.517
5136.267
4978.383
4578.667
4418.65
4484.0
4055.183
3912.0
3767.717
3799.867
3740.517
3153.8
3480.383
3476.4
3144.45
2814.8
3582.117
3649.8
3808.65
4132.6
3894.383
4730.933
4988.917
5060.467
4915.65
4998.6
4741.183
4384.133
4506.05
4442.467
4651.983
4631.4
4460.583
5027.4
4699.85
4892.333
4750.05
4938.2
4878.717
4786.067
4249.85
4841.8
4713.117
4858.8
4784.783
4687.667
4708.383
4766.667
4778.983
5475.133
5542.517
5547.533
5842.117
6013.6
6086.783
6045.067
5868.717
6210.733
5995.85
6421.267
6037.45
6469.0
6943.05
6214.933
6458.25
6530.933
6303.783
6281.867
5507.983
5363.6
4776.85
4495.733
3542.517
3339.4
2809.383
2609.133
2616.583
3194.533
3470.117
3858.133
4397.583
4782.667
5052.45
5337.867
5830.25
6103.333
6589.25
6456.2
6446.183
6594.933
5993.583
5869.733
5524.583
5146.067
4307.65
3977.667
3637.783
3614.467
3989.25
4166.267
4773.983
5708.333
6024.25
6283.0
7177.45
7462.267
7609.85
8031.6
7741.317
8479.067
8533.517
8901.4
8647.583
8579.667
9033.184
8796.0
8833.116
9001.6
8836.45
9094.333
8907.517
9530.2
9385.25
9490.134
9278.917
9772.533
9632.05
9470.066
9586.983
10120.6
9878.783
9784.267
9581.316
9728.2
9267.45
9307.533
9514.05
9598.2
10010.116
9793.467
9889.05
9976.267
9628.583
9319.667
9095.783
9295.066
9603.917
9762.333
9658.316
9692.467
9683.45
9600.4
9481.25
9369.667
9358.116
9167.4
9262.184
9720.533
9482.983
9690.8
9377.583
9514.8
9741.717
9513.533
9935.384
10089.4
10103.783
10245.6
10308.583
10470.6
10764.917
11054.267
10835.517
10756.533
10668.517
9965.267
9424.517
9563.0
9490.184
9393.8
9310.116
9634.733
9910.717
10102.066
10738.45
10672.4
11302.25
11268.667
11290.517
11246.733
11720.384
11034.4
11185.116
11620.866
11158.184
11187.467
11423.65
11350.066
11156.316
11785.6
11309.316
11609.267
11540.583
11464.467
11174.983
11448.0
11304.316
11280.333
10692.05
11405.866
11181.783
11227.8
10793.717
11151.066
11535.45
11763.267
11385.316
11648.533
11794.384
11534.134
11520.85
11428.733
10408.316
10848.333
10896.05
10980.066
10496.45
11137.733
10938.316
11001.866
10693.45
10691.733
11053.783
11230.533
11137.65
11199.066
10977.316
10705.934
10725.384
10088.733
10337.85
11076.0
10876.116
11019.6
11388.583
11735.4
11825.917
11982.467
11643.917
11732.4
11909.45
11833.2
11359.717
11140.4
10628.783
10818.066
10049.65
10713.0
10969.917
10581.4
10612.517
11463.533
11419.983
10858.467
10919.25
11747.934
11980.384
11645.733
11434.917
11579.8
11656.184
11350.4
11297.517
11544.333
11309.717
11606.134
11912.25
11599.333
11868.25
12135.134
11248.65
11519.733
11367.184
10948.467
11218.25
10485.467
10774.45
10807.733
11872.116
11721.467
11547.184
11543.6
11059.25
11321.134
11303.25
11619.333
11321.717
11053.267
10488.184
10282.6
9928.384
9554.267
9485.116
8797.134
8640.65
8668.667
8649.184
9194.134
9653.25
10615.467
11275.917
12485.066
12641.717
13721.866
12877.917
12276.267
12777.25
12601.667
12412.85
13209.467
13339.983
13564.066
13398.917
13269.667
12648.517
12145.2
11750.517
11974.134
11940.384
13267.066
12702.65
13348.866
13458.783
13772.4
13808.583
13435.467
14215.717
14393.733
15049.983
14898.134
15050.717
15325.533
15678.45
14586.533
14827.116
14117.8
14503.917
14463.333
14937.45
14285.467
14077.45
13620.667
13384.517
13663.467
13349.783
12418.333
13361.583
13192.6
14109.65
14235.866
14294.05
15224.333
14799.65
14435.533
14748.85
14763.066
14546.917
14526.333
14757.184
15183.0
15619.25
15658.667
15335.583
15483.667
17180.916
15830.4
15911.25
16165.267
15565.783
16179.066
16157.983
16797.867
16173.783
15576.066
15909.05
16134.0
16043.45
15512.8
15436.65
16594.2
17073.717
16713.066
16019.85
16389.866
16194.783
16062.0
15190.583
16053.333
15923.05
15536.467
14816.85
15434.4
15701.184
15742.667
15255.25
16345.333
16412.917
16209.333
16561.051
16745.199
17544.65
16764.199
16570.316
17165.066
16739.85
17063.6
16136.45
16462.6
17235.783
16768.934
16896.783
16970.533
16474.384
16697.733
17191.316
17852.533
17570.982
17515.334
17760.184
17547.4
18001.25
18493.6
18035.584
17941.6
17537.051
17531.0
17005.982
17499.133
17107.117
17451.4
16757.916
16287.333
16560.983
16473.733
16104.116
16722.733
16241.983
16395.066
16486.449
16453.134
16561.383
16409.467
16961.449
17458.6
17866.117
16970.666
17080.518
17129.6
16545.518
17411.867
17074.184
17586.801
17588.518
17973.4
17982.65
18123.268
18415.783
17785.732
17366.117
19112.199
18419.449
18336.334
18658.117
18907.801
17599.65
18339.867
17605.85
18624.4
18317.982
17513.6
18142.449
18615.4
18347.449
18470.6
19485.316
18874.867
18209.117
18010.533
17776.85
17651.4
18289.449
19024.4
18867.25
19597.133
19718.25
20138.467
19594.584
19675.732
20051.316
19831.268
19836.65
19806.6
19904.584
20423.666
20005.25
20743.934
20498.65
20616.268
21103.383
20957.867
20866.717
20378.867
20539.316
20832.801
20400.051
20249.533
20056.316
20764.801
20423.65
21503.133
20686.982
20293.199
20797.25
20934.4
21704.117
21842.334
21928.584
21324.4
21598.518
21020.334
21169.25
20978.934
21388.916
21583.133
23544.916
21693.0
22697.982
23024.934
23225.783
22669.533
24025.717
23452.732
23782.051
24595.4
25324.518
24047.334
24644.85
24032.6
24347.65
26097.4
24462.449
24690.732
23788.518
23705.066
23851.316
24545.268
24421.449
24958.6
25714.117
25180.199
25962.316
26686.066
27446.518
27429.0
27581.916
28430.801
29207.117
28497.732
27066.051
27908.867
28154.783
27325.133
27974.383
28593.867
28683.383
28454.934
28953.449
29608.6
28905.449
30479.199
31182.051
30767.6
30172.449
31324.268
31123.85
31192.066
30864.982
31283.334
31376.449
31155.801
31220.518
30804.268
31079.783
32019.4
32804.85
33227.668
33589.449
35066.867
35368.383
34691.199
35396.715
35454.266
35229.383
35276.668
34219.316
35239.0
34362.051
34337.133
36062.852
36634.801
36978.449
37077.332
37282.117
38101.465
37219.051
37395.867
36854.184
37119.602
37376.117
36847.066
37660.25
38392.734
38791.984
38895.266
39100.648
39551.934
39576.316
38921.266
39283.383
39042.266
39144.449
38471.602
39083.516
39189.332
39431.852
39864.734
39382.25
39133.668
39376.918
39459.668
39508.449
39574.668
39878.516
39617.199
39821.785
40105.867
39840.582
38609.398
38054.316
36244.0
34782.184
33773.398
33384.516
33258.332
33775.918
33706.668
35180.918
36975.332
37517.852
38161.535
38344.785
38655.332
39602.25
40619.199
40325.25
40992.867
41063.449
40658.535
39831.383
39546.0
39785.852
40436.668
40789.785
41256.266
41916.316
42894.668
43424.984
43596.668
43629.852
42836.266
42636.449
42107.332
42428.648
42516.934
42488.117
42407.465
41706.918
41302.734
41012.051
40428.535
40520.852
40811.266
40579.715
42097.133
42434.184
42780.066
43452.984
43699.266
42768.918
42935.934
42537.648
42609.535
42996.984
43364.133
43828.648
44911.668
44815.516
45401.602
44924.117
44881.066
44364.184
43585.801
43761.582
43685.602
43901.918
43624.066
43941.984
44550.934
44884.316
44372.398
44476.852
45612.133
45022.117
45456.934
44639.785
45286.602
44644.984
43649.668
43134.449
42771.199
42660.582
42885.199
43233.648
43648.332
44902.051
44604.0
45497.648
44928.398
44919.852
44732.0
44224.582
43844.734
43400.918
42721.0
42840.785
42856.199
42598.383
42839.867
42799.918
42589.133
42639.984
42494.0
42652.715
43141.668
43668.648
43651.465
44178.449
44918.398
45201.184
45138.801
45510.449
45231.398
45176.316
44312.867
43849.184
43343.0
43647.918
44079.602
43842.316
44735.535
45032.785
45724.465
45998.117
45991.266
45955.051
46858.133
47091.25
47721.0
47825.785
47429.0
47225.25
46962.199
46965.984
46162.934
45950.516
46054.602
46067.984
45739.199
45665.715
44614.398
45254.852
44849.332
45344.449
45185.133
46088.449
46680.801
47347.449
47753.0
48112.316
47063.266
47153.449
46586.465
46590.984
47015.0
46598.918
46549.066
46226.184
46595.801
47008.984
47009.934
47260.184
47305.734
47818.184
48312.668
49151.852
48333.066
48166.852
47420.801
47487.984
46554.465
46556.25
46488.332
46202.449
46862.465
47012.449
45109.801
46345.184
46224.332
45818.316
46002.0
45758.785
45623.801
45897.648
46560.066
46880.648
46921.668
46780.715
46951.133
47690.582
47803.668
48132.785
47869.398
47269.582
45753.734
44090.316
43145.602
41578.184
39743.734
39216.117
39931.867
41078.516
43529.465
44242.449
43621.266
43737.715
43930.934
43335.785
43783.867
43165.852
42611.398
43667.715
44956.668
46017.184
45895.934
46387.918
46568.465
47073.785
47909.066
47425.25
47280.133
47333.648
46514.867
47017.184
47497.602
47504.383
47368.0
48263.715
48707.734
48726.117
48776.465
48007.648
47854.867
47492.582
47722.066
47397.785
46613.398
46400.25
45925.266
46982.184
47794.332
48592.25
48325.133
49009.117
49957.0
50329.918
49789.668
49309.117
49646.934
49028.715
48851.465
48187.25
48914.668
49508.785
48975.266
48653.852
48221.465
47073.582
46403.934
44668.648
43429.0
42957.383
43001.0
43455.449
44041.266
45377.316
45633.602
47044.25
47321.0
47417.051
48088.668
48284.25
48821.0
48999.516
49182.535
49686.715
50572.734
49922.25
49463.602
48543.25
48453.465
48320.785
48094.332
48173.984
48236.867
48914.918
49984.602
50043.184
50088.867
50041.785
49967.668
49680.449
49631.535
49601.984
48454.602
47835.516
47394.0
46684.117
45845.934
45266.383
45642.066
45975.117
46472.801
46920.117
47667.332
47745.051
47502.734
47397.184
47491.867
47153.715
46705.066
46862.516
47394.867
47913.785
48051.332
48111.715
48654.199
49234.582
49203.535
49281.449
48947.602
48794.051
48071.934
47326.582
46900.801
45931.516
44814.734
46202.117
46077.199
46495.516
46667.668
47371.117
47474.133
47878.715
47318.535
47383.117
47734.066
47197.785
47107.266
46882.449
46768.668
46422.918
45653.602
45214.715
45367.668
45408.25
44870.867
44161.051
44496.734
44355.984
44053.133
44059.582
44287.465
44661.648
44910.867
45404.316
45577.398
46080.25
45784.398
45629.184
46119.266
46012.383
44774.934
45517.715
45093.535
45088.516
45331.801
44658.051
44789.266
45710.785
45933.0
46346.117
46164.266
46329.184
46276.066
45937.715
46448.199
45868.984
45280.535
45262.984
45607.266
45978.25
46220.465
45445.918
45629.398
45497.383
45038.0
45381.785
45510.734
45367.184
45144.801
45366.383
45034.398
45189.715
44598.0
44317.516
44197.602
44128.984
44336.465
43929.117
44841.801
45051.984
45643.801
44958.785
45169.465
45135.316
45453.602
45288.25
45026.398
45231.383
45193.0
44952.117
44970.465
44998.516
44597.0
44180.184
44582.734
44706.316
44796.934
44737.648
45001.535
44990.918
44842.535
45285.715
45339.332
45576.117
44630.398
44225.582
44486.066
43905.918
43991.801
43729.316
44325.0
44842.918
44695.066
44541.785
44853.266
44839.184
45103.867
44955.516
45030.066
45356.984
45129.398
45096.516
45232.332
45338.25
45194.332
45047.852
44307.867
44513.184
43731.332
43936.383
43983.0
43886.918
43493.801
43694.184
43573.934
43568.648
43609.398
44005.316
43587.066
44200.516
43996.133
43939.582
43341.266
42918.582
42554.332
42696.051
42267.668
42303.184
41963.0
42563.785
42832.734
42828.316
42721.0
42334.852
43414.0
43664.25
44008.535
44013.449
44652.199
44863.184
44164.066
43867.582
43730.465
43675.715
42835.266
42974.25
43192.398
43214.25
43546.801
43494.715
43988.266
43917.383
44054.332
43824.785
44081.066
43741.582
43438.668
42880.516
43502.398
43565.648
42765.734
43709.648
43284.465
43642.449
43875.266
43320.852
43579.934
43180.184
42354.133
41880.785
42342.332
42118.316
41784.535
42197.383
42208.602
43284.984
43000.398
43741.785
43901.535
43614.852
43498.801
43910.449
44286.465
43728.648
43122.332
42947.715
42849.602
42359.25
42143.668
42081.785
42684.934
42761.25
42697.535
42668.25
43303.734
43386.582
42939.602
42701.117
42644.133
42288.25
41570.934
41055.25
41089.668
41101.648
40703.133
41055.117
41351.133
42050.984
42280.066
42383.984
42756.535
42949.117
43380.602
43278.984
43384.801
43129.918
43011.133
43544.383
42898.602
43379.316
43063.332
42636.785
43160.133
43039.184
43218.934
42861.715
42670.602
42592.582
42548.332
41998.184
42132.668
41835.984
41584.801
41979.648
41619.867
41370.117
41379.668
41244.316
42064.934
42329.715
41504.199
41640.984
42233.133
42108.852
42012.867
42501.184
41982.332
41668.25
41568.801
40748.918
41244.668
40371.715
40600.066
40487.516
40412.398
41007.918
40758.867
41120.715
41027.066
40920.852
41314.535
41235.449
41504.199
41501.316
40923.668
41034.984
41233.133
41413.117
40563.734
40914.184
41084.0
41094.516
40481.199
40960.918
41602.465
41191.984
40941.734
41762.051
41860.199
41705.383
41379.867
40980.184
41583.465
41081.984
41265.535
41201.852
40907.398
41138.984
41028.199
40773.648
41096.266
40836.918
40138.934
40356.449
40611.602
40394.316
39766.066
39760.785
39456.133
39334.316
39098.668
38682.184
39273.332
39302.383
38943.734
39916.852
39830.332
40059.648
39984.332
39736.051
40263.535
40056.648
39694.266
39178.117
39684.535
39824.582
39020.0
38191.25
37428.266
36721.918
36122.465
35448.785
35007.801
34410.918
33948.668
35108.785
35750.801
35856.648
36417.332
37125.25
38368.066
38066.582
38552.266
38283.051
38244.133
38413.715
37980.668
37866.051
38049.535
37973.918
37562.199
37692.715
37848.867
38065.582
37810.133
37519.516
37929.066
37674.516
37708.934
37479.184
37911.332
37843.715
37503.535
38133.852
37911.066
37737.516
37294.867
37073.383
37059.398
36968.582
36904.602
37051.316
36821.668
37223.984
37251.066
37052.984
37298.602
37757.715
37474.066
37198.051
37470.066
37618.785
37494.0
37628.648
37490.465
37095.984
36884.398
36859.516
37060.199
36879.25
36135.266
36524.918
36391.867
36652.316
36489.066
36335.051
36396.0
36607.25
36885.133
36434.648
36656.0
36908.184
36298.734
36598.051
36546.465
36493.648
35849.867
36018.715
35932.199
35976.383
35999.133
35891.383
35841.066
35819.852
35188.332
35528.25
35253.934
35555.316
35065.332
35449.984
36049.133
35707.648
36157.332
36166.051
35947.934
36434.316
36247.668
36227.184
36273.332
36182.383
36383.668
36128.25
36284.535
36070.984
36284.465
36064.648
36485.398
35806.316
35897.602
35661.383
35944.734
36050.383
35600.133
35469.852
35547.734
35508.984
35499.332
35599.516
35676.465
35750.715
35723.734
35649.852
35606.801
35149.852
34733.934
34656.715
34860.465
34323.852
34013.465
34155.785
34584.535
34529.852
34069.332
34144.785
34473.398
34269.516
33979.199
33690.051
33963.668
33748.449
33335.801
32893.383
33252.602
33287.785
33233.801
33566.449
33416.801
33474.785
32867.133
33079.383
32669.867
32580.85
31820.467
31647.65
31670.666
31201.85
31197.066
30522.518
30903.533
30593.85
29929.199
29167.518
29019.666
29139.383
28940.066
28345.117
28614.666
28477.184
28791.066
28902.916
29499.268
29910.85
30739.732
31519.184
31637.732
31802.449
31840.133
32082.518
31906.467
31529.117
31678.0
31329.449
31632.934
31405.783
31733.732
31763.584
32122.732
32033.982
32276.268
32161.982
32613.467
32492.449
32210.867
32496.65
32826.801
32609.85
32279.801
32072.982
32386.133
32279.051
32021.732
31958.584
32026.867
32055.584
32514.867
31694.25
32215.334
32230.25
32227.268
32058.25
32337.0
32113.449
31704.4
31732.184
31823.533
31988.117
31244.0
31187.783
31426.268
31115.85
31030.066
31268.518
31356.4
31058.383
30977.732
30705.117
30618.666
30685.783
30765.4
30704.449
30671.268
30633.25
30647.066
30586.518
30407.4
30395.584
30176.801
29554.316
30021.0
29498.117
29653.801
29659.316
29791.533
29563.383
29677.867
29647.584
29702.801
30075.65
29836.467
30145.85
30044.666
30211.184
29948.0
29455.85
29545.801
29419.383
29247.133
29497.982
29338.268
29278.717
29318.732
29244.449
29667.801
30144.25
29691.801
30254.783
30356.801
30090.65
30250.0
29981.982
30175.867
30333.584
30471.934
30668.518
30716.133
31115.383
31030.467
31408.584
31760.666
32080.916
31526.867
31464.65
31721.732
32255.916
32092.0
32573.383
32717.666
33145.117
32933.0
33066.715
32945.199
32637.584
31928.268
30811.184
30266.4
29947.316
29620.867
29365.584
29100.467
29099.783
28944.533
28883.25
29105.268
28988.449
28982.6
28976.117
29347.867
29083.783
28944.4
28565.25
28589.6
28785.449
28329.867
28645.117
28512.533
28782.316
28706.732
28822.518
28895.268
29107.982
28694.732
28860.051
29252.867
29008.383
28461.0
28789.449
29156.867
28987.117
28545.0
28867.184
29157.066
28542.051
28974.732
28233.717
28614.268
28251.65
28020.533
28206.051
28003.133
28111.783
27805.268
27366.916
28032.934
28103.783
27765.732
27731.383
27915.467
27723.449
28101.0
27544.584
27752.666
27777.584
27931.066
27921.25
28063.199
27804.518
27895.533
28060.051
28299.934
27852.316
27410.334
27445.383
27726.0
27889.117
27582.467
27720.449
27553.467
27775.85
27559.732
27527.518
27542.268
27489.783
27059.732
26777.584
27455.801
27256.584
26776.4
26735.982
27096.199
26722.783
26726.934
26827.783
27086.199
26781.783
25821.4
26590.584
27000.467
26612.717
26521.732
26164.051
26455.4
26512.584
26791.867
26749.25
26648.199
26300.383
26364.4
26347.85
25776.334
25564.184
25010.801
25314.25
24837.334
25280.982
24797.467
24872.051
26233.867
26001.783
25980.0
26593.184
26389.334
26479.449
25991.268
25796.584
25679.066
25657.717
25378.533
25419.316
25533.334
25545.316
25129.467
25377.25
26073.4
25545.783
25044.6
25371.25
25625.0
25764.65
25423.334
25520.783
25618.0
25303.717
24984.268
24593.449
24995.0
24543.783
24476.934
24058.584
24077.732
24047.117
23396.133
22954.383
22826.133
21370.117
20554.066
19710.184
19872.533
19864.85
19945.801
20188.449
21000.867
21925.25
22479.467
22526.449
22710.133
23383.982
23852.4
23767.85
23438.268
23923.584
23808.467
23917.518
23901.199
23481.25
23186.268
23041.051
23511.268
23393.717
22955.6
23676.316
23498.334
23779.449
23832.4
23688.85
23832.732
23827.783
23569.268
23677.783
23774.732
23948.783
23510.334
23529.982
23947.467
23970.982
23870.199
23936.117
24068.666
24054.65
23908.066
23445.518
23884.666
23816.584
23464.666
23291.316
23541.4
23691.916
23513.467
23023.117
23253.199
23651.85
22980.4
23667.783
23803.133
23742.65
24181.334
23863.584
24017.934
23944.316
23713.934
23927.584
23784.334
23733.85
23396.268
23460.316
23492.0
23580.916
23423.066
23517.584
23764.334
23760.117
23447.0
23236.982
23548.467
23407.25
23598.4
23167.117
23640.801
23517.584
23722.334
23693.85
23785.199
23692.584
23221.467
22958.051
23506.199
23368.783
23533.199
23170.982
23028.6
23148.783
23014.6
23374.184
23100.801
23128.783
22552.6
22571.25
22690.934
22954.117
22053.801
22369.184
22547.801
22554.717
22309.467
22172.85
22585.867
22540.916
22264.199
22450.383
22494.867
22750.117
21988.334
22188.383
22680.533
22727.783
22341.666
22219.85
22371.801
22568.65
22161.199
22138.316
22292.533
22197.584
21659.199
21946.65
21943.533
21782.982
21724.066
21881.65
21557.801
22340.65
21660.934
21570.518
21661.867
21668.717
21538.934
21005.982
21541.6
21565.65
21290.334
21001.117
21445.6
21321.584
21232.066
20683.449
21252.934
21251.25
21139.4
21182.518
20819.334
21095.184
20940.0
20501.25
20761.732
20605.916
20622.066
20102.717
20549.4
20447.117
19804.934
19491.383
20221.4
20053.916
19841.467
19711.316
19963.199
19839.184
19523.133
19424.717
20076.533
19796.65
19603.934
19503.25
19916.199
19514.449
19322.867
19229.982
19817.666
19619.316
19348.199
19309.85
19500.934
19198.25
18790.6
18502.184
18949.199
19055.85
18960.732
19233.518
19379.066
19242.783
18654.133
19314.25
19073.732
18964.25
18964.199
18860.85
18768.066
18947.449
18486.801
18411.85
17711.867
16957.717
16207.4
15465.85
15015.4
14866.05
14797.4
14802.783
15710.267
16290.184
16477.066
16934.65
17250.867
17322.85
17423.867
17328.051
17468.4
16908.85
16901.934
16163.184000000001
17204.268
17193.117
16955.268
16873.051
17289.268
17500.65
17652.4
17376.717
17800.533
18041.584
17670.268
17764.916
18079.0
18100.916
18120.268
18242.051
18366.666
18318.916
18095.133
17740.316
18645.467
18435.518
18357.666
17985.584
18659.199
18812.449
18517.334
18754.584
18755.666
18337.316
18518.467
18128.117
18713.6
18574.25
18487.133
18410.117
18435.268
18666.25
18246.4
18787.783
18746.6
18799.982
18750.268
18368.518
19057.533
19011.584
18597.334
18746.184
19460.4
19189.584
18910.533
19406.584
19650.0
19290.783
19049.133
19175.916
18793.133
18972.916
18479.4
18646.518
18950.4
18848.117
18848.467
19325.25
18957.066
19105.65
18451.867
18318.051
19227.533
19023.584
18875.334
18999.316
18834.533
18925.117
19020.801
18694.916
18742.732
18727.449
18650.199
18614.383
18789.732
18467.051
18587.6
18409.051
18780.133
18524.051
18630.666
18581.449
18997.867
18575.783
18651.934
18549.916
18826.6
19058.051
19065.199
18938.717
18886.732
18758.584
18617.533
18858.982
18992.0
19107.717
19136.801
18718.449
19371.666
19220.584
19148.732
18647.783
19230.268
19110.584
18895.199
18790.518
18894.801
19004.518
19160.801
19045.383
19118.533
18809.449
18931.666
19115.916
18857.133
18955.117
18851.0
18692.383
18784.4
18957.65
18634.934
18586.85
18720.467
18989.85
18041.934
18760.916
18779.467
18724.449
18047.199
18411.783
18704.133
18834.85
18639.0
18715.584
18675.533
18789.85
18519.934
18407.184
18828.867
18538.383
18657.732
18271.117
18491.533
18541.982
18273.4
18168.316
18486.133
18036.316
18013.801
17928.316
18214.867
18077.916
17749.934
18077.65
18024.066
17778.783
17956.4
18082.65
17854.533
17864.982
17638.666
17637.717
17951.732
17642.051
17782.467
17395.783
17503.133
17547.916
17408.732
17482.316
17328.867
17264.316
17217.467
17176.117
17382.066
17357.518
17309.4
16383.383000000002
16692.6
16610.65
16431.4
15830.65
15751.934
15805.184
15425.4
14834.583
15364.8
15201.45
14349.134
14770.316
14687.667
14335.583
14460.733
13894.116
14057.267
13922.517
13615.267
13729.25
13960.533
13849.184
14021.267
12795.65
13559.866
13622.25
13159.0
13478.517
13693.866
13783.983
13503.4
13905.517
14133.8
14201.717
14367.134
14763.316
14733.533
14588.717
14673.267
14436.783
14407.134
14600.05
14595.6
14037.116
14479.333
14322.316
13998.733
13412.184
13761.267
13533.717
13211.667
13150.316
13019.6
13069.983
12907.4
12795.65
13188.8
13149.917
13027.0
13009.45
13137.467
12988.65
12885.4
12793.65
13221.2
13043.983
12714.467
13159.983
13515.0
13316.116
12978.066
13157.517
13118.8
13167.717
13106.667
12994.85
13047.134
12799.45
12248.333
12805.983
12657.467
12790.45
12932.866
12440.983
12957.267
12816.45
12105.4
12388.717
12624.333
12469.583
12511.4
12771.116
12866.333
12853.384
13060.8
12975.85
13087.4
12916.184
12868.8
12594.05
12805.267
12896.184
12637.134
12649.65
12892.4
12858.983
12613.866
13045.25
13088.467
13233.783
12782.066
12996.917
13139.8
13113.384
13312.0
12622.384
13137.2
13004.184
13165.8
12790.184
13438.4
13180.983
13299.066
12948.184
13463.4
13413.85
13115.733
12899.384
13128.733
12892.184
12824.4
13028.983
12959.267
12825.717
12474.066
12463.583
12686.267
12856.717
12701.733
12898.25
12854.066
12679.116
12501.467
12702.517
12783.533
12639.517
12930.267
12304.384
12641.066
12870.05
12871.134
12569.184
12621.733
12163.316
11872.267
12331.717
12198.267
12298.316
11473.0
12037.783
12306.4
12184.316
11913.2
12231.917
12454.6
12082.384
12172.733
12031.85
12238.533
11947.583
11660.4
11651.184
11984.267
11925.983
11480.934
11770.917
11749.267
11890.05
11711.934
11765.717
11863.2
11735.983
11527.866
11765.717
11896.934
11802.05
11655.066
12013.85
11756.667
11824.316
11716.4
11530.783
11703.4
11698.65
11519.467
11370.05
11462.6
11534.25
11248.934
11127.184
11609.2
11618.783
11308.934
11370.65
11607.934
11603.983
11173.6
11231.116
11451.4
11241.05
11014.134
11414.116
11382.667
11177.583
11394.134
11188.316
11209.6
11168.65
10901.733
10543.65
11195.267
10887.983
11120.333
10929.05
11055.8
10829.717
10802.066
10639.384
10962.333
10849.85
10714.467
10468.45
10725.4
10799.25
10595.467
10565.184
10807.6
10826.85
10296.667
10473.184
10722.6
10698.917
10009.2
10202.583
10610.4
10577.583
10472.066
10132.384
10681.267
10592.45
10477.8
10242.65
10377.8
10244.517
10080.333
10210.917
10391.066
10214.783
10035.2
10104.45
10523.4
10541.783
10288.667
10031.583
10125.8
10275.783
10101.8
9903.316
10232.267
10129.783
10112.866
9796.116
9984.934
10100.917
10019.667
9842.184
10037.8
9858.25
10288.6
9566.05
10001.0
9926.517
9711.0
9284.65
9997.533
9938.517
9973.2
9637.316
9759.733
9571.45
9707.733
9831.316
10103.6
9322.184
9610.934
9417.917
9657.4
9037.05
8616.6
7971.05
7726.8
6874.25
6051.4
5397.983
4770.733
4017.183
3614.467
2934.717
3230.467
3131.117
2860.0
3072.65
3978.533
4181.85
4189.867
5210.117
5750.2
6053.983
6369.333
5733.85
6476.733
6082.717
5922.2
5549.583
5347.867
5423.583
5129.333
4863.517
5287.0
5346.05
5317.8
5092.383
5855.6
5628.25
5659.6
6309.05
6351.0
6610.183
6299.667
6781.65
6941.0
6930.517
6941.6
7205.583
7469.0
7524.65
7041.533
7306.117
7866.867
7872.117
7468.2
7966.583
8239.332999999999
8376.45
8282.667000000001
8300.05
8771.866
8751.25
8168.200000000001
8289.65
8982.934
9061.517
8894.6
8598.184
9133.4
8933.717
8755.866
8755.983
9247.4
9042.783
8174.6669999999995
9021.85
9159.8
9245.116
8925.0
8715.917
9219.267
9147.45
8948.2
8868.25
9017.4
9134.517
8692.733
8551.517
9489.733
9035.583
8852.667
8845.717
9184.934
9088.917
8940.866
8926.184
9118.333
9101.384
8925.667
8895.316
9186.467
9193.583
9030.2
8918.85
9238.866
9180.717
8605.0
8786.05
9164.0
9055.517
8689.6
8591.517
9020.467
8889.917
8914.934
8673.783
8971.934
9068.717
8778.267
8317.316
9113.267
8979.05
8973.6
8810.25
9279.866
9019.45
8829.2
8614.85
9080.333
8896.116
8457.4
8302.583
8936.866
8872.184
8879.333
8271.85
8967.8
8823.316
8707.667
8777.85
8972.866
8942.65
8730.333
8674.783
9159.667
8995.05
8149.6669999999995
8497.917
9067.2
8839.384
8810.866
8664.717
9049.4
8946.717
8523.066
8330.116
8874.8
8742.116
8704.0
8589.65
8887.267
8864.917
8710.333
8261.917
8953.8
8881.783
8503.934
8218.717
8775.934
8923.983
8602.066
8545.517
8877.533
8495.05
8445.333
8605.05
8601.934
8515.85
8384.267
8203.25
8757.8
8619.05
8205.733
8195.717
8627.4
8773.45
8075.532999999999
8164.116
8617.333
8526.517
8567.933
8353.383
8561.0
8457.517
8403.4
8091.983
8717.867
8494.117
8187.933
8179.917
8545.4
8452.45
8288.733
7803.583
8444.0
8368.117
8235.267
7734.85
8522.8
8312.25
7825.6
8252.05
8328.267
8205.317
7809.667
7917.583
8091.333
8203.783
7966.467
7928.05
8186.4
7981.317
7946.267
7736.583
8036.133
8093.783
7607.933
7533.383
8026.533
8005.583
7700.2
7676.117
7713.333
7919.383
7451.4
7587.117
7692.6
7734.05
7540.267
7325.517
7879.0
7742.583
7353.667
7023.583
7582.267
7749.317
7532.6
7271.05
7611.333
7557.05
6883.933
7302.65
7719.667
7334.983
7198.267
7245.717
7486.2
7527.983
7153.2
7001.65
7408.133
7509.917
7321.733
7223.917
7568.0
7337.917
7056.267
6803.05
7404.4
7238.117
7486.8
6973.917
7468.467
7399.583
6887.2
6931.117
7413.2
7280.717
7057.267
7116.85
7408.8
7308.717
6909.133
6858.25
7468.733
7174.05
7048.533
7078.45
7319.733
7170.317
6750.067
6626.517
7015.667
6966.25
6452.4
6603.383
7067.6
6905.517
7068.867
6738.917
7111.2
6942.25
7157.733
6762.317
7004.867
6895.65
6533.733
6538.05
6999.667
6885.783
6395.467
5896.317
6826.867
6859.85
6390.0
6592.583
6836.267
6644.25
6471.8
6436.317
6807.667
6621.117
6422.333
6085.917
6648.933
6704.917
5974.067
6147.717
6704.4
6490.05
6249.067
6036.783
6605.133
6584.583
6499.933
6096.783
6667.2
6591.583
6530.533
6390.783
6607.933
6461.583
5255.533
5724.183
6504.533
6571.65
6205.933
5922.45
6432.133
6575.05
5915.333
5921.45
6350.733
6300.25
5834.133
5889.517
6367.867
6353.05
5674.4
5691.783
6224.267
6172.917
5907.6
5919.783
6161.0
6066.45
5654.667
6041.917
6126.333
6143.917
5632.6
5879.383
6255.533
6027.85
5559.933
5481.45
6046.533
6070.983
5913.4
5360.917
6154.267
6017.117
5316.333
5469.45
