269.233
80.967
-140.767
158.233
445.1
137.03300000000002
209.1
232.833
225.7
261.5
117.36699999999999
-166.7
202.5
207.433
11.366999999999997
-35.033
346.16700000000003
-7.966999999999999
61.967
360.3
421.16700000000003
182.1
462.9
156.9
284.633
201.3
223.03300000000002
-121.5
197.167
200.1
327.3
28.766999999999996
272.1
185.1
236.433
24.433000000000007
554.5
464.9
83.033
-67.767
247.03300000000002
127.833
-7.832999999999998
181.5
194.7
234.233
142.233
233.3
211.3
242.833
-41.766999999999996
38.367000000000004
621.567
280.233
-19.433000000000007
-260.633
429.7
436.16700000000003
24.833
44.3
378.767
442.7
374.433
226.1
410.433
365.967
144.567
312.83299999999997
389.9
386.7
322.16700000000003
-138.7
443.967
284.433
34.766999999999996
81.9
379.767
190.9
138.9
67.5
293.83299999999997
496.7
190.96699999999998
74.233
234.567
337.5
26.033
11.632999999999996
232.433
195.233
490.16700000000003
-2.766999999999996
173.433
221.1
340.767
-62.099999999999994
188.9
254.167
189.7
94.967
407.16700000000003
351.367
-244.5
22.033
391.1
302.367
212.233
206.9
453.1
288.967
-3.433000000000007
272.9
95.3
329.433
235.03300000000002
281.233
404.433
283.433
547.7
-228.96699999999998
323.5
369.433
104.1
362.7
376.7
456.433
248.1
105.767
342.967
247.7
-73.5
112.967
333.1
307.567
119.567
5.299999999999997
410.967
445.9
48.033
-239.9
347.83299999999997
316.9
81.033
135.36700000000002
274.033
416.9
333.7
44.367000000000004
286.9
322.9
-283.367
-137.36700000000002
294.9
197.3
155.36700000000002
-9.632999999999996
330.16700000000003
261.633
47.7
214.36700000000002
394.633
292.5
234.233
-119.633
451.16700000000003
397.767
421.567
147.03300000000002
481.3
274.3
155.03300000000002
336.433
408.1
73.7
367.367
-162.567
139.3
223.96699999999998
7.367000000000004
362.7
578.833
420.767
162.36700000000002
-85.033
494.367
148.03300000000002
450.633
22.099999999999994
385.7
356.033
311.033
383.433
516.233
354.433
425.367
312.83299999999997
325.967
230.233
380.433
-353.16700000000003
393.83299999999997
354.633
163.5
147.7
131.9
329.3
463.16700000000003
182.3
249.1
301.1
108.433
-201.167
266.1
383.767
462.9
192.36700000000002
381.3
299.9
36.43300000000001
-315.3
433.83299999999997
233.03300000000002
-75.3
11.832999999999998
254.633
191.9
-1000.767
-99.433
117.233
267.5
241.167
-72.633
556.433
400.767
254.167
57.167
254.833
226.63299999999998
-124.767
430.83299999999997
523.633
277.433
-194.233
35.43300000000001
302.633
314.367
-116.433
344.033
370.567
260.567
389.233
342.9
321.83299999999997
407.5
229.5
184.7
370.767
239.9
399.433
29.967
397.3
435.83299999999997
328.633
-72.1
219.9
305.3
69.7
-290.3
363.3
334.033
248.3
-120.9
343.9
340.1
210.433
78.833
350.767
354.967
-164.03300000000002
196.633
324.233
63.7
-147.03300000000002
166.567
257.633
214.7
311.967
166.3
266.433
517.833
92.9
165.433
369.233
530.433
384.1
160.767
220.3
278.1
92.7
494.367
345.767
207.3
-163.63299999999998
97.9
210.36700000000002
284.1
260.5
-10.566999999999993
529.433
558.833
27.299999999999997
278.433
366.83299999999997
349.7
224.36700000000002
102.033
345.967
385.16700000000003
78.967
133.167
289.433
326.5
175.03300000000002
297.3
472.233
438.3
398.16700000000003
102.433
555.633
183.567
387.3
-131.767
373.567
180.433
-85.1
293.433
335.433
210.967
546.7
397.9
377.767
267.9
645.7
90.69999999999999
389.9
292.433
-37.69999999999999
282.033
643.433
412.767
545.967
-37.56700000000001
451.36699999999996
372.033
387.83299999999997
199.7
347.433
522.1
-43.766999999999996
236.3
607.9
337.36699999999996
138.433
176.633
355.433
364.7
516.7
181.567
650.433
549.5
688.567
446.83299999999997
698.033
506.16700000000003
230.7
339.16700000000003
379.233
599.1669999999999
762.567
195.36700000000002
703.233
580.367
526.5
676.3
598.8330000000001
502.433
350.567
632.1669999999999
477.1
758.3
108.56700000000001
264.967
557.5
531.033
554.1669999999999
401.633
872.767
548.1669999999999
705.7
536.3
679.767
649.033
663.9
298.167
988.367
461.1
561.5
492.5
831.233
508.033
690.967
591.233
590.5
860.9
760.033
650.1669999999999
595.3
860.633
617.9
434.833
924.633
722.567
611.233
556.5
533.567
645.8330000000001
765.3
640.633
866.1
764.567
548.5
493.967
653.567
757.633
649.433
536.767
876.5
450.5
714.633
451.23299999999995
652.033
544.367
726.033
817.433
692.567
441.567
740.3
937.033
425.5
842.167
695.433
734.367
760.967
729.9
576.633
934.1
1125.7
633.367
639.1
1241.233
877.967
1092.433
467.70000000000005
660.633
1114.633
954.633
1076.167
1153.233
692.567
669.433
776.9
751.567
1292.3
1122.1
591.167
1068.167
953.5
1167.9
1204.233
1037.967
936.367
1285.3
567.1
850.167
960.833
1137.167
1440.233
1393.833
1334.1
1277.7
1074.633
1172.567
1204.9
1110.1
739.7
954.5
1290.833
1118.9
1371.7
935.633
1429.7
1341.033
1438.433
1256.967
1392.3
1325.367
924.9670000000001
1381.1
1242.3
1164.633
1082.567
1223.633
1215.567
1329.3
1227.167
1003.567
1320.033
1110.233
1091.233
962.567
1424.3
1331.9
1260.967
1346.567
1446.633
1195.367
1172.3
1078.167
1345.7
1374.833
1252.367
1002.767
1496.767
1228.633
1278.367
1267.7
1409.233
1282.5
795.367
1226.167
1302.233
1374.3
1398.167
1577.833
1703.233
1507.1
1519.767
1492.433
1638.233
1702.5
1553.167
1628.433
1626.9
1613.633
1777.567
1636.367
2016.033
1497.167
1078.3
1332.9
1550.567
1842.567
1552.1
1649.767
2008.033
1806.5
1724.233
1652.633
1891.1
1935.967
1963.233
1690.033
2059.033
1742.433
1624.833
1514.233
1563.833
1500.967
1819.767
1163.3
1558.7
1685.233
1914.3
1567.5
1857.9
1756.3
1949.967
1774.633
1853.167
1923.167
1898.633
1800.5
2113.9
1673.367
2207.767
1966.967
1991.833
1923.567
1809.233
2002.767
2247.7
1628.767
1732.3
2040.567
2271.433
1989.833
2079.7
1842.033
1892.7
1795.633
1857.433
2008.1
1960.833
2262.367
2526.5
1829.3670000000002
2406.5
2381.5
2245.633
2167.433
2226.967
2114.567
2051.967
2373.433
2283.767
2093.767
1888.7
2004.233
1939.033
1914.167
2236.433
2117.167
2278.633
2483.5
2292.5
2427.9
2627.967
2381.567
2712.167
2538.367
2879.567
2632.567
2465.7
2703.1
2717.767
2620.9
2412.7
2581.967
2399.7
2472.3
2345.633
2549.233
2502.033
2314.233
1978.1
2248.967
2188.767
2210.167
2029.5
1966.633
2213.233
1992.833
1921.767
1626.633
2264.3
1808.767
2161.233
2167.967
2339.3
2811.833
2584.167
2887.5
2724.367
2883.3
3029.967
2645.633
2829.9
2796.033
2509.967
2439.967
2718.233
2564.5
2828.433
2399.767
2659.367
2719.767
2663.7
2840.167
2797.167
2842.9
3001.167
2934.033
2994.033
3002.1
2891.767
2619.567
2957.967
3008.1
2835.5
3112.633
3180.633
3048.033
2925.167
2642.3
3148.7
3028.1
3335.033
3601.1
3681.967
4046.9
4036.367
3880.3
3808.767
3747.033
3847.1
3439.5
4007.767
3691.367
3853.367
3755.767
4007.433
3492.767
3677.833
3808.833
3652.433
3690.633
3489.967
3210.967
3803.433
3907.767
3748.767
3941.7
4103.8330000000005
4090.3
3983.5
3731.1
4072.3
4031.9
3510.5
3724.167
3676.3
3934.767
3781.567
4015.633
4209.8330000000005
3945.033
3831.1
3312.033
3568.567
3692.033
3735.833
3453.033
3860.767
3552.7
3591.033
3384.3
3308.833
3261.3
3183.567
3254.233
3282.233
3383.167
3177.5
3315.967
3070.967
3245.5
3363.033
3453.833
3758.567
3907.9
4014.5
4182.233
3980.9
4049.9
3617.9
4140.1669999999995
3928.367
3942.233
4467.9
4146.167
4825.567
4856.9
4759.9
4951.7
5553.1
5035.633
5151.167
4640.033
4809.967
4722.367
4361.233
4088.767
4147.8330000000005
4001.3
3812.433
3937.7
4404.233
4035.567
4315.3
4348.367
4835.3
4792.833
4952.633
4697.367
4549.767
4412.5
4049.767
3909.9
3997.767
3606.033
3486.167
3330.633
3402.967
3340.9
2777.633
3107.233
3122.967
2785.167
2458.167
3231.433
3253.567
3390.567
3660.433
3399.567
4191.3
4439.3
4501.367
4337.1
4432.033
4220.233
3854.767
4004.3
3917.833
4135.233
4100.5
3906.033
4475.433
4137.767
4317.7
4196.367
4367.567
4330.1
4251.367
3698.567
4301.767
4162.233
4311.8330000000005
4246.1
4141.433
4188.967000000001
4217.167
4203.367
4891.9
4919.767
4900.033
5150.5
5298.967
5395.033
5371.3
5188.567
5524.1
5277.767
5691.167
5292.367
5711.1
6132.1
5451.433
5701.233
5783.033
5565.567
5547.967
4834.033
4752.1
4190.967
3979.033
3110.5
2958.233
2464.367
2305.1
2296.967
2825.167
3089.767
3422.3
3924.3
4257.233
4451.1
4739.033
5139.167
5433.7
5820.633
5709.5
5698.233
5852.167
5304.5
5189.7
4915.567
4546.367
3809.3
3542.233
3246.7
3220.367
3561.033
3707.833
4242.5
5074.833
5306.433
5537.167
6376.1
6603.033
6686.3
7073.033
6798.1
7474.7
7535.167
7938.5
7630.433
7566.233
8002.033
7749.767
7821.9
7942.7
7779.233
8043.633
7866.567
8473.967
8322.433
8425.367
8187.233
8680.566
8506.167
8361.366
8426.3
8977.366
8729.833
8660.366
8458.033
8630.434
8175.5
8242.832999999999
8444.366
8489.433
8897.3
8657.833
8756.434
8803.167
8525.634
8252.233
8019.9
8234.567
8495.3
8658.7
8557.1
8537.634
8558.9
8498.3
8386.3
8300.433
8289.967
8117.1
8188.833
8653.967
8424.832999999999
8597.7
8298.9
8432.367
8642.767
8411.633
8838.566
8946.833
8964.833
9039.366
9138.3
9234.5
9545.634
9784.033
9592.566
9534.366
9475.434
8828.434
8331.366
8462.9
8437.233
8371.633
8244.167000000001
8548.167
8796.1
8928.167
9528.833
9476.366
10028.767
9976.033
9987.566
9995.5
10385.634
9782.1
9889.967
10321.5
9860.434
9891.833
10115.033
10075.967
9880.9
10467.5
9980.566
10284.167
10240.833
10127.767
9873.9
10135.5
9982.434
10015.1
9447.566
10081.033
9917.434
9897.9
9511.3
9888.5
10249.434
10419.9
10056.233
10355.634
10441.566
10232.434
10227.7
10175.7
9186.366
9673.566
9665.967
9758.9
9272.967
9870.434
9705.366
9791.033
9517.1
9485.767
9823.9
9946.233
9893.833
9948.967
9726.9
9502.9
9469.033
8910.634
9166.9
9856.767
9620.833
9755.167
10097.7
10391.434
10457.833
10649.1
10309.967
10460.434
10572.1
10505.1
10057.7
9927.366
9418.9
9593.1
8891.566
9545.833
9744.1
9417.5
9407.9
10156.233
10158.967
9607.033
9649.366
10449.233
10649.833
10343.366
10147.767
10269.967
10355.366
10092.3
10014.833
10262.7
10068.167
10313.9
10643.967
10276.1
10558.3
10822.5
9942.366
10224.033
10070.434
9723.967
9997.366
9284.5
9554.434
9553.767
10512.033
10422.233
10249.366
10220.366
9814.434
10086.634
10030.566
10373.167
10058.833
9842.233
9300.5
9164.566
8867.3
8518.5
8421.9
7833.833
7719.033
7731.1
7725.3
8170.367
8585.566
9468.967
10029.3
11076.033
11227.1
12200.366
11411.5
10898.366
11340.967
11209.566
11025.1
11758.434
11846.967
12085.9
11925.634
11803.033
11194.5
10785.9
10443.566
10709.767
10591.233
11840.3
11273.366
11897.1
11938.366
12214.434
12259.3
11922.366
12610.566
12768.033
13398.1
13261.167
13399.767
13596.566
13965.566
12962.1
13192.833
12612.033
12891.967
12843.033
13272.033
12749.9
12553.634
12099.366
11926.7
12164.9
11892.634
11016.233
11871.7
11724.233
12487.033
12644.767
12678.634
13559.7
13171.366
12868.967
13142.634
13162.566
12938.5
12934.566
13080.967
13527.967
13938.9
13984.033
13646.1
13804.7
15321.7
14129.7
14182.7
14425.3
13837.434
14405.967
14362.233
14969.634
14437.566
13895.1
14204.767
14399.7
14300.967
13817.967
13737.233
14771.7
15227.634
14882.434
14268.566
14589.5
14377.634
14252.767
13432.434
14308.833
14218.434
13824.434
13210.5
13724.7
14020.9
14014.833
13591.3
14586.3
14654.167
14400.833
14788.3
14920.167
15599.566
14933.566
14733.1
15334.566
14858.233
15171.7
14348.967
14710.033
15383.634
14950.3
15056.167
15115.7
14730.033
14926.167
15308.5
15965.167
15671.7
15629.767
15785.3
15663.7
16078.033
16509.1
16098.167
16023.3
15643.167
15667.167
15185.233
15630.233
15216.833
15580.434
14935.5
14564.1
14758.967
14663.1
14402.3
14970.366
14497.033
14599.1
14715.5
14649.634
14785.167
14587.233
15174.233
15619.1
15995.634
15185.566
15230.566
15284.9
14758.634
15530.967
15165.833
15718.7
15725.3
16059.7
16025.9
16239.566
16447.233
15910.3
15445.833
17072.566
16457.434
16397.366
16626.232
16870.633
15685.366
16401.033
15673.434
16632.033
16351.7
15688.5
16187.634
16681.9
16406.9
16516.566
17414.5
16876.834
16264.7
16094.9
15882.5
15792.033
16331.233
16951.699
16848.033
17518.232
17608.434
17970.5
17538.367
17609.834
17978.232
17717.768
17690.768
17734.232
17821.033
18197.699
17867.5
18548.9
18340.566
18434.633
18867.9
18705.768
18679.434
18216.699
18362.166
18657.1
18216.9
18121.301
17918.301
18607.834
18282.033
19229.768
18533.434
18158.033
18649.033
18733.1
19461.1
19527.232
19623.768
19025.434
19327.367
18824.301
18972.967
18721.633
19125.9
19314.768
21061.232
19474.967
20292.633
20637.768
20761.9
20236.633
21540.967
21003.1
21278.367
22025.834
22671.166
21518.967
22056.033
21550.834
21822.434
23433.633
21934.301
22090.967
21270.232
21300.9
21380.967
22007.367
21901.033
22355.434
23063.633
22525.1
23260.434
23941.9
24558.699
24603.566
24734.699
25560.566
26171.699
25525.033
24273.166
25042.768
25230.367
24509.166
25042.367
25666.834
25679.301
25465.367
25936.834
26570.633
25876.633
27314.232
27920.301
27535.967
26997.9
28074.967
27913.166
27934.834
27678.033
28027.967
28156.232
27930.834
27991.967
27585.434
27917.434
28732.9
29466.633
29889.967
30142.367
31558.232
31784.033
31223.232
31901.1
31892.9
31603.633
31665.768
30701.033
31670.5
30873.033
30840.301
32409.834
32969.768
33224.898
33306.301
33475.832
34260.168
33384.898
33633.035
33099.832
33384.566
33653.367
33126.102
33781.234
34511.434
34879.168
35002.633
35187.234
35599.434
35577.566
35083.898
35335.168
35174.566
35289.566
34573.367
35201.566
35321.832
35476.898
35891.035
35365.434
35269.965
35486.168
35493.766
35568.234
35704.898
36038.699
35709.566
35858.301
36109.367
35889.699
34790.168
34250.5
32621.232
31279.367
30349.633
29977.768
29934.367
30405.967
30354.166
31708.166
33244.965
33777.699
34414.168
34485.367
34717.301
35718.832
36643.234
36285.633
36981.234
36952.699
36623.699
35847.965
35581.234
35823.035
36404.766
36701.766
37111.766
37755.234
38671.633
39132.633
39269.434
39352.965
38583.766
38486.699
37985.168
38250.5
38326.699
38339.434
38354.633
37659.434
37233.234
37007.5
36438.301
36514.301
36853.965
36598.766
38041.832
38270.168
38589.898
39250.102
39488.766
38548.965
38845.699
38332.566
38425.5
38797.234
39147.566
39576.168
40594.234
40407.234
41008.965
40556.766
40520.102
40048.699
39324.168
39545.633
39440.699
39652.633
39382.234
39676.699
40251.301
40518.102
40064.434
40165.301
41209.168
40674.766
41015.434
40317.5
40949.301
40396.5
39454.766
38961.168
38587.301
38511.633
38796.367
39035.633
39469.234
40614.5
40372.832
41163.367
40653.367
40673.367
40493.766
39997.234
39705.301
39260.766
38611.5
38769.566
38737.434
38529.301
38787.234
38728.234
38458.168
38579.566
38451.832
38552.035
39029.102
39478.234
39428.102
39904.035
40646.434
40865.168
40849.367
41141.102
40916.234
40844.699
40109.102
39695.301
39196.633
39476.234
39863.898
39574.5
40450.102
40746.301
41370.566
41595.633
41599.832
41503.434
42381.699
42666.832
43244.965
43308.566
42984.766
42806.234
42595.102
42522.102
41796.832
41620.168
41720.367
41741.5
41402.367
41309.168
40424.898
41027.434
40594.234
41034.832
40910.234
41798.832
42288.832
42910.102
43274.832
43592.301
42624.766
42770.898
42201.234
42303.168
42558.434
42197.367
42200.699
41863.102
42218.898
42604.566
42610.832
42783.5
42845.102
43341.832
43774.832
44604.168
43805.168
43706.367
42920.234
42993.102
42261.5
42219.699
42104.766
41839.168
42498.301
42630.367
40771.168
42012.633
41912.965
41542.766
41725.301
41471.566
41377.367
41589.102
42220.367
42509.566
42551.832
42453.035
42579.566
43283.102
43387.035
43731.035
43443.832
42859.965
41499.766
39960.434
39125.898
37603.168
35988.102
35509.434
36156.965
37205.234
39526.102
40179.102
39568.766
39678.301
39860.898
39270.301
39656.633
39165.367
38645.566
39570.965
40751.898
41741.898
41666.766
42138.434
42267.766
42772.965
43576.434
43070.5
42996.5
42997.965
42191.766
42728.699
43135.965
43167.367
42990.766
43882.035
44311.035
44258.234
44321.699
43625.699
43510.566
43139.102
43406.434
43103.566
42343.766
42111.5
41653.234
42701.633
43455.234
44215.766
43942.5
44593.965
45472.301
45781.832
45214.832
44811.301
45179.699
44551.832
44436.168
43802.633
44463.234
44994.301
44529.234
44182.766
43841.035
42714.102
42104.699
40541.898
39375.5
38951.434
39049.367
39471.367
39964.766
41163.168
41419.234
42708.633
43000.898
43058.102
43724.766
43918.301
44424.633
44602.766
44703.965
45183.102
46082.168
45429.168
45027.633
44191.633
44098.699
43914.367
43769.102
43843.566
43876.434
44525.766
45525.699
45581.035
45602.766
45625.5
45463.766
45230.367
45166.035
45172.832
44059.301
43468.965
43082.566
42481.832
41660.367
41121.5
41467.898
41782.699
42233.965
42664.699
43354.367
43453.168
43237.301
43024.766
43225.168
42884.168
42499.434
42659.633
43126.035
43648.832
43746.301
43836.168
44369.367
44892.898
44775.367
44896.965
44662.832
44438.434
43816.965
43043.035
42712.367
41818.965
40782.102
42131.434
41937.301
42291.633
42457.367
43128.367
43242.766
43630.699
43050.699
43109.633
43515.367
42965.234
42888.898
42732.5
42618.234
42261.301
41586.234
41146.367
41251.633
41329.301
40849.234
40195.5
40505.699
40347.832
40108.766
40048.965
40353.832
40624.566
40882.301
41345.367
41498.832
41942.035
41696.035
41507.168
41953.898
41874.035
40695.965
41465.633
41067.367
41096.367
41228.766
40620.699
40748.234
41640.367
41794.633
42190.168
42068.035
42218.633
42113.434
41792.102
42340.898
41782.5
41234.832
41133.633
41541.566
41983.832
42092.035
41338.766
41527.434
41457.434
41016.102
41294.168
41462.234
41304.766
41080.633
41291.699
40991.566
41242.699
40607.102
40301.832
40254.367
40224.766
40422.965
39990.5
40883.699
41105.301
41601.434
40935.566
41134.699
41203.766
41460.965
41282.566
41043.566
41241.566
41200.699
40944.965
40936.566
41029.566
40663.898
40236.898
40634.566
40740.168
40834.965
40802.965
40953.035
41013.102
40890.168
41291.965
41351.832
41604.898
40721.367
40293.434
40560.434
40027.301
40078.633
39821.832
40395.898
40888.367
40717.234
40595.234
40911.035
40879.367
41143.965
40980.5
41066.234
41368.102
41148.699
41093.168
41291.035
41369.766
41233.5
41115.102
40436.766
40643.434
39785.766
40055.832
40151.301
40066.633
39710.832
39803.301
39762.766
39702.5
39758.434
40131.832
39733.699
40358.699
40127.633
40091.301
39525.566
39189.301
38844.301
38944.168
38586.102
38605.234
38211.832
38849.035
39044.301
39122.367
38930.898
38534.699
39641.434
39866.434
40125.301
40207.766
40746.102
40916.234
40286.898
40067.898
39909.633
39866.633
39058.5
39202.832
39415.367
39429.965
39734.699
39665.898
40140.367
40046.5
40164.5
40010.965
40222.832
39881.633
39607.5
39104.301
39752.035
39828.699
38969.168
39847.434
39500.633
39836.699
39984.766
39502.301
39754.234
39393.367
38619.965
38154.766
38655.898
38410.633
38103.168
38542.699
38603.035
39575.168
39244.301
39929.566
40163.234
39848.766
39718.035
40100.301
40415.832
39933.168
39422.301
39178.367
39145.766
38648.102
38484.566
38376.035
38979.965
39081.234
39001.301
38932.035
39618.434
39669.766
39265.168
38990.832
39038.5
38599.898
37946.367
37445.832
37512.102
37547.566
37087.168
37404.301
37764.168
38367.766
38592.832
38692.699
39038.566
39201.5
39591.301
39492.965
39640.234
39457.035
39258.367
39769.367
39215.434
39618.832
39350.434
38889.234
39466.102
39354.434
39537.633
39141.234
38990.633
38935.633
38906.434
38320.965
38518.633
38227.699
38057.102
38342.035
38018.5
37791.766
37778.898
37659.898
38420.301
38706.566
37921.566
38030.035
38621.832
38533.168
38410.102
38865.633
38391.434
38098.301
38013.035
37202.168
37705.766
36869.965
37103.566
37012.699
36932.5
37479.766
37257.699
37546.766
37489.766
37396.832
37772.035
37675.434
37967.434
37908.367
37459.965
37438.434
37695.434
37902.898
37059.699
37365.898
37572.699
37567.301
36953.5
37377.898
38054.766
37669.301
37400.633
38153.566
38283.301
38122.766
37830.898
37436.699
37957.766
37539.434
37735.5
37711.965
37400.234
37581.367
37446.633
37268.301
37604.965
37294.367
36660.965
36865.102
37102.168
36911.699
36339.766
36326.035
36052.566
35929.234
35715.766
35344.234
35892.633
35961.566
35533.5
36521.5
36423.965
36650.301
36597.898
36303.5
36808.898
36619.434
36266.832
35795.035
36313.699
36430.168
35641.102
34902.035
34150.434
33545.5
32974.699
32376.166
32009.967
31455.1
30991.1
32035.166
32655.967
32661.898
33218.699
33913.832
35060.832
34809.633
35188.633
35009.832
35033.566
35150.301
34719.5
34576.301
34774.898
34689.566
34281.234
34381.102
34534.102
34740.301
34544.168
34227.168
34643.5
34447.168
34440.234
34274.035
34636.234
34589.965
34290.898
34831.832
34659.832
34502.234
34070.832
33834.832
33942.367
33798.5
33775.965
33908.699
33696.699
34039.633
34123.434
33891.566
34093.832
34616.898
34217.168
33991.699
34291.168
34465.566
34289.832
34439.234
34295.168
33911.633
33739.367
33648.566
33905.102
33738.965
33019.699
33407.766
33217.301
33524.367
33370.434
33154.898
33281.965
33424.898
33730.168
33263.633
33457.234
33704.898
33158.234
33439.898
33436.102
33340.898
32781.367
32920.1
32863.434
32906.232
32956.967000000004
32808.768
32773.9
32749.301
32145.033
32447.1
32296.699
32530.301
32083.566
32449.9
33000.768
32672.434
33107.832
33021.566
32893.1
33329.5
33119.434
33169.832
33193.168
33060.832
33311.898
33079.102
33238.301
32985.434
33211.168
32957.766
33409.032999999996
32777.566
32883.434
32615.699
32832.232
33040.1
32581.9
32437.434
32523.232
32510.967
32531.9
32565.834
32675.434
32756.1
32685.699
32606.768
32572.033
32209.633
31779.232
31731.367
31875.033
31406.033
31134.166
31243.367
31657.768
31622.367
31159.5
31204.9
31563.1
31325.1
31036.033
30776.166
31061.367
30909.9
30507.166
30030.768
30413.566
30518.367
30470.9
30702.367
30620.5
30656.699
30040.434
30220.768
29884.633
29772.9
29049.633
28908.434
28978.166
28560.1
28560.9
27890.434
28244.1
27945.1
27350.1
26661.033
26509.566
26643.768
26520.301
25919.301
26193.566
26089.633
26346.699
26410.633
26974.566
27386.5
28145.367
28789.9
28953.967
29119.1
29114.1
29351.768
29177.367
28783.768
28911.699
28696.301
28937.301
28698.5
29043.1
29055.834
29396.699
29329.434
29538.1
29407.367
29885.1
29733.033
29441.1
29766.967
30048.232
29781.166
29565.232
29320.1
29646.1
29559.033
29290.166
29228.1
29335.633
29387.566
29749.232
28953.033
29535.1
29489.232
29562.9
29311.033
29595.699
29386.434
29033.367
29019.301
29152.367
29309.033
28604.367
28504.367
28755.367
28491.301
28374.699
28581.434
28712.367
28464.1
28335.232
28085.633
28044.566
28036.301
28171.834
28127.633
28110.566
28012.699
28068.367
27955.5
27834.301
27789.967
27624.301
27091.834
27448.834
27031.033
27157.633
27125.166
27320.768
27002.967
27197.1
27101.434
27176.367
27524.1
27263.9
27620.699
27472.699
27667.9
27420.033
26935.633
27133.699
26911.633
26778.434
26969.434
26873.434
26837.5
26871.834
26747.301
27134.834
27663.566
27175.768
27690.633
27852.166
27566.699
27743.9
27405.367
27631.5
27761.033
27943.1
28098.434
28163.566
28551.834
28429.9
28783.566
29113.367
29387.1
28874.367
28726.434
29028.9
29554.566
29386.033
29861.367
29962.232
30386.834
30143.5
30299.367
30215.633
29940.834
29244.367
28280.633
27718.166
27378.301
27100.1
26861.033
26643.301
26682.967
26510.367
26430.1
26632.699
26565.367
26565.166
26553.033
26862.367
26590.768
26461.033
26134.967
26201.232
26371.633
25939.633
26232.967
26101.1
26320.232
26287.633
26412.967
26504.768
26655.633
26298.434
26504.834
26811.033
26562.232
26056.367
26386.301
26722.566
26541.967
26160.301
26418.232
26708.301
26144.1
26568.232
25897.834
26208.633
25900.367
25682.232
25785.834
25661.434
25730.166
25477.367
25003.633
25652.834
25808.033
25431.434
25439.367
25631.166
25411.434
25735.033
25242.301
25432.033
25466.367
25575.367
25597.166
25719.232
25460.566
25558.699
25706.1
25975.834
25497.768
25105.166
25130.9
25409.367
25549.768
25241.834
25386.1
25254.967
25436.566
25201.301
25219.699
25264.967
25197.699
24813.367
24556.232
25202.633
24957.434
24479.434
24459.1
24863.967
24488.566
24491.033
24570.699
24853.768
24538.301
23559.9
24329.166
24769.5
24366.232
24318.9
23934.367
24216.367
24256.9
24544.367
24511.033
24418.633
24114.566
24179.1
24151.232
23600.9
23466.5
22885.633
23185.033
22764.834
23136.768
22683.033
22786.033
24024.1
23780.566
23762.9
24379.9
24217.232
24245.699
23847.699
23622.834
23480.834
23467.699
23261.768
23302.1
23401.367
23412.232
22994.434
23261.301
23851.633
23449.633
22934.1
23238.967
23529.1
23593.834
23239.5
23411.434
23541.768
23171.367
22862.566
22476.5
22952.033
22479.834
22384.9
22019.367
22037.834
22103.367
21428.033
20979.633
20885.367
19554.834
18826.301
18066.232
18211.9
18239.367
18287.033
18527.9
19314.566
20071.1
20576.033
20621.834
20830.768
21425.768
21903.434
21822.768
21467.566
21926.232
21826.232
21932.434
21922.967
21532.301
21236.699
21096.367
21533.633
21385.768
20980.633
21656.699
21543.699
21766.566
21855.232
21723.768
21862.232
21794.1
21578.301
21680.967
21763.301
21926.166
21534.166
21515.834
21878.5
22003.367
21894.301
21953.633
22066.301
22084.699
21963.301
21451.9
21948.232
21861.834
21529.699
21320.232
21589.301
21781.768
21517.367
21088.5
21338.434
21629.1
21028.9
21675.033
21818.232
21782.434
22145.033
21890.699
22002.768
21977.768
21754.566
21892.967
21851.1
21788.834
21430.301
21513.633
21543.367
21612.232
21482.301
21571.967
21770.033
21797.768
21492.033
21273.768
21575.1
21461.566
21640.633
21231.434
21746.5
21543.434
21733.434
21737.5
21807.633
21721.834
21269.967
20979.633
21540.5
21429.367
21620.768
21242.699
21136.434
21223.834
21074.166
21465.967
21239.232
21188.5
20657.768
20672.301
20778.301
21046.367
20173.232
20482.166
20659.566
20670.434
20417.699
20331.1
20693.166
20660.232
20414.166
20571.699
20642.166
20870.967
20118.1
20373.367
20845.232
20893.9
20541.166
20381.9
20492.033
20662.633
20351.834
20302.301
20435.768
20371.9
19795.232
20149.301
20123.434
19968.232
19964.967
20059.033
19756.5
20478.633
19853.768
19717.566
19867.834
19905.834
19830.1
19228.1
19753.232
19778.033
19497.834
19250.633
19715.566
19572.967
19471.967
18950.699
19525.699
19500.967
19412.1
19429.834
19103.566
19367.768
19225.301
18789.232
19084.967
18922.033
18933.633
18444.5
18873.434
18788.9
18189.633
17814.166
18576.033
18395.699
18201.633
18070.166
18339.367
18195.232
17864.367
17782.9
18432.633
18173.5
17993.033
17823.166
18295.699
17938.033
17697.301
17606.033
18214.633
18022.834
17747.434
17698.566
17915.699
17593.768
17208.768
16928.633
17392.033
17511.768
17403.5
17678.1
17812.834
17688.301
17039.566
17729.768
17511.301
17433.9
17367.166
17326.5
17218.566
17393.434
16899.232
16908.633
16298.634
15590.5
14911.5
14216.434
13815.033
13699.167
13637.634
13598.167
14496.767
14974.767
15138.5
15614.3
15901.1
15917.233
15992.233
15935.566
16065.967
15536.167
15548.434
14815.9
15864.1
15801.233
15577.9
15515.233
15908.167
16112.167
16235.634
15944.5
16350.967
16611.3
16230.3
16275.167
16663.9
16652.834
16609.366
16757.768
16874.834
16873.232
16606.566
16246.900000000001
17148.434
16890.566
16857.166
16474.166
17107.166
17259.1
17011.699
17227.9
17246.9
16825.232
16985.367
16646.367
17204.699
17091.1
16976.5
16871.301
16923.967
17137.699
16745.699
17279.633
17228.232
17274.033
17249.967
16790.566
17523.566
17488.033
17038.232
17231.967
17874.434
17627.768
17381.768
17840.9
18069.768
17742.768
17495.699
17619.367
17265.834
17422.5
16921.301
17115.1
17422.967
17278.633
17295.301
17756.1
17421.367
17569.1
16909.834
16776.301
17671.033
17473.301
17336.1
17460.033
17302.033
17395.566
17493.699
17203.834
17227.834
17211.566
17130.1
17111.434
17303.166
16975.633
17069.232
16906.166
17271.699
17016.5
17184.301
17094.301
17502.566
17122.367
17139.633
17027.768
17308.633
17518.367
17541.5
17457.9
17315.566
17213.1
17064.9
17344.166
17447.633
17568.166
17563.834
17209.367
17785.9
17676.834
17581.967
17128.1
17656.9
17574.434
17365.633
17263.9
17378.301
17456.768
17615.166
17497.834
17606.768
17321.5
17422.699
17619.5
17293.834
17438.232
17310.301
17152.1
17274.834
17366.5
17113.232
17051.301
17203.768
17459.166
16543.699
17276.434
17306.633
17210.5
16525.434
16915.367
17197.834
17322.967
17169.434
17198.1
17190.166
17280.566
17000.768
16928.5
17293.166
17042.699
17084.834
16794.166
17020.633
17061.633
16746.434
16654.367
16973.834
16589.699
16589.367
16400.367
16746.1
16638.232
16303.3
16632.033
16608.9
16352.9
16466.434
16636.5
16477.767
16433.833
16186.634
16215.833
16500.833
16196.634
16320.566
16018.9
16086.033
16144.767
16021.967
16121.967
15931.767
15886.366
15827.167
15782.634
16026.366
15970.566
15934.1
15049.566
15335.634
15266.967
15113.3
14543.1
14463.7
14576.1
14215.833
13621.566
14148.1
13993.9
13173.3
13596.9
13521.767
13147.767
13314.167
12759.9
12915.3
12770.3
12509.033
12645.7
12852.9
12759.9
12941.833
11684.5
12443.634
12536.3
12068.9
12390.566
12643.3
12701.1
12410.767
12813.033
13028.967
13016.7
13195.833
13572.833
13560.434
13387.5
13482.7
13285.3
13250.167
13445.5
13429.833
12899.366
13367.833
13199.3
12903.033
12298.033
12665.833
12495.767
12175.566
12094.967
11974.634
12046.1
11852.634
11714.3
12112.3
12117.1
11988.967
11976.033
12092.233
11949.767
11848.1
11746.7
12176.233
11990.634
11648.233
12077.233
12463.566
12260.7
11951.634
12096.434
12079.634
12117.033
12083.1
11940.833
12040.1
11804.5
11224.566
11796.033
11637.9
11793.5
11885.634
11388.967
11950.967
11803.1
11065.033
11370.833
11605.833
11462.033
11511.366
11729.5
11857.434
11841.434
12010.033
11946.767
12041.233
11894.033
11858.3
11565.767
11783.7
11917.833
11602.5
11602.233
11882.767
11826.9
11584.967
12031.967
12059.366
12220.1
11768.3
11992.167
12104.1
12072.9
12281.5
11576.434
12081.1
11929.833
12112.167
11711.767
12401.5
12142.167
12278.833
11926.233
12420.233
12356.3
12030.434
11858.9
12077.366
11855.967
11777.033
11984.634
11908.167
11795.5
11443.233
11442.5
11662.566
11877.566
11669.967
11877.167
11813.967
11694.9
11467.5
11694.434
11757.7
11642.167
11903.3
11314.366
11610.5
11881.566
11864.233
11573.767
11610.5
11174.167
10900.167
11350.233
11252.566
11327.434
10532.833
11068.366
11375.3
11201.167
10945.634
11250.634
11470.9
11081.7
11218.233
11092.967
11312.366
10939.033
10713.1
10672.634
11046.967
11005.634
10560.767
10851.033
10833.1
10965.634
10802.167
10842.033
10966.033
10794.566
10605.9
10826.033
10972.767
10888.3
10698.167
11054.167
10762.3
10875.5
10814.434
10633.1
10793.634
10781.233
10603.634
10464.434
10537.833
10607.366
10343.833
10219.7
10726.9
10677.033
10407.7
10471.366
10683.1
10697.566
10282.366
10337.634
10535.434
10366.5
10128.767
10534.033
10503.434
10285.3
10493.634
10291.566
10368.3
10278.9
10033.566
9649.5
10372.833
10023.233
10233.366
10073.434
10149.233
9969.434
9917.5
9787.434
10124.1
9981.233
9911.566
9600.833
9887.7
9933.033
9763.434
9724.167
9979.967
9973.1
9445.033
9622.1
9951.566
9877.967
9191.833
9379.767
9790.566
9755.3
9644.5
9299.767
9840.967
9749.167
9656.5
9442.1
9564.366
9431.167
9301.9
9444.7
9590.233
9387.434
9223.434
9268.634
9694.767
9712.7
9485.5
9227.233
9313.5
9428.1
9296.833
9112.1
9436.167
9337.566
9310.833
9015.033
9192.5
9273.033
9235.366
9061.833
9279.5
9057.9
9500.1
8822.233
9231.9
9166.634
8957.434
8521.5
9235.634
9200.767
9193.767
8877.434
8981.767
8805.7
8961.566
9088.233
9373.634
8587.3
8862.9
8669.9
8937.1
8360.366
7964.433
7354.5
7175.1
6376.367
5608.7
5041.033
4477.3
3774.3
3403.367
2744.433
3050.233
2958.033
2696.5
2884.3
3760.833
3938.767
3894.633
4854.5
5360.367
5633.367
5951.567
5282.633
6031.967
5639.633
5525.9
5189.233
4976.1
5068.833
4765.967
4531.633
4908.7
4983.7
4952.1
4726.433
5460.9
5240.5
5254.033
5862.567
5912.3
6151.633
5818.633
6312.9
6461.633
6413.5
6412.767
6702.7
6966.567
6998.5
6530.833
6765.767
7289.167
7325.967
6878.3
7368.967
7613.967
7763.3
7654.567
7661.3
8127.633
8107.833
7499.767
7619.433
8293.033
8389.433
8195.633
7935.5
8435.7
8285.5
8090.7
8076.367
8557.967
8348.9
7458.833
8347.633
8468.967
8570.367
8243.633
8052.1
8525.233
8447.233
8261.7
8192.1
8296.1
8421.9
8003.7
7843.5
8765.3
8356.9
8154.567
8176.1
8491.967
8404.033
8252.567
8197.767
8457.767
8407.367
8208.9
8184.433
8492.233
8457.1
8334.7
8228.1
8540.233
8459.967
7881.5
8102.5
8456.233
8347.767
7981.7
7906.9
8322.767
8205.3
8236.567
8011.633
8247.033
8372.167000000001
8086.7
7635.967
8401.832999999999
8284.633
8292.9
8104.433
8598.5
8322.3
8147.1
7929.7
8420.367
8208.567
7781.233
7637.767
8251.433
8194.3
8198.1
7612.1
8292.033
8157.033
8037.033
8112.967
8285.967
8238.233
8071.233
7999.9
8500.3
8300.832999999999
7469.167
7827.633
8396.3
8179.5
8160.1
8013.633
8381.167000000001
8263.233
7808.5
7634.3
8217.767
8076.367
8032.967
7892.5
8213.7
8224.767
8041.167
7588.3
8256.167000000001
8210.567
7875.233
7529.233
8116.833
8265.967
7938.5
7895.233
8207.9
7854.367
7796.1
7931.7
7942.5
7846.233
7705.433
7562.633
8126.967
7949.167
7590.7
7534.833
7977.167
8118.833
7416.9
7519.7
7970.767
7895.167
7938.433
7703.567
7914.3
7816.5
7754.233
7441.7
8090.033
7859.233
7549.833
7541.833
7893.967
7814.5
7651.167
7157.433
7806.567
7736.9
7617.567
7134.5
7876.967
7677.1
7191.9
7607.633
7691.833
7619.7
7214.033
7312.033
7455.633
7597.5
7334.233
7307.767
7618.167
7384.567
7341.633
7132.3
7451.767
7484.767
7014.167
6962.767
7441.1
7394.3
7148.833
7081.767
7141.967
7321.1
6882.433
7049.233
7106.967
7140.7
6974.767
6756.3
7306.567
7189.3
6797.633
6461.033
7044.5
7198.1
7001.7
6709.567
7043.7
6993.833
6310.967
6737.433
7160.433
6805.433
6632.5
6697.1
6961.567
6956.3
6596.033
6457.033
6857.1
6963.833
6796.833
6670.033
7008.7
6812.7
6530.3
6240.833
6891.767
6702.833
6934.767
6435.7
6923.967
6847.833
6352.233
6408.567
6888.633
6719.233
6521.433
6583.1
6851.3
6781.567
6368.033
6334.833
6920.567
6680.233
6542.7
6554.5
6800.1
6664.567
6228.767
6110.967
6506.033
6470.233
5966.833
6078.567
6575.233
6389.3
6583.033
6241.967
6584.767
6423.967
6654.1
6266.5
6476.033
6382.5
6025.367
6025.1
6476.433
6368.367
5904.233
5384.367
6311.9
6366.167
5914.233
6113.767
6340.033
6136.433
5981.367
5952.767
6303.433
6126.3
5933.3
5609.5
6189.233
6244.967
5493.567
5672.233
6225.033
6023.5
5749.5
5549.9
6130.967
6119.1
6024.433
5623.5
6181.7
6111.3
6074.567
5942.233
6136.633
5992.633
4756.5
5271.5
6045.033
6118.233
5741.633
5487.833
5972.633
6103.7
5443.033
5446.167
5898.3
5858.633
5400.833
5410.167
5913.033
5865.9
5226.367
5226.833
5789.167
5734.233
5461.967
5473.833
5703.967
5640.767
5218.1
5605.367
5696.233
5708.9
5206.167
5428.967
5809.833
5606.1
5133.433
5047.233
5627.5
5642.433
5485.433
4943.567
5703.5
5595.7
4909.5
5032.033
