279.33299999999997
63.483000000000004
-137.86700000000002
154.88299999999998
447.4
128.61700000000002
208.667
231.95
233.0
259.95
126.867
-170.71699999999998
207.067
197.483
18.4
-31.917
351.2
1.1500000000000057
59.2
365.95
415.6
190.35
465.733
144.883
281.2
196.417
219.8
-122.183
194.53300000000002
201.483
322.8
21.75
282.533
194.083
232.933
24.083
562.0
472.283
93.4
-65.983
249.067
119.95
-9.599999999999994
179.817
201.6
232.417
151.8
225.75
213.86700000000002
245.35
-39.467
29.75
610.267
280.15
-17.0
-256.58299999999997
431.33299999999997
435.217
26.733000000000004
43.68300000000001
374.4
429.15
388.467
225.75
412.66700000000003
369.017
154.267
318.017
388.733
391.283
322.867
-146.25
442.933
272.75
29.599999999999994
77.617
370.733
184.083
143.067
76.083
304.6
494.95
200.4
54.349999999999994
240.46699999999998
344.15
33.0
15.882999999999996
237.2
197.35
492.867
-1.316999999999993
183.13299999999998
208.817
339.533
-60.05
193.067
258.08299999999997
184.46699999999998
87.35
420.467
356.55
-227.4
29.882999999999996
393.267
300.817
220.46699999999998
216.35
468.4
285.017
5.799999999999997
270.75
91.067
314.283
246.53300000000002
283.017
413.4
284.75
547.867
-228.78300000000002
322.0
366.15
107.733
365.283
381.867
453.35
258.867
93.483
342.467
235.683
-67.333
108.683
328.8
309.483
129.667
6.283000000000001
415.933
435.017
62.0
-240.05
350.533
310.283
90.267
134.28300000000002
265.533
420.95
327.733
40.617000000000004
290.867
324.08299999999997
-280.8
-136.85
294.867
200.017
164.53300000000002
-10.316999999999993
331.067
268.283
55.467
210.28300000000002
397.533
300.95
244.333
-116.117
455.2
407.817
435.133
155.15
484.533
278.41700000000003
152.267
338.75
399.533
71.083
360.8
-158.85
143.13299999999998
235.35
-2.5330000000000013
359.41700000000003
583.4
417.817
161.933
-81.183
496.267
145.61700000000002
447.533
21.349999999999994
387.067
359.41700000000003
315.067
380.017
524.8
346.95
422.6
300.017
338.2
230.017
378.467
-356.45
388.733
350.683
167.333
135.95
142.933
316.55
477.467
173.55
245.2
295.55
121.267
-202.517
271.133
389.017
460.067
190.483
389.33299999999997
298.683
39.8
-318.85
439.133
242.88299999999998
-65.333
13.617000000000004
258.867
184.28300000000002
-1005.2
-103.383
125.0
268.817
240.667
-71.383
553.467
397.15
258.733
66.617
264.533
228.95
-121.733
422.95
517.267
269.35
-188.933
31.016999999999996
307.733
311.55
-104.533
345.15
385.933
261.017
384.933
344.95
327.33299999999997
404.817
248.267
172.883
364.33299999999997
244.95
404.533
23.549999999999997
388.933
432.617
326.933
-78.183
227.267
315.75
70.0
-293.85
367.8
338.617
246.4
-124.917
345.6
335.283
218.46699999999998
77.55
367.66700000000003
347.217
-154.333
210.683
331.267
67.35
-143.333
158.017
266.0
210.683
307.067
164.017
258.533
522.083
89.067
169.95
376.267
535.483
390.33299999999997
165.15
223.4
279.017
94.067
501.617
356.533
209.28300000000002
-159.6
93.283
206.86700000000002
294.75
256.533
-10.582999999999998
532.267
554.35
28.266999999999996
285.15
370.733
336.617
227.667
97.417
336.467
389.817
78.8
125.55
304.6
331.75
182.53300000000002
298.75
470.66700000000003
431.41700000000003
403.133
105.217
554.933
187.88299999999998
387.733
-132.65
370.4
186.55
-85.133
290.55
341.467
208.017
552.2
397.217
388.13300000000004
266.35
646.333
91.15
386.933
296.017
-34.0
281.55
636.6
414.683
545.4
-39.11699999999999
449.86699999999996
365.683
391.6
198.283
348.933
533.217
-43.13300000000001
243.683
608.133
333.683
135.733
175.55
364.4
361.017
522.067
190.017
650.333
547.083
703.667
440.017
700.867
509.483
231.867
340.017
395.733
611.217
776.8
200.017
716.867
589.55
527.733
664.083
612.733
499.283
348.933
634.283
487.667
751.55
115.39999999999998
280.75
560.3330000000001
530.617
567.2
403.217
873.133
555.4169999999999
706.267
547.35
675.467
645.15
681.267
310.683
999.733
462.617
564.6669999999999
488.417
849.133
515.683
689.867
592.483
587.067
850.483
772.933
657.017
601.6669999999999
852.617
625.467
430.417
935.6669999999999
719.4169999999999
610.4
555.683
557.733
655.75
774.533
646.883
870.733
759.0830000000001
538.533
493.08299999999997
654.533
759.617
660.067
546.883
888.333
451.75
724.067
457.217
664.867
561.817
727.533
825.95
709.2
444.283
762.0
946.283
436.79999999999995
851.883
698.4
739.75
769.067
730.617
595.867
940.883
1135.0
638.017
649.067
1253.75
891.667
1083.35
472.533
672.017
1131.533
977.95
1100.6
1163.417
703.733
672.883
803.733
773.217
1302.0
1124.95
605.4
1079.15
959.4
1186.017
1217.667
1045.283
969.0
1299.35
582.267
856.75
989.6
1150.55
1474.8
1399.617
1360.333
1287.083
1100.933
1202.617
1228.067
1119.75
754.5329999999999
979.817
1312.733
1130.083
1388.533
956.2829999999999
1445.6
1357.617
1455.733
1274.35
1425.867
1343.417
938.867
1389.883
1277.6
1174.617
1108.067
1234.283
1224.067
1342.683
1240.533
1014.817
1350.0
1117.35
1107.667
963.4169999999999
1446.133
1336.95
1284.267
1360.483
1462.8
1220.35
1193.467
1100.283
1354.4
1381.75
1263.867
1025.283
1506.133
1246.55
1295.667
1284.15
1421.4
1316.95
807.8
1242.617
1325.667
1396.95
1416.0
1592.35
1729.333
1524.017
1547.933
1531.017
1660.4
1726.483
1571.533
1662.817
1640.933
1637.95
1815.0
1649.95
2041.933
1513.083
1102.4
1361.817
1570.133
1856.083
1591.8
1657.75
2022.2
1832.35
1748.933
1686.35
1895.933
1956.883
1989.733
1702.817
2080.867
1768.283
1666.667
1553.75
1604.933
1523.817
1834.4
1176.017
1582.467
1709.417
1936.2
1579.883
1897.533
1781.75
1987.467
1797.017
1871.2
1946.817
1930.4
1836.75
2138.267
1713.55
2245.533
1994.217
2014.0
1946.083
1840.333
2034.75
2270.2
1638.15
1766.667
2065.417
2305.667
2036.75
2103.067
1858.283
1934.067
1819.35
1906.6
2025.417
1984.933
2307.683
2564.467
1864.75
2442.6
2411.617
2288.6
2208.15
2253.067
2128.35
2073.2
2384.083
2308.867
2131.283
1918.867
2038.217
1976.867
1948.217
2275.2
2158.283
2305.533
2514.35
2333.8
2476.483
2683.267
2428.417
2750.067
2590.683
2910.333
2681.483
2517.867
2756.75
2754.0
2655.217
2463.467
2623.883
2447.2
2527.483
2386.667
2588.15
2542.067
2336.083
2026.8000000000002
2281.217
2223.933
2240.617
2057.267
2003.35
2257.867
2017.883
1951.8
1667.217
2289.6
1846.017
2179.4
2184.75
2371.533
2852.217
2626.133
2924.683
2775.467
2951.083
3084.733
2695.35
2873.533
2834.35
2563.4
2468.483
2765.8
2618.883
2864.067
2432.817
2708.8
2750.617
2705.267
2888.35
2848.6
2896.617
3051.0
2998.95
3049.067
3043.083
2949.0
2683.817
3013.4
3062.217
2904.067
3143.417
3238.867
3083.55
2963.333
2684.283
3201.733
3083.083
3386.6
3656.883
3745.333
4101.483
4094.333
3929.15
3878.067
3788.017
3916.867
3496.483
4070.2
3758.283
3904.0
3830.017
4073.6
3582.55
3730.067
3861.617
3728.0
3772.75
3541.067
3262.083
3875.067
3976.017
3844.067
4014.017
4182.933
4165.883
4059.667
3805.35
4160.6669999999995
4097.817
3588.667
3794.75
3757.2
3985.483
3859.133
4075.15
4280.6
4017.35
3889.067
3357.083
3637.133
3730.55
3785.2
3506.55
3929.4
3603.35
3649.667
3441.883
3365.467
3326.017
3224.333
3318.017
3329.667
3447.75
3236.8
3368.683
3135.0
3293.617
3439.067
3526.75
3823.533
3968.883
4076.933
4256.883
4039.667
4131.217000000001
3692.533
4219.0830000000005
4008.533
4025.35
4547.3330000000005
4227.95
4926.733
4938.683
4832.333
5046.817
5636.933
5133.55
5253.867
4719.883
4909.4
4801.817
4416.933
4148.483
4233.6
4092.017
3871.333
3994.883
4480.867
4114.883
4386.8
4421.617
4937.0
4892.683
5043.267
4769.95
4617.2
4488.217
4121.0
3977.683
4063.0
3679.617
3546.533
3409.483
3457.267
3406.75
2841.133
3173.15
3181.133
2859.15
2535.333
3279.017
3332.333
3442.75
3751.933
3474.617
4270.733
4498.35
4585.2
4427.617
4511.8
4274.282999999999
3928.267
4074.817
3995.8
4201.217000000001
4176.3330000000005
3991.617
4556.333
4221.4169999999995
4383.8
4275.817
4450.6
4387.483
4327.3330000000005
3780.35
4363.3330000000005
4240.483
4396.0
4312.75
4231.467000000001
4255.817
4294.267
4296.617
4970.867
5009.617
5005.8
5241.017
5414.6
5488.017
5459.8
5271.95
5629.2
5378.017
5765.467
5370.817
5833.667
6247.35
5557.133
5814.683
5896.067
5679.75
5663.2
4964.017
4851.533
4288.683
4050.133
3168.683
3035.4
2523.817
2346.6
2362.75
2899.267
3139.75
3513.333
3983.683
4325.733
4527.417
4819.267
5236.483
5550.933
5944.55
5811.467
5795.75
5960.933
5403.683
5286.4
5004.483
4648.667
3897.817
3596.867
3311.083
3292.6
3630.017
3777.133
4320.55
5178.6
5436.017
5648.733
6497.483
6742.933
6818.55
7225.6
6910.017
7637.2
7667.35
8065.2
7791.283
7745.467
8166.75
7909.2
7962.95
8096.667
7939.95
8199.067
8018.35
8641.4
8446.95
8565.533
8330.616
8855.667
8664.483
8537.6
8605.75
9139.467
8893.95
8846.934
8620.816
8782.6
8313.083
8393.2
8571.217
8669.8
9077.017
8840.6
8926.083
8996.733
8679.35
8406.8
8187.217000000001
8382.8
8659.884
8836.6
8748.95
8720.6
8723.884
8684.8
8526.816
8455.467
8437.616
8263.667000000001
8364.684
8812.733
8573.816
8749.733
8474.75
8601.533
8808.95
8611.6
9009.483
9130.2
9136.017
9218.6
9315.217
9401.934
9747.417
9965.134
9772.95
9721.4
9644.55
9008.6
8494.083
8666.0
8596.75
8542.933
8441.883
8735.733
8973.417
9109.533
9728.283
9637.467
10261.15
10165.066
10204.483
10177.066
10608.884
9960.267
10097.816
10534.4
10070.684
10118.8
10309.816
10242.2
10072.35
10675.934
10147.283
10488.066
10443.283
10345.866
10052.35
10345.934
10184.35
10200.267
9638.483
10304.2
10112.483
10107.467
9711.017
10092.934
10440.483
10638.134
10271.55
10563.0
10645.083
10428.267
10437.417
10378.467
9390.15
9843.267
9871.417
9956.0
9488.283
10092.533
9898.95
9980.134
9705.95
9683.4
10010.816
10165.467
10083.083
10141.667
9914.55
9686.467
9672.684
9091.6
9324.684
10053.866
9807.95
9939.667
10291.816
10616.467
10672.816
10889.6
10532.684
10673.667
10765.083
10696.533
10272.217
10123.866
9628.95
9811.066
9046.35
9737.066
9914.15
9595.0
9570.884
10400.134
10339.35
9815.866
9849.283
10647.533
10836.217
10547.733
10364.816
10476.6
10541.816
10307.8
10207.684
10448.733
10267.816
10539.467
10823.15
10515.533
10760.283
11035.4
10166.483
10444.866
10275.083
9910.8
10202.55
9513.134
9755.417
9761.667
10707.083
10622.733
10440.483
10462.667
9999.816
10278.333
10252.95
10589.6
10243.15
10040.066
9494.616
9352.066
9043.083
8686.066
8618.417
7999.333
7884.95
7933.733
7878.55
8367.133
8748.483
9662.2
10250.083
11337.0
11473.75
12466.667
11643.884
11141.2
11563.95
11456.8
11282.083
12003.066
12083.483
12341.467
12166.55
12025.733
11432.417
11041.2
10702.75
10934.467
10832.283
12044.267
11538.017
12148.0
12220.083
12509.934
12558.684
12192.866
12885.884
13041.6
13610.816
13545.733
13672.083
13908.267
14272.35
13269.667
13466.15
12856.134
13149.417
13148.934
13530.017
13032.866
12808.083
12366.267
12169.483
12427.2
12135.55
11271.934
12100.283
11985.134
12768.95
12927.667
12964.95
13836.733
13474.417
13132.2
13434.55
13452.6
13224.616
13188.667
13375.816
13794.4
14241.35
14281.733
13937.417
14082.8
15647.217
14436.134
14476.75
14719.733
14145.217
14703.6
14674.35
15310.0
14733.483
14168.6
14534.55
14724.467
14608.283
14112.2
14036.95
15124.0
15539.55
15196.733
14540.684
14910.0
14681.884
14550.667
13724.283
14623.4
14469.017
14138.733
13480.15
14047.134
14316.35
14313.733
13877.15
14925.667
14958.616
14720.267
15110.15
15232.934
15977.15
15247.934
15047.017
15647.866
15194.017
15511.6
14632.95
15001.2
15711.75
15246.2
15417.55
15467.467
15037.55
15238.533
15645.35
16276.667
16002.083
15991.866
16167.083
15982.333
16384.684
16872.666
16437.017
16381.533
15961.75
15969.0
15502.217
15952.533
15577.017
15939.733
15260.217
14857.733
15106.684
14987.533
14695.483
15309.866
14807.95
14959.066
15036.483
14995.934
15117.684
14930.934
15483.616
15953.6
16308.884
15486.134
15547.616
15622.733
15050.083
15893.733
15510.884
16053.333
16044.684
16402.333
16434.283
16596.066
16789.416
16270.2
15779.15
17443.867
16830.482
16770.334
16994.482
17250.467
16044.884
16746.4
16016.616
17013.533
16725.95
16020.6
16571.949
17021.801
16759.816
16904.268
17788.75
17252.666
16634.084
16457.267
16194.95
16108.267
16679.217
17336.133
17231.15
17897.6
18019.35
18388.334
17943.949
17980.934
18370.482
18112.801
18097.15
18123.934
18201.883
18628.133
18282.617
18959.533
18722.883
18819.533
19275.416
19138.199
19042.35
18597.934
18740.816
19028.268
18606.15
18524.0
18293.617
18978.732
18657.283
19660.867
18895.217
18552.732
19059.684
19172.801
19855.35
19962.334
20075.75
19467.6
19740.35
19249.066
19396.217
19154.467
19497.018
19760.467
21538.15
19879.867
20743.018
21085.801
21233.684
20726.0
22018.217
21471.533
21757.15
22459.934
23198.416
21986.666
22548.883
21970.0
22300.084
23932.6
22401.018
22610.0
21756.482
21731.801
21810.684
22507.6
22357.15
22851.934
23576.482
23021.4
23796.416
24456.666
25116.617
25135.199
25275.482
26061.934
26736.816
26077.334
24783.217
25617.066
25781.35
25068.867
25591.217
26214.666
26254.816
26025.533
26522.75
27188.4
26431.684
27953.199
28596.217
28143.801
27599.35
28696.934
28523.949
28569.801
28210.416
28646.732
28751.084
28524.199
28605.949
28189.4
28507.084
29370.533
30126.551
30530.268
30871.416
32252.467
32447.283
31898.4
32573.75
32616.801
32335.018
32326.533
31362.283
32369.133
31531.084
31433.6
33104.484
33666.668
34033.352
34095.602
34210.016
35016.0
34076.016
34389.867
33890.551
34130.934
34381.352
33832.535
34544.016
35293.332
35673.016
35776.066
35920.082
36440.734
36400.016
35794.266
36078.949
35932.801
36042.285
35387.602
36002.816
36071.934
36278.215
36654.266
36180.285
36058.199
36278.215
36318.801
36344.082
36434.801
36788.082
36492.266
36701.949
36955.801
36690.016
35599.602
35050.684
33401.465
32054.084
31120.4
30742.482
30683.0
31152.15
31108.4
32405.617
34073.602
34529.215
35157.801
35335.215
35590.535
36487.082
37480.0
37101.551
37773.199
37767.551
37419.535
36644.684
36353.266
36642.082
37206.066
37507.816
38001.535
38640.949
39511.867
39998.75
40143.867
40268.215
39449.535
39294.883
38856.199
39124.016
39213.801
39196.617
39173.602
38511.148
38053.934
37826.949
37308.934
37380.285
37708.398
37443.148
38871.266
39137.215
39496.398
40103.816
40304.266
39425.016
39704.734
39251.352
39291.199
39649.949
40013.133
40478.551
41460.934
41299.148
41930.734
41446.148
41409.535
40953.75
40161.867
40402.75
40350.734
40533.016
40248.133
40563.484
41103.465
41440.148
40965.0
41015.285
42153.668
41555.484
42033.0
41160.617
41867.867
41331.484
40393.465
39879.148
39494.266
39424.285
39626.332
39921.816
40432.199
41595.551
41254.332
42116.016
41579.465
41587.285
41397.066
40916.352
40625.066
40127.215
39516.0
39636.75
39637.602
39369.418
39636.0
39625.816
39378.801
39412.016
39265.0
39378.285
39917.332
40332.215
40329.133
40877.215
41573.266
41771.484
41746.133
42063.016
41823.199
41812.551
41019.934
40552.551
40008.332
40365.551
40791.398
40476.684
41339.602
41664.484
42252.934
42485.148
42471.668
42450.75
43314.332
43615.75
44193.535
44258.551
43916.602
43709.016
43474.066
43460.75
42743.266
42513.617
42660.602
42732.75
42317.668
42264.418
41337.801
41939.418
41531.801
41967.285
41789.801
42702.215
43209.734
43881.352
44266.934
44615.816
43574.801
43720.148
43143.668
43175.016
43511.398
43139.883
43137.0
42767.617
43206.465
43557.148
43568.602
43765.285
43772.801
44293.816
44738.0
45605.418
44784.934
44606.418
43993.398
43947.215
43149.465
43121.75
43044.199
42775.551
43404.266
43560.352
41760.934
42932.883
42884.934
42427.883
42723.934
42392.617
42302.734
42576.484
43143.199
43483.883
43497.801
43388.949
43548.465
44243.215
44386.0
44682.352
44370.465
43845.551
42442.801
40822.082
40042.465
38508.418
36821.465
36330.148
37035.668
38075.484
40408.066
41110.418
40418.535
40532.352
40779.066
40176.684
40635.199
40023.082
39583.934
40500.617
41693.535
42690.148
42566.734
43034.352
43264.734
43672.75
44531.0
44013.617
43903.0
44006.016
43160.934
43649.75
44175.602
44156.816
43990.668
44859.484
45313.734
45276.418
45326.0
44623.352
44456.668
44157.215
44349.133
44068.215
43321.199
43041.484
42584.867
43681.016
44444.0
45161.949
44880.0
45543.816
46509.199
46826.949
46245.801
45837.285
46169.266
45604.148
45439.199
44700.148
45480.266
46011.883
45502.801
45183.418
44804.535
43697.418
43071.535
41434.484
40270.133
39885.082
39906.535
40334.617
40908.199
42160.551
42324.066
43725.484
44008.668
44074.75
44765.535
44925.684
45428.133
45573.816
45765.066
46201.215
47094.199
46393.352
46060.199
45233.082
45015.133
44905.883
44800.535
44754.617
44813.668
45516.016
46525.199
46573.816
46649.602
46641.418
46545.465
46241.285
46155.934
46233.285
45046.398
44489.551
44055.934
43437.684
42540.602
42055.949
42432.801
42686.684
43198.266
43615.75
44351.602
44352.418
44199.934
44074.285
44231.465
43875.215
43532.266
43593.551
44100.332
44593.883
44742.0
44825.484
45347.934
45868.883
45799.0
45910.617
45648.801
45462.148
44820.668
43982.016
43701.801
42788.75
41785.199
43079.418
42926.734
43349.082
43487.465
44108.016
44203.801
44597.016
44051.066
44117.684
44499.398
44008.418
43883.602
43627.082
43586.668
43236.352
42563.734
42077.082
42221.199
42250.352
41758.668
41119.75
41405.867
41280.082
40997.734
40987.75
41304.066
41628.551
41844.934
42254.484
42409.602
42878.082
42593.734
42400.816
42883.867
42848.949
41649.199
42390.148
41978.535
41977.215
42205.535
41612.285
41680.867
42526.617
42729.0
43117.215
43048.066
43143.684
43060.332
42806.551
43259.934
42700.016
42199.133
42022.551
42445.199
42914.352
43065.266
42315.148
42494.668
42417.215
41886.199
42226.352
42372.867
42234.148
42028.332
42234.75
41919.133
42151.352
41561.332
41261.816
41181.465
41141.352
41306.398
40908.215
41784.602
42013.215
42561.801
41888.816
42054.0
42093.352
42351.602
42261.215
42041.867
42170.285
42122.465
41910.551
41902.465
41940.883
41626.934
41121.418
41589.801
41651.816
41762.801
41721.082
41930.668
41907.75
41859.535
42230.148
42222.602
42533.684
41671.668
41229.617
41459.133
40926.148
41001.332
40749.418
41327.266
41845.082
41682.199
41474.484
41831.668
41733.285
42037.867
41941.684
41996.535
42278.883
42077.535
42045.418
42245.734
42284.484
42188.266
42054.418
41371.602
41550.949
40717.734
41029.352
41033.066
40987.285
40597.934
40741.484
40696.867
40662.484
40703.465
41026.75
40656.465
41323.484
41024.0
40980.617
40468.332
40045.082
39696.332
39822.551
39457.133
39444.484
39133.734
39772.215
39919.668
39997.684
39849.465
39436.949
40557.266
40742.484
41066.602
41077.684
41691.867
41905.215
41169.133
40979.484
40829.332
40792.148
39954.934
40122.016
40307.066
40347.551
40684.801
40649.082
41089.465
41021.684
41093.867
40865.484
41199.668
40904.617
40535.734
39984.816
40627.133
40711.285
39920.602
40770.551
40413.734
40746.684
40909.398
40461.016
40682.465
40248.016
39499.266
39061.816
39582.332
39303.148
38964.199
39429.016
39471.398
40452.352
40153.934
40868.215
41039.535
40747.617
40630.801
40995.285
41374.465
40841.418
40291.332
40093.148
40078.0
39531.551
39389.398
39318.148
39919.668
40007.684
39935.535
39832.816
40480.133
40570.215
40122.801
39829.484
39895.734
39494.551
38864.332
38338.016
38388.266
38356.551
37997.0
38291.484
38611.934
39204.949
39451.801
39601.75
39924.668
40134.551
40500.332
40432.285
40532.734
40365.949
40175.801
40721.016
40128.801
40556.816
40256.266
39798.148
40391.934
40296.484
40409.668
40062.215
39928.602
39845.215
39845.668
39218.352
39416.734
39105.75
38935.465
39181.684
38948.398
38743.148
38652.465
38531.484
39335.133
39657.082
38816.801
38938.285
39534.801
39367.016
39286.199
39769.016
39323.465
38998.75
38826.266
38072.684
38612.535
37782.352
37952.734
37899.148
37785.535
38339.949
38110.266
38430.285
38363.0
38268.352
38632.801
38571.617
38852.133
38772.215
38329.867
38377.418
38627.867
38764.551
37934.801
38224.684
38429.133
38438.617
37896.332
38275.352
38965.734
38533.016
38324.133
39092.082
39160.535
39003.617
38675.734
38293.484
38912.066
38423.551
38592.668
38536.215
38253.332
38482.484
38329.867
38166.285
38429.801
38205.484
37566.602
37729.418
38007.801
37777.082
37177.535
37221.082
36878.066
36812.484
36555.266
36177.484
36780.801
36759.883
36437.801
37388.617
37295.867
37521.816
37457.0
37167.75
37652.0
37464.883
37134.602
36626.148
37117.0
37296.883
36495.266
35700.082
35046.0
34322.816
33767.801
33119.617
32740.133
32125.084
31680.133
32817.617
33394.266
33502.551
34013.133
34741.285
35852.332
35604.352
36012.332
35828.484
35800.867
35969.75
35554.668
35393.75
35577.668
35512.484
35114.668
35195.75
35352.465
35548.352
35332.133
35049.285
35455.602
35205.082
35268.398
35039.082
35458.266
35469.949
35108.801
35591.617
35518.535
35293.082
34901.465
34626.883
34709.867
34585.418
34580.934
34753.949
34484.934
34880.75
34917.801
34705.418
34926.602
35384.352
35046.332
34819.949
35076.199
35240.148
35120.332
35259.285
35161.332
34697.75
34578.668
34491.082
34657.734
34556.617
33811.066
34203.949
34056.867
34322.016
34162.465
34006.082
34112.398
34190.285
34559.934
34055.418
34247.398
34542.484
33977.0
34254.148
34174.668
34144.148
33607.266
33703.285
33642.465
33696.684
33733.266
33606.949
33533.602
33482.949
32955.734
33271.352
33086.934
33297.148
32854.668
33186.75
33851.465
33423.418
33882.266
33782.617
33738.0
34106.016
33881.535
33965.949
33984.602
33868.016
34078.465
33886.215
34047.199
33765.484
34011.734
33751.016
34216.398
33581.148
33707.535
33407.148
33692.801
33832.883
33348.535
33214.883
33300.0
33276.883
33272.535
33344.082
33442.602
33495.617
33497.801
33387.418
33348.602
32995.617
32549.066
32460.75
32667.0
32189.883
31885.066
31999.883
32423.268
32378.482
31901.334
31942.75
32342.066
32125.018
31812.334
31521.949
31842.6
31622.084
31274.666
30773.883
31158.533
31207.949
31193.934
31405.416
31307.934
31359.15
30805.4
31015.949
30584.467
30516.283
29766.467
29608.15
29703.732
29227.883
29275.268
28539.416
28911.533
28621.018
28059.133
27299.018
27199.867
27276.416
27129.0
26530.084
26812.066
26733.482
26967.666
27081.084
27656.133
28019.35
28804.934
29547.75
29669.732
29819.482
29822.268
30082.883
29936.334
29560.883
29608.801
29381.283
29672.133
29407.482
29743.334
29768.35
30088.801
30039.084
30271.268
30132.75
30583.533
30425.416
30167.133
30458.551
30786.133
30552.084
30261.934
30034.416
30336.533
30292.883
30055.199
29942.684
30037.334
30081.949
30473.867
29664.416
30222.268
30184.217
30259.666
30092.416
30292.867
30114.949
29736.334
29724.283
29824.867
30012.949
29305.066
29218.283
29439.666
29170.416
29064.6
29312.482
29402.268
29143.15
29017.133
28727.15
28777.467
28753.617
28863.801
28813.551
28740.334
28696.75
28703.6
28653.416
28509.066
28520.35
28310.801
27735.75
28154.066
27699.617
27839.066
27803.217
27961.732
27712.416
27842.0
27809.75
27863.066
28211.084
27946.867
28316.482
28100.666
28349.283
28096.467
27620.084
27801.066
27535.883
27459.0
27660.684
27520.199
27476.482
27488.867
27406.883
27828.133
28309.949
27840.066
28411.416
28530.133
28228.084
28443.666
28087.084
28324.0
28475.084
28640.732
28769.283
28858.467
29233.883
29107.6
29467.15
29823.0
30069.684
29588.467
29448.15
29803.801
30258.684
30070.533
30593.949
30745.533
31118.018
30893.934
31061.883
30963.467
30697.482
29962.334
28941.816
28429.066
28127.684
27774.467
27517.684
27309.801
27291.883
27197.066
27095.617
27313.199
27221.75
27212.4
27193.283
27548.334
27317.551
27143.133
26822.018
26825.4
27022.416
26568.199
26849.617
26761.867
26977.084
26950.334
27036.018
27144.4
27375.75
26974.867
27122.018
27451.732
27259.684
26718.199
27009.283
27394.6
27220.482
26809.268
27101.283
27367.268
26799.482
27177.133
26507.35
26871.066
26537.416
26317.334
26460.883
26336.066
26404.018
26166.666
25672.75
26318.6
26416.75
26119.467
26039.018
26248.268
26046.15
26404.199
25852.684
26039.934
26055.949
26215.934
26241.816
26351.666
26057.084
26196.666
26351.482
26604.666
26159.416
25741.867
25776.75
26032.867
26175.283
25887.867
26021.416
25908.801
26064.018
25840.268
25859.018
25900.0
25825.084
25379.867
25153.883
25801.732
25568.551
25123.666
25061.551
25504.6
25108.084
25102.268
25225.35
25451.934
25176.018
24174.133
24946.684
25364.467
24977.883
24919.467
24563.416
24807.0
24889.283
25178.666
25080.617
24970.0
24689.482
24742.0
24734.816
24198.867
24046.551
23494.334
23813.684
23291.732
23729.018
23291.467
23357.018
24616.6
24408.949
24387.801
25027.949
24792.4
24904.416
24407.334
24253.75
24090.801
24089.482
23818.533
23892.283
23994.133
24006.551
23582.666
23824.75
24499.934
24021.684
23488.066
23805.617
24087.666
24182.883
23856.467
23984.617
24113.533
23824.551
23433.268
23118.75
23503.6
23081.15
22995.0
22547.35
22565.133
22660.15
21991.0
21572.482
21418.334
20109.816
19371.133
18557.949
18709.199
18690.084
18809.268
19008.883
19796.334
20659.084
21127.934
21155.816
21372.0
21990.617
22429.334
22357.684
22046.0
22486.75
22411.467
22444.551
22500.934
22062.084
21755.467
21627.816
22108.467
21963.75
21545.199
22205.883
22096.801
22341.217
22419.199
22299.283
22397.268
22373.084
22120.0
22259.816
22337.4
22540.551
22102.467
22077.217
22443.533
22557.217
22438.934
22514.551
22642.4
22599.617
22486.4
22009.217
22449.467
22386.217
22099.066
21870.283
22145.6
22252.018
22056.4
21658.551
21899.801
22234.35
21572.133
22226.617
22392.666
22311.217
22727.334
22446.949
22557.4
22522.617
22333.533
22452.883
22376.533
22337.15
21987.0
22079.35
22108.666
22158.816
22008.934
22138.15
22321.867
22365.018
22060.6
21819.283
22120.268
22026.217
22164.268
21765.217
22256.0
22084.416
22293.934
22301.35
22368.066
22262.617
21868.133
21603.084
22081.4
21966.217
22190.801
21759.482
21680.867
21747.684
21659.268
22030.949
21732.268
21732.084
21157.4
21220.949
21352.467
21560.816
20711.801
20982.482
21204.133
21220.35
20956.334
20841.949
21259.199
21188.283
20964.133
21130.949
21193.6
21402.684
20652.133
20853.617
21371.334
21399.018
21044.533
20889.283
21029.066
21206.816
20834.268
20844.816
20958.199
20943.15
20340.467
20647.684
20646.334
20491.217
20452.0
20562.217
20256.133
20985.217
20395.066
20241.75
20371.268
20424.75
20313.199
19729.416
20242.0
20320.217
19959.268
19714.75
20198.066
20060.482
19969.199
19431.816
20035.732
20001.551
19898.934
19989.883
19593.801
19894.283
19730.467
19259.816
19579.801
19392.416
19393.066
18909.084
19343.934
19272.883
18651.0
18288.35
19078.934
18849.217
18667.6
18542.551
18794.199
18673.684
18334.732
18267.684
18901.199
18624.15
18472.666
18287.15
18789.0
18376.949
18177.4
18075.018
18674.6
18487.416
18194.0
18193.551
18358.199
18049.482
17662.666
17373.084
17822.666
17913.35
17874.066
18124.482
18261.0
18117.084
17516.0
18194.75
17965.732
17855.551
17849.934
17763.35
17692.801
17848.15
17367.6
17331.617
16700.934
15972.884
15315.733
14557.017
14177.8
14020.816
13972.6
13954.083
14839.0
15344.017
15553.467
15952.417
16241.934
16318.95
16420.934
16337.15
16476.8
15935.483
15941.866
15227.017
16243.667
16205.083
15942.6
15875.483
16293.733
16516.816
16660.066
16355.083999999999
16776.732
17003.482
16629.133
16681.551
17053.6
17056.217
17042.4
17141.15
17315.0
17271.416
17033.066
16683.35
17563.467
17332.018
17290.334
16873.283
17540.268
17706.084
17435.732
17667.018
17677.533
17198.551
17390.533
17075.416
17649.801
17504.949
17366.268
17307.217
17365.467
17576.816
17145.268
17707.816
17661.867
17702.551
17674.0
17232.949
17955.066
17918.684
17511.133
17670.949
18325.666
18070.018
17821.533
18293.551
18526.666
18194.684
17940.934
18055.617
17682.934
17892.684
17372.334
17532.684
17831.6
17756.018
17745.4
18187.816
17835.801
17989.883
17358.334
17169.217
18118.066
17904.551
17785.467
17911.617
17743.066
17829.617
17935.666
17596.018
17630.467
17640.816
17603.467
17529.35
17709.934
17361.35
17481.934
17345.15
17721.801
17472.084
17586.732
17497.15
17937.0
17532.084
17560.6
17473.551
17714.467
17960.75
17987.199
17850.617
17768.533
17655.283
17533.4
17767.018
17942.0
18007.15
18027.334
17642.084
18310.066
18101.551
18049.0
17572.35
18102.867
18035.75
17813.533
17710.15
17782.334
17913.283
18075.4
17943.617
18056.268
17744.551
17879.867
18071.75
17763.666
17873.283
17779.801
17602.217
17722.199
17832.15
17556.666
17517.883
17665.133
17914.684
16986.6
17700.084
17734.6
17644.684
16948.268
17330.15
17627.666
17750.018
17605.6
17646.283
17582.467
17730.35
17435.867
17324.883
17739.4
17477.482
17538.066
17209.75
17434.6
17501.018
17189.867
17113.482
17408.666
16996.883
16973.533
16829.35
17190.934
17073.416
16746.801
17055.416
17024.334
16778.617
16952.801
17063.283
16870.334
16857.15
16624.533
16644.35
16935.666
16653.75
16733.801
16382.75
16471.667
16536.616
16420.934
16521.816
16335.934
16292.616
16232.333
16169.483
16400.934
16381.083
16346.134
15446.884
15728.4
15651.217
15466.2
14902.616
14857.4
14900.884
14530.8
13960.684
14475.533
14313.75
13483.667
13909.75
13823.333
13464.55
13625.733
13083.217
13237.333
13075.15
12801.4
12939.217
13183.4
13039.017
13193.333
12004.15
12746.533
12859.283
12351.467
12660.816
12893.066
12973.283
12723.0
13107.483
13307.0
13376.083
13526.934
13909.483
13899.8
13739.15
13808.467
13626.35
13579.6
13778.75
13750.667
13207.217
13693.0
13502.083
13195.4
12628.684
12999.866
12773.15
12457.4
12391.483
12269.934
12339.75
12166.066
12034.684
12423.333
12401.417
12279.4
12282.55
12384.6
12233.15
12162.467
12052.083
12477.733
12279.75
11954.267
12382.884
12766.4
12549.283
12244.533
12401.15
12356.267
12430.684
12353.467
12225.017
12304.2
12083.283
11534.0
12068.35
11929.667
12050.083
12173.134
11696.417
12233.4
12109.15
11381.467
11683.55
11906.134
11725.55
11801.6
12012.816
12144.8
12134.95
12301.934
12226.816
12377.134
12168.684
12149.533
11848.483
12086.733
12195.684
11878.066
11909.217
12138.4
12124.616
11842.6
12339.75
12351.8
12508.15
12030.066
12284.083
12389.467
12365.55
12567.267
11898.95
12405.866
12261.95
12426.134
11993.55
12725.333
12430.816
12582.267
12208.283
12738.6
12688.217
12360.2
12166.684
12376.667
12187.217
12056.6
12309.017
12238.4
12066.816
11746.4
11731.75
11982.4
12158.55
12013.6
12173.15
12134.4
11986.884
11767.066
11985.684
12067.333
11932.95
12217.533
11639.483
11927.134
12185.55
12174.2
11875.417
11915.4
11451.083
11201.733
11626.283
11510.8
11602.75
10806.866
11325.884
11660.934
11490.55
11223.6
11548.083
11778.667
11374.017
11519.267
11369.55
11632.267
11270.083
10990.733
10985.017
11320.667
11265.35
10832.066
11142.684
11084.066
11266.35
11079.2
11108.417
11209.6
11076.217
10898.0
11114.816
11236.6
11168.483
11029.6
11314.884
11066.533
11151.75
11082.0
10877.75
11102.2
11036.684
10869.066
10740.217
10795.533
10889.816
10622.0
10504.217
10964.066
10967.95
10698.134
10736.684
10981.2
10985.35
10559.8
10618.15
10825.733
10621.616
10409.134
10813.483
10771.866
10548.684
10778.0
10567.017
10623.934
10558.217
10300.667
9937.083
10630.134
10283.816
10522.467
10319.816
10420.6
10246.684
10201.066
10011.95
10373.733
10258.684
10158.8
9896.283
10162.333
10203.283
10028.667
9969.684
10232.733
10231.417
9689.934
9902.55
10181.8
10133.816
9457.2
9624.55
10049.467
9994.483
9876.267
9545.35
10109.8
10015.083
9936.934
9684.083
9854.733
9666.35
9526.066
9674.55
9851.866
9658.55
9483.4
9543.483
9970.6
9959.283
9734.333
9465.483
9569.267
9692.55
9544.866
9362.55
9680.533
9579.017
9576.8
9252.75
9439.866
9554.684
9484.066
9306.616
9504.866
9316.483
9722.066
9027.417
9478.4
9379.083
9179.2
8766.417
9467.467
9423.684
9459.2
9122.55
9221.134
9090.417
9196.934
9293.217
9613.4
8806.55
9110.6
8874.15
9157.4
8581.75
8181.867
7575.083
7325.4
6551.35
5745.533
5161.617
4573.533
3823.95
3470.0
2791.217
3108.4
3035.817
2746.867
2946.283
3833.533
4007.283
4017.733
4957.75
5480.467
5765.55
6077.667
5411.283
6186.8
5774.95
5634.2
5302.617
5081.067
5162.817
4860.667
4630.683
5026.533
5091.083
5042.333
4821.95
5578.133
5361.683
5409.2
6000.283
6038.0
6286.417
5945.6
6460.617
6588.667
6557.483
6598.733
6835.15
7135.267
7167.417
6671.933
6923.483
7470.067
7498.417
7061.4
7557.75
7822.267
7934.883
7868.2
7877.817
8319.667000000001
8311.75
7682.333
7821.683
8528.933
8595.817
8411.667000000001
8123.683999999999
8657.934
8490.15
8267.4
8297.417
8779.733
8554.017
7692.0
8552.15
8701.934
8792.616
8443.267
8247.35
8740.8
8656.217
8483.733
8376.884
8517.866
8622.95
8249.333
8069.884
8994.267
8590.75
8382.467
8398.616
8711.134
8595.083
8479.333
8448.15
8654.8
8601.616
8441.333
8412.95
8709.4
8675.35
8524.733
8406.95
8751.2
8689.283
8131.200000000001
8318.884
8658.267
8552.95
8205.267
8144.4169999999995
8547.8
8433.017
8446.533
8200.683
8472.533
8603.817
8306.2
7840.282999999999
8637.333
8519.884
8506.133
8314.884
8817.267
8549.95
8364.333
8136.816000000001
8631.333
8398.617
7993.2
7840.95
8452.0
8405.417000000001
8412.4
7815.083
8512.267
8392.35
8243.533
8322.483
8504.4
8468.017
8276.0
8191.884
8714.933
8515.283
7679.8
8051.35
8615.667000000001
8382.55
8362.467
8199.817
8587.267
8505.75
8049.4
7853.483
8429.667000000001
8258.817
8218.267
8118.017
8413.267
8414.617
8254.067
7791.883
8460.067
8426.483
8073.267
7742.083
8319.067
8474.817
8160.0
8073.75
8424.867
8069.083
8030.8
8129.75
8152.133
8071.083
7920.533
7748.417
8318.2
8149.283
7796.467
7707.817
8196.8
8341.95
7625.933
7705.95
8168.0
8069.883
8128.867
7891.95
8107.6
8006.483
7990.2
7655.683
8282.6
8065.95
7769.467
7725.15
8105.6
8033.283
7842.8
7376.283
7998.733
7945.017
7821.4
7288.417
8076.267
7903.55
7386.2
7791.083
7897.533
7805.817
7399.0
7511.217
7678.733
7777.15
7522.867
7480.817
7787.533
7566.817
7545.733
7326.283
7635.867
7675.95
7182.667
7125.883
7636.867
7588.55
7292.533
7249.683
7329.8
7501.15
7035.667
7208.283
7277.333
7322.083
7149.2
6934.017
7482.867
7344.617
6958.933
6624.417
7191.4
7364.75
7182.467
6882.617
7205.933
7189.15
6511.933
6918.55
7326.8
6979.883
6818.333
6879.417
7124.0
7149.483
6756.867
6626.35
7023.067
7141.217
6955.533
6842.55
7158.333
6969.083
6707.733
6429.683
7048.2
6864.883
7105.933
6607.75
7069.933
7035.417
6526.067
6575.617
7063.133
6877.083
6713.8
6748.817
7031.6
6948.683
6548.867
6490.55
7103.667
6835.55
6688.067
6743.417
6970.933
6833.95
6390.267
6284.283
6673.933
6606.35
6118.533
6253.15
6705.733
6543.617
6726.4
6392.683
6742.4
6585.683
6800.4
6420.617
6642.2
6551.283
6189.4
6176.083
6643.2
6539.217
6056.333
5556.083
6491.2
6545.483
6055.533
6250.95
6503.867
6291.083
6128.133
6114.817
6471.933
6264.283
6079.667
5740.55
6317.467
6367.283
5673.133
5819.75
6387.2
6171.617
5909.0
5694.817
6298.867
6270.55
6171.333
5771.683
6354.2
6268.217
6196.6
6076.283
6276.8
6139.483
4917.8
5406.75
6182.267
6257.817
5876.2
5604.217
6135.4
6247.217
5607.0
5609.017
6008.0
5993.817
5530.4
5559.55
6063.6
6007.683
5376.333
5370.817
5917.867
5865.15
5611.133
5622.083
5836.4
5749.15
5338.467
5750.35
5815.8
5855.017
5337.667
5579.417
5942.8
5707.617
5255.267
5171.483
5748.467
5757.883
5620.933
5080.083
5854.933
5707.017
5049.067
5155.817
