278.967
77.5
-130.96699999999998
156.167
454.9
143.433
220.03300000000002
254.833
242.63299999999998
262.567
133.167
-161.63299999999998
213.7
221.433
34.632999999999996
-29.433000000000007
356.567
9.566999999999993
71.7
370.567
434.767
198.1
484.9
160.7
286.1
219.3
238.03300000000002
-117.833
214.96699999999998
216.5
333.16700000000003
36.167
292.16700000000003
206.63299999999998
250.233
32.766999999999996
561.833
486.033
101.767
-50.43300000000001
249.833
135.233
7.367000000000004
194.5
206.9
252.03300000000002
156.5
237.96699999999998
231.767
248.567
-36.233000000000004
46.099999999999994
625.433
288.3
2.0999999999999943
-252.1
440.767
454.433
38.367000000000004
51.5
393.433
449.633
404.033
243.96699999999998
426.433
373.967
164.63299999999998
327.367
398.633
403.83299999999997
335.233
-132.63299999999998
462.767
295.7
46.766999999999996
88.367
395.767
197.03300000000002
149.167
83.7
308.5
504.7
214.5
64.633
240.9
348.033
43.5
10.632999999999996
253.9
209.36700000000002
512.5
10.299999999999997
192.7
224.767
357.3
-47.7
205.5
268.5
206.3
103.1
423.1
370.433
-221.567
33.766999999999996
412.1
315.433
236.767
209.96699999999998
479.233
293.83299999999997
13.033000000000001
292.433
105.433
337.3
258.5
288.967
426.033
293.7
565.367
-222.433
337.767
385.3
115.833
373.633
391.033
467.033
264.767
112.967
367.7
254.36700000000002
-57.367000000000004
127.767
346.7
315.567
141.3
14.099999999999994
433.3
451.033
66.233
-241.63299999999998
368.1
332.633
90.367
146.1
279.433
420.567
338.83299999999997
51.900000000000006
310.767
330.767
-275.16700000000003
-135.3
322.567
214.3
177.833
6.367000000000004
340.567
286.83299999999997
68.167
220.833
414.16700000000003
300.5
270.567
-96.1
470.767
417.16700000000003
443.033
159.36700000000002
499.767
281.9
176.1
356.633
419.433
87.233
377.83299999999997
-151.1
149.03300000000002
237.767
16.766999999999996
378.433
603.3
429.033
172.767
-74.3
501.7
158.03300000000002
472.767
33.7
397.7
370.567
337.567
392.967
529.1
368.3
438.767
323.033
346.83299999999997
232.96699999999998
397.83299999999997
-345.967
403.233
374.1
180.3
148.833
152.833
328.83299999999997
487.3
181.36700000000002
254.63299999999998
306.5
126.633
-187.36700000000002
291.767
391.3
472.367
196.36700000000002
400.3
309.967
64.967
-312.567
454.767
244.96699999999998
-55.099999999999994
30.566999999999993
279.033
196.567
-1011.1
-92.833
133.3
280.83299999999997
250.9
-57.900000000000006
565.3
404.1
270.767
71.167
273.7
237.567
-97.3
432.83299999999997
544.833
274.767
-183.9
37.833
324.033
330.83299999999997
-108.967
356.3
393.1
269.5
414.033
354.967
338.83299999999997
417.3
254.233
183.233
392.633
258.9
419.16700000000003
31.700000000000003
421.16700000000003
444.3
338.1
-74.167
236.233
322.5
92.833
-277.233
378.1
355.233
267.7
-115.967
364.9
349.767
218.167
95.433
378.5
362.367
-145.03300000000002
209.36700000000002
346.433
70.5
-132.167
165.7
280.9
214.833
322.967
179.767
276.3
531.767
108.233
182.9
388.16700000000003
548.367
392.233
174.96699999999998
224.433
287.633
107.233
499.9
369.367
224.63299999999998
-150.3
104.233
219.5
291.1
274.567
-13.367000000000004
551.567
562.9
32.766999999999996
292.83299999999997
380.967
357.16700000000003
237.3
109.1
353.16700000000003
393.1
83.433
133.233
299.233
331.967
183.433
305.5
483.3
438.033
403.7
114.633
569.5
183.63299999999998
390.767
-135.96699999999998
369.3
181.567
-94.633
286.367
341.16700000000003
201.567
554.433
392.567
379.967
274.83299999999997
646.1
94.833
384.567
297.967
-33.167
292.63300000000004
645.767
421.1
554.833
-32.5
456.63300000000004
365.83299999999997
395.767
203.9
360.5
530.833
-48.833
228.3
611.567
338.233
142.7
182.433
355.16700000000003
355.967
525.633
188.567
666.5
565.7
707.367
451.36699999999996
715.5
517.767
249.767
349.833
395.767
616.1669999999999
782.1
213.767
726.433
591.767
556.3
695.7
626.1
516.233
372.567
657.367
490.033
769.5
126.5
287.167
572.1669999999999
562.033
582.967
415.967
898.967
575.767
730.567
563.567
706.9
672.767
694.1
328.033
1035.567
485.5
586.767
517.5
868.433
544.967
724.767
615.7
632.3
891.8330000000001
795.967
687.9
633.1
894.8330000000001
659.8330000000001
463.833
969.9
762.367
661.1669999999999
593.633
595.633
685.8330000000001
815.1669999999999
690.167
906.033
804.367
585.367
537.233
693.233
811.833
695.967
589.5
940.9
502.433
763.367
491.76700000000005
701.1
605.433
784.367
858.633
753.367
488.83299999999997
800.833
991.7
470.29999999999995
901.167
730.633
789.833
814.967
786.833
650.233
1009.033
1187.033
700.367
716.433
1308.367
938.633
1152.967
513.7
708.033
1178.833
1019.033
1157.433
1240.967
773.3
742.833
870.1
832.7
1379.367
1199.767
673.9
1140.167
1035.033
1249.3
1277.433
1104.967
1023.1
1356.5
627.5
929.7
1040.367
1208.1
1536.633
1495.1
1430.1
1364.9
1180.1
1274.5
1298.033
1196.833
830.433
1046.033
1389.767
1206.767
1461.167
1024.233
1524.3
1422.9
1515.7
1342.367
1489.967
1426.367
1010.1669999999999
1465.433
1340.7
1247.233
1173.1
1322.633
1302.7
1403.567
1318.967
1082.767
1426.9
1190.3
1188.5
1050.367
1507.033
1409.833
1363.367
1425.567
1549.967
1290.3
1265.9
1166.1
1426.033
1477.033
1335.9
1077.9
1580.1
1320.833
1373.233
1343.167
1497.233
1378.167
875.0999999999999
1322.233
1398.567
1467.7
1498.5
1670.767
1791.167
1611.833
1635.1
1598.767
1749.567
1807.033
1655.3
1743.1
1735.9
1734.367
1917.833
1752.967
2129.9
1616.5
1192.3
1432.633
1659.367
1943.167
1668.033
1761.3
2123.233
1930.767
1844.633
1781.233
2025.033
2067.567
2097.9
1798.367
2169.967
1847.7
1757.5
1651.033
1669.233
1597.7
1921.3
1260.967
1666.1
1777.233
2031.233
1678.7
2000.5
1885.5
2092.967
1899.367
1974.3
2042.833
2028.3
1944.7
2257.367
1815.633
2377.633
2120.167
2132.033
2047.033
1949.367
2135.767
2377.567
1751.833
1874.233
2190.633
2437.633
2143.833
2224.233
1971.5
2054.633
1937.167
2026.9
2162.9
2135.567
2438.5
2711.7
1988.967
2571.3
2559.1
2434.5
2331.967
2394.5
2280.167
2222.7
2516.367
2450.9
2267.633
2045.567
2175.633
2104.167
2079.833
2416.1
2298.9
2455.7
2683.3
2499.767
2633.833
2847.433
2591.367
2904.167
2752.167
3116.9
2861.1
2683.633
2930.833
2931.967
2830.167
2644.7
2798.767
2617.567
2689.833
2581.367
2742.1
2712.033
2506.967
2176.3
2437.833
2378.833
2394.567
2220.833
2149.433
2418.167
2161.7
2094.967
1799.633
2417.3
1975.9
2333.567
2339.433
2549.5
3037.7
2842.767
3130.367
2981.9
3170.767
3294.967
2901.767
3096.767
3040.233
2755.367
2672.1
2955.633
2804.567
3063.3
2618.767
2892.3
2962.433
2929.3
3111.567
3067.5
3130.033
3286.367
3252.833
3297.7
3279.5
3198.567
2903.967
3236.033
3306.967
3159.233
3423.233
3508.833
3360.1
3232.367
2942.367
3476.433
3347.967
3683.3
3954.7
4054.233
4421.1
4413.233
4282.7
4217.9
4140.633
4247.967000000001
3836.1
4417.5
4089.167
4251.233
4177.1
4404.967000000001
3892.9
4060.433
4208.633
4037.7
4083.967
3875.3
3592.767
4203.032999999999
4318.967000000001
4181.032999999999
4391.9
4552.633
4555.767
4430.5
4175.367
4536.167
4463.367
3934.233
4141.1669999999995
4089.5
4343.032999999999
4224.033
4468.233
4677.9
4392.167
4273.633
3712.767
3979.3
4096.8330000000005
4136.567
3870.367
4297.3
3943.3
3995.9
3762.967
3677.967
3634.7
3560.3
3623.9
3656.633
3770.567
3557.167
3701.967
3452.633
3637.9
3783.833
3897.9
4196.367
4386.1
4507.967
4660.033
4455.767
4544.967
4083.433
4636.5
4424.367
4442.367
4983.633
4688.5
5394.633
5426.233
5375.033
5594.567
6185.7
5682.9
5808.633
5269.7
5431.567
5330.767
4890.3
4619.567
4658.433
4510.9
4321.767
4446.367
4952.233
4572.033
4898.433
4925.967
5446.1
5430.367
5562.833
5305.767
5112.633
4988.433
4590.633
4423.033
4492.567
4074.9
3928.5
3772.567
3819.967
3741.767
3161.233
3470.567
3490.233
3156.967
2822.033
3610.1
3681.167
3823.3
4159.032999999999
3917.367
4754.7
5012.367
5099.033
4952.833
5047.233
4775.633
4409.233
4538.567
4481.833
4668.033
4656.367
4513.167
5068.5
4718.633
4906.1
4792.1
4979.1
4909.567
4823.167
4283.967
4901.1
4749.633
4903.7
4812.3
4747.5
4763.433
4825.233
4811.033
5533.7
5608.833
5619.633
5884.767
6060.9
6130.3
6106.633
5942.9
6291.3
6047.967
6491.233
6104.767
6550.433
7015.7
6284.3
6563.767
6608.5
6382.1
6362.767
5581.167
5435.7
4841.833
4551.967
3574.3
3383.633
2844.1
2650.567
2662.967
3225.5
3541.767
3925.7
4482.9
4862.833
5141.433
5459.967
5930.3
6258.767
6699.033
6584.7
6551.033
6705.767
6125.433
5985.9
5620.033
5218.167
4387.1
4043.167
3703.167
3685.433
4068.367
4277.7
4874.033
5832.567
6168.7
6421.3
7331.567
7601.233
7762.033
8201.7
7912.033
8631.434
8697.1
9097.9
8844.634
8785.634
9246.7
8997.5
9033.033
9182.167
9034.967
9288.767
9096.967
9760.967
9610.9
9695.366
9491.566
9981.167
9867.967
9685.167
9827.7
10369.366
10104.7
10064.167
9819.566
9993.7
9512.7
9582.833
9751.5
9835.434
10296.566
10048.434
10162.033
10243.366
9876.3
9587.634
9362.634
9560.1
9868.233
10037.634
9932.167
9974.7
9962.434
9890.3
9759.233
9619.233
9620.366
9455.233
9542.967
10007.3
9784.634
9995.233
9700.167
9812.366
10056.566
9790.1
10222.167
10416.5
10391.7
10536.033
10628.634
10766.833
11088.566
11394.9
11178.833
11076.033
10984.434
10276.033
9706.167
9839.7
9764.566
9702.5
9600.5
9969.5
10215.634
10402.967
11125.767
11049.833
11689.967
11649.434
11692.3
11664.366
12111.5
11466.366
11587.9
12032.167
11537.9
11600.033
11800.1
11738.566
11547.5
12190.233
11696.767
12009.9
11979.634
11892.967
11605.9
11876.634
11705.566
11712.7
11080.167
11808.967
11613.233
11687.833
11220.5
11604.434
12011.167
12222.434
11860.9
12121.434
12249.5
12003.5
11995.233
11935.167
10855.634
11287.3
11324.3
11416.3
10918.366
11602.566
11427.967
11465.233
11129.833
11161.767
11527.3
11645.1
11593.634
11694.767
11438.167
11153.167
11130.9
10487.967
10798.767
11520.833
11333.833
11480.366
11896.033
12206.767
12321.3
12484.566
12112.1
12226.5
12409.833
12337.5
11860.3
11594.767
11099.1
11267.3
10492.7
11164.7
11394.566
11081.634
11082.434
11962.366
11929.767
11347.767
11391.366
12274.233
12497.033
12149.566
11953.366
12078.033
12178.833
11857.833
11783.566
12069.167
11838.5
12137.3
12455.9
12174.1
12398.5
12718.833
11794.366
12065.033
11869.967
11499.566
11763.7
11009.434
11276.3
11357.7
12407.967
12257.366
12092.033
12121.634
11583.233
11854.167
11832.833
12168.434
11829.7
11609.7
11012.5
10793.833
10433.7
10018.3
9938.967
9230.366
9086.9
9106.9
9067.967
9671.3
10129.366
11134.967
11839.033
13131.566
13275.967
14391.7
13554.833
12903.366
13420.233
13261.167
13029.7
13878.833
14012.7
14243.9
14057.434
13901.833
13279.1
12707.566
12339.5
12563.167
12518.434
13892.3
13330.167
13980.634
14115.434
14435.634
14489.967
14114.167
14864.1
15125.5
15819.5
15640.233
15801.167
16127.7
16494.233
15352.967
15615.167
14886.5
15309.9
15256.434
15723.967
15087.366
14857.7
14383.9
14130.167
14376.3
14063.566
13124.566
14043.233
13877.033
14856.167
14998.167
15057.566
16031.7
15612.967
15212.767
15574.3
15607.7
15352.634
15380.366
15630.434
16044.167
16539.767
16578.566
16228.233
16388.167
18162.699
16779.768
16862.1
17129.699
16462.633
17157.5
17072.166
17739.768
17102.834
16517.7
16856.033
17099.033
16975.434
16403.167
16388.967
17513.1
18043.5
17647.768
16935.033
17298.434
17066.566
16954.633
16051.301
16956.033
16807.033
16411.5
15672.7
16353.3
16623.3
16638.967
16180.167
17352.699
17375.166
17198.967
17558.566
17733.9
18565.434
17726.9
17496.367
18123.967
17695.1
18043.834
17041.768
17443.434
18224.633
17770.967
17912.699
17962.834
17447.566
17710.967
18208.699
18908.967
18649.566
18636.967
18849.367
18622.5
19094.768
19639.232
19118.434
19037.768
18616.834
18599.699
18041.033
18541.566
18097.1
18479.9
17782.834
17299.699
17515.699
17429.5
17142.301
17739.834
17230.232
17432.699
17560.434
17443.232
17604.566
17454.566
18037.5
18546.232
19013.566
18035.566
18174.768
18171.967
17590.166
18563.768
18170.967
18733.434
18676.768
19129.633
19135.232
19294.967
19584.566
18907.566
18491.232
20297.699
19598.834
19527.768
19808.367
20045.9
18712.367
19514.1
18681.768
19802.834
19474.633
18667.232
19323.033
19849.633
19541.033
19651.301
20767.166
20082.834
19417.967
19172.967
18961.768
18782.301
19434.566
20286.633
20083.9
20814.768
21026.699
21414.834
20869.9
20957.367
21382.301
21107.1
21162.166
21113.434
21209.967
21749.967
21376.967
22110.367
21812.768
21967.232
22451.699
22277.566
22228.9
21720.5
21879.1
22163.367
21746.434
21595.367
21376.566
22174.232
21819.5
22924.9
22102.1
21680.768
22282.967
22402.5
23247.301
23366.367
23436.301
22829.5
23039.367
22437.834
22607.967
22367.367
22872.434
23081.5
25124.699
23163.166
24219.1
24605.166
24814.699
24235.566
25671.967
25078.367
25392.367
26305.566
27043.033
25701.967
26312.5
25727.434
26042.232
27887.834
26144.166
26386.5
25482.9
25366.967
25521.9
26263.633
26102.232
26697.699
27549.166
26948.699
27824.633
28561.566
29332.967
29332.633
29539.1
30442.768
31234.768
30459.9
28948.166
29862.566
30104.434
29225.367
29922.367
30559.166
30651.967
30399.699
30894.9
31594.834
30866.633
32531.834
33321.898
32842.834
32215.834
33394.699
33242.766
33319.699
33028.898
33385.434
33566.168
33273.168
33384.832
32966.898
33282.898
34217.832
35113.301
35465.102
35942.5
37475.035
37780.832
37136.035
37885.367
37937.234
37670.102
37659.301
36600.699
37703.566
36780.234
36784.168
38557.766
39206.699
39548.102
39604.168
39823.633
40652.035
39721.633
40003.965
39416.234
39747.367
40036.898
39427.434
40256.035
41086.035
41478.766
41577.301
41852.434
42310.965
42310.301
41628.699
41931.234
41757.102
41887.102
41217.301
41864.168
41990.633
42255.035
42653.035
42170.766
41931.566
42118.965
42302.699
42331.367
42388.168
42711.965
42457.234
42622.168
42872.168
42626.965
41379.434
40690.699
38722.301
37161.766
36118.766
35676.168
35668.699
36189.035
36213.898
37694.301
39585.168
40191.898
40895.766
41139.832
41387.965
42423.566
43498.035
43161.102
43840.168
43868.633
43395.766
42589.434
42244.035
42535.168
43230.035
43623.5
44095.832
44869.633
45857.434
46432.035
46539.168
46690.766
45839.035
45652.566
45086.367
45437.766
45494.367
45564.035
45468.766
44686.234
44162.434
43970.367
43292.832
43423.5
43719.832
43533.633
45128.367
45463.102
45768.035
46487.102
46776.301
45739.898
45999.434
45579.102
45580.965
45971.633
46376.367
46843.898
48056.5
47875.5
48566.699
47992.035
47924.832
47473.898
46647.168
46775.965
46769.168
46947.766
46755.035
47038.035
47645.168
48008.898
47510.035
47616.102
48749.832
48209.434
48643.898
47829.102
48470.566
47817.035
46755.234
46183.633
45809.898
45731.699
45956.168
46329.965
46883.766
48122.832
47826.102
48742.898
48148.301
48181.434
47922.168
47391.633
47032.766
46509.633
45851.566
46000.301
45965.898
45699.301
45911.234
45973.832
45616.168
45660.102
45590.699
45712.168
46292.832
46738.766
46740.5
47348.5
48090.035
48394.898
48331.367
48657.633
48416.633
48297.102
47482.766
46955.102
46362.5
46759.766
47207.832
46915.367
47839.301
48205.168
48874.434
49162.699
49132.832
49085.699
50091.898
50389.766
51069.832
51161.301
50708.699
50536.367
50260.766
50186.168
49466.898
49165.5
49353.965
49397.965
49052.699
48899.367
47894.965
48542.234
48077.699
48546.699
48395.965
49420.699
49999.035
50687.965
51145.5
51503.832
50362.434
50457.898
49850.102
49895.5
50255.434
49921.102
49894.766
49484.035
49966.832
50338.434
50341.035
50618.898
50696.699
51199.566
51672.832
52592.832
51740.301
51565.5
50785.832
50757.965
49913.234
49916.766
49827.965
49464.102
50194.367
50342.434
48467.168
49709.699
49563.301
49117.898
49382.832
49076.102
48943.035
49329.301
49874.633
50262.898
50288.234
50144.168
50385.965
51174.566
51258.367
51591.234
51270.898
50638.566
49056.035
47327.633
46367.965
44599.035
42724.434
42191.965
42942.5
44161.434
46823.168
47541.434
46836.367
46952.965
47142.035
46551.633
46957.898
46404.234
45796.035
46899.434
48274.832
49371.566
49267.168
49736.102
49917.5
50507.898
51395.168
50884.035
50726.766
50775.832
49895.301
50448.766
50938.832
50993.633
50807.367
51781.566
52291.301
52248.5
52278.168
51532.434
51307.832
50959.699
51153.102
50785.367
49995.367
49776.766
49186.832
50421.301
51320.168
52058.633
51805.766
52508.832
53529.367
53885.965
53296.766
52824.5
53171.5
52479.5
52298.234
51602.035
52297.301
52988.168
52433.699
52081.102
51594.434
50405.035
49679.699
47860.434
46546.766
46114.633
46216.434
46600.035
47243.168
48620.965
48942.633
50436.301
50697.633
50773.301
51554.898
51765.234
52281.566
52490.434
52691.5
53194.234
54109.5
53377.102
52916.898
52033.566
51896.301
51732.832
51598.234
51652.234
51631.633
52428.367
53482.566
53626.832
53586.035
53578.898
53433.832
53205.035
53083.699
53099.367
51903.102
51198.168
50772.832
49993.234
49136.766
48550.434
48946.168
49299.102
49765.633
50278.5
51096.234
51228.234
50929.832
50783.434
50903.5
50596.035
50188.168
50305.965
50837.566
51299.301
51483.965
51565.898
52176.434
52777.301
52745.434
52792.898
52495.5
52336.898
51599.766
50688.832
50299.367
49350.898
48256.367
49650.234
49525.766
49923.5
50146.168
50854.5
50932.434
51347.367
50761.965
50893.766
51205.035
50684.168
50512.5
50292.367
50257.234
49819.965
49046.367
48524.633
48690.234
48739.766
48176.102
47474.234
47798.633
47690.566
47329.633
47385.234
47643.301
48030.766
48270.898
48788.766
48987.699
49497.035
49136.102
48984.035
49476.035
49378.035
48052.898
48889.898
48445.301
48425.766
48730.168
48002.102
48114.5
49088.965
49310.035
49719.699
49639.367
49646.5
49654.699
49326.234
49806.633
49259.898
48651.898
48593.766
49009.566
49479.699
49623.301
48802.832
48979.367
48907.035
48421.035
48765.766
48888.965
48738.898
48501.301
48747.168
48361.965
48568.234
47974.367
47614.035
47489.633
47508.367
47702.367
47257.566
48204.367
48453.633
49032.234
48406.965
48543.699
48564.434
48826.367
48706.5
48435.633
48645.898
48553.168
48385.566
48304.234
48391.5
48001.633
47515.898
47858.699
48057.234
48171.699
48141.434
48337.766
48409.168
48272.168
48767.234
48720.367
48980.965
48020.168
47564.367
47778.168
47210.965
47303.832
47012.965
47656.832
48253.832
48070.168
47916.234
48254.102
48244.699
48516.234
48353.633
48381.035
48820.633
48487.301
48465.965
48702.434
48738.766
48649.566
48490.898
47724.035
47976.102
47060.766
47321.965
47354.035
47248.434
46803.832
46980.035
46875.832
46883.832
46942.168
47346.898
46947.234
47627.301
47328.301
47246.566
46620.5
46186.367
45795.832
45950.832
45501.301
45523.566
45246.633
45878.832
46063.633
46140.367
45967.766
45570.965
46766.766
47069.766
47264.965
47464.5
47983.566
48210.168
47497.566
47200.965
46994.633
46981.832
46105.367
46235.965
46401.832
46499.367
46865.566
46756.566
47341.301
47222.434
47330.633
47129.766
47415.168
47062.633
46695.434
46155.434
46700.766
46861.566
46013.367
46989.566
46519.699
46925.566
47120.898
46551.234
46856.5
46377.832
45579.035
45098.766
45587.434
45297.035
45003.699
45428.699
45459.434
46546.301
46291.102
47003.699
47215.832
46928.5
46857.234
47202.168
47539.035
46955.832
46395.699
46143.965
46059.566
45524.301
45352.168
45266.367
45849.965
45955.168
45897.5
45878.168
46490.965
46590.633
46143.5
45900.898
45845.367
45412.301
44699.301
44143.301
44172.301
44146.699
43695.367
44095.434
44470.234
45107.832
45372.434
45602.102
45883.898
46154.5
46581.367
46514.168
46549.699
46383.301
46171.699
46718.168
46033.699
46514.367
46203.633
45744.168
46335.832
46262.367
46369.832
46053.434
45822.367
45733.434
45674.234
45103.566
45257.832
44922.832
44713.234
45054.301
44677.699
44504.168
44419.633
44360.234
45220.566
45461.102
44606.301
44761.633
45401.168
45233.102
45172.832
45668.168
45090.832
44795.035
44626.234
43817.5
44305.832
43460.699
43630.301
43533.168
43510.965
44084.102
43862.5
44194.633
44084.434
44018.102
44421.566
44300.434
44684.301
44634.766
44142.832
44228.898
44372.633
44572.234
43713.633
44051.766
44239.434
44262.035
43622.898
44171.234
44823.832
44392.301
44103.035
44965.434
45148.898
44958.633
44643.168
44164.566
44756.633
44270.102
44480.367
44422.566
44157.367
44293.898
44233.301
43988.566
44388.832
44061.898
43416.301
43545.633
43796.766
43553.168
42902.832
42928.234
42578.434
42426.367
42233.898
41836.168
42461.898
42471.566
42122.102
43126.035
43044.898
43334.5
43270.699
42956.766
43487.965
43190.832
42934.168
42301.832
42838.434
43024.367
42113.566
41271.566
40408.633
39652.168
39044.566
38276.633
37854.5
37244.566
36725.898
37969.633
38723.234
38752.699
39353.367
40178.633
41427.699
41104.832
41646.699
41372.699
41320.633
41531.898
41057.766
40924.367
41102.234
41019.766
40566.301
40698.035
40860.301
41054.301
40778.965
40539.566
40945.367
40722.898
40753.566
40548.566
40952.301
40954.434
40563.102
41208.965
40949.234
40770.168
40359.898
40096.301
40058.301
39974.898
39928.035
40105.234
39876.301
40272.301
40310.633
40091.633
40348.035
40858.035
40500.434
40240.699
40477.898
40757.102
40520.168
40712.301
40547.301
40131.566
39976.766
39878.965
40038.633
39876.766
39122.566
39482.168
39329.168
39632.766
39431.035
39286.434
39388.699
39565.035
39816.898
39356.898
39579.633
39881.832
39286.832
39522.234
39486.434
39430.234
38809.168
38939.699
38847.699
38889.168
38967.5
38776.633
38710.832
38783.832
38115.633
38443.367
38137.766
38467.301
37961.766
38375.434
38947.699
38679.898
39087.102
39112.898
38951.102
39421.367
39182.434
39176.434
39279.367
39126.168
39315.035
39185.168
39249.965
39056.566
39262.898
39021.766
39469.5
38741.832
38875.301
38608.898
38871.965
39055.168
38581.102
38364.766
38476.766
38502.5
38427.699
38538.832
38596.035
38729.5
38715.699
38619.367
38529.035
38138.566
37648.5
37586.434
37804.766
37219.965
36914.633
37033.898
37507.566
37478.434
37001.633
37036.5
37327.234
37145.102
36864.766
36506.699
36849.102
36606.035
36160.301
35707.566
36037.699
36086.234
36113.234
36431.965
36279.367
36295.168
35681.832
35896.832
35450.699
35330.234
34543.102
34380.898
34398.168
33885.699
33805.965
33176.5
33547.234
33199.699
32493.633
31720.834
31538.967
31615.301
31434.367
30798.9
31063.9
30966.566
31321.9
31430.9
32039.633
32482.5
33376.434
34270.633
34328.434
34527.168
34578.766
34816.102
34595.965
34273.633
34338.434
34044.699
34328.5
34120.898
34474.367
34576.301
34903.301
34864.367
35054.168
34992.168
35462.965
35333.832
35056.898
35338.766
35645.301
35393.898
35090.898
34868.766
35214.832
35065.898
34843.633
34739.832
34841.965
34898.699
35291.367
34496.035
35064.434
34997.102
35014.301
34888.832
35149.832
34909.434
34545.699
34486.965
34651.566
34772.102
34052.766
33928.965
34097.566
33848.434
33826.367
33986.434
34095.5
33767.766
33714.832
33429.832
33338.633
33319.633
33404.367
33421.035
33331.234
33281.102
33360.234
33182.102
33040.166
33018.032999999996
32801.434
32218.699
32640.166
32158.033
32296.301
32263.434
32376.367
32195.967
32330.232
32287.033
32310.367
32706.633
32454.768
32790.699
32604.633
32865.1
32547.699
32018.434
32102.1
31866.232
31639.834
31904.967
31677.434
31740.566
31768.768
31751.967
32184.768
32684.1
32246.1
32863.967000000004
32953.5
32680.166
32860.699
32529.834
32777.5
32919.898
33043.699
33306.367
33317.234
33831.898
33730.301
34097.434
34497.766
34846.766
34331.832
34189.301
34525.566
35119.367
34912.301
35446.035
35581.301
36102.633
35822.766
36021.898
35872.035
35519.434
34685.832
33558.102
32928.699
32641.434
32290.834
32012.033
31660.232
31737.699
31611.566
31488.967
31770.699
31620.1
31668.9
31650.232
31992.1
31715.9
31564.367
31235.301
31185.033
31394.232
30908.9
31277.166
31078.834
31382.633
31394.566
31509.566
31575.1
31817.633
31424.232
31549.566
31910.768
31704.1
31138.699
31468.033
31862.033
31693.166
31281.1
31594.834
31847.301
31223.699
31644.033
30901.699
31281.768
30855.834
30626.232
30790.301
30641.033
30779.232
30468.566
29969.699
30659.566
30728.232
30370.033
30394.699
30536.5
30302.834
30657.033
30137.834
30367.768
30395.566
30526.566
30563.1
30713.434
30483.5
30558.5
30719.699
30917.566
30536.633
30035.367
30085.434
30335.768
30521.166
30209.967
30395.232
30197.768
30436.566
30110.699
30148.768
30185.367
30101.033
29661.967
29394.033
30089.5
29824.1
29392.5
29244.699
29699.1
29327.834
29298.5
29436.633
29674.1
29343.232
28339.166
29099.367
29593.967
29150.699
29081.367
28723.301
28941.699
29103.633
29372.367
29282.9
29182.367
28833.9
28910.967
28914.232
28232.834
28025.301
27436.967
27748.768
27212.834
27712.434
27251.5
27378.633
28731.633
28543.301
28509.5
29168.633
28960.033
29010.5
28516.699
28282.768
28094.232
28148.5
27866.367
27866.166
28004.9
28063.033
27640.033
27847.967
28554.967
28031.768
27518.699
27859.967
28155.566
28248.033
27886.1
27979.434
28097.033
27736.834
27390.967
27000.834
27431.367
26937.9
26852.5
26416.301
26374.699
26406.768
25716.5
25180.434
24952.5
23410.301
22515.166
21674.301
21773.434
21857.367
21915.633
22182.033
23098.699
24137.9
24679.699
24748.367
24995.699
25670.9
26158.967
26131.9
25796.166
26246.5
26132.434
26319.5
26273.633
25849.033
25485.301
25394.967
25840.834
25699.5
25264.166
26013.1
25841.434
26070.434
26229.5
26074.166
26211.434
26160.434
25919.367
26006.699
26096.434
26346.5
25881.699
25854.633
26300.967
26377.566
26289.301
26343.9
26487.768
26455.768
26372.699
25800.232
26242.166
26173.768
25836.566
25659.166
25902.232
26121.633
25845.967
25405.633
25632.633
25997.967
25342.033
25999.434
26175.1
26111.232
26576.566
26284.434
26454.768
26336.699
26107.1
26331.834
26163.166
26109.5
25767.834
25826.301
25829.166
25865.768
25812.633
25874.566
26095.232
26178.967
25841.633
25590.033
25883.699
25772.166
25973.301
25505.768
25997.699
25882.434
26043.166
26072.768
26156.301
26094.699
25578.967
25302.1
25848.9
25698.033
25906.301
25502.232
25378.768
25460.768
25353.9
25748.1
25422.166
25427.166
24808.768
24900.166
24983.5
25229.166
24341.633
24623.834
24849.967
24883.301
24592.633
24423.566
24870.834
24831.699
24580.166
24770.434
24811.434
25047.367
24265.699
24513.5
24959.768
24984.699
24610.633
24478.1
24631.166
24791.033
24445.834
24393.633
24573.967
24458.834
23888.834
24172.367
24178.434
23993.367
23963.834
24120.566
23745.768
24554.566
23897.033
23770.967
23875.633
23908.9
23789.434
23210.367
23732.834
23772.699
23451.9
23172.434
23647.367
23523.566
23390.967
22883.699
23415.768
23405.967
23305.232
23356.301
22978.1
23212.9
23095.967
22619.232
22859.5
22721.834
22714.5
22193.301
22621.166
22542.301
21869.9
21528.699
22296.768
22083.033
21897.1
21764.5
22029.9
21898.566
21510.9
21424.5
22099.434
21851.566
21646.301
21508.5
21973.768
21505.434
21416.232
21228.5
21847.633
21598.566
21348.367
21297.566
21483.633
21166.301
20748.9
20405.9
20896.768
21008.166
20882.834
21207.633
21331.5
21236.768
20641.5
21275.9
21075.1
20929.566
20878.699
20855.1
20734.434
20918.033
20346.967
20162.033
19275.9
18349.633
17479.033
16585.566
15997.233
15739.9
15726.366
15793.167
16885.434
17546.232
17827.1
18369.232
18727.967
18801.1
18955.434
18837.5
18935.434
18344.967
18311.367
17570.434
18633.834
18614.9
18438.166
18370.566
18753.967
19060.301
19250.5
18952.768
19435.367
19653.967
19301.301
19454.768
19841.699
19803.967
19836.5
19988.768
20162.566
20146.232
19923.633
19573.566
20493.967
20264.166
20216.768
19847.033
20511.301
20685.301
20460.166
20678.1
20641.967
20181.033
20432.033
20044.033
20613.1
20512.967
20395.232
20291.301
20365.5
20597.9
20170.434
20717.834
20738.033
20780.5
20759.033
20307.5
21064.367
21034.232
20588.834
20780.301
21470.768
21200.232
20962.301
21485.367
21717.768
21314.1
21071.166
21163.5
20766.434
21002.1
20484.301
20647.033
20933.301
20817.768
20842.1
21317.5
20948.967
21121.633
20481.5
20327.5
21232.9
21045.633
20853.633
21063.301
20837.434
20905.166
20987.5
20688.5
20734.5
20749.166
20657.033
20578.5
20796.232
20419.699
20519.301
20368.566
20769.9
20496.768
20599.967
20571.633
20955.033
20597.967
20643.434
20552.633
20844.1
21092.699
21083.301
20942.367
20869.232
20714.5
20669.967
20867.834
21015.033
21158.5
21154.699
20783.1
21433.699
21249.699
21192.834
20660.566
21240.033
21137.5
20907.633
20787.699
20910.633
21038.5
21159.232
21074.967
21143.5
20863.232
20950.434
21148.834
20822.834
20984.566
20852.633
20724.166
20814.434
20938.566
20675.5
20595.1
20719.5
21023.301
20009.9
20747.367
20786.5
20722.301
20004.367
20366.5
20698.1
20841.1
20670.834
20732.1
20631.5
20802.5
20541.699
20399.699
20773.699
20537.301
20597.232
20242.1
20508.1
20529.699
20192.367
20099.1
20397.367
19964.768
19995.834
19802.768
20145.1
19999.633
19660.166
19982.301
19979.232
19685.301
19846.367
19994.232
19789.434
19755.367
19544.301
19565.967
19894.699
19507.166
19671.367
19268.232
19360.166
19406.5
19331.232
19363.768
19171.301
19078.301
19056.166
19022.566
19240.768
19197.9
19091.566
18135.699
18437.033
18315.768
18130.1
17497.301
17400.166
17430.232
16988.566
16414.367
16940.9
16769.232
15925.434
16298.9
16176.566
15764.5
15918.566
15319.1
15478.5
15273.7
14987.434
15108.967
15371.233
15234.967
15409.9
14171.833
14936.967
15029.366
14537.5
14845.967
15077.634
15170.1
14915.233
15334.366
15595.366
15666.566
15863.7
16290.566
16259.233
16127.833
16234.566
15987.1
15964.566
16150.033
16115.167
15542.167
15985.566
15819.9
15454.434
14815.233
15150.566
14940.033
14634.5
14496.434
14294.1
14397.566
14263.366
14140.233
14546.033
14527.634
14366.767
14375.167
14506.1
14335.9
14248.5
14165.9
14597.967
14403.767
14070.7
14518.833
14891.1
14678.3
14364.434
14546.5
14494.3
14566.566
14454.1
14353.767
14380.033
14145.566
13546.9
14123.233
13979.033
14120.5
14274.233
13796.9
14304.1
14167.767
13402.033
13733.767
13918.566
13764.9
13834.434
14119.3
14234.434
14222.1
14404.167
14340.033
14470.434
14269.833
14245.033
13929.5
14167.767
14253.9
13968.1
13993.767
14224.634
14228.434
13922.366
14400.7
14487.1
14590.7
14158.033
14385.167
14527.5
14496.1
14708.3
13977.1
14506.634
14346.767
14571.233
14169.9
14858.366
14596.5
14760.434
14362.566
14927.7
14822.233
14456.7
14301.634
14495.5
14273.5
14177.9
14388.967
14318.167
14167.967
13833.634
13839.033
14078.967
14229.767
14046.1
14239.167
14192.233
14004.3
13799.566
14046.434
14132.167
13993.7
14308.233
13673.366
13992.233
14237.233
14194.9
13892.033
13926.833
13455.833
13161.434
13617.3
13505.5
13547.3
12764.434
13323.7
13614.3
13473.3
13188.634
13536.767
13788.566
13352.7
13494.7
13317.434
13580.833
13211.566
12930.967
12894.3
13213.1
13170.833
12710.7
13048.9
13002.967
13111.3
12955.9
13045.366
13145.767
12961.7
12747.767
13004.233
13115.1
13070.566
12932.3
13284.9
12995.3
13078.833
12988.833
12796.434
12923.434
12925.967
12744.5
12623.967
12650.967
12737.7
12457.1
12338.434
12822.1
12824.7
12524.1
12578.233
12818.833
12808.967
12387.634
12452.5
12639.9
12435.767
12207.767
12593.5
12568.167
12336.1
12583.3
12357.434
12379.7
12352.7
12060.566
11705.434
12381.833
12036.366
12268.1
12086.634
12191.833
12002.1
11913.7
11769.7
12094.9
11947.366
11859.033
11576.967
11863.833
11899.033
11709.967
11658.7
11961.9
11918.233
11425.7
11586.1
11855.7
11804.767
11116.233
11253.434
11693.366
11649.7
11540.566
11218.767
11774.3
11662.833
11581.566
11324.967
11484.233
11315.3
11154.967
11330.167
11476.7
11265.366
11100.9
11177.3
11583.3
11595.833
11346.967
11091.833
11181.9
11319.033
11136.566
10963.033
11289.233
11186.9
11169.434
10828.233
11018.434
11124.767
11079.566
10884.967
11085.1
10875.1
11344.566
10601.767
11051.9
10939.9
10733.566
10283.366
11025.1
10986.9
10967.634
10675.967
10771.767
10623.7
10745.1
10815.1
11088.566
10313.434
10601.3
10390.7
10601.434
9930.566
9375.9
8624.833
8250.567
7248.967
6267.9
5489.3
4721.567
3842.167
3388.967
2666.5
2959.967
2834.833
2569.167
2793.167
3739.1
4030.767
4135.433
5230.5
5860.3
6235.833
6591.3
5925.5
6705.833
6257.167
6042.7
5604.9
5356.567
5400.833
5104.833
4857.833
5267.5
5344.167
5344.433
5162.167
5925.833
5745.367
5818.3
6481.7
6533.3
6798.767
6543.833
7069.5
7268.633
7291.633
7351.033
7611.3
7933.767
8003.167
7550.567
7864.7
8420.3
8498.167000000001
8094.299999999999
8617.233
8902.434
9077.3
9022.366
9060.366
9554.9
9520.366
8940.7
9064.634
9816.9
9901.9
9708.566
9457.5
9985.7
9826.833
9637.366
9637.233
10101.033
9899.634
9015.167
9916.634
10067.833
10133.366
9839.566
9621.833
10084.3
10055.767
9849.833
9758.5
9916.767
10063.3
9617.3
9432.434
10363.3
9964.566
9728.566
9780.434
10119.167
9993.634
9839.366
9841.3
10035.033
10000.9
9842.767
9802.833
10125.3
10087.566
9982.9
9824.5
10145.833
10068.634
9517.167
9729.033
10029.366
9966.566
9569.3
9504.233
9890.7
9749.566
9820.3
9572.566
9818.167
9973.5
9676.634
9196.9
9972.767
9884.7
9883.3
9698.033
10168.033
9936.566
9732.1
9517.167
10012.167
9771.366
9325.7
9184.967
9825.634
9715.967
9701.9
9141.634
9839.566
9721.7
9606.767
9675.033
9860.434
9816.5
9624.5
9590.967
10076.7
9878.3
9020.167
9358.566
9972.7
9765.366
9686.366
9528.967
9925.5
9829.967
9365.7
9187.3
9764.566
9619.7
9563.5
9454.7
9771.566
9728.7
9576.167
9115.434
9821.767
9751.767
9390.1
9067.767
9636.9
9798.767
9452.434
9396.767
9729.566
9321.9
9314.033
9410.566
9431.967
9370.366
9226.366
9043.233
9628.7
9447.434
9074.634
9012.767
9472.5
9573.434
8885.833
8972.366
9427.767
9380.7
9421.033
9148.1
9371.767
9292.233
9247.434
8907.5
9538.233
9285.434
9026.5
9009.566
9361.033
9302.7
9098.366
8590.366
9246.634
9155.5
9048.033
8559.967
9323.767
9117.233
8603.233
9054.767
9106.167
9027.634
8610.5
8706.833
8872.967
8969.767
8731.5
8702.967
8984.167
8745.634
8741.767
8487.9
8823.833
8862.967
8373.3
8309.233
8812.967
8749.634
8469.634
8420.5
8470.9
8667.967
8213.9
8351.567
8413.832999999999
8468.233
8272.367
8072.8330000000005
8612.433
8492.967
8083.433
7751.167
8304.9
8461.7
8286.7
7972.633
8313.967
8281.1
7594.633
8008.833
8414.567
8042.433
7925.3
7954.233
8197.033
8226.233
7846.7
7709.233
8145.233
8233.633
8049.033
7917.233
8239.1
8046.367
7773.5
7490.367
8095.5
7939.3
8168.833
7673.5
8150.1
8090.7
7575.567
7624.1
8094.367
7936.833
7740.7
7800.367
8075.633
8002.567
7577.567
7533.433
8153.3
7842.567
7737.633
7781.1
7978.567
7847.967
7409.033
7292.367
7663.367
7636.033
7095.3
7234.767
7705.3
7541.7
7707.833
7368.1
7728.033
7576.233
7794.767
7403.167
7605.833
7555.1
7201.7
7156.367
7629.633
7528.433
7015.967
6504.833
7460.233
7466.3
7013.033
7217.1
7447.833
7249.833
7103.833
7051.833
7415.033
7198.367
7008.833
6697.3
7268.167
7291.233
6572.1
6745.167
7326.233
7077.9
6837.1
6612.033
7218.233
7192.233
7102.7
6666.233
7258.3
7197.633
7107.9
7005.5
7207.033
7070.033
5803.7
6332.367
7093.567
7168.033
6745.367
6523.567
7013.167
7145.1
6478.3
6484.233
6903.367
6866.9
6394.1
6440.367
6922.3
6882.7
6223.033
6226.3
6789.9
6734.233
6454.7
6468.567
6690.167
6616.7
6183.567
6589.767
6678.833
6686.5
6142.1
6410.633
6776.1
6552.367
6092.9
5993.7
6570.833
6589.833
6451.1
5881.767
6638.7
6523.9
5841.7
5984.7
