246.46699999999998
51.35
-162.2
132.483
421.733
105.417
186.4
203.617
218.133
232.75
96.93299999999999
-197.78300000000002
188.733
204.883
3.799999999999997
-62.383
325.933
-24.85
49.533
344.483
406.733
164.883
438.2
131.617
257.933
178.75
210.733
-154.25
173.267
175.683
298.867
-2.25
260.067
164.35
217.667
-4.450000000000003
539.267
442.217
62.0
-87.45
216.333
96.483
-35.133
158.083
174.6
204.417
115.267
196.817
198.8
219.55
-66.93299999999999
8.683
582.0
254.017
-38.533
-288.58299999999997
400.8
413.483
1.732999999999997
13.482999999999997
344.66700000000003
411.95
365.267
204.28300000000002
390.0
337.017
131.933
286.55
368.733
371.41700000000003
305.33299999999997
-165.583
417.867
259.41700000000003
11.0
49.15
368.733
155.75
116.0
38.15
269.2
467.41700000000003
176.867
34.417
208.0
316.75
7.933
-22.183
219.867
173.35
468.933
-33.917
152.4
188.95
310.267
-83.783
172.733
222.483
170.867
61.017
391.733
337.08299999999997
-257.133
4.149999999999999
376.067
279.217
193.667
172.683
441.267
260.08299999999997
-19.133000000000003
238.483
83.133
296.883
223.46699999999998
247.017
381.933
264.55
521.667
-262.58299999999997
296.467
338.683
83.267
333.35
363.66700000000003
421.683
231.867
68.017
317.933
210.21699999999998
-90.86699999999999
82.75
317.0
287.41700000000003
100.13300000000001
-20.116999999999997
386.067
414.017
34.267
-268.983
329.533
290.41700000000003
59.867
110.81700000000001
249.6
389.883
302.267
16.883000000000003
267.133
304.683
-314.4
-162.25
272.533
180.683
140.067
-34.25
314.733
240.95
25.732999999999997
190.28300000000002
373.867
268.017
229.6
-141.517
426.933
379.683
402.933
115.75
460.0
252.083
132.0
315.017
381.467
43.883
340.66700000000003
-201.583
112.8
200.883
-19.0
323.617
551.0
393.283
149.8
-108.11699999999999
472.067
124.88300000000001
432.533
-4.183
360.33299999999997
327.75
287.733
359.617
501.4
313.35
403.133
276.483
316.4
197.15
358.067
-382.65
372.2
321.35
149.53300000000002
115.55
105.93299999999999
300.683
445.33299999999997
148.21699999999998
214.733
272.08299999999997
93.533
-222.78300000000002
244.133
357.15
443.2
159.483
358.6
275.95
21.200000000000003
-345.517
416.66700000000003
198.817
-81.733
-13.116999999999997
247.0
170.61700000000002
-1028.933
-128.65
98.93299999999999
240.617
219.867
-103.717
539.2
375.683
236.867
44.683
230.0
209.817
-135.2
397.817
493.66700000000003
247.483
-208.067
4.350000000000001
287.8
293.683
-141.6
323.55
353.533
228.75
369.733
319.35
304.0
377.283
221.2
152.21699999999998
345.533
214.21699999999998
374.733
0.8830000000000027
370.867
395.017
309.33299999999997
-104.983
205.0
286.15
58.533
-311.717
353.66700000000003
312.95
232.8
-150.917
324.6
310.283
192.4
47.617
342.0
328.617
-183.2
170.683
308.267
41.95
-172.53300000000002
134.417
232.0
192.15
282.267
139.017
239.933
489.883
59.933
143.21699999999998
349.867
502.35
356.33299999999997
132.75
192.8
255.21699999999998
64.93299999999999
460.55
329.067
180.55
-187.267
74.81700000000001
181.867
253.883
235.133
-42.65
511.8
512.083
-8.399999999999999
245.55
338.66700000000003
308.41700000000003
200.267
58.083
302.133
346.35
39.6
89.81700000000001
257.267
285.883
143.667
253.883
438.66700000000003
384.75
344.733
48.817
509.867
122.81700000000001
329.533
-204.383
308.33299999999997
113.95
-150.46699999999998
223.35
273.067
131.683
469.6
315.95
310.6
178.55
558.4
2.8830000000000027
295.133
211.817
-115.067
193.617
545.6
323.35
453.8
-143.183
350.4
257.683
287.8
81.417
233.4
407.483
-170.46699999999998
100.75
484.267
205.35
11.200000000000003
36.75
223.2
235.75
399.6
48.75
527.0
423.217
581.667
312.41700000000003
556.8
361.15
67.667
157.21699999999998
205.667
386.683
566.733
-15.516999999999996
506.467
393.283
336.733
476.217
401.267
292.95
141.4
420.283
264.6
528.283
-101.8
46.81699999999999
327.66700000000003
295.55
313.66700000000003
151.817
635.2
300.217
475.067
292.017
435.33299999999997
395.41700000000003
424.867
45.417
743.733
222.017
341.067
265.017
610.333
275.55
442.467
313.283
307.267
536.817
432.8
311.95
261.267
510.95
312.467
141.417
633.6
425.15
316.933
240.483
234.333
321.88300000000004
438.467
305.95
536.8
412.75
200.067
119.35
273.067
356.41700000000003
246.4
127.017
477.4
60.75
341.86699999999996
73.61699999999999
293.33299999999997
178.417
351.467
419.88300000000004
313.933
46.083
378.2
566.617
50.46700000000001
476.08299999999997
336.13300000000004
372.95
384.0
336.35
180.8
511.08299999999997
694.267
187.75
201.133
763.017
420.267
613.817
-19.733000000000004
155.75
605.4
411.35
509.267
559.75
84.13299999999998
37.81700000000001
161.267
114.017
667.067
472.75
-39.266999999999996
432.35
323.2
544.883
587.467
405.617
324.133
667.617
-43.466999999999985
227.14999999999998
348.533
465.817
768.3330000000001
689.95
611.6669999999999
518.4169999999999
296.467
390.083
425.467
350.35
1.0670000000000073
206.483
586.933
397.017
681.467
223.55
716.733
604.75
697.933
509.883
675.267
593.817
172.733
628.817
524.0
408.683
331.733
472.283
479.333
595.483
500.8
265.283
589.2
336.483
292.733
160.55
623.533
493.683
440.267
479.417
601.6669999999999
360.95
391.8
288.083
595.2
622.683
532.867
298.95
795.8
508.283
553.4
511.75
663.6
520.283
1.6669999999999732
416.15
479.933
514.95
538.933
703.55
831.867
612.4169999999999
636.8
612.35
731.8
777.0830000000001
605.133
638.883
625.867
586.95
775.533
620.95
1017.467
523.55
121.66700000000003
408.217
631.667
883.017
586.6
659.417
1032.733
804.95
698.333
604.017
827.2
853.617
897.067
612.217
974.733
662.417
597.4
547.083
672.8
623.483
952.067
317.55
700.733
753.417
957.867
532.15
814.067
670.083
896.933
722.683
804.467
884.617
864.867
770.55
1061.933
594.617
1096.067
856.883
924.0
848.617
735.467
955.217
1199.133
567.283
680.4
919.217
1151.067
896.55
994.867
764.017
836.4
729.083
831.667
887.417
811.333
1052.683
1284.8
510.817
1095.533
1035.683
965.533
878.817
990.2
860.15
815.467
1113.417
1064.533
866.283
706.6
806.35
793.2
745.55
1086.533
929.35
1015.8
1164.817
928.4
1039.35
1255.2
940.217
1275.533
1065.95
1419.0
1145.55
989.533
1226.017
1238.0
1187.55
985.867
1150.55
994.333
1074.95
958.6
1178.017
1204.867
1054.95
799.533
1085.15
1038.267
1048.217
864.8
789.483
1066.067
849.75
841.733
598.083
1267.133
829.283
1118.733
1026.017
1119.0
1473.617
1149.867
1321.017
1111.067
1254.483
1428.4
1054.683
1307.8
1305.683
1132.267
1071.083
1386.667
1197.283
1460.867
1048.817
1303.467
1300.417
1264.2
1356.417
1287.667
1247.083
1379.2
1292.817
1387.333
1405.483
1312.4
1066.617
1388.0
1372.017
1203.467
1404.95
1515.667
1379.417
1314.133
1018.4169999999999
1528.733
1334.95
1563.867
1755.617
1738.133
1989.883
1961.533
1796.15
1765.0
1671.883
1818.267
1416.417
1985.6
1676.883
1848.0
1755.083
2026.6
1545.617
1731.667
1895.017
1828.267
1852.283
1648.2
1316.217
1872.267
1901.75
1787.0
1823.55
1968.8
1891.017
1769.0
1578.817
1996.4
1997.283
1536.867
1807.617
1805.467
1939.883
1737.733
1866.617
2064.667
1867.483
1810.667
1332.017
1715.2
1811.683
1926.867
1577.35
1970.6
1654.883
1799.867
1676.017
1720.467
1615.15
1538.2
1634.217
1603.667
1692.483
1513.133
1649.283
1467.4
1603.617
1636.0
1592.95
1851.733
1944.817
1955.333
2104.083
1980.867
2083.017
1716.533
2157.75
1910.067
1845.283
2327.867
1901.95
2544.133
2451.217
2273.8
2341.883
2945.0
2399.75
2592.6
2107.883
2370.267
2351.55
2167.067
1987.683
2117.867
2022.083
1826.2
1889.283
2322.8
1867.283
2101.6
2011.417
2439.667
2323.55
2558.467
2363.55
2320.4
2190.217
2040.067
1976.817
2220.733
1871.083
1827.667
1747.483
1889.467
1858.95
1336.133
1712.35
1748.8
1424.083
1118.667
1829.817
1754.267
1763.617
1945.2
1517.217
2237.933
2316.683
2377.467
2198.95
2309.6
2169.417
1918.2
2055.017
2045.0
2198.683
2113.867
1910.283
2452.867
2103.75
2230.133
2138.617
2344.8
2253.617
2228.533
1685.417
2286.4
2093.683
2291.2
2293.417
2155.933
2237.417
2151.8
2061.817
2668.067
2604.883
2494.0
2612.683
2752.867
2830.283
2874.267
2707.15
3019.667
2709.55
3062.933
2561.35
2991.933
3274.15
2654.867
2886.817
3106.333
2920.75
2994.267
2421.15
2503.933
2085.683
2107.333
1449.683
1569.933
1251.95
1194.933
1144.217
1607.933
1744.617
1891.667
2145.55
2290.667
2256.083
2447.0
2705.75
2933.733
3079.883
2994.667
2968.083
3210.0
2742.083
2748.733
2680.017
2493.8
2000.95
1965.067
1788.083
1785.6
2034.35
2051.867
2330.017
2833.933
2801.417
2889.4
3397.483
3615.6
3495.483
3761.6
3437.683
4072.133
4020.017
4505.4
4045.55
4031.2
4355.55
4158.532999999999
4220.15
4352.6
4127.283
4331.867
4194.617
4772.467
4505.55
4682.333
4329.75
4821.2
4627.417
4466.133
4407.75
4945.0
4737.417
4734.867
4558.883
4719.467
4330.95
4474.133
4599.95
4687.333
5006.417
4793.333
4832.55
4839.733
4689.75
4452.4
4236.683
4541.0
4638.483
4876.8
4746.683
4627.2
4623.15
4718.2
4506.817
4677.8
4593.75
4499.933
4491.417
4931.4
4728.083
4773.467
4567.483
4736.133
4851.683
4714.133
5044.55
5013.0
5014.683
5038.933
5118.75
5128.867
5401.483
5522.133
5356.417
5308.067
5332.083
4965.2
4563.017
4838.067
4792.55
4821.2
4691.017
4820.6
4998.083
4951.2
5375.35
5331.0
5742.15
5632.267
5660.35
5678.4
5969.883
5412.6
5502.35
5966.4
5514.483
5610.6
5748.15
5778.067
5660.417
6136.867
5531.95
5897.733
5806.817
5745.267
5515.483
5822.6
5692.55
5786.2
5323.883
5799.733
5694.417
5541.267
5241.15
5741.6
5886.283
6036.2
5688.483
5973.533
5991.083
5894.0
5924.55
5862.067
5166.283
5658.867
5593.617
5793.0
5314.95
5803.8
5564.083
5776.133
5559.017
5514.933
5756.35
5849.667
5801.75
5858.6
5638.95
5557.267
5497.083
5065.533
5287.683
5903.4
5501.417
5657.133
5778.217
6104.333
6096.883
6360.0
5979.283
6222.6
6230.017
6218.867
5930.55
6001.933
5477.817
5736.667
5098.75
5719.533
5784.817
5515.133
5431.283
6083.667
6031.483
5624.8
5664.35
6190.933
6323.417
6179.6
6007.683
6112.067
6132.883
6070.933
5977.817
6150.8
6048.15
6230.0
6445.55
6131.533
6310.283
6539.0
5816.217
6120.667
6030.883
5686.533
6046.083
5444.067
5685.217
5548.267
6228.35
6298.067
6159.417
6085.867
5781.55
6159.067
5989.017
6411.933
6048.283
5921.267
5482.15
5592.467
5404.483
5182.533
5090.15
4806.2
4786.817
4766.133
4728.083
5020.733
5243.217
5878.333
6122.417
6705.4
6741.15
7426.8
6734.817
6587.2
6806.483
6768.733
6740.617
7267.467
7196.683
7395.2
7272.817
7331.267
6722.883
6616.933
6346.15
6653.733
6438.95
7339.733
6864.95
7389.8
7311.017
7567.533
7535.817
7283.4
7888.15
7854.0
8260.483
8218.667000000001
8249.75
8396.0
8625.95
7977.2
8149.55
7845.133
7880.083
7915.733
8143.55
7932.933
7766.683
7448.933
7388.217
7653.867
7443.617
6751.0
7410.483
7292.733
7636.283
7912.467
7874.15
8518.067
8239.55
8066.267
8195.35
8255.133
8107.15
8003.933
7959.616
8449.533
8695.55
8761.333
8412.483
8552.2
9601.95
8895.6
8810.283
8987.533
8536.95
8886.4
8870.483
9424.333
9091.017
8648.533
8941.15
9138.0
8982.483
8599.066
8473.884
9356.6
9643.95
9312.4
8976.816
9245.866
8996.75
8907.267
8260.483
9116.8
9007.283
8685.134
8263.417000000001
8701.533
8904.616
8851.333
8575.417
9262.467
9310.75
8970.267
9354.083
9443.333
9878.283
9519.866
9339.684
9853.467
9440.283
9588.0
9074.083
9428.934
9873.616
9408.866
9608.15
9628.4
9460.083
9563.934
9761.217
10259.533
9944.55
9971.6
9994.884
10070.0
10278.55
10584.733
10297.017
10324.733
10000.483
10037.733
9663.616
10082.533
9724.616
10129.934
9501.95
9406.066
9524.15
9462.333
9201.55
9823.934
9321.95
9368.533
9360.283
9471.0
9471.017
9308.733
9813.017
10266.134
10379.017
9862.134
9733.616
9942.066
9494.283
10059.8
9674.083
10237.667
10257.616
10371.8
10425.417
10628.6
10747.684
10445.934
9921.75
11090.866
10748.483
10675.2
10711.35
11026.467
10209.816
10666.4
10107.55
10923.333
10762.884
10324.533
10564.884
10962.667
10697.083
10892.733
11330.884
11066.267
10621.616
10589.2
10371.083
10395.533
10648.483
10977.667
11128.616
11522.733
11567.283
11802.533
11548.75
11631.2
11860.283
11653.533
11508.483
11705.0
11727.483
11915.667
11663.816
12249.267
12075.95
12175.866
12433.616
12404.333
12313.217
11905.8
12115.884
12330.267
11976.816
11854.6
11833.884
12258.533
12115.217
12763.333
12263.15
12037.0
12337.35
12430.934
12889.616
12913.0
12949.483
12522.934
12768.283
12508.4
12621.884
12422.134
12548.083
12911.066
13988.684
13134.866
13586.217
13843.533
13875.083
13313.066
14412.616
13999.267
14268.417
14624.066
15111.95
14288.866
14762.417
14353.467
14544.35
15648.667
14738.616
14703.2
14107.816
14255.4
14254.217
14796.467
14621.684
14949.2
15486.417
14990.934
15613.684
16050.267
16443.55
16462.066
16548.217
17159.066
17639.482
17175.334
16262.616
16890.732
16942.283
16577.6
16744.816
17305.533
17253.949
17085.268
17534.684
17917.133
17399.084
18445.6
18783.018
18547.268
18145.018
18959.934
18803.084
18781.732
18632.283
18950.334
18925.949
18801.867
18868.883
18501.666
18746.35
19455.066
19896.816
20215.268
20271.018
21372.0
21525.416
21118.268
21699.217
21697.199
21372.283
21456.133
20688.949
21561.934
20957.416
20719.732
21946.217
22428.666
22616.482
22748.732
22839.018
23381.066
22777.949
22966.934
22476.617
22800.0
22911.482
22511.0
23009.084
23632.934
23845.018
23970.268
24087.949
24430.867
24367.883
24082.4
24271.15
24168.6
24266.551
23743.4
24201.15
24301.268
24369.283
24689.4
24224.217
24355.867
24429.482
24508.199
24454.816
24670.334
24945.217
24564.801
24684.35
24928.6
24838.283
24057.334
23710.949
22489.0
21649.949
20946.6
20696.35
20690.666
20974.15
20889.6
21958.949
23074.666
23365.684
23868.934
23813.018
24135.867
24757.217
25568.732
25149.084
25851.6
25733.283
25555.6
24897.15
24841.334
24946.816
25464.268
25538.75
25954.467
26344.217
27001.268
27357.084
27487.6
27575.217
26903.867
26900.75
26612.0
26776.949
26888.199
26778.416
26919.268
26392.283
26085.533
25961.416
25584.533
25572.018
25959.6
25656.816
26778.666
26824.416
27077.467
27593.283
27779.732
27119.15
27458.732
26947.551
27117.066
27318.283
27617.666
27948.949
28714.533
28516.15
28987.133
28607.084
28738.467
28317.617
27770.334
27998.482
27911.066
28041.217
27846.732
28056.283
28506.934
28744.617
28347.4
28426.883
29340.0
28825.283
29146.268
28453.617
29108.533
28655.883
28033.4
27660.816
27352.066
27254.018
27577.268
27771.416
28053.934
28968.816
28582.066
29264.217
28847.199
28924.15
28803.066
28408.018
28201.4
27908.816
27313.801
27484.816
27565.0
27381.617
27542.467
27485.75
27256.066
27426.949
27296.867
27320.617
27752.934
28141.482
28002.0
28273.684
29006.334
28965.883
28894.666
29208.551
28964.666
28898.15
28340.4
27971.416
27634.334
27885.416
28220.066
28029.217
28748.467
29000.084
29521.133
29733.816
29689.334
29566.617
30169.467
30436.15
30881.0
30944.35
30690.666
30498.551
30369.268
30401.482
29895.732
29718.617
29810.867
29759.617
29501.066
29455.084
28825.533
29320.084
28989.467
29317.949
29284.934
30061.883
30411.801
30876.084
31143.666
31451.084
30664.801
30768.482
30402.199
30415.75
30734.066
30465.816
30549.666
30149.75
30448.0
30732.15
30794.666
30994.35
30924.867
31375.75
31753.0
32401.949
31739.334
31652.816
31134.199
31173.816
30591.867
30608.684
30556.666
30300.482
30878.666
30953.15
29234.732
30416.416
30425.0
30154.551
30361.867
30093.551
30003.533
30153.75
30704.268
30918.084
30996.467
30868.416
31043.533
31535.15
31655.066
31864.217
31667.268
31235.617
30260.6
28975.15
28499.732
27379.15
26139.4
25715.75
26359.533
27097.217
28868.066
29297.684
28792.268
28916.084
29140.666
28604.416
29021.6
28566.15
28232.801
28902.816
29799.0
30549.949
30409.732
30768.416
30981.533
31269.816
31988.0
31535.617
31458.133
31605.482
30846.4
31311.084
31684.199
31775.684
31488.801
32251.949
32576.133
32481.617
32534.199
32018.35
31926.133
31703.551
31967.066
31675.084
31177.199
30983.217
30573.133
31286.217
31986.133
32484.75
32246.467
32793.282999999996
33577.398
33825.484
33293.465
32947.148
33324.867
32783.482
32721.867
32168.482
32799.934
33224.352
32731.133
32550.416
32391.066
31505.75
31045.732
29727.551
28965.533
28598.35
28721.801
28989.883
29401.934
30275.217
30455.199
31456.018
31739.199
31787.617
32301.334
32340.684
32790.732
32914.949
33032.133
33333.551
34111.398
33550.418
33339.0
32620.15
32581.133
32406.084
32315.133
32271.482
32396.066
32883.684
33754.0
33718.215
33749.332
33802.215
33724.266
33407.484
33514.199
33558.484
32564.199
32144.217
31863.334
31414.15
30763.066
30337.15
30698.4
30869.283
31298.334
31587.35
32232.6
32138.217
31898.801
31879.816
32127.268
31820.684
31507.867
31607.416
32026.0
32414.75
32513.334
32524.75
32987.532999999996
33472.418
33382.535
33439.684
33255.332
33150.082
32616.666
31964.217
31861.133
31123.416
30239.133
31385.816
31240.666
31487.084
31709.467
32119.883
32245.4
32535.416
32128.4
32143.551
32548.066
32113.416
32064.467
31845.35
31838.268
31568.283
31052.6
30667.084
30797.732
30830.217
30482.801
29869.75
30218.268
30063.617
29851.867
29795.35
30102.066
30231.883
30334.066
30790.217
30903.199
31283.084
31061.6
30937.482
31312.934
31266.416
30263.867
30998.416
30713.6
30676.551
30845.533
30304.217
30427.268
31076.018
31212.066
31512.883
31450.6
31554.551
31567.867
31262.816
31727.6
31304.75
30884.934
30867.551
31035.666
31474.217
31656.133
30978.684
31164.467
30992.883
30608.867
30811.482
31013.533
30886.684
30727.6
30841.551
30744.133
30959.35
30422.934
30232.617
30255.467
30180.617
30380.867
29915.617
30768.801
30897.949
31311.268
30672.75
30902.334
30978.15
31241.867
31032.684
30863.6
31077.217
31039.666
30858.816
30921.934
30948.15
30601.666
30192.018
30608.133
30724.217
30885.533
30797.15
30980.533
30975.684
30801.133
31110.883
31288.199
31506.15
30823.6
30407.949
30710.334
30171.35
30249.732
30034.482
30549.066
30942.551
30761.934
30580.35
30978.934
30874.684
31127.666
30939.15
31103.533
31291.283
31211.801
31124.883
31342.934
31316.15
31318.4
31117.75
30582.801
30822.35
29989.133
30313.416
30426.199
30380.084
30134.934
30216.283
30213.533
30102.617
30109.133
30474.75
30108.066
30611.816
30391.867
30419.018
30062.6
29678.684
29414.133
29570.416
29269.801
29249.018
28895.268
29483.684
29637.268
29657.617
29524.133
29135.018
30048.0
30235.684
30532.268
30477.617
30967.334
31151.482
30602.666
30440.684
30304.934
30290.018
29525.801
29747.617
29961.467
29927.416
30102.0
30087.617
30489.867
30336.217
30507.467
30274.883
30588.199
30283.684
30058.133
29526.75
30213.533
30228.15
29479.133
30203.283
30008.801
30245.15
30404.533
29963.883
30256.467
29868.416
29243.334
28834.482
29293.0
29130.617
28836.801
29192.617
29267.867
30072.684
29791.934
30335.949
30520.934
30204.883
30069.666
30438.217
30699.533
30233.217
29806.666
29642.684
29630.133
29172.883
28968.934
28837.75
29367.199
29445.283
29388.801
29232.75
29908.666
29879.15
29607.334
29327.551
29421.066
29059.15
28603.066
28227.551
28412.199
28396.35
28103.467
28317.482
28628.666
29056.416
29170.334
29105.551
29460.066
29520.35
29820.268
29729.482
29913.0
29760.617
29599.334
30080.816
29551.334
29957.617
29692.801
29265.283
29836.867
29722.684
29884.732
29474.816
29445.6
29376.617
29405.066
28873.482
29140.0
28896.416
28802.867
28957.283
28755.867
28535.551
28611.334
28342.816
29153.867
29299.617
28659.467
28713.816
29240.801
29180.018
29113.0
29522.684
29161.867
28853.084
28814.0
28211.551
28679.4
28019.416
28182.0
28131.816
28101.533
28564.15
28345.4
28578.75
28574.199
28481.949
28848.867
28795.617
29063.467
29006.217
28648.6
28627.617
28893.867
29006.816
28298.066
28651.684
28886.533
28839.617
28270.334
28698.684
29310.666
28925.684
28699.4
29438.416
29553.934
29434.084
29128.666
28781.816
29354.467
28920.416
29131.934
29062.35
28943.6
28985.617
28950.732
28712.617
29099.934
28834.883
28208.934
28403.35
28717.334
28576.018
28016.934
28049.551
27901.732
27791.883
27591.533
27206.617
27765.467
27803.482
27400.666
28225.75
28087.666
28329.416
28226.867
27847.35
28328.066
28120.883
27745.6
27208.283
27590.867
27650.883
26931.934
26187.883
25617.732
25003.75
24528.066
24043.084
23824.934
23324.416
22913.467
23777.35
24182.533
24170.084
24740.4
25261.684
26233.801
26075.018
26472.801
26398.482
26423.066
26619.283
26156.133
25883.617
26069.533
26002.75
25624.334
25564.35
25798.199
26003.551
25975.801
25807.684
26259.801
26091.949
26265.801
26144.75
26560.334
26394.684
25954.133
26332.283
26126.268
25773.416
25408.334
25004.217
25214.732
25236.949
25310.732
25569.816
25418.732
25821.883
25962.334
25813.283
26072.467
26444.617
26184.133
25900.283
26198.467
26314.551
26261.066
26249.816
26228.0
25803.949
25727.199
25712.217
25983.732
25862.816
25238.334
25679.217
25679.801
25869.816
25725.801
25572.283
25698.0
25803.617
26090.334
25656.883
25875.199
26122.283
25609.934
25900.217
25977.334
25933.084
25462.533
25583.35
25576.934
25613.15
25682.533
25588.217
25571.066
25548.15
25060.268
25322.018
25168.934
25451.416
25021.334
25325.084
25836.4
25496.551
25838.0
25835.416
25768.133
26090.35
25822.133
25917.617
25962.066
25877.883
26094.334
25860.949
26115.6
25788.283
26069.467
25812.883
26307.199
25694.551
25825.934
25565.482
25874.199
25949.018
25592.867
25429.816
25571.467
25536.416
25582.0
25603.416
25733.467
25754.684
25678.4
25628.084
25639.066
25340.75
25020.334
24915.283
25171.066
24754.482
24481.867
24547.416
25005.533
24968.482
24539.801
24565.018
24986.0
24758.15
24419.4
24260.551
24582.6
24451.416
24121.467
23661.551
24045.666
24117.217
24105.801
24289.416
24241.6
24246.816
23738.867
23934.883
23730.533
23619.283
22961.533
22882.949
22978.666
22628.283
22626.732
21998.416
22372.467
22180.018
21696.533
21046.482
20996.334
21171.482
21074.467
20520.75
20836.066
20703.482
20857.867
20909.684
21472.467
21800.75
22376.467
22874.949
23075.334
23136.551
23130.934
23392.883
23275.199
22893.283
23037.0
22820.217
23111.732
22880.35
23134.066
23128.883
23469.934
23347.018
23494.934
23431.416
23846.867
23683.416
23470.199
23753.482
24042.268
23805.617
23580.0
23357.482
23693.533
23615.551
23359.4
23366.684
23500.934
23483.416
23840.801
23057.482
23594.133
23617.949
23685.666
23397.949
23689.732
23554.482
23175.133
23180.551
23374.133
23536.949
22871.133
22834.217
23008.0
22772.217
22725.934
22895.283
23020.6
22822.018
22656.801
22458.551
22455.066
22494.018
22555.732
22541.15
22555.4
22469.084
22473.066
22347.018
22343.467
22312.217
22153.199
21662.15
22090.334
21694.217
21768.801
21751.018
21896.732
21661.75
21829.666
21668.217
21739.467
22023.15
21812.467
22119.217
21989.4
22147.416
21905.066
21370.551
21481.066
21236.018
21037.199
21199.684
21103.867
21039.617
21062.867
20952.416
21503.533
21847.084
21520.6
21973.949
22092.801
21845.684
21944.133
21708.482
21996.0
22037.949
22260.533
22373.084
22501.268
22732.018
22617.133
22931.816
23281.199
23503.217
22994.133
22862.482
23217.0
23606.217
23397.268
23901.283
24025.666
24384.883
24214.867
24328.217
24292.867
24117.551
23579.066
22770.482
22378.467
22033.75
21876.133
21668.482
21547.0
21528.018
21462.801
21309.816
21536.133
21446.883
21498.732
21412.018
21759.268
21527.684
21478.133
21164.949
21303.467
21429.617
21046.732
21284.084
21267.4
21362.482
21400.334
21474.084
21548.0
21723.551
21348.066
21503.551
21875.6
21641.551
21198.533
21469.75
21904.867
21688.416
21317.133
21556.35
21816.867
21319.684
21730.801
21092.482
21476.4
21157.416
20966.334
21145.283
21037.867
21087.482
20845.268
20362.084
21033.066
21147.617
20819.934
20792.617
21059.268
20849.35
21230.133
20679.084
20826.066
20893.35
20995.533
21004.416
21153.268
20854.482
21016.133
21068.283
21332.066
20952.684
20587.199
20633.883
20845.934
21008.75
20682.199
20821.684
20780.467
20962.283
20667.199
20715.949
20775.934
20712.416
20329.4
20107.684
20671.199
20366.084
19970.066
19855.217
20258.533
19861.617
19796.4
19903.883
20112.934
19790.816
18779.467
19385.217
19864.6
19357.816
19399.666
19008.75
19282.867
19251.883
19550.732
19548.018
19504.934
19263.551
19314.4
19325.75
18952.867
18825.084
18437.533
18749.283
18409.934
18829.883
18429.0
18523.617
19688.268
19501.35
19464.0
20016.416
19807.867
19807.617
19292.6
18995.416
18799.199
18775.283
18557.867
18608.816
18793.268
18917.883
18663.334
18907.018
19645.199
19232.883
18755.732
19052.684
19341.732
19387.482
19041.867
19198.684
19346.6
19023.684
18728.199
18384.217
18775.0
18359.416
18291.268
17856.551
17982.467
18013.617
17490.066
17048.35
17097.066
16003.217
15429.8
14753.017
14996.866
15001.217
15065.467
15245.483
15846.733
16522.616
16913.268
16873.084
17090.268
17646.617
18167.666
18005.35
17736.732
18193.217
18108.199
18180.684
18198.199
17816.617
17599.066
17431.018
17921.199
17818.15
17407.801
18071.684
17965.199
18154.416
18259.533
18078.416
18186.334
18200.551
18009.666
18083.35
18192.6
18353.551
17960.934
17930.217
18332.801
18405.883
18355.066
18358.482
18546.4
18509.949
18371.066
17893.551
18354.666
18329.551
18036.066
17838.684
18120.0
18226.684
18069.732
17663.018
17939.066
18181.816
17595.934
18204.35
18377.467
18301.283
18712.934
18423.018
18490.199
18485.217
18309.199
18389.35
18402.666
18327.949
18046.6
18122.883
18189.467
18201.617
18125.533
18191.949
18376.066
18349.35
18133.133
17876.816
18185.666
18074.15
18275.467
17850.416
18390.199
18192.482
18375.467
18338.883
18453.533
18382.75
17921.0
17666.684
18232.867
18113.482
18278.133
17888.283
17908.268
17963.283
17885.0
18175.283
18005.801
17945.551
17471.801
17480.35
17601.867
17839.217
16989.0
17314.416
17514.934
17530.084
17336.732
17168.217
17620.666
17512.883
17310.533
17448.15
17565.4
17751.018
17046.6
17238.15
17717.666
17757.75
17417.533
17271.816
17433.066
17629.816
17251.934
17246.217
17416.268
17335.283
16824.4
17141.283
17162.199
16982.084
16973.133
17049.416
16788.066
17471.084
16878.934
16787.816
16923.934
16994.949
16853.467
16319.815999999999
16845.0
16903.482
16587.199
16309.75
16829.467
16686.018
16560.666
16069.349999999999
16622.667
16604.017
16553.2
16597.017
16310.8
16581.017
16446.134
15986.283
16300.866
16151.35
16137.066
15707.217
16075.8
16006.684
15421.134
15114.417
15903.8
15716.884
15538.866
15426.75
15680.467
15544.616
15222.8
15177.017
15800.2
15478.217
15356.533
15173.417
15665.533
15282.684
15048.0
15019.816
15610.333
15416.95
15193.467
15139.483
15305.4
15058.75
14699.533
14376.15
14896.8
14901.35
14852.866
15144.083
15294.667
15159.15
14530.066
15211.283
14989.934
14895.35
14887.4
14784.483
14713.733
14870.417
14337.667
14198.884
13544.934
12760.75
11923.467
11078.884
10620.667
10400.417
10335.333
10332.816
11312.6
11893.15
12175.267
12643.15
12981.667
13021.684
13145.2
13020.283
13106.2
12565.75
12551.333
11824.684
12883.467
12830.95
12604.667
12558.017
12978.533
13216.083
13346.267
13038.75
13487.2
13723.217
13382.066
13432.55
13821.4
13816.884
13888.733
13971.15
14049.0
14026.55
13789.2
13354.816
14218.2
13863.217
13755.0
13265.75
13919.6
13995.483
13768.267
13888.35
13910.934
13432.15
13474.934
13195.283
13813.333
13656.483
13538.934
13523.616
13649.6
13903.283
13533.267
14039.017
14002.934
14030.483
14030.134
13606.55
14337.533
14358.283
14003.267
14264.417
14986.333
14772.816
14626.066
15133.75
15364.2
15063.083
14843.667
14930.75
14663.267
14757.616
14300.667
14374.884
14681.134
14479.283
14394.4
14743.75
14363.533
14391.884
13745.467
13574.417
14461.8
14332.217
14249.333
14379.816
14272.533
14302.083
14399.934
14086.217
14142.733
14103.35
14076.2
14024.816
14258.467
13931.417
14082.333
13907.35
14321.533
14070.95
14164.4
14104.283
14499.934
14059.15
14137.667
14086.816
14437.934
14681.483
14756.066
14651.217
14587.066
14499.35
14348.6
14572.017
14700.533
14769.816
14757.866
14380.483
15040.066
14882.283
14851.333
14308.017
14856.267
14744.95
14548.333
14436.15
14592.333
14761.616
14870.2
14773.217
14901.066
14670.15
14750.134
14940.816
14709.134
14799.283
14726.4
14526.017
14653.733
14728.95
14513.533
14464.75
14657.0
14871.15
14022.4
14751.483
14813.066
14753.15
14061.134
14455.35
14738.2
14838.15
14710.267
14722.55
14711.533
14797.95
14507.533
14405.15
14783.267
14546.35
14637.533
14389.483
14633.267
14641.417
14408.733
14317.017
14626.533
14270.483
14282.6
14102.483
14459.267
14278.417
13985.267
14273.884
14273.2
14036.483
14142.0
14268.616
14087.267
14078.816
13851.2
13867.816
14159.866
13854.35
13930.934
13626.083
13672.0
13707.35
13582.134
13645.483
13478.0
13402.75
13325.934
13294.75
13533.467
13445.35
13347.066
12382.15
12557.866
12382.816
12016.467
11300.35
11013.333
10950.217
10506.667
9800.75
10358.733
10231.217
9528.934
10000.816
10018.4
9652.35
9843.866
9450.684
9591.533
9393.017
9097.134
9168.616
9428.934
9318.884
9473.8
8137.282999999999
8915.866
9002.15
8572.267
8905.55
9268.866
9383.884
9290.8
9832.616
10202.6
10348.684
10619.333
11047.55
11116.934
11001.95
11162.333
10925.483
10938.733
11108.616
11098.4
10561.417
10952.667
10678.283
10254.267
9563.816
9869.866
9628.684
9274.866
9129.55
8992.467
9078.15
9000.733
8858.35
9263.934
9234.417
9110.134
9030.95
9163.8
9027.017
8936.333
8849.283
9239.8
9049.55
8774.2
9201.95
9542.0
9356.017
9160.267
9330.483
9326.6
9399.283
9356.934
9193.35
9219.333
8925.616
8342.667
8809.083
8769.333
8966.217
9190.866
8801.217
9408.667
9299.884
8599.866
8841.75
8964.467
8764.017
8807.667
8997.217
9196.6
9167.884
9327.467
9241.55
9395.667
9272.616
9217.0
8869.417
9098.8
9237.75
8992.0
9001.017
9240.4
9154.75
8971.4
9513.083
9646.467
9832.483
9452.333
9722.816
10057.733
9999.884
10229.467
9525.417
9997.533
9893.283
10108.866
9702.217
10448.934
10213.017
10378.467
10019.283
10629.0
10525.283
10145.134
9970.017
10183.934
9966.017
9868.667
10136.35
10051.6
9926.95
9601.467
9572.684
9844.134
9938.616
9823.2
9975.884
9948.0
9792.217
9598.934
9842.55
9995.0
9867.483
10190.733
9613.95
9962.134
10216.816
10206.066
9896.35
9984.134
9588.083
9327.467
9753.816
9670.733
9764.75
8978.533
9513.55
9807.4
9646.55
9410.4
9748.55
10010.134
9620.884
9807.267
9637.95
9920.667
9599.816
9359.866
9332.483
9697.066
9631.684
9196.8
9495.616
9493.6
9663.15
9505.533
9518.083
9626.667
9466.684
9311.533
9539.884
9667.4
9578.95
9439.667
9758.483
9520.134
9639.15
9559.467
9343.75
9533.267
9513.616
9366.333
9222.75
9345.134
9423.95
9143.667
9016.217
9506.6
9484.15
9185.134
9228.017
9477.8
9495.15
9081.267
9158.083
9393.267
9152.083
8967.533
9350.283
9339.333
9104.75
9347.0
9118.483
9180.066
9123.217
8871.8
8521.684
9235.4
8856.616
9109.733
8913.884
9032.267
8847.884
8824.667
8634.616
8992.066
8894.483
8795.4
8517.15
8799.066
8854.816
8662.267
8650.684
8897.134
8874.083
8349.533
8537.35
8854.066
8806.483
8133.066000000001
8280.217
8745.667
8680.884
8584.866
8250.616
8812.134
8683.75
8612.866
8375.417
8535.8
8370.417
8238.333
8391.483
8574.267
8359.483
8195.667
8243.283
8683.533
8668.017
8459.4
8176.35
8274.133
8413.217
8267.2
8076.617
8400.133
8313.683
8317.533
7973.95
8182.533
8260.417000000001
8242.467
8058.217
8264.667000000001
8065.083
8467.467
7828.017
8233.2
8167.283
7940.267
7529.817
8235.2
8170.15
8215.267
7895.617
8002.067
7834.683
7965.333
8090.817
8392.733
7601.683
7876.267
7674.083
7929.933
7300.817
6854.467
6162.15
5896.0
5040.683
4217.933
3615.483
2991.933
2253.817
1926.133
1272.883
1577.733
1472.15
1172.533
1333.417
2185.667
2341.283
2329.067
3284.15
3818.867
4104.4169999999995
4406.267
3760.75
4505.067
4107.15
3906.267
3529.75
3312.133
3369.283
3087.6
2839.15
3258.667
3312.15
3299.533
3074.75
3841.0
3634.083
3660.467
4268.017
4339.6669999999995
4580.283
4276.533
4760.417
4974.333
4976.483
5008.267
5291.75
5593.467
5684.95
5223.733
5507.083
6104.0
6121.417
5711.267
6200.617
6487.6
6633.15
6555.6
6571.883
7052.267
7013.017
6429.333
6566.417
7264.867
7346.55
7212.467
6911.283
7465.2
7292.017
7109.0
7092.217
7596.6
7413.083
6540.0
7411.417
7565.4
7635.817
7335.333
7112.417
7613.2
7533.417
7391.8
7266.817
7432.0
7520.683
7130.933
6974.15
7875.267
7466.95
7261.933
7317.15
7651.267
7515.883
7386.0
7335.083
7578.533
7507.483
7346.6
7320.083
7630.0
7598.55
7457.467
7350.883
7667.133
7581.75
7031.4
7237.55
7581.6
7478.683
7130.533
7051.817
7494.267
7365.483
7390.2
7163.817
7434.267
7554.35
7260.667
6784.883
7581.4
7442.15
7453.467
7255.017
7747.467
7505.283
7322.267
7100.083
7577.067
7363.017
6953.733
6815.15
7437.067
7382.017
7385.667
6782.417
7497.0
7354.817
7179.8
7286.95
7459.6
7406.417
7249.6
7180.017
7673.867
7462.883
6617.2
6998.95
7597.6
7335.15
7360.067
7199.083
7580.533
7480.417
7015.733
6828.75
7376.533
7245.15
7243.267
7106.817
7428.4
7383.883
7229.467
6794.55
7461.4
7385.95
7054.0
6725.817
7320.4
7469.35
7139.6
7086.217
7411.6
7073.017
7025.6
7147.417
7155.667
7072.617
6908.8
6731.35
7313.867
7141.75
6787.6
6708.083
7160.467
7295.35
6634.133
6698.483
7191.533
7102.217
7123.933
6896.617
7084.667
6984.883
6947.2
6629.55
7230.667
6980.617
6695.467
6664.483
7027.867
6943.75
6798.6
6303.217
6926.733
6855.017
6737.933
6255.417
7032.133
6804.55
6326.333
6742.15
6808.867
6687.817
6257.533
6355.083
6504.4
6593.75
6363.4
6314.95
6613.867
6365.35
6386.333
6214.083
6507.067
6545.95
6087.933
6037.883
6530.067
6509.083
6238.6
6187.217
6232.133
6444.283
6002.667
6176.15
6240.267
6258.483
6113.4
5851.35
6421.867
6285.35
5936.333
5616.417
6222.133
6363.683
6201.067
5938.083
6311.267
6284.35
5630.533
6009.55
6451.067
6068.217
5927.333
5956.017
6185.0
6215.95
5833.6
5673.017
6068.533
6150.75
5973.667
5832.95
6098.667
5887.95
5592.8
5300.283
5958.333
5787.35
6031.8
5575.217
6068.267
6026.417
5552.2
5596.283
6084.0
5952.017
5745.667
5798.483
6077.533
6012.083
5599.533
5550.95
6140.4
5885.55
5758.933
5805.95
6046.333
5898.35
5487.133
5352.483
5724.467
5660.817
5181.067
5266.083
5744.733
5571.683
5752.0
5411.617
5775.8
5607.55
5814.267
5436.15
5684.0
5592.817
5236.067
5226.217
5701.067
5578.55
5124.4
4579.083
5540.667
5567.217
5131.133
5327.483
5585.0
5354.417
5222.933
5164.75
5568.733
5366.683
5160.6
4838.15
5420.933
5480.55
4780.6
4952.817
5521.2
5347.617
5081.6
4904.95
5488.0
5490.817
5387.4
4975.017
5543.267
5455.883
5400.8
5281.15
5478.6
5334.417
4133.0
4600.75
5394.867
5481.017
5091.533
4820.817
5340.6
5468.883
4829.8
4815.617
5248.267
5200.35
4722.133
4743.95
5260.733
5214.75
4580.667
4557.283
5108.8
5050.15
4767.067
4804.617
5035.667
4943.617
4531.867
4896.883
5000.933
5010.95
4491.133
4703.55
5059.067
4824.417
4370.2
4256.617
4863.6
4853.617
4686.0
4114.883
4908.2
4755.35
4085.6000000000004
4194.483
