274.65
66.833
-141.75
155.96699999999998
442.183
143.167
214.583
246.1
230.25
273.633
119.85
-154.833
212.38299999999998
217.833
21.917
-26.433000000000007
348.65
0.43300000000000693
56.517
371.767
423.717
197.5
461.45
156.1
282.317
214.63299999999998
219.117
-109.233
198.317
206.833
330.45
27.233000000000004
282.25
210.167
235.117
29.5
558.717
476.5
91.383
-50.632999999999996
244.317
136.7
-9.216999999999999
187.03300000000002
199.25
246.9
146.183
233.567
219.38299999999998
248.36700000000002
-43.016999999999996
43.099999999999994
615.183
283.767
-22.016999999999996
-257.033
439.05
449.567
31.25
48.56699999999999
383.117
445.5
385.05
234.5
424.783
375.3
147.317
324.967
389.45
390.767
322.983
-137.36700000000002
444.25
289.83299999999997
31.849999999999994
87.433
386.05
189.433
132.85
73.033
300.117
501.1
201.517
70.367
234.983
346.233
32.849999999999994
13.299999999999997
242.71699999999998
213.9
496.717
7.367000000000004
183.917
215.9
340.183
-53.367000000000004
198.917
255.63299999999998
199.317
103.233
415.25
367.967
-228.817
37.3
401.983
306.16700000000003
220.11700000000002
209.5
460.45
290.033
-7.016999999999996
270.633
91.183
324.83299999999997
249.78300000000002
281.9
399.05
281.967
547.917
-226.233
326.05
377.3
103.983
376.3
392.45
456.767
252.183
106.967
341.117
241.9
-61.016999999999996
121.567
335.45
313.1
124.183
10.632999999999996
414.383
444.5
58.18300000000001
-237.63299999999998
349.25
318.7
82.583
140.9
275.983
419.033
335.783
45.43300000000001
307.58299999999997
334.633
-280.817
-138.5
303.317
209.36700000000002
159.05
-0.9669999999999987
330.517
269.967
59.849999999999994
224.567
403.58299999999997
300.3
242.983
-100.233
446.383
413.5
432.05
161.5
486.517
276.9
164.71699999999998
343.567
403.317
80.233
359.85
-158.7
136.317
231.63299999999998
10.516999999999996
368.9
591.45
428.633
150.71699999999998
-80.833
491.717
165.5
454.05
27.433000000000007
392.317
364.1
319.25
388.033
520.917
354.233
428.317
311.5
329.25
226.833
380.517
-347.3
386.91700000000003
359.767
159.517
143.433
132.25
330.233
471.65
183.5
249.71699999999998
310.233
115.783
-196.96699999999998
274.58299999999997
391.9
468.517
196.167
388.183
314.5
49.117000000000004
-313.767
443.517
242.3
-64.217
21.433000000000007
262.783
192.833
-999.483
-91.167
117.983
273.1
246.45
-65.167
556.05
397.033
261.717
79.367
264.117
230.167
-113.017
433.567
524.317
280.7
-181.28300000000002
39.5
312.117
334.3
-113.75
354.633
378.117
268.9
395.317
349.3
317.91700000000003
411.16700000000003
240.517
193.233
369.85
257.9
406.45
23.967
400.717
433.83299999999997
336.45
-61.033
223.45
324.567
74.85
-276.967
368.25
352.3
253.25
-116.233
346.65
337.967
213.183
84.833
367.317
355.433
-161.21699999999998
203.233
330.85
74.633
-147.35
170.567
258.717
215.833
314.117
169.233
255.65
523.5
87.45
168.96699999999998
371.58299999999997
533.3
384.45
166.567
222.517
284.633
91.783
503.033
353.983
211.9
-154.21699999999998
109.9
212.11700000000002
297.16700000000003
252.85
-18.033
538.317
550.167
26.917
289.83299999999997
368.183
352.1
223.983
102.633
334.517
388.9
75.583
131.5
293.05
330.567
179.183
294.16700000000003
467.383
437.767
397.45
98.433
557.317
177.167
384.45
-146.7
366.717
186.233
-95.483
279.767
338.65
203.567
541.383
389.83299999999997
375.58299999999997
276.83299999999997
625.45
77.233
373.05
292.7
-39.150000000000006
263.1
636.583
416.3
537.85
-36.30000000000001
443.25
357.63300000000004
374.517
189.967
333.317
522.567
-64.483
221.833
597.917
329.3
122.38300000000001
161.433
351.38300000000004
341.967
499.783
176.567
636.45
548.167
674.783
435.9
685.183
495.233
222.183
327.36699999999996
364.91700000000003
588.233
741.983
181.5
680.25
573.767
515.383
658.5
583.85
491.233
327.717
617.7
465.45
733.7
88.78300000000002
244.16699999999997
539.85
513.7
538.383
378.033
852.65
533.3
691.9169999999999
520.367
661.183
615.967
648.317
282.9
977.183
448.3
544.317
480.9
818.983
506.233
670.517
575.033
567.517
833.1669999999999
731.383
620.367
568.517
837.633
598.317
420.033
910.783
701.1669999999999
585.983
539.767
530.383
635.967
739.45
626.1
838.983
740.367
527.85
467.233
624.05
737.967
630.117
509.36699999999996
850.917
428.83299999999997
694.85
438.23299999999995
626.183
528.033
708.117
797.033
672.25
425.433
727.517
918.1669999999999
400.45000000000005
830.367
670.5830000000001
714.567
734.383
704.9
558.117
918.967
1086.317
616.767
626.05
1214.7
846.85
1060.567
438.11699999999996
620.7
1087.383
938.967
1042.783
1139.233
666.517
637.033
753.85
726.167
1259.85
1094.3
566.05
1035.767
926.717
1151.1
1187.717
1009.7
922.117
1261.1
539.85
817.433
933.717
1109.767
1429.65
1358.433
1303.183
1244.5
1043.783
1146.033
1163.183
1079.7
694.383
923.3
1267.85
1082.833
1338.183
916.233
1416.05
1313.167
1408.05
1233.5
1379.65
1303.9
886.7829999999999
1353.833
1221.583
1133.833
1068.45
1198.233
1186.917
1304.7
1204.85
983.633
1304.517
1098.967
1053.717
928.0999999999999
1400.583
1291.433
1230.917
1309.7
1422.117
1176.5
1145.317
1059.967
1320.25
1356.1
1237.45
988.767
1475.983
1215.033
1256.25
1237.167
1380.65
1266.433
771.7170000000001
1212.633
1270.25
1344.433
1367.383
1547.367
1673.65
1488.9
1500.583
1475.9
1611.65
1680.567
1521.583
1605.1
1572.25
1607.833
1756.45
1606.433
1989.05
1464.7
1052.383
1309.1
1529.117
1807.1
1536.583
1632.433
1982.583
1801.567
1701.05
1632.967
1863.117
1915.1
1934.85
1667.1
2019.65
1716.567
1602.117
1504.233
1552.717
1487.233
1785.05
1154.967
1545.517
1652.167
1888.783
1553.167
1845.717
1740.967
1934.717
1752.167
1829.85
1908.3
1872.783
1779.433
2100.05
1669.833
2199.183
1952.433
1980.117
1904.633
1795.517
2000.7
2235.45
1610.633
1722.783
2019.767
2261.25
1986.367
2071.85
1830.567
1884.917
1777.233
1866.85
1993.633
1942.25
2256.5
2511.583
1805.033
2387.183
2372.633
2253.583
2148.967
2202.183
2086.767
2015.117
2342.633
2277.25
2082.367
1878.383
1997.767
1924.117
1904.033
2233.65
2116.5
2252.45
2465.233
2278.983
2430.233
2621.983
2372.9
2705.05
2543.233
2864.317
2622.367
2457.183
2693.967
2710.717
2620.1
2417.783
2562.367
2390.85
2482.033
2353.85
2522.3
2508.317
2311.233
1975.583
2251.233
2184.183
2205.3
2023.917
1971.967
2229.85
1979.767
1909.583
1634.433
2257.45
1820.833
2153.85
2149.9
2341.117
2801.7
2588.117
2888.033
2712.45
2892.233
3040.85
2660.567
2835.317
2801.633
2515.45
2441.167
2708.917
2569.1
2830.183
2396.633
2656.917
2726.3
2675.117
2856.167
2798.25
2841.9
3017.85
2956.9
3001.05
3013.5
2908.05
2632.433
2962.05
3018.5
2847.917
3117.7
3199.783
3061.9
2932.717
2650.967
3174.983
3046.233
3344.583
3609.9
3692.65
4054.167
4028.917
3904.1
3831.183
3750.633
3861.983
3449.5
4024.983
3709.767
3865.317
3791.033
4026.583
3523.3
3686.583
3835.433
3687.85
3722.233
3503.183
3228.3
3832.583
3939.9
3795.717
3982.633
4135.5830000000005
4121.233
3998.25
3769.567
4097.85
4055.9
3524.25
3768.833
3719.517
3957.5
3816.383
4052.5
4224.782999999999
3979.1
3844.25
3330.3
3599.717
3721.233
3772.717
3502.433
3901.517
3587.233
3616.183
3415.833
3348.517
3286.967
3190.117
3268.233
3306.317
3433.567
3194.85
3341.1
3098.117
3280.3
3400.583
3522.5
3776.717
3945.167
4050.65
4232.7
4026.317
4101.5
3654.717
4193.1
3991.45
3998.767
4517.05
4189.967
4874.317
4899.3
4816.517
5036.9
5624.45
5111.967
5234.45
4709.233
4884.717
4793.833
4400.383
4157.367
4212.9169999999995
4060.5
3853.517
3984.1
4486.25
4100.7
4386.717
4427.967
4899.183
4885.9
5018.117
4757.633
4610.05
4477.3
4129.05
3995.1
4073.317
3663.833
3542.917
3395.567
3460.383
3396.433
2827.45
3163.833
3155.783
2831.633
2500.25
3263.3
3309.317
3436.233
3741.783
3475.3
4272.5830000000005
4508.633
4574.85
4430.967
4508.85
4299.567
3939.25
4069.9
4010.45
4208.233
4169.717000000001
3989.5
4567.65
4215.967000000001
4392.917
4299.567
4455.583
4397.967
4329.717000000001
3769.433
4391.717
4231.3
4385.25
4325.967000000001
4233.45
4253.1
4288.05
4282.567
4958.45
5019.033
5006.183
5252.367
5410.383
5492.7
5476.717
5307.567
5635.45
5403.3
5799.717
5403.767
5857.517
6288.433
5567.517
5824.833
5919.983
5691.367
5666.117
4951.033
4858.383
4295.1
4064.583
3168.5
3022.983
2512.5
2346.917
2356.3
2875.85
3164.1
3490.517
3987.5
4353.917
4555.767
4814.783
5272.233
5565.45
5962.9
5833.117
5822.433
5968.317
5418.833
5301.65
5026.033
4651.917
3896.567
3618.383
3306.5
3256.05
3639.233
3789.583
4341.433
5180.783
5469.567
5674.117
6512.367
6779.717
6880.767
7245.85
6984.5
7673.983
7704.433
8135.05
7836.233
7782.85
8196.567
7963.717
8022.5
8174.983
7999.033
8255.517
8052.5
8707.383
8532.967
8627.783
8406.3
8900.983
8749.566
8589.45
8670.5
9193.25
8970.366
8919.917
8706.1
8861.316
8401.1
8471.05
8654.967
8726.45
9166.434
8905.917
8995.566
9062.05
8761.634
8480.85
8248.967
8477.85
8715.366
8899.116
8805.233
8798.116
8814.9
8760.583
8611.3
8520.85
8521.967
8381.45
8444.366
8881.116
8634.767
8826.917
8559.366
8685.983
8892.5
8671.583
9084.366
9218.25
9226.3
9305.384
9403.033
9507.25
9848.767
10068.384
9878.3
9775.316
9745.167
9089.917
8565.366
8734.05
8640.767
8586.117
8491.9
8800.65
9038.033
9164.783
9821.233
9723.783
10355.967
10258.316
10308.167
10271.116
10710.7
10065.917
10206.634
10632.45
10186.9
10226.583
10450.1
10371.983
10183.634
10802.25
10298.434
10611.384
10566.767
10459.583
10208.566
10456.983
10306.1
10333.85
9766.1
10416.783
10224.767
10232.25
9840.7
10230.517
10590.1
10758.45
10449.233
10718.116
10775.233
10560.717
10576.7
10531.583
9516.167
9973.316
10005.767
10079.65
9627.167
10215.116
10035.7
10127.917
9845.5
9781.783
10172.1
10291.65
10239.167
10281.983
10060.833
9827.85
9819.033
9200.25
9473.9
10202.25
9967.767
10094.717
10440.1
10769.517
10841.566
11033.05
10669.566
10827.783
10943.767
10871.45
10433.167
10234.783
9753.3
9948.184
9182.5
9864.384
10072.434
9725.983
9748.833
10525.783
10501.167
9936.917
10014.767
10811.05
10995.9
10696.384
10517.233
10653.85
10724.566
10472.65
10389.9
10625.983
10431.833
10701.517
11001.033
10668.783
10928.9
11211.917
10325.167
10617.983
10437.1
10067.983
10353.366
9629.917
9890.366
9926.917
10897.833
10777.983
10635.5
10605.116
10192.7
10440.384
10405.767
10758.85
10401.634
10203.184
9648.967
9496.717
9187.566
8818.184
8737.967
8122.45
7987.433
8024.45
7985.367
8474.85
8880.366
9793.65
10448.767
11494.184
11648.7
12651.783
11856.7
11307.05
11767.7
11638.45
11445.3
12198.583
12307.1
12508.384
12349.167
12251.917
11610.634
11181.116
10852.833
11047.517
10969.7
12247.717
11691.634
12333.45
12406.5
12700.25
12747.434
12383.717
13115.366
13282.517
13884.767
13772.25
13891.1
14158.583
14508.9
13497.25
13728.434
13097.917
13392.5
13381.316
13785.566
13243.783
13040.9
12582.116
12405.967
12657.717
12362.634
11464.583
12357.634
12182.583
13006.1
13160.85
13189.3
14102.85
13719.634
13372.316
13662.5
13676.583
13500.033
13453.983
13645.434
14053.384
14486.833
14534.05
14198.233
14368.917
15963.233
14719.85
14801.233
15019.184
14432.434
14991.783
14965.566
15584.25
14988.434
14441.116
14779.366
15027.517
14884.967
14395.184
14306.1
15401.85
15852.967
15478.917
14827.7
15183.384
14962.767
14831.05
14002.434
14919.316
14768.434
14424.517
13755.434
14335.45
14599.434
14615.983
14171.366
15205.184
15227.167
15017.116
15389.9
15545.983
16268.033
15573.25
15357.833
15939.45
15518.033
15778.316
14954.3
15304.45
16007.366
15570.184
15731.7
15778.116
15321.366
15539.717
15982.767
16614.783
16331.833
16304.717
16478.566
16360.05
16737.033
17215.184
16758.1
16738.05
16296.967
16334.05
15822.833
16275.717
15881.767
16260.65
15575.167
15185.116
15413.1
15303.65
15003.9
15583.65
15133.9
15250.983
15352.1
15301.983
15426.366
15246.25
15816.233
16299.717
16690.566
15818.184
15897.634
15952.983
15406.167
16253.116
15880.1
16405.384
16417.1
16734.449
16800.967
16919.65
17198.967
16629.917
16170.233
17812.982
17221.566
17110.717
17350.434
17587.584
16417.3
17151.117
16384.232
17386.316
17115.232
16388.717
16920.166
17405.25
17128.166
17218.717
18207.834
17605.051
17052.033
16821.85
16569.301
16498.717
17033.166
17726.383
17636.699
18319.584
18432.301
18790.117
18298.434
18378.65
18767.699
18515.449
18513.033
18515.85
18622.033
19059.449
18688.367
19411.783
19146.768
19288.051
19729.301
19575.518
19524.5
19037.518
19174.967
19451.65
19065.1
18934.584
18747.633
19417.916
19123.633
20159.383
19381.367
18968.982
19494.834
19602.85
20342.768
20441.916
20541.633
19967.717
20217.166
19654.783
19833.834
19637.449
20010.232
20190.518
22029.1
20330.783
21225.834
21572.916
21762.367
21231.117
22533.033
22004.117
22303.033
23040.051
23728.033
22529.449
23101.434
22559.584
22849.566
24502.117
22952.834
23114.717
22310.9
22252.051
22399.033
23031.25
22888.166
23425.383
24186.232
23584.518
24379.301
25063.316
25764.967
25746.051
25926.699
26718.916
27433.166
26730.916
25385.9
26229.584
26414.768
25625.916
26233.768
26872.65
26844.301
26662.117
27168.967
27805.316
27071.633
28601.717
29227.1
28851.783
28276.301
29368.051
29220.9
29284.25
28938.232
29355.518
29503.9
29250.449
29310.699
28900.85
29199.232
30083.584
30876.367
31304.916
31582.5
33022.184
33277.434
32645.117
33351.035
33383.25
33111.766
33126.516
32185.566
33177.051
32340.633
32255.783
33939.832
34480.117
34800.035
34903.648
35094.102
35853.984
34991.168
35252.582
34661.102
34965.184
35210.234
34649.316
35436.035
36152.25
36568.965
36663.582
36848.434
37287.117
37274.766
36680.383
36966.5
36867.918
36938.832
36290.516
36882.367
37001.715
37175.035
37615.582
37126.5
36970.316
37154.5
37195.582
37310.035
37350.582
37711.965
37386.184
37569.898
37799.051
37549.965
36446.984
35913.5
34183.648
32772.9
31763.449
31412.633
31332.25
31840.166
31794.25
33185.434
34801.25
35382.102
36039.852
36163.832
36476.918
37362.5
38387.184
37992.766
38696.918
38763.168
38406.117
37632.234
37338.117
37553.168
38151.516
38474.434
38946.449
39661.301
40514.648
41062.566
41195.516
41318.633
40515.715
40365.965
39868.184
40138.965
40212.715
40199.832
40213.117
39490.434
39062.984
38793.633
38209.852
38312.102
38641.449
38406.168
39905.582
40133.035
40485.715
41138.168
41354.516
40462.965
40724.25
40279.965
40338.582
40696.168
41085.184
41480.5
42562.117
42401.5
42992.984
42479.566
42474.785
42066.168
41292.715
41430.102
41332.715
41570.832
41354.316
41655.102
42169.051
42557.5
42057.715
42170.766
43244.852
42678.832
43081.984
42320.168
42955.117
42411.965
41420.582
40903.898
40537.449
40471.5
40713.184
40984.434
41450.582
42626.035
42335.516
43221.5
42686.582
42683.5
42494.984
41993.102
41649.516
41210.367
40526.715
40723.965
40693.582
40429.633
40673.184
40664.434
40391.648
40497.566
40352.25
40509.168
40966.25
41498.832
41358.316
41937.832
42665.316
42933.367
42882.051
43120.566
42911.051
42875.766
42109.852
41620.168
41105.648
41427.898
41808.184
41589.5
42388.582
42745.699
43362.449
43713.633
43614.516
43595.035
44454.582
44797.168
45345.582
45459.102
45091.648
44895.168
44635.582
44616.766
43909.582
43677.234
43788.918
43845.699
43418.852
43354.367
42460.785
43054.102
42623.25
43078.566
42949.582
43928.367
44403.516
45013.168
45460.852
45807.301
44773.648
44881.699
44283.184
44358.832
44754.852
44360.766
44303.785
43953.301
44393.184
44729.035
44714.918
45006.832
45050.984
45514.434
46015.184
46861.434
46008.516
45885.898
45184.25
45183.434
44376.715
44368.898
44250.117
43986.766
44602.918
44761.766
42932.984
44172.766
44056.984
43679.5
43839.785
43640.168
43486.051
43723.566
44372.984
44682.766
44711.918
44595.832
44757.852
45533.965
45605.984
45909.766
45641.648
45062.898
43627.25
42040.434
41110.984
39605.766
37919.918
37338.301
38023.852
39134.234
41520.715
42235.035
41623.051
41666.035
41874.582
41346.168
41746.984
41157.301
40680.117
41583.699
42889.582
43928.035
43792.25
44302.832
44510.449
44947.766
45779.184
45276.699
45156.449
45246.832
44346.984
44898.168
45375.648
45369.301
45240.984
46137.234
46568.918
46547.566
46623.516
45870.102
45727.184
45369.035
45567.918
45258.633
44513.984
44340.965
43787.715
44902.102
45722.852
46460.832
46182.051
46889.898
47730.785
48074.566
47559.051
47154.566
47483.184
46888.434
46655.918
46063.367
46713.316
47297.301
46771.184
46526.301
46054.582
44983.566
44254.715
42589.5
41403.582
41004.766
41098.383
41532.102
42042.051
43312.898
43522.516
44958.234
45224.984
45313.168
45967.051
46164.633
46647.25
46858.965
47034.852
47477.301
48384.051
47711.898
47334.051
46465.5
46315.316
46214.035
46016.383
46030.102
46090.918
46806.832
47876.785
47902.301
47894.516
47890.766
47826.984
47523.832
47492.117
47488.5
46318.582
45745.367
45372.918
44679.633
43791.984
43313.301
43625.516
43957.367
44399.184
44888.168
45637.785
45691.035
45453.582
45302.566
45473.25
45170.566
44741.785
44816.633
45294.516
45864.965
46013.316
46113.633
46617.051
47186.965
47124.852
47196.898
46935.984
46731.234
46097.25
45274.898
44895.117
43983.234
42934.117
44300.5
44196.785
44537.5
44713.383
45394.5
45533.785
45878.699
45282.383
45440.699
45764.785
45249.301
45101.852
44923.234
44798.715
44542.301
43770.852
43297.102
43467.852
43503.699
42999.516
42309.5
42624.582
42488.102
42195.184
42183.633
42489.051
42812.035
43053.918
43520.234
43664.117
44122.566
43913.184
43712.367
44189.785
44117.367
42868.184
43616.301
43237.715
43183.898
43467.582
42785.566
42935.25
43779.699
44017.051
44432.168
44269.648
44390.301
44316.785
43998.832
44511.25
44014.234
43471.383
43386.965
43736.984
44179.168
44309.984
43574.301
43767.117
43608.566
43170.852
43478.301
43597.715
43503.766
43272.715
43480.566
43201.785
43388.234
42766.648
42497.434
42369.918
42314.434
42592.051
42177.234
43017.25
43282.566
43797.184
43139.5
43321.051
43379.102
43629.184
43517.633
43238.852
43438.965
43395.184
43151.965
43138.715
43141.367
42884.184
42371.367
42769.516
42876.434
43039.852
42987.301
43152.984
43188.035
43092.715
43504.301
43539.051
43773.898
42884.918
42478.633
42721.383
42165.566
42199.449
41977.168
42565.582
43066.434
42969.582
42768.965
43090.316
43028.168
43315.582
43182.566
43270.516
43616.633
43344.25
43273.168
43519.648
43556.035
43501.383
43283.301
42625.918
42810.5
41980.984
42208.898
42304.051
42168.633
41864.383
41981.766
41901.051
41861.633
41882.117
42330.234
41970.25
42520.102
42281.316
42210.699
41657.25
41290.633
40875.184
41090.965
40665.852
40685.434
40322.984
40952.699
41177.852
41195.898
41045.852
40673.367
41751.648
41983.766
42274.984
42346.434
42934.184
43153.965
42458.715
42241.566
42020.918
42015.102
41151.316
41334.766
41528.516
41551.102
41869.582
41787.566
42282.383
42214.898
42380.516
42151.633
42382.117
42074.699
41773.383
41221.766
41832.852
41981.832
41091.984
42043.102
41615.984
41934.566
42156.984
41634.832
41880.516
41551.035
40680.582
40211.699
40757.984
40482.367
40175.184
40622.035
40575.25
41718.035
41365.449
42090.965
42252.449
41923.234
41891.852
42255.301
42585.984
42034.168
41516.715
41252.5
41267.918
40718.035
40532.051
40477.898
41054.316
41127.832
41067.051
41006.434
41681.852
41723.633
41320.516
41014.301
41079.184
40636.832
39938.715
39475.234
39540.449
39498.898
39134.984
39460.367
39746.785
40350.035
40620.184
40785.5
41108.648
41346.301
41673.715
41545.832
41705.449
41558.035
41431.316
41901.633
41258.316
41754.898
41397.582
40931.766
41543.316
41444.699
41610.852
41204.965
41070.918
41032.035
40929.184
40422.633
40548.582
40295.699
40066.984
40373.234
40025.184
39842.965
39785.648
39704.301
40495.25
40743.102
39958.051
40104.434
40672.383
40570.102
40438.383
40924.5
40436.051
40124.102
40029.25
39248.766
39742.449
38909.301
39071.25
38977.301
38915.516
39562.168
39243.449
39575.965
39528.25
39448.5
39827.715
39758.301
40059.582
40008.965
39466.184
39583.434
39810.051
39934.168
39061.449
39411.832
39625.582
39635.5
39007.117
39466.301
40132.715
39769.5
39472.852
40255.699
40399.25
40227.566
39966.715
39513.102
40121.918
39657.168
39757.184
39747.035
39525.852
39703.367
39531.051
39323.301
39696.984
39358.367
38713.516
38917.898
39180.316
38973.965
38330.984
38391.5
38028.918
37969.434
37776.984
37319.965
37917.918
37916.766
37507.715
38518.301
38430.051
38643.633
38615.516
38326.832
38880.383
38658.566
38280.516
37782.367
38215.25
38412.434
37566.715
36809.699
36032.316
35277.035
34733.184
34058.168
33666.582
33084.367
32587.584
33700.5
34381.852
34442.898
35005.582
35727.898
36961.051
36653.965
37051.117
36911.434
36830.184
37063.102
36557.051
36409.367
36604.785
36543.898
36084.648
36225.5
36357.316
36590.898
36358.316
36110.367
36514.117
36301.965
36360.852
36144.301
36578.984
36459.035
36122.582
36705.367
36513.516
36307.566
35859.715
35613.234
35683.715
35568.035
35511.117
35717.035
35508.25
35891.633
35979.582
35778.633
36010.25
36523.566
36134.984
35885.832
36160.117
36341.234
36139.051
36290.898
36191.918
35753.898
35621.25
35529.699
35719.785
35588.965
34842.582
35238.898
35120.648
35406.367
35185.648
35073.832
35165.316
35328.367
35600.449
35134.832
35354.785
35639.168
35012.25
35320.566
35306.852
35273.434
34653.316
34734.699
34696.516
34731.168
34786.582
34699.898
34630.383
34631.832
34038.918
34304.434
34149.184
34379.699
33904.383
34258.898
34892.117
34508.699
34933.051
34918.301
34786.918
35178.5
34998.715
35083.832
35076.184
34934.699
35142.785
34976.5
35119.516
34889.832
35125.648
34850.102
35304.316
34707.766
34780.316
34551.234
34753.648
34936.168
34472.785
34335.434
34398.852
34381.035
34394.785
34466.301
34510.184
34603.699
34615.648
34525.965
34435.449
34086.367
33671.117
33561.035
33733.449
33272.832
32958.449
33060.434
33527.25
33436.766
32996.316
32996.566
33381.715
33149.965
32859.316
32572.367
32917.117
32655.166
32300.184
31808.9
32158.783
32226.434
32193.584
32520.9
32365.449
32420.699
31779.584
32011.834
31625.85
31534.434
30782.982
30610.1
30731.85
30222.834
30213.051
29546.301
29929.783
29602.699
29008.316
28255.1
28115.383
28218.633
28044.717
27480.633
27681.65
27613.633
27915.584
27950.434
28556.184
29008.434
29815.85
30547.301
30682.117
30814.768
30858.518
31120.1
30945.584
30564.434
30644.65
30353.5
30688.916
30441.367
30751.584
30806.834
31151.85
31058.367
31286.783
31189.566
31636.449
31446.967
31190.449
31513.834
31833.982
31545.5
31271.982
31086.768
31426.184
31302.434
31022.584
31052.434
31088.051
31122.033
31499.584
30699.9
31240.65
31235.1
31279.85
31129.633
31358.65
31168.633
30766.051
30779.166
30886.584
31047.367
30342.449
30214.9
30478.449
30151.633
30103.184
30276.633
30398.65
30128.434
30016.982
29792.834
29717.117
29761.633
29835.783
29808.9
29744.449
29680.9
29730.184
29621.367
29488.051
29515.1
29242.85
28778.9
29108.916
28673.768
28833.184
28790.967
28895.383
28703.1
28795.051
28754.367
28808.85
29163.1
28936.85
29234.768
29083.916
29344.232
29034.982
28597.301
28695.916
28465.232
28298.916
28532.5
28410.584
28403.166
28379.383
28316.768
28749.783
29267.232
28753.717
29334.9
29421.184
29194.9
29351.65
29050.633
29248.383
29403.834
29586.916
29735.566
29807.85
30220.768
30092.184
30499.699
30824.449
31108.301
30585.982
30465.834
30798.916
31359.9
31138.518
31670.768
31805.65
32190.434
31958.383
32134.699
32012.316
31702.699
30929.25
29911.367
29438.184
29057.566
28742.449
28501.9
28254.449
28258.232
28159.449
28043.566
28232.25
28182.1
28167.449
28124.033
28499.916
28246.434
28135.316
27802.699
27754.184
27969.5
27542.25
27845.5
27732.184
27937.1
27894.717
28029.301
28086.717
28312.166
27932.449
28096.9
28423.25
28227.699
27673.25
28004.232
28363.65
28227.033
27832.916
28075.367
28345.85
27751.033
28178.117
27463.633
27833.518
27499.699
27269.383
27394.301
27245.916
27380.367
27085.982
26604.967
27253.449
27344.434
27020.982
27008.967
27152.383
26981.768
27335.982
26759.9
26987.383
27054.367
27207.85
27232.633
27323.85
27032.566
27175.051
27336.166
27547.783
27113.768
26683.65
26700.834
26977.449
27135.967
26825.449
26975.699
26840.051
27034.967
26791.449
26779.166
26865.65
26767.166
26357.051
26096.633
26733.518
26538.967
26035.449
25962.166
26381.316
25983.566
25999.584
26083.699
26352.85
26058.699
25014.717
25839.768
26251.65
25834.1
25758.051
25381.033
25674.982
25750.1
25982.051
25917.232
25862.65
25564.1
25576.717
25602.699
25022.65
24871.699
24302.916
24619.699
24098.383
24531.633
24103.982
24261.434
25501.316
25264.301
25308.117
25924.768
25692.916
25779.633
25299.65
25091.434
24884.383
24915.768
24613.449
24703.166
24825.518
24855.1
24433.982
24703.5
25356.584
24860.633
24356.117
24702.699
24974.184
25056.834
24698.982
24866.699
24924.383
24621.633
24268.916
23937.367
24334.85
23899.367
23795.449
23399.566
23387.449
23428.633
22795.051
22307.434
22156.584
20763.367
20019.65
19167.967
19335.65
19333.566
19414.383
19612.1
20432.25
21300.633
21864.584
21908.566
22148.25
22762.166
23279.85
23140.367
22807.584
23296.699
23241.783
23337.967
23312.982
22926.633
22595.584
22474.633
22908.584
22774.033
22391.117
23059.166
22932.25
23188.9
23241.051
23139.1
23244.184
23213.166
22933.383
23088.9
23139.449
23366.768
22954.717
22931.033
23312.117
23390.9
23274.316
23351.566
23525.916
23483.166
23334.584
22827.633
23326.65
23270.699
22929.982
22721.9
22985.449
23116.834
22917.184
22496.434
22715.518
23071.232
22449.916
23088.033
23241.783
23152.699
23618.783
23310.768
23445.051
23401.9
23193.518
23317.699
23284.65
23175.834
22788.316
22951.5
22941.117
23032.834
22908.051
23003.434
23192.184
23213.367
22918.383
22660.834
22980.916
22844.768
23056.449
22614.232
23116.383
22972.166
23135.65
23117.834
23243.383
23171.232
22696.717
22436.1
22978.982
22821.9
23059.518
22613.033
22524.383
22646.633
22478.117
22842.301
22599.316
22553.1
22030.783
22077.232
22144.916
22415.1
21518.184
21853.566
22021.65
22082.434
21799.051
21663.9
22074.65
22042.166
21801.916
21902.834
21997.117
22193.1
21489.518
21733.768
22181.25
22234.9
21840.916
21782.367
21814.982
22036.5
21679.117
21650.768
21751.783
21691.967
21172.184
21448.367
21464.584
21305.367
21251.717
21365.566
21095.25
21846.699
21180.184
21058.1
21179.051
21210.1
21112.916
20544.834
21076.916
21130.566
20768.916
20568.834
20961.916
20880.834
20755.783
20227.367
20823.184
20766.232
20699.65
20782.9
20356.584
20665.367
20490.584
20068.967
20355.982
20152.1
20127.584
19704.834
20104.383
20029.967
19384.717
19013.033
19807.982
19606.033
19420.051
19275.633
19566.717
19445.367
19065.85
18999.967
19636.316
19345.967
19184.916
19067.367
19515.316
19093.9
18899.383
18771.566
19384.584
19194.5
18917.85
18886.834
19085.316
18763.834
18386.25
18083.301
18555.783
18658.699
18542.982
18838.301
18972.717
18868.9
18220.783
18902.367
18691.25
18587.834
18515.783
18491.434
18387.85
18532.301
18048.916
17968.434
17321.316
16498.033
15769.05
15017.3
14543.25
14367.5
14334.717
14327.767
15247.85
15813.634
16035.116
16502.3
16807.518
16878.566
16952.584
16893.367
17021.051
16494.1
16499.983
15737.566
16796.65
16746.834
16502.85
16445.699
16842.184
17070.033
17219.449
16953.033
17341.982
17599.566
17236.85
17340.367
17669.184
17688.834
17704.184
17821.967
17937.584
17909.033
17662.717
17338.699
18213.383
17949.166
17930.584
17504.699
18195.25
18284.367
18070.383
18257.033
18273.117
17815.301
17976.783
17657.834
18170.783
18078.834
17960.051
17896.232
17913.65
18176.033
17747.584
18283.633
18253.051
18310.301
18279.25
17867.834
18583.184
18556.9
18148.783
18308.633
19004.783
18780.768
18532.717
19012.166
19255.383
18920.232
18664.584
18760.434
18424.65
18571.166
18060.051
18213.232
18526.85
18418.967
18377.518
18820.166
18470.449
18627.166
17989.584
17822.434
18760.25
18559.232
18401.518
18546.834
18386.584
18476.633
18562.25
18251.699
18279.25
18281.768
18225.117
18206.768
18351.65
18001.367
18119.449
17994.9
18377.783
18087.9
18193.383
18136.232
18582.717
18145.768
18200.383
18106.566
18372.383
18647.1
18646.25
18567.434
18465.916
18325.033
18210.982
18433.699
18555.051
18684.434
18688.717
18347.367
18954.783
18839.1
18752.518
18264.232
18819.25
18677.768
18486.982
18364.232
18454.117
18606.5
18740.717
18615.301
18733.383
18406.232
18508.982
18754.768
18442.584
18580.033
18466.383
18303.967
18423.717
18529.768
18257.383
18228.699
18357.25
18581.434
17653.518
18398.967
18414.65
18363.301
17663.316
18048.033
18334.783
18450.166
18292.916
18414.301
18277.916
18433.768
18123.916
18020.301
18420.051
18178.1
18200.25
17926.434
18145.25
18182.699
17852.316
17801.5
18102.383
17692.5
17708.117
17522.699
17873.717
17752.033
17419.184
17724.434
17675.117
17472.367
17585.518
17735.633
17540.85
17498.033
17268.85
17292.967
17614.65
17287.566
17418.85
17046.033
17143.184
17193.5
17068.316
17148.633
16969.584
16888.566
16831.449
16817.566
17023.717
17006.768
16944.051
16021.434
16274.983
16182.7
15975.384
15364.9
15257.517
15302.5
14903.25
14315.5
14828.583
14678.5
13828.45
14253.5
14134.25
13780.366
13927.783
13404.566
13575.45
13388.833
13102.983
13224.434
13443.25
13323.1
13487.917
12251.366
13024.116
13080.7
12649.116
12928.434
13204.917
13282.434
13043.316
13457.7
13729.917
13793.1
13971.583
14421.366
14372.05
14217.033
14326.116
14086.9
14078.85
14262.566
14250.783
13697.833
14120.583
13961.5
13606.116
13025.566
13377.783
13131.167
12832.517
12745.5
12572.384
12651.566
12462.316
12352.167
12757.05
12746.1
12586.184
12601.1
12722.917
12558.634
12457.517
12388.033
12789.45
12585.566
12278.85
12738.366
13101.45
12874.033
12594.384
12766.967
12717.116
12794.7
12731.316
12618.634
12672.783
12375.366
11818.85
12391.634
12238.783
12406.7
12506.85
12069.1
12623.65
12484.167
11717.85
12049.634
12251.983
12092.9
12122.45
12392.566
12485.184
12476.1
12687.384
12627.833
12738.05
12583.5
12495.983
12206.7
12422.384
12548.033
12251.384
12273.9
12518.583
12494.366
12245.316
12705.5
12754.983
12914.366
12459.783
12705.033
12845.85
12823.7
13022.983
12316.7
12835.85
12694.833
12907.717
12514.767
13178.583
12900.167
13056.316
12664.366
13223.583
13180.1
12807.384
12648.634
12851.65
12621.434
12561.116
12763.434
12699.45
12571.9
12190.65
12203.167
12437.05
12596.833
12471.783
12635.1
12574.783
12424.3
12212.517
12453.5
12521.783
12390.5
12658.517
12097.366
12398.25
12679.033
12645.583
12331.833
12365.116
11950.233
11622.116
12104.167
11988.917
12069.167
11261.184
11809.233
12090.65
11967.967
11683.85
11994.566
12240.583
11855.233
12007.45
11835.566
12072.783
11732.366
11484.983
11435.434
11782.983
11733.1
11286.983
11570.9
11580.65
11727.566
11525.783
11610.833
11655.384
11499.833
11339.65
11565.3
11728.983
11607.767
11481.983
11827.634
11549.65
11648.967
11569.184
11357.566
11547.65
11513.1
11335.25
11203.9
11257.184
11373.434
11057.717
10958.967
11434.917
11448.366
11148.316
11195.5
11429.25
11389.366
11011.517
11057.3
11289.85
11070.566
10848.05
11249.566
11233.116
11007.1
11221.583
10998.566
11049.517
11017.3
10734.65
10401.7
11063.583
10698.634
10944.384
10765.7
10866.717
10693.833
10637.116
10463.366
10814.717
10675.767
10557.783
10335.7
10596.384
10623.5
10450.983
10393.967
10682.45
10679.033
10123.65
10297.634
10594.917
10560.833
9846.983
10043.833
10452.45
10411.233
10301.517
9975.033
10534.85
10407.833
10337.25
10103.233
10242.116
10075.434
9942.717
10095.767
10245.184
10057.033
9878.25
9935.767
10370.316
10370.767
10143.85
9876.967
9982.45
10117.7
9922.517
9755.634
10086.384
9981.366
9972.65
9642.233
9822.65
9934.233
9894.116
9723.1
9894.316
9711.1
10136.783
9427.167
9865.983
9822.233
9556.717
9179.634
9847.85
9810.434
9805.85
9508.5
9618.45
9455.566
9572.45
9690.767
9978.25
9188.767
9461.116
9249.967
9524.717
8932.833
8446.05
7812.967
7554.25
6712.233
5852.983
5239.767
4553.5830000000005
3808.633
3401.783
2729.567
3025.65
2937.767
2644.783
2856.3
3759.317
3971.567
3973.5829999999996
4979.167
5551.317
5854.967
6182.983
5536.433
6278.717
5874.3
5695.65
5356.833
5136.383
5215.767
4896.05
4681.3
5061.783
5139.9
5097.383
4917.367
5635.85
5420.833
5469.05
6073.967
6137.583
6410.1
6075.983
6576.5
6747.383
6718.233
6762.45
7010.5
7288.117
7348.633
6886.25
7168.767
7694.983
7731.433
7311.583
7819.9
8095.65
8229.033
8134.783
8174.7
8638.717
8609.566
8011.85
8150.566000000001
8819.25
8918.9
8725.717
8484.5
8993.116
8821.1
8613.25
8639.566
9102.316
8898.9
8024.049999999999
8927.634
9045.65
9150.233
8803.717
8587.5
9095.25
9040.767
8827.384
8758.233
8891.717
9017.434
8575.783
8449.3
9338.116
8925.033
8721.517
8754.366
9060.65
8964.767
8847.583
8815.833
9029.184
8970.967
8800.65
8791.833
9078.85
9029.767
8914.05
8791.833
9126.583
9051.434
8480.983
8691.434
9003.783
8932.233
8592.65
8484.366
8885.717
8745.7
8819.116
8572.167
8816.65
8944.833
8661.583
8197.167
8977.05
8871.833
8851.25
8688.9
9176.783
8887.9
8717.65
8484.967
8981.116
8783.9
8337.917
8205.9
8825.316
8751.366
8761.316
8170.634
8857.717
8726.833
8565.717
8675.1
8850.184
8855.1
8627.717
8560.167
9064.517
8869.767
8008.5830000000005
8376.3
8956.983
8723.3
8720.05
8551.767
8939.917
8825.967
8404.917
8203.033
8780.783
8605.566
8585.583
8456.566
8809.517
8749.366
8606.116
8150.8330000000005
8833.983
8787.366
8404.717
8075.700000000001
8690.65
8803.233
8488.65
8444.3
8763.25
8415.1
8348.917000000001
8494.367
8499.85
8405.033
8255.383
8090.767
8660.65
8502.566
8124.383
8071.433999999999
8523.85
8651.5
7948.917
8068.167
8510.05
8430.433
8488.65
8222.9
8424.917000000001
8362.967
8308.45
7953.633
8619.45
8359.567
8088.917
8089.767
8433.717
8353.967
8144.717
7689.3
8300.917000000001
8251.1
8135.383
7622.233
8380.183
8211.167000000001
7702.85
8135.9
8186.85
8110.967
7700.85
7801.033
7928.983
8074.5
7830.25
7803.967
8093.117
7833.767
7820.05
7626.233
7920.25
7963.167
7483.85
7427.767
7928.783
7908.367
7591.517
7546.567
7601.583
7800.7
7336.45
7511.233
7566.983
7600.1
7431.583
7214.5
7765.383
7624.3
7228.25
6924.833
7498.917
7651.033
7465.45
7160.167
7515.783
7477.1
6793.717
7199.967
7620.783
7265.367
7087.317
7144.967
7401.517
7435.567
7044.05
6922.233
7320.583
7402.9
7225.983
7123.367
7433.85
7250.1
6955.783
6697.167
7302.25
7149.567
7382.917
6865.7
7354.45
7320.1
6786.85
6842.9
7306.583
7156.5
6950.917
7052.567
7278.183
7226.033
6835.383
6764.5
7367.383
7103.567
6928.317
7001.633
7232.717
7083.3
6656.05
6569.1
6935.183
6878.033
6386.117
6488.9
6968.85
6810.233
6976.05
6634.167
6976.517
6836.167
7053.517
6688.833
6887.05
6821.3
6454.917
6439.7
6885.517
6797.433
6299.917
5800.167
6729.65
6768.767
6301.65
6510.5
6736.65
6552.9
6386.983
6349.7
6722.117
6513.833
6328.383
6008.9
6569.917
6617.367
5888.917
6061.233
6621.717
6420.167
6151.383
5945.367
6526.183
6514.033
6423.317
6041.367
6604.25
6519.767
6445.583
6337.833
6510.45
6398.567
5168.383
5655.7
6414.517
6499.433
6114.65
5873.567
6363.45
6498.1
5850.183
5838.367
6254.05
6233.9
5780.583
5802.767
6306.117
6250.033
5587.05
5605.633
6148.383
6101.567
5814.05
5844.233
6061.65
5997.3
5577.117
5960.1
6062.383
6078.5
5544.917
5803.5
6155.45
5950.233
5487.45
5394.633
5966.783
5962.7
5799.783
5278.433
6043.65
5912.433
5249.117
5394.167
