264.233
67.467
-144.433
144.8
442.433
128.13299999999998
203.9
227.333
225.1
255.333
123.1
-169.667
201.233
209.067
18.5
-40.8
337.7
-2.733000000000004
57.7
356.66700000000003
416.967
176.267
462.433
147.333
278.633
205.86700000000002
214.9
-131.0
202.9
195.267
319.7
17.333
283.367
187.6
234.167
13.867000000000004
555.167
464.733
92.7
-66.733
242.03300000000002
121.733
-22.833
180.2
202.36700000000002
231.8
138.96699999999998
229.86700000000002
211.7
240.267
-46.56699999999999
26.799999999999997
611.833
271.33299999999997
-19.766999999999996
-269.8
425.033
434.0
25.766999999999996
32.06699999999999
377.567
433.133
370.567
224.86700000000002
410.567
359.4
148.567
310.8
389.5
375.8
320.433
-148.267
439.83299999999997
277.133
23.033
77.533
376.967
178.8
145.36700000000002
57.667
300.033
488.467
197.63299999999998
57.733000000000004
226.433
337.8
23.033
-1.266999999999996
235.96699999999998
190.267
500.567
-7.599999999999994
180.3
224.0
337.16700000000003
-76.467
187.36700000000002
239.6
183.833
85.867
412.033
347.067
-237.567
25.733000000000004
388.233
302.733
217.167
193.867
451.033
284.267
-2.6329999999999956
260.66700000000003
92.7
315.267
243.63299999999998
274.533
402.1
275.66700000000003
549.633
-236.733
326.033
353.067
101.767
362.8
379.567
454.267
250.233
91.733
338.233
234.0
-66.967
100.267
328.5
302.267
122.233
0.9330000000000069
409.1
431.733
52.3
-250.933
347.567
314.66700000000003
77.7
123.533
266.3
409.4
332.233
34.733000000000004
288.567
316.66700000000003
-289.633
-138.6
304.367
194.2
160.567
-9.332999999999998
330.367
262.733
43.3
209.6
396.1
294.133
244.1
-118.2
458.7
400.33299999999997
430.367
144.4
481.433
267.33299999999997
152.63299999999998
333.8
403.9
69.867
362.233
-168.733
126.1
217.6
1.8329999999999984
355.933
578.033
416.0
155.3
-94.4
491.5
146.067
456.1
16.266999999999996
383.9
356.733
316.367
378.067
519.433
348.267
424.433
289.067
326.7
220.0
375.9
-355.0
376.967
345.6
170.1
140.067
134.7
317.6
470.1
165.733
250.3
297.4
112.967
-200.333
261.967
374.133
460.033
184.6
381.16700000000003
298.33299999999997
40.367000000000004
-317.0
445.633
232.86700000000002
-67.5
11.867000000000004
247.767
180.267
-1010.633
-92.2
114.767
258.0
241.167
-67.667
565.833
390.267
251.833
61.0
259.967
215.6
-119.367
415.0
511.1
275.733
-190.1
36.733000000000004
309.9
316.733
-120.7
345.933
372.16700000000003
255.333
383.9
337.933
325.1
405.067
237.633
167.667
371.5
241.6
408.5
24.599999999999994
396.7
434.467
335.5
-75.667
220.767
317.4
75.3
-289.067
369.1
341.867
265.967
-132.267
345.567
335.4
212.36700000000002
76.733
359.83299999999997
342.733
-163.767
200.13299999999998
329.83299999999997
56.8
-146.233
155.86700000000002
255.36700000000002
202.8
313.033
158.4
262.567
519.267
96.367
169.8
373.367
534.267
381.567
153.8
219.5
272.933
90.3
491.467
347.367
203.2
-163.03300000000002
95.133
211.1
279.733
255.767
-18.200000000000003
542.5
551.333
25.566999999999993
283.0
363.3
345.66700000000003
235.1
101.933
338.033
382.8
89.633
128.933
298.967
328.66700000000003
184.63299999999998
303.267
467.1
432.867
406.16700000000003
108.667
569.367
186.53300000000002
392.367
-124.46700000000001
382.1
187.86700000000002
-75.30000000000001
292.33299999999997
345.633
222.4
548.233
407.33299999999997
393.83299999999997
287.067
655.033
108.667
397.767
306.467
-9.967000000000013
290.267
659.7
421.8
559.233
-23.0
464.7
384.2
407.9
206.4
368.1
543.067
-24.099999999999994
248.533
633.967
351.13300000000004
156.5
190.6
370.433
372.0
542.9
197.933
665.433
568.533
714.633
465.33299999999997
717.167
516.067
254.9
354.6
427.5
624.267
809.8330000000001
217.66699999999997
732.633
604.8
562.3
697.067
637.767
525.2
375.833
662.533
509.833
771.0
135.3
302.2
593.3
565.867
589.367
411.0
900.033
577.0
734.5
565.733
704.233
674.4
710.367
334.267
1023.8330000000001
494.0
591.767
519.467
869.233
549.6669999999999
723.967
609.267
635.8330000000001
887.867
801.767
694.3330000000001
642.5
897.867
663.3
468.333
961.433
755.8
644.3
587.267
574.567
686.2
804.967
679.8
900.7
792.6669999999999
583.967
527.867
704.033
800.933
698.833
571.267
920.567
486.067
758.1
488.13300000000004
703.367
589.0
773.7
855.8
749.167
480.79999999999995
788.767
969.867
461.1
877.067
740.5
768.733
794.167
767.467
623.1
975.8
1170.3
679.133
694.1
1275.8
920.1
1130.733
511.63300000000004
694.867
1174.3
1006.667
1134.967
1217.933
756.833
728.867
840.167
804.933
1341.7
1177.867
648.367
1126.533
1010.833
1243.2
1267.167
1085.333
1006.767
1338.467
633.567
890.2
1021.5
1186.533
1517.833
1451.4
1395.7
1336.2
1142.767
1249.533
1274.433
1166.733
797.9670000000001
1015.4670000000001
1357.433
1179.8
1429.767
999.6669999999999
1505.033
1395.067
1508.967
1305.533
1466.767
1395.267
982.0329999999999
1443.0
1310.1
1210.267
1142.9
1280.2
1264.033
1380.0
1295.3
1060.667
1403.1
1167.067
1148.033
1030.467
1489.3
1375.8
1326.167
1388.267
1503.167
1241.067
1226.5
1122.533
1406.633
1422.067
1311.367
1058.867
1551.367
1279.333
1340.7
1317.733
1470.767
1353.6
847.8330000000001
1285.133
1359.7
1427.267
1444.767
1627.333
1754.167
1563.933
1580.7
1570.2
1698.367
1758.2
1607.967
1694.8
1678.633
1685.867
1859.233
1702.533
2081.167
1550.267
1141.767
1394.6
1607.433
1886.933
1604.033
1712.2
2073.967
1871.333
1783.833
1722.733
1951.233
2005.533
2032.9
1746.667
2124.367
1801.333
1679.767
1577.533
1624.233
1559.0
1856.167
1201.067
1614.033
1729.2
1968.167
1619.267
1928.033
1830.4
2025.3
1825.867
1896.1
1959.067
1948.9
1868.667
2162.633
1742.2
2267.833
2034.867
2060.167
1966.267
1865.567
2069.733
2310.033
1672.933
1784.833
2109.267
2334.433
2054.133
2137.367
1884.6
1966.567
1841.6
1933.9
2058.6
2035.367
2339.533
2600.233
1903.2669999999998
2468.633
2439.667
2322.633
2231.4
2280.167
2151.533
2117.7
2412.267
2348.767
2156.733
1956.233
2075.6
2012.167
1967.067
2286.033
2184.8
2339.633
2544.867
2365.033
2498.667
2714.7
2457.6
2779.167
2619.6
2941.633
2707.867
2534.567
2781.933
2780.1
2674.8
2502.5
2645.133
2469.167
2537.467
2420.167
2606.133
2576.633
2363.333
2045.433
2301.867
2247.9
2245.2
2080.1
2025.467
2283.7
2039.067
1970.567
1674.4
2301.833
1868.133
2200.1
2214.667
2381.633
2853.467
2646.7
2944.867
2784.033
2973.8
3111.3
2724.733
2901.1
2849.467
2580.433
2504.0
2768.767
2628.267
2881.833
2453.0
2701.633
2764.933
2733.233
2904.667
2864.3
2911.133
3069.3
3017.933
3071.1
3066.867
2972.5
2690.067
3024.167
3073.6
2923.433
3153.733
3253.633
3108.667
3004.233
2707.267
3229.567
3101.533
3398.367
3666.6
3768.367
4115.733
4118.1669999999995
3940.2
3899.367
3807.333
3928.033
3515.067
4102.8330000000005
3766.133
3923.967
3845.8
4092.033
3583.067
3738.5
3878.933
3726.833
3796.067
3546.967
3276.333
3881.967
3979.0
3840.433
4014.133
4168.433
4179.267
4066.1
3800.867
4165.7
4092.067
3585.633
3801.667
3761.967
3994.2
3856.7
4090.733
4263.367
4017.8
3904.5
3367.6
3638.767
3734.2
3802.233
3520.733
3921.5
3604.4
3635.3
3439.4
3376.567
3327.6
3228.9
3308.267
3340.7
3433.067
3230.3
3376.867
3128.433
3300.533
3426.567
3526.933
3807.833
3962.6
4082.9
4239.933
4027.9
4115.3330000000005
3673.433
4212.532999999999
4014.5
3989.0
4533.967000000001
4211.8
4904.5
4923.267
4844.167
5048.133
5647.233
5114.533
5264.9
4698.133
4890.833
4801.867
4404.367
4144.532999999999
4237.032999999999
4083.933
3888.1
3989.8
4498.1
4102.733
4375.167
4405.067
4903.633
4867.6
5017.767
4757.6
4582.967
4470.8
4102.633
3971.867
4067.033
3661.867
3515.1
3375.0
3456.833
3384.133
2812.967
3160.667
3170.3
2829.4
2506.033
3279.333
3312.9
3425.733
3728.967
3445.467
4250.367
4485.267
4555.1
4393.667
4493.367
4250.267
3903.367
4033.8
3982.833
4165.267
4148.367
3983.6
4538.032999999999
4174.0
4373.5
4251.467
4433.633
4361.467
4297.767
3734.867
4347.767
4198.267
4361.9
4286.467000000001
4190.5
4235.067
4262.367
4256.533
4947.767
4978.0
4965.1
5206.067
5368.9
5442.8
5427.433
5263.133
5578.167
5339.133
5733.167
5333.933
5785.033
6187.267
5513.1
5754.2
5848.167
5607.533
5615.5
4902.267
4796.7
4252.0
4016.833
3122.933
2997.367
2499.267
2329.233
2330.867
2877.1
3139.2
3456.233
3962.667
4301.967000000001
4506.8
4780.7
5209.733
5499.7
5891.133
5747.767
5753.2
5887.833
5332.667
5221.833
4942.933
4597.9
3852.733
3568.967
3275.067
3244.433
3595.867
3757.767
4294.467000000001
5122.567
5375.467
5586.7
6410.467
6646.5
6751.8
7153.567
6839.133
7546.967
7566.467
8006.433
7694.4
7651.033
8050.267
7829.433
7858.4
8017.5
7846.667
8078.833
7905.867
8531.567
8352.4
8456.767
8221.2
8739.366
8574.866
8418.1
8503.0
9011.833
8785.333
8756.366
8520.8
8667.7
8211.2
8301.9
8479.0
8552.767
8971.4
8731.833
8808.667
8863.033
8549.6
8287.3
8055.267
8271.1
8545.934
8702.7
8605.333
8598.833
8591.2
8568.167
8412.066
8344.832999999999
8327.2
8158.3
8263.934
8711.3
8455.467
8663.167
8346.4
8487.833
8710.2
8482.634
8873.066
8991.167
8980.333
9102.7
9186.8
9279.366
9579.733
9833.566
9645.8
9582.967
9515.934
8888.3
8355.333
8553.5
8464.733
8402.7
8329.267
8594.967
8855.733
8966.033
9570.6
9515.634
10109.6
10029.566
10055.467
10034.167
10455.8
9799.767
9935.134
10371.833
9897.2
9937.634
10122.333
10095.434
9902.934
10504.566
9980.066
10339.767
10265.733
10146.9
9896.4
10191.167
10018.134
10080.566
9462.6
10139.566
9927.467
9952.434
9558.066
9953.434
10286.533
10497.366
10142.2
10413.767
10466.467
10264.033
10252.733
10203.7
9262.733
9686.366
9697.667
9804.967
9302.066
9937.833
9716.0
9808.767
9522.066
9528.1
9850.267
9988.167
9907.533
9989.5
9725.333
9504.233
9520.4
8945.967
9183.4
9879.634
9632.333
9753.434
10077.866
10403.767
10503.2
10688.033
10336.2
10465.9
10576.134
10536.1
10086.267
9963.167
9450.6
9636.233
8916.066
9558.1
9738.4
9404.3
9397.066
10199.767
10169.467
9618.566
9664.733
10459.566
10643.134
10351.033
10155.267
10276.366
10361.134
10088.566
10033.934
10282.434
10090.8
10359.5
10642.2
10346.3
10574.4
10853.767
9977.134
10237.167
10124.2
9722.833
10007.267
9310.7
9573.267
9591.3
10494.6
10426.967
10237.4
10231.566
9813.6
10116.366
10032.866
10396.9
10063.4
9872.233
9299.333
9193.634
8881.066
8527.167
8473.667
7835.033
7743.867
7742.967
7701.333
8186.433
8599.733
9483.833
10051.267
11126.366
11258.333
12227.3
11383.066
10908.233
11344.866
11202.033
11034.467
11809.634
11867.667
12086.566
11901.267
11822.566
11214.467
10790.967
10479.4
10718.1
10614.467
11846.634
11286.4
11884.967
11949.134
12219.967
12285.667
11904.1
12599.934
12775.033
13379.533
13268.967
13382.467
13605.434
13968.667
12983.767
13207.866
12611.833
12910.733
12873.1
13278.0
12782.833
12537.8
12114.3
11959.533
12188.9
11912.4
11024.9
11851.134
11726.9
12475.0
12640.967
12646.667
13555.634
13198.667
12835.767
13153.866
13164.3
12959.667
12927.434
13106.467
13562.967
13909.267
14000.833
13661.866
13791.033
15338.134
14164.5
14197.066
14424.833
13856.4
14417.7
14356.667
14945.3
14417.134
13880.767
14222.8
14448.233
14291.8
13809.9
13717.4
14794.366
15195.333
14862.1
14225.2
14559.634
14370.934
14226.967
13403.733
14307.366
14168.066
13848.566
13195.8
13759.9
14028.333
14007.366
13599.134
14623.5
14611.733
14393.3
14770.0
14924.5
15570.934
14900.434
14716.2
15265.634
14839.866
15126.3
14331.333
14686.033
15343.333
14914.634
15044.8
15115.366
14716.467
14918.566
15299.066
15973.634
15632.066
15615.434
15784.934
15638.1
16053.866
16501.566
16084.8
16031.7
15633.934
15624.167
15134.134
15582.634
15197.2
15562.767
14897.333
14525.3
14719.4
14652.1
14345.333
14969.233
14459.0
14587.3
14712.866
14670.366
14759.2
14572.5
15152.134
15633.967
15946.267
15149.167
15193.866
15280.3
14752.467
15552.967
15160.0
15722.634
15715.134
16030.9
16029.467
16210.833
16415.934
15896.9
15485.267
17034.9
16440.533
16328.1
16574.133
16818.699
15656.4
16386.434
15630.134
16596.033
16359.333
15673.434
16189.267
16663.566
16355.4
16476.967
17360.533
16856.699
16237.533
16076.634
15874.8
15762.5
16269.467
16932.033
16821.666
17446.699
17584.4
17936.5
17515.732
17547.232
17915.934
17686.633
17657.666
17697.033
17814.467
18176.967
17814.666
18478.434
18253.6
18402.566
18770.268
18615.699
18598.4
18117.033
18304.732
18543.367
18186.867
18070.367
17872.199
18530.301
18206.533
19210.633
18452.867
18119.768
18605.4
18709.834
19426.666
19513.699
19612.268
19047.434
19261.4
18785.1
18948.133
18659.699
19020.0
19262.566
20992.934
19421.033
20228.732
20554.967
20727.268
20167.566
21506.334
20943.633
21250.199
21945.566
22646.066
21457.699
22022.334
21474.9
21779.268
23347.367
21894.533
22048.434
21224.066
21232.5
21303.0
21984.5
21831.6
22291.633
23055.4
22518.768
23231.867
23911.1
24517.133
24532.434
24702.199
25486.1
26149.666
25449.633
24179.867
24998.434
25162.533
24424.768
24979.133
25552.1
25524.732
25364.033
25851.467
26434.033
25747.867
27203.566
27834.199
27445.033
26881.199
27966.1
27791.6
27817.367
27578.867
27930.301
28096.801
27864.166
27923.0
27509.033
27780.199
28718.967
29395.801
29805.367
30103.066
31455.699
31715.666
31145.834
31766.133
31821.166
31563.0
31599.166
30673.533
31608.566
30808.133
30759.232
32310.533
32886.032999999996
33119.934
33182.035
33383.934
34132.965
33253.066
33534.5
32954.465
33249.301
33489.801
32974.633
33705.867
34457.566
34770.066
34860.633
35068.801
35477.898
35477.066
34937.566
35193.398
35073.234
35206.602
34492.832
35108.332
35251.965
35412.934
35809.434
35284.535
35270.633
35380.266
35464.832
35497.266
35562.766
35904.934
35583.633
35814.199
36025.168
35822.199
34762.367
34228.535
32589.566
31254.867
30343.9
29960.732
29930.301
30359.533
30285.232
31666.533
33253.898
33674.0
34316.898
34431.801
34664.168
35599.066
36531.566
36145.0
36801.699
36814.867
36452.168
35682.398
35405.102
35688.266
36229.965
36533.066
36987.434
37606.734
38516.301
39030.801
39174.566
39264.535
38454.434
38350.668
37885.633
38188.668
38252.234
38212.332
38183.102
37496.332
37133.699
36894.465
36383.898
36433.668
36766.234
36515.266
37918.5
38127.199
38487.5
39086.199
39306.898
38481.668
38670.035
38228.398
38330.367
38674.668
38976.766
39446.199
40445.699
40254.602
40851.434
40351.0
40365.965
39892.332
39199.898
39379.465
39300.102
39485.602
39240.234
39510.199
40051.633
40322.867
39878.434
39953.199
41069.898
40510.801
40925.566
40175.934
40810.965
40276.734
39374.832
38833.398
38532.766
38406.668
38678.832
38966.266
39419.633
40505.465
40250.566
41042.734
40549.965
40585.602
40357.699
39926.734
39600.5
39183.934
38471.898
38676.535
38686.434
38432.398
38654.168
38575.602
38369.965
38417.934
38276.434
38433.332
38891.766
39338.801
39305.234
39800.398
40519.766
40732.266
40651.367
41026.934
40807.367
40724.801
39988.234
39549.668
39064.434
39321.934
39742.234
39444.199
40259.168
40547.934
41177.898
41478.0
41419.434
41338.602
42186.633
42557.0
43087.367
43196.867
42820.035
42658.734
42406.832
42380.133
41687.633
41429.934
41613.965
41632.199
41286.434
41172.734
40281.301
40874.199
40459.699
40854.199
40815.766
41678.199
42143.5
42732.801
43102.699
43413.332
42490.234
42523.398
42058.5
42080.668
42400.965
42049.332
42058.234
41680.668
42068.301
42393.133
42428.832
42609.0
42653.168
43175.734
43611.367
44405.0
43632.832
43440.398
42740.5
42765.535
42028.633
42030.801
41946.234
41672.801
42322.234
42481.066
40593.168
41854.602
41743.102
41428.266
41616.766
41339.535
41220.035
41477.266
42022.965
42357.801
42432.367
42285.465
42487.367
43218.398
43260.965
43551.602
43281.898
42712.133
41345.699
39812.602
39011.5
37537.535
35886.699
35394.668
36135.035
37119.398
39394.898
40048.801
39433.102
39508.266
39724.633
39149.199
39548.965
39013.668
38539.766
39420.199
40621.434
41561.266
41500.699
41926.602
42091.434
42600.734
43389.234
42865.465
42811.699
42858.199
42014.832
42520.867
42999.102
43017.465
42876.898
43721.199
44154.434
44119.535
44178.566
43430.199
43321.965
43020.602
43223.766
42894.602
42186.035
41964.398
41463.168
42485.801
43322.766
44029.398
43711.301
44368.0
45320.035
45656.0
45090.102
44632.332
45005.699
44351.133
44221.434
43537.266
44271.898
44837.535
44250.699
43972.934
43629.367
42566.465
41922.766
40318.734
39208.367
38813.602
38889.102
39297.133
39809.832
41027.801
41270.168
42594.734
42835.234
42931.535
43596.234
43806.0
44202.301
44419.801
44558.965
45068.133
45865.367
45245.133
44875.102
44032.199
43895.301
43758.398
43645.035
43604.934
43693.832
44372.668
45379.102
45433.332
45417.699
45451.066
45322.965
45031.266
45043.566
45068.465
43891.102
43341.602
42914.633
42269.934
41455.035
40983.934
41326.699
41603.398
42102.633
42514.535
43247.168
43288.066
43026.434
42895.332
43113.102
42770.266
42384.168
42482.867
42962.367
43497.934
43614.367
43694.934
44206.035
44730.668
44677.699
44765.934
44490.234
44318.867
43651.301
42885.266
42606.035
41683.801
40672.766
42004.398
41829.633
42195.602
42362.301
42986.066
43098.434
43467.266
42979.301
42957.199
43402.566
42844.934
42741.301
42534.535
42439.965
42107.0
41432.168
41009.266
41107.102
41150.801
40716.898
40063.867
40400.898
40237.867
39914.168
40005.398
40231.832
40558.133
40731.633
41253.332
41330.633
41815.535
41473.898
41338.133
41820.633
41709.133
40539.168
41261.398
40903.898
40912.332
41069.766
40473.602
40579.301
41486.867
41630.633
42011.199
41872.832
42003.934
41942.832
41598.332
42139.102
41647.199
41060.367
41013.535
41373.301
41760.133
41988.234
41229.602
41370.5
41285.332
40835.102
41124.668
41265.965
41147.934
40920.5
41100.398
40842.301
41018.734
40423.965
40157.066
40091.5
40051.266
40226.168
39795.066
40728.832
40929.0
41473.035
40745.465
40978.699
41002.266
41230.832
41123.066
40864.566
41079.535
41007.766
40743.801
40835.434
40843.0
40524.699
40036.199
40506.965
40592.602
40689.898
40630.668
40850.699
40844.133
40727.301
41126.398
41230.102
41437.734
40565.234
40150.602
40400.234
39866.133
39898.699
39686.801
40243.5
40735.734
40601.832
40411.734
40759.434
40700.801
40960.234
40837.133
40920.102
41168.0
40993.434
40978.668
41184.035
41202.133
41106.566
40925.668
40288.5
40502.199
39706.5
39962.398
40000.699
39893.801
39569.699
39667.199
39640.102
39578.266
39610.434
39983.602
39620.832
40238.602
39989.367
39967.332
39442.965
39011.602
38674.367
38815.465
38407.766
38421.801
38143.633
38740.398
38951.566
38970.199
38806.035
38417.0
39467.035
39714.066
40011.035
40081.668
40618.566
40772.0
40105.234
39939.266
39783.766
39753.734
38919.434
39093.867
39318.832
39275.133
39578.566
39542.867
39992.367
39935.668
40024.367
39781.465
40079.035
39734.465
39446.766
38941.133
39526.301
39637.934
38781.566
39741.934
39321.301
39677.0
39796.965
39349.332
39632.965
39257.199
38443.898
37976.734
38476.434
38277.0
37933.766
38377.934
38474.832
39421.867
39143.234
39788.199
39999.566
39671.867
39592.898
39958.934
40292.168
39762.465
39287.5
39025.934
39000.367
38567.398
38360.367
38280.535
38882.168
38901.199
38858.434
38789.668
39417.035
39518.535
39111.699
38850.465
38852.965
38449.668
37790.367
37290.133
37415.633
37353.602
36980.367
37299.066
37693.898
38226.398
38479.5
38572.734
38876.367
39065.398
39430.434
39362.867
39502.699
39297.535
39161.699
39630.801
39055.301
39512.398
39224.898
38726.602
39332.102
39213.734
39442.832
39035.332
38865.301
38821.133
38808.633
38189.332
38369.168
38088.535
37934.434
38231.668
37963.234
37724.266
37708.633
37527.332
38358.234
38611.332
37789.035
37890.066
38539.234
38424.465
38317.301
38773.934
38352.965
37988.066
37903.168
37099.332
37596.766
36798.133
36963.566
36878.266
36817.102
37329.734
37113.965
37456.133
37387.566
37240.398
37611.102
37554.867
37863.5
37768.199
37277.367
37329.398
37539.832
37741.602
36907.633
37210.465
37441.102
37408.066
36814.633
37265.867
37928.832
37525.934
37288.832
38080.668
38149.566
38029.266
37701.234
37298.668
37833.633
37374.934
37535.234
37530.934
37311.5
37434.0
37360.434
37102.465
37440.566
37228.867
36542.102
36709.602
37034.898
36764.867
36168.301
36178.133
35885.234
35843.332
35642.168
35197.465
35788.898
35792.398
35465.367
36361.465
36327.367
36463.066
36426.301
36122.801
36663.766
36448.934
36159.102
35616.465
36127.898
36299.867
35515.035
34779.535
34040.633
33421.801
32874.434
32222.133
31846.633
31308.801
30852.367
31977.666
32561.633
32556.268
33148.633
33856.668
34984.566
34649.535
35075.633
34880.266
34792.102
35027.0
34585.301
34434.133
34621.832
34552.535
34169.301
34310.535
34398.102
34591.801
34409.234
34071.266
34504.766
34277.066
34275.898
34137.668
34541.965
34450.133
34149.965
34676.0
34547.898
34372.801
34008.367
33693.133
33794.102
33666.465
33657.965
33748.199
33599.965
33949.934
34001.301
33776.801
34031.566
34473.801
34143.234
33887.934
34177.102
34301.867
34194.035
34277.668
34248.301
33792.066
33603.965
33511.398
33758.699
33600.535
32904.965
33302.602
33175.566
33409.465
33254.168
33075.332
33161.898
33326.266
33637.699
33139.801
33405.898
33615.066
33031.301
33297.266
33287.234
33242.465
32668.5
32796.268
32741.5
32736.6
32819.1
32682.066
32626.967
32614.066
32026.434
32339.334
32193.967
32414.934
31932.9
32287.867
32888.967000000004
32575.0
32932.367
32887.334
32805.566
33242.199
32962.434
33023.0
33043.5
32971.867
33154.166
32946.0
33138.367
32833.066
33119.232
32849.801
33277.834
32665.0
32750.633
32474.666
32767.301
32910.199
32450.166
32295.867
32422.301
32390.133
32417.967
32432.133
32539.967
32637.0
32530.834
32465.066
32398.434
32074.199
31676.834
31576.066
31825.9
31278.334
31018.232
31111.533
31542.033
31480.4
31010.834
31048.533
31441.768
31224.732
30931.232
30649.732
30952.301
30815.732
30378.9
29889.199
30248.566
30372.268
30343.768
30562.467
30470.166
30501.732
29946.1
30118.801
29802.633
29616.0
28942.301
28790.268
28853.1
28410.533
28401.834
27748.533
28144.566
27786.0
27238.367
26501.867
26413.5
26505.066
26345.5
25775.334
26059.633
25975.6
26230.967
26316.6
26888.434
27305.0
28009.232
28677.467
28793.033
28965.867
29011.834
29220.934
29087.033
28693.268
28789.434
28551.0
28833.768
28587.334
28916.5
28938.334
29251.033
29196.533
29424.834
29321.732
29727.033
29557.467
29341.834
29621.934
29910.166
29677.066
29411.768
29204.0
29547.301
29444.6
29202.1
29131.801
29212.9
29235.334
29615.301
28849.6
29351.768
29348.732
29443.967
29205.0
29490.1
29217.133
28900.699
28888.666
29026.566
29209.867
28481.566
28415.666
28608.033
28317.199
28283.9
28491.732
28587.967
28269.334
28189.232
27991.934
27928.566
27909.0
28055.9
27979.934
27967.768
27881.6
27903.834
27789.801
27726.033
27724.0
27489.699
26949.467
27351.301
26964.268
27033.9
26997.133
27202.967
26946.334
27057.566
27037.801
27029.566
27401.199
27166.1
27510.467
27345.834
27536.268
27331.5
26850.133
26996.367
26801.533
26685.301
26919.334
26801.434
26780.268
26780.1
26663.801
27069.434
27514.6
27077.566
27627.334
27745.301
27456.066
27616.699
27296.801
27546.1
27701.934
27813.566
27944.867
28055.633
28444.0
28285.768
28693.732
28996.434
29284.268
28760.768
28641.4
28957.633
29424.133
29247.5
29761.268
29866.9
30257.801
30031.367
30134.0
30092.768
29834.066
29101.633
28124.666
27661.166
27284.0
27023.033
26758.133
26538.967
26533.467
26419.967
26287.066
26509.5
26411.732
26446.166
26392.867
26737.834
26474.133
26382.768
26055.199
26047.834
26240.533
25816.633
26112.801
26014.166
26220.732
26181.301
26247.6
26362.033
26560.467
26198.166
26360.133
26689.5
26453.467
25905.566
26262.6
26624.9
26414.934
26018.9
26311.199
26587.834
26003.268
26441.434
25723.867
26089.5
25774.0
25542.768
25693.268
25551.834
25640.6
25427.232
24892.666
25565.033
25622.133
25300.834
25282.199
25477.633
25281.066
25634.5
25083.066
25284.301
25331.867
25439.166
25435.867
25581.033
25374.133
25413.232
25567.268
25854.633
25404.0
25000.566
25001.066
25274.699
25416.867
25120.633
25191.533
25151.768
25346.334
25072.434
25091.268
25147.166
25057.334
24670.434
24433.467
25028.566
24825.467
24387.967
24352.934
24731.033
24396.801
24369.566
24495.334
24740.166
24394.666
23453.301
24190.801
24635.033
24239.066
24208.768
23813.6
24117.566
24180.133
24472.367
24364.268
24249.301
23966.334
24033.633
24024.066
23456.434
23328.666
22764.768
23055.066
22627.768
23032.133
22597.834
22656.867
23896.301
23685.199
23650.633
24251.268
24076.166
24127.666
23722.9
23502.801
23339.967
23361.934
23118.1
23195.268
23273.1
23297.133
22892.5
23152.0
23763.166
23284.268
22768.033
23123.732
23378.5
23474.533
23152.434
23286.6
23428.367
23048.666
22734.633
22398.934
22852.9
22371.0
22313.566
21875.867
21934.699
21959.199
21345.232
20898.533
20819.633
19468.801
18798.699
18013.0
18182.1
18173.334
18218.033
18463.533
19232.033
20023.334
20480.5
20472.533
20721.301
21330.934
21795.967
21712.0
21348.633
21808.867
21718.699
21807.133
21797.166
21442.666
21110.768
21010.666
21416.967
21318.467
20864.434
21601.666
21433.9
21649.732
21739.301
21625.6
21755.367
21728.732
21468.566
21557.334
21656.232
21862.934
21406.434
21381.533
21804.166
21878.467
21798.367
21817.6
21928.367
21956.533
21821.566
21310.6
21805.301
21768.4
21396.5
21207.666
21474.5
21560.4
21432.5
20953.6
21225.967
21550.867
20897.434
21573.066
21702.566
21648.666
22062.434
21787.666
21885.434
21846.4
21640.5
21763.934
21712.834
21644.934
21326.9
21362.199
21448.166
21468.0
21373.699
21458.666
21666.301
21655.6
21365.967
21146.732
21459.633
21316.268
21500.5
21060.467
21599.033
21425.867
21609.434
21567.066
21686.633
21612.801
21166.434
20867.199
21459.1
21285.133
21500.033
21082.066
21008.633
21122.199
20971.967
21327.6
21087.967
21045.334
20500.834
20547.666
20660.434
20950.133
20057.033
20361.199
20568.9
20551.732
20325.1
20150.199
20616.699
20567.467
20346.367
20451.066
20552.9
20733.801
20032.834
20229.666
20691.967
20739.467
20391.5
20291.666
20359.434
20589.533
20214.633
20207.801
20341.367
20256.4
19723.5
19988.666
20030.768
19870.666
19823.434
19941.6
19645.301
20355.0
19758.434
19645.334
19771.301
19803.666
19688.768
19138.066
19634.566
19682.732
19390.232
19115.066
19546.967
19494.934
19345.367
18849.533
19399.699
19354.334
19301.367
19329.199
19019.166
19247.801
19154.768
18701.467
18972.5
18789.268
18800.9
18323.934
18737.9
18651.4
18056.768
17696.934
18469.768
18284.133
18080.566
17969.934
18228.699
18100.133
17754.768
17669.4
18348.9
18039.066
17911.5
17729.732
18143.232
17807.666
17614.967
17501.934
18117.232
17888.199
17668.967
17604.467
17800.1
17509.801
17138.434
16825.934
17310.633
17375.0
17313.967
17569.533
17709.166
17581.467
16979.033
17618.801
17420.1
17321.0
17269.566
17197.199
17159.166
17288.4
16850.434
16785.666
16238.833
15568.667
14920.233
14224.2
13843.366
13727.0
13685.967
13612.333
14472.033
14971.2
15134.9
15537.533
15820.566
15847.8
15979.833
15869.333
16007.1
15503.4
15526.167
14783.467
15833.767
15791.934
15511.434
15442.8
15841.7
16060.866
16193.967
15879.333
16313.1
16516.4
16177.167
16216.4
16583.767
16558.2
16566.033
16648.801
16806.9
16771.733
16534.768
16188.065999999999
17045.5
16818.4
16776.166
16357.199
17054.166
17167.666
16964.699
17149.934
17172.367
16733.4
16904.699
16526.133
17099.633
17019.133
16876.1
16832.334
16833.232
17083.066
16600.967
17171.066
17133.232
17156.4
17164.434
16709.199
17438.367
17416.934
17004.699
17138.268
17798.834
17492.133
17273.166
17722.4
17929.699
17640.867
17388.834
17503.199
17175.166
17347.467
16846.967
16994.467
17303.768
17215.268
17195.033
17635.467
17321.232
17470.867
16856.967
16672.533
17580.9
17379.0
17215.301
17371.867
17237.967
17312.4
17394.1
17093.467
17137.166
17115.4
17059.9
16986.6
17200.768
16836.066
16970.301
16789.801
17207.834
16944.0
17065.768
17021.334
17417.232
17011.867
17025.9
16937.934
17203.9
17447.066
17419.9
17324.666
17224.633
17119.934
16995.301
17250.133
17383.633
17478.334
17476.566
17083.533
17706.5
17555.0
17519.232
16989.467
17567.699
17453.4
17244.033
17166.199
17287.9
17377.6
17527.301
17410.066
17494.9
17212.6
17303.967
17496.801
17206.566
17301.4
17186.9
17058.6
17200.1
17294.4
17024.232
16988.334
17128.566
17370.334
16459.967
17175.533
17183.967
17124.066
16458.033
16815.268
17113.768
17232.934
17101.033
17098.867
17064.9
17190.666
16893.699
16770.533
17216.434
16935.268
16987.699
16683.467
16938.434
16962.801
16676.699
16585.066
16903.033
16501.134
16509.166
16301.4
16688.3
16517.333
16216.967
16492.866
16505.033
16266.8
16422.366
16528.4
16367.833
16321.2
16087.5
16102.4
16420.9
16080.6
16235.167
15892.467
15991.9
16017.8
15940.7
16012.533
15823.033
15774.6
15726.3
15678.934
15919.1
15877.733
15811.3
14941.533
15246.967
15187.267
15036.566
14495.866
14425.5
14469.134
14127.167
13544.866
14130.3
13953.733
13109.233
13527.533
13460.566
13077.467
13265.3
12725.934
12882.366
12744.733
12471.434
12580.533
12839.033
12678.4
12848.233
11643.667
12414.767
12471.2
12009.9
12294.134
12563.833
12614.6
12384.434
12730.066
12956.434
12956.667
13121.967
13502.467
13493.1
13303.066
13408.167
13223.733
13153.233
13351.6
13342.5
12791.134
13258.7
13118.467
12810.634
12232.2
12610.767
12404.0
12110.833
12039.6
11922.233
11975.8
11833.434
11687.066
12052.566
12091.267
11890.366
11944.533
12054.366
11890.934
11787.9
11705.8
12111.167
11941.934
11620.167
12061.4
12411.967
12216.533
11908.967
12045.267
12005.566
12057.733
12001.167
11893.333
11984.167
11733.6
11179.434
11746.2
11587.767
11735.8
11833.634
11341.467
11857.366
11729.6
11027.5
11325.0
11575.366
11394.934
11473.3
11697.533
11791.833
11781.066
11963.3
11886.6
12014.033
11854.8
11856.634
11523.134
11759.167
11819.134
11555.967
11543.333
11835.833
11814.134
11482.7
11973.533
12004.566
12118.667
11673.167
11892.467
12052.634
11991.333
12206.9
11486.267
12023.7
11893.6
12073.1
11650.267
12341.3
12065.6
12189.434
11807.6
12363.9
12298.267
11985.7
11785.467
12002.967
11794.267
11687.634
11926.333
11884.9
11704.134
11393.5
11371.0
11611.634
11770.4
11639.634
11812.934
11795.366
11625.533
11416.566
11629.533
11711.967
11559.934
11848.033
11233.267
11562.634
11808.6
11791.967
11521.2
11530.634
11133.533
10854.767
11306.2
11196.3
11291.533
10452.634
11018.4
11311.967
11147.6
10880.1
11211.667
11434.033
11043.0
11180.434
11010.134
11282.233
10913.667
10678.3
10624.533
10995.967
10906.8
10495.1
10773.066
10764.9
10900.733
10755.1
10782.667
10870.167
10721.533
10555.634
10762.0
10893.233
10810.0
10644.3
10990.134
10713.3
10833.8
10753.233
10556.0
10713.7
10695.333
10556.833
10447.8
10492.3
10564.866
10295.7
10150.8
10654.3
10652.333
10353.9
10389.8
10650.9
10655.467
10244.3
10264.134
10496.434
10274.4
10072.033
10487.934
10428.9
10228.0
10458.1
10243.533
10286.967
10218.533
9968.033
9619.533
10307.7
9958.6
10192.5
10015.733
10117.366
9904.0
9865.5
9712.2
10067.967
9965.134
9848.233
9571.467
9843.7
9910.866
9707.5
9667.934
9913.767
9919.2
9384.033
9568.866
9883.967
9809.934
9153.366
9319.2
9730.7
9704.333
9608.1
9235.934
9805.7
9685.934
9613.167
9377.533
9540.566
9356.866
9240.5
9395.333
9551.566
9354.667
9178.566
9225.934
9655.5
9663.4
9433.233
9163.134
9278.967
9404.6
9257.366
9074.2
9374.3
9302.6
9272.5
8946.934
9165.634
9245.0
9196.1
9017.533
9211.366
9010.866
9445.167
8765.733
9222.033
9117.134
8897.366
8488.667
9186.634
9134.2
9174.5
8819.066
8942.634
8817.4
8921.3
9023.4
9315.233
8543.134
8809.767
8604.4
8882.5
8345.333
7922.833
7338.333
7154.633
6397.867
5639.1
5102.467
4548.3
3840.667
3482.167
2834.333
3155.167
3072.4
2792.833
2979.133
3857.167
4018.467
3971.433
4928.867
5399.033
5675.4
5975.567
5312.2
6071.967
5697.933
5571.5
5232.533
5054.367
5123.467
4827.5
4596.8
4966.7
5052.0
5018.233
4786.267
5498.233
5282.533
5302.167
5919.267
5958.633
6190.333
5842.767
6343.533
6503.233
6450.333
6452.033
6690.267
6985.433
6996.467
6519.767
6768.2
7316.033
7326.067
6868.5
7364.333
7619.5
7746.467
7650.967
7632.133
8112.7
8077.533
7473.833
7598.267
8279.633
8358.733
8161.233
7908.067
8426.633
8220.8
8060.367
8029.667
8507.567
8327.067
7448.5
8312.467
8451.567
8545.467
8217.767
8018.267
8497.233
8386.332999999999
8222.9
8126.867
8272.967
8377.866
7967.967
7828.267
8725.633
8343.332999999999
8102.1
8166.333
8450.633
8348.667000000001
8209.832999999999
8204.733
8392.9
8375.332999999999
8204.033
8164.2
8465.967
8406.4
8290.633
8175.667
8507.967
8413.733
7861.367
8065.267
8378.233
8311.067
7943.367
7886.133
8291.233
8163.6
8200.433
7958.667
8219.033
8350.733
8054.1
7625.067
8373.233
8254.867
8250.967
8060.867
8552.167000000001
8289.533
8106.033
7898.533
8387.9
8180.133
7721.633
7594.6
8223.1
8153.867
8163.633
7588.467
8266.367
8124.0
7984.567
8061.0
8263.433
8223.867
8009.833
7945.333
8466.9
8256.0
7432.567
7784.4
8377.233
8110.6
8136.167
7953.2
8354.3
8234.8
7786.567
7600.533
8152.833
8029.067
8005.3
7887.667
8198.9
8157.067
8015.767
7554.2
8249.167000000001
8138.467
7795.3
7493.0
8092.967
8224.2
7907.767
7844.067
8169.767
7831.667
7792.233
7894.8
7906.167
7836.467
7712.3
7490.8
8078.7
7896.0
7533.9
7476.6
7947.167
8073.933
7390.967
7457.4
7933.167
7859.0
7887.567
7641.267
7871.033
7766.067
7728.633
7417.6
8053.767
7817.267
7541.633
7494.133
7884.033
7799.0
7620.833
7118.6
7760.567
7711.067
7582.633
7067.333
7872.433
7656.8
7163.7
7583.733
7663.833
7581.6
7180.367
7273.533
7440.9
7571.667
7307.967
7282.867
7570.9
7340.733
7340.767
7103.8
7431.967
7432.533
6992.833
6928.867
7420.7
7362.333
7107.3
7043.6
7090.1
7279.8
6836.9
7022.0
7087.367
7094.267
6929.833
6698.933
7278.033
7141.4
6761.167
6443.333
6969.167
7150.467
6966.7
6664.8
7007.033
6980.0
6288.633
6701.133
7111.7
6769.667
6633.967
6650.0
6900.9
6939.8
6556.7
6407.067
6847.7
6932.8
6751.3
6682.133
6982.233
6770.0
6479.233
6217.8
6869.433
6683.267
6904.233
6401.2
6909.7
6821.733
6328.633
6373.733
6842.967
6681.067
6503.033
6547.667
6846.633
6751.467
6330.033
6307.467
6908.833
6631.2
6471.167
6512.267
6775.367
6641.067
6203.433
6076.867
6490.1
6432.667
5928.433
6048.2
6534.033
6366.8
6561.567
6184.6
6553.167
6416.067
6617.7
6220.933
6474.7
6376.0
6024.567
5995.933
6474.033
6336.667
5878.633
5373.0
6308.5
6337.933
5901.833
6066.333
6350.967
6118.667
5963.167
5930.067
6276.833
6086.0
5918.9
5565.267
6146.833
6185.0
5481.5
5655.4
6239.167
5985.667
5743.1
5517.533
6128.7
6096.067
6004.1
5584.933
6174.967
6082.0
6026.233
5896.933
6115.5
5956.867
4735.767
5239.867
5994.3
6070.867
5698.5
5417.2
5949.5
6068.2
5426.1
5404.667
5854.433
5824.667
5354.7
5391.933
5869.233
5827.867
5208.167
5196.933
5731.833
5710.067
5441.5
5451.667
5681.367
5598.2
5200.233
5579.067
5671.033
5696.733
5173.9
5417.533
5788.167
5580.267
5114.767
5012.867
5608.767
5620.2
5461.767
4924.067
5707.767
5575.533
4903.9
5016.867
