263.633
57.632999999999996
-150.03300000000002
144.167
439.367
121.1
192.5
220.567
225.833
245.1
110.63300000000001
-176.03300000000002
194.5
198.9
10.299999999999997
-45.9
338.5
-18.099999999999994
50.367
353.767
413.967
161.167
452.567
132.433
273.767
186.433
215.633
-138.433
193.567
183.9
317.1
7.633000000000003
275.967
185.7
223.7
13.233000000000004
547.5
453.567
74.63300000000001
-79.767
236.96699999999998
108.7
-15.966999999999999
170.433
191.233
219.5
131.233
219.9
203.833
233.233
-51.766999999999996
19.433
602.633
259.367
-28.167
-278.16700000000003
421.567
434.967
21.5
30.700000000000003
374.567
422.16700000000003
377.367
212.5
396.9
343.5
145.9
301.433
391.033
369.5
309.567
-154.03300000000002
433.1
267.7
18.367000000000004
65.433
363.633
182.567
125.5
54.5
292.433
479.233
197.3
44.5
228.167
329.5
20.5
-13.567
224.96699999999998
181.9
488.3
-19.700000000000003
173.433
195.567
323.9
-75.5
191.5
239.567
180.433
68.767
400.5
345.1
-236.567
16.033
394.83299999999997
296.033
203.367
193.96699999999998
460.367
269.1
-10.966999999999999
253.567
88.433
309.7
227.433
264.16700000000003
400.3
265.633
540.3
-244.7
305.16700000000003
348.767
90.033
349.433
374.16700000000003
452.767
243.1
79.63300000000001
327.967
231.833
-80.7
96.56700000000001
332.9
295.767
119.3
-5.233000000000004
398.367
430.633
38.567
-249.233
334.967
300.633
69.367
120.63300000000001
258.16700000000003
402.967
322.5
26.900000000000006
284.5
308.9
-290.5
-164.167
294.367
187.233
144.367
-21.900000000000006
313.767
248.433
38.766999999999996
195.1
390.233
282.367
245.167
-118.7
447.16700000000003
393.633
425.3
127.43299999999999
483.83299999999997
257.3
144.567
327.5
394.367
59.766999999999996
357.633
-189.36700000000002
127.1
213.167
-14.832999999999998
350.3
567.433
406.633
146.9
-96.233
491.767
137.9
451.3
2.1670000000000016
380.567
347.767
300.7
374.233
514.767
333.83299999999997
407.033
287.633
321.83299999999997
215.833
371.633
-368.3
372.233
338.1
159.3
126.833
136.3
296.5
458.9
148.7
229.96699999999998
292.3
109.833
-213.63299999999998
264.83299999999997
359.633
452.5
173.233
382.16700000000003
291.567
35.900000000000006
-329.83299999999997
431.16700000000003
226.63299999999998
-75.167
0.5
244.96699999999998
172.833
-1014.633
-110.167
104.233
257.567
228.833
-79.167
544.833
381.16700000000003
241.833
53.3
246.833
212.233
-131.03300000000002
415.233
509.3
253.96699999999998
-193.96699999999998
33.367000000000004
299.433
307.5
-131.833
330.233
362.233
240.767
376.5
326.033
317.367
398.633
222.1
170.9
355.767
233.833
391.033
17.299999999999997
388.3
417.9
319.83299999999997
-95.1
207.833
295.033
66.3
-305.567
359.16700000000003
326.233
251.833
-131.7
341.033
323.433
198.767
68.1
346.433
340.9
-172.9
184.833
316.767
55.233000000000004
-156.7
147.3
240.3
197.233
301.433
150.567
249.767
502.233
79.833
145.9
364.1
516.167
369.16700000000003
143.7
201.96699999999998
261.633
76.43299999999999
480.7
341.967
190.833
-162.9
85.967
186.167
258.767
236.233
-30.5
526.7
526.767
12.033000000000001
263.367
355.83299999999997
324.433
210.233
79.233
315.967
357.7
47.767
103.033
273.233
302.9
158.7
269.233
449.967
400.16700000000003
371.7
69.233
530.767
137.3
351.9
-182.433
331.5
129.3
-126.767
249.1
303.16700000000003
158.167
498.967
344.1
336.633
209.433
579.633
29.5
328.9
238.9
-87.633
224.3
575.967
355.9
492.567
-100.233
381.1
296.433
312.16700000000003
125.967
262.9
448.033
-126.1
140.7
526.833
238.433
55.099999999999994
83.3
272.433
263.16700000000003
429.567
96.633
563.433
461.9
622.1
359.367
607.033
407.433
116.5
226.3
265.5
466.767
638.7
63.766999999999996
572.833
453.233
401.233
552.3
476.033
379.033
211.767
499.1
341.63300000000004
598.233
-34.03299999999999
128.433
396.83299999999997
369.16700000000003
402.83299999999997
238.1
729.7
392.36699999999996
552.3
378.7
520.967
480.233
513.567
135.967
846.433
302.83299999999997
412.233
345.3
696.433
359.63300000000004
537.7
400.9
408.967
648.9
544.3
432.433
383.233
637.033
420.967
229.3
746.367
535.233
422.5
367.36699999999996
344.1
432.7
552.033
430.033
654.233
532.367
331.167
259.833
414.967
504.767
389.367
274.3
622.9
202.10000000000002
477.833
212.767
419.033
318.967
486.633
565.433
466.167
200.3
515.5
692.767
187.5
616.9
462.767
509.1
523.5
473.033
333.033
665.8330000000001
849.7
347.833
368.433
949.767
575.767
779.9
171.16699999999997
335.7
799.433
614.1
730.3
790.1
314.567
271.567
392.23299999999995
354.29999999999995
898.367
710.167
199.83299999999997
659.033
566.967
787.3
815.9
637.433
575.033
906.8330000000001
188.89999999999998
460.16700000000003
580.833
723.9
1035.7
949.167
868.833
791.833
597.633
678.833
720.233
624.1
279.033
488.63300000000004
854.833
673.567
936.3
488.76700000000005
988.7
883.633
974.967
793.9
953.433
863.3
458.1
906.767
794.367
689.567
631.033
762.233
764.7
869.767
778.167
544.5
879.033
638.233
592.633
465.36699999999996
928.967
800.9
761.1
799.233
926.767
680.833
695.767
590.1
876.7
913.3
820.5
562.5
1058.167
783.367
832.9
803.567
939.5
821.433
305.16700000000003
717.367
801.3
847.367
868.633
1026.967
1162.967
954.233
974.233
945.967
1076.033
1131.167
958.1
1012.3
1007.433
988.833
1164.967
1014.767
1414.967
902.433
491.9
755.5
979.233
1245.367
968.567
1044.167
1416.033
1191.567
1104.833
1019.567
1236.5
1282.567
1311.567
1042.767
1409.567
1080.5
1006.3
926.233
1024.3
966.033
1283.633
643.767
1029.367
1115.633
1332.5
928.833
1219.967
1080.5
1308.767
1131.7
1209.433
1274.5
1267.433
1169.567
1467.567
1018.633
1529.433
1274.633
1346.3
1257.567
1169.833
1366.7
1609.833
985.567
1103.9
1362.7
1590.767
1326.633
1425.967
1183.167
1262.1
1138.167
1242.033
1326.033
1267.367
1525.633
1766.567
1026.633
1604.233
1576.233
1454.433
1393.233
1480.167
1333.7
1302.767
1598.967
1536.767
1339.967
1174.233
1287.3
1248.167
1204.033
1531.633
1390.633
1510.033
1686.9
1470.833
1588.7
1795.033
1503.833
1831.033
1666.767
2001.633
1735.033
1576.1
1813.767
1828.5
1735.367
1553.833
1720.3
1561.3
1636.1
1531.367
1714.033
1710.433
1552.967
1264.967
1548.233
1485.767
1515.967
1322.1
1260.367
1529.967
1300.3
1273.9
1008.0329999999999
1662.767
1229.167
1545.033
1474.5
1612.567
2005.433
1737.033
1940.9
1766.033
1908.633
2068.767
1697.967
1926.567
1901.9
1700.833
1612.633
1921.1
1741.3
2011.967
1598.033
1853.167
1878.433
1837.833
1968.167
1906.5
1889.5
2029.167
1957.1
2049.7
2057.567
1949.567
1703.767
2022.033
2035.633
1866.367
2094.367
2190.233
2054.567
1971.1
1680.1
2172.767
2012.367
2290.3
2512.1
2518.033
2844.5
2779.633
2625.767
2583.1
2504.967
2649.033
2236.7
2794.3
2496.567
2663.367
2577.7
2835.967
2349.7
2523.567
2665.767
2582.1
2608.233
2415.7
2085.367
2666.233
2716.633
2573.3
2684.633
2850.7
2790.433
2656.767
2477.233
2860.7
2830.567
2346.967
2606.767
2577.833
2746.433
2577.5
2751.833
2945.433
2724.7
2659.033
2150.167
2486.433
2587.9
2669.633
2344.567
2754.433
2427.567
2549.9
2382.367
2382.767
2297.033
2226.233
2311.633
2291.3
2373.833
2197.1
2330.3
2145.233
2259.7
2353.967
2370.167
2633.233
2760.3
2794.967
2968.633
2799.967
2897.567
2504.9
2999.767
2746.367
2713.967
3214.167
2807.833
3493.433
3447.967
3309.3
3425.233
4022.567
3498.567
3669.233
3156.7
3396.633
3337.367
3068.5
2867.833
2984.367
2867.767
2658.567
2744.233
3195.7
2779.433
3033.367
2986.967
3440.1
3356.433
3557.833
3334.1
3259.167
3124.3
2884.833
2793.567
2964.433
2608.167
2522.033
2415.767
2525.767
2481.033
1940.033
2311.767
2326.5
1986.367
1676.5
2410.633
2386.5
2435.567
2676.167
2303.833
3091.767
3200.1
3270.567
3101.9
3195.9
3030.567
2731.433
2884.167
2829.567
2996.9
2961.3
2746.567
3296.167
2975.433
3111.1
3022.633
3196.833
3141.167
3083.433
2539.567
3128.433
2960.5
3153.967
3106.167
3004.3
3055.3
3022.1
2960.767
3596.433
3579.833
3510.567
3679.767
3831.967
3920.233
3929.3
3750.033
4079.833
3804.233
4158.7
3701.567
4145.1669999999995
4492.033
3838.767
4079.833
4241.1
4044.233
4081.5
3439.833
3473.167
2994.833
2886.633
2148.3
2161.167
1754.567
1668.433
1643.233
2134.9
2312.5
2554.033
2895.033
3133.7
3188.1
3417.033
3743.9
4001.167
4245.767
4125.367
4121.7
4353.967000000001
3848.433
3791.433
3649.767
3377.567
2773.633
2640.633
2404.3
2395.3
2685.1
2766.233
3146.567
3779.3
3875.833
4031.233
4665.9
4902.967
4868.833
5193.167
4874.433
5538.367
5516.633
5964.833
5570.7
5570.433
5929.3
5702.633
5762.7
5909.433
5709.567
5934.1
5757.233
6369.033
6127.1
6298.567
5990.233
6503.167
6296.633
6150.033
6128.967
6669.633
6475.833
6427.767
6251.233
6402.233
5999.033
6107.767
6244.633
6344.167
6712.367
6493.167
6527.167
6573.7
6342.767
6088.033
5877.233
6142.9
6325.033
6518.9
6393.367
6340.033
6355.567
6369.5
6180.167
6243.833
6180.967
6060.5
6113.967
6542.967
6335.367
6427.367
6184.967
6337.367
6516.5
6323.3
6683.967
6742.1
6713.033
6773.7
6875.633
6911.767
7208.1
7389.167
7197.9
7135.7
7126.633
6632.433
6186.233
6423.233
6359.7
6374.767
6259.7
6452.9
6626.633
6679.967
7175.967
7154.167
7603.9
7517.1
7549.9
7560.367
7907.167
7301.3
7420.833
7872.7
7414.367
7495.167
7657.967
7657.433
7501.833
8041.433
7476.1
7803.567
7732.567
7681.633
7412.967
7719.567
7570.833
7641.833
7155.033
7677.767
7542.967
7465.833
7096.633
7566.5
7800.7
7959.5
7588.233
7896.767
7938.433
7811.5
7818.367
7773.7
6957.433
7390.967
7419.967
7535.567
7082.7
7606.233
7392.367
7562.5
7292.767
7251.433
7557.7
7663.3
7603.433
7681.433
7455.3
7298.833
7267.833
6757.1
6986.167
7654.433
7342.367
7484.767
7685.033
8018.833
8015.367
8258.767
7905.3
8083.1
8148.033
8134.967
7766.1
7719.3
7206.367
7440.167
6779.5
7408.7
7547.5
7229.5
7185.567
7894.9
7877.7
7388.5
7445.167
8094.1
8221.033
8021.1
7841.7
7946.033
8003.567
7848.9
7774.033
7952.367
7823.3
8070.033
8288.9
8000.9
8210.033
8451.832999999999
7670.033
7956.167
7835.633
7463.567
7795.033
7174.1
7425.767
7362.7
8138.7
8127.433
8001.1
7959.367
7595.833
7901.433
7811.233
8162.367
7845.967
7668.367
7191.9
7193.967
6971.567
6661.033
6585.233
6154.5
6096.833
6104.567
6083.433
6459.433
6734.5
7485.633
7882.967
8659.5
8748.7
9593.167
8832.033
8550.233
8854.3
8767.5
8698.1
9307.833
9285.233
9498.634
9343.634
9353.767
8701.833
8477.434
8196.567
8485.633
8293.5
9375.033
8860.566
9433.033
9398.5
9666.167
9673.833
9373.967
10029.767
10065.3
10549.833
10495.233
10565.3
10747.767
11031.767
10236.033
10429.167
9993.1
10117.634
10137.033
10459.233
10123.9
9930.967
9542.233
9437.3
9705.167
9456.167
8691.167
9435.566
9308.434
9841.566
10071.767
10063.366
10808.1
10451.434
10261.167
10453.9
10496.167
10298.7
10216.033
10285.9
10751.3
11074.167
11142.3
10789.7
10952.833
12213.434
11294.033
11260.967
11490.3
10964.967
11410.3
11364.167
11946.7
11515.434
11043.366
11329.767
11536.967
11402.7
10999.233
10848.5
11850.634
12189.833
11844.833
11379.5
11677.1
11468.9
11343.566
10622.167
11491.434
11388.634
11042.434
10511.5
10999.967
11247.434
11242.3
10885.5
11703.434
11736.566
11453.634
11824.434
11959.967
12489.833
12011.033
11805.167
12371.9
11922.366
12144.033
11499.634
11839.366
12407.434
11942.767
12121.634
12152.7
11867.9
12037.767
12307.233
12864.233
12579.366
12605.833
12665.434
12653.566
12911.967
13326.366
12975.566
12939.366
12592.7
12621.3
12182.366
12622.833
12286.233
12630.434
12020.634
11786.767
11970.967
11870.9
11609.967
12200.967
11725.833
11773.033
11840.566
11901.233
11930.434
11741.434
12295.967
12764.167
12948.1
12321.833
12278.967
12418.1
11956.833
12592.9
12222.3
12780.9
12825.167
13007.767
13001.1
13217.634
13375.3
12967.833
12488.167
13881.033
13412.566
13331.566
13431.366
13733.767
12777.9
13359.9
12688.9
13560.5
13391.566
12828.3
13186.967
13615.3
13332.566
13533.366
14164.7
13759.167
13234.1
13170.7
12932.9
12879.5
13300.967
13776.9
13815.366
14309.3
14394.967
14694.233
14343.833
14431.9
14703.566
14491.1
14388.566
14527.434
14585.167
14876.1
14533.9
15201.967
15022.634
15146.366
15452.9
15372.366
15298.3
14861.7
15039.434
15276.634
14926.967
14777.967
14674.634
15228.3
15006.3
15817.566
15190.434
14931.634
15311.634
15389.833
15985.9
16019.033
16093.9
15608.634
15856.233
15475.366
15646.366
15393.3
15602.9
15947.167
17361.699
16107.833
16722.9
17022.967
17143.367
16560.434
17741.967
17310.5
17581.5
18109.166
18693.834
17728.434
18210.566
17759.033
17995.768
19338.967
18135.699
18212.633
17530.1
17568.5
17593.232
18212.033
18044.699
18455.633
19095.566
18558.367
19262.033
19807.232
20289.166
20350.166
20486.232
21088.699
21688.166
21174.768
20083.967
20800.566
20892.434
20344.166
20723.633
21287.9
21254.033
21121.566
21536.633
22063.768
21404.033
22705.1
23197.166
22873.033
22333.301
23350.232
23177.1
23192.967
22938.5
23272.699
23304.633
23170.5
23289.367
22868.1
23113.5
23905.367
24464.301
24841.301
25049.367
26289.1
26408.768
25964.699
26547.566
26603.367
26329.434
26363.566
25484.633
26422.033
25709.768
25586.566
27009.967
27529.033
27731.5
27860.967
27991.033
28626.301
27911.367
28111.5
27625.434
27918.033
28073.566
27593.033
28285.699
28968.232
29224.367
29303.434
29431.434
29862.301
29855.967
29397.166
29620.434
29506.367
29597.367
29003.367
29492.1
29655.367
29738.768
30129.566
29675.566
29714.033
29770.033
29910.633
29888.1
30020.768
30333.633
29990.434
30145.9
30383.232
30219.367
29259.633
28806.367
27431.033
26335.5
25499.9
25241.699
25174.367
25574.768
25494.699
26688.367
27998.367
28410.967
29029.633
29070.5
29285.434
30109.834
31004.166
30583.166
31260.434
31262.434
31030.566
30253.967
30114.834
30313.768
30810.1
30990.5
31470.166
31974.566
32725.166
33169.699
33328.434
33381.035
32656.167999999998
32601.967
32233.967
32453.166
32525.834
32391.033
32540.033
31910.434
31558.566
31380.633
30933.566
31001.9
31344.367
31023.301
32351.5
32472.9
32771.367
33335.234
33554.234
32797.566
33028.834
32642.5
32738.367
32992.234
33371.102
33716.5
34583.699
34451.898
34984.234
34556.766
34615.766
34159.035
33476.301
33688.699
33607.898
33827.699
33614.234
33816.898
34372.633
34621.898
34110.633
34255.566
35237.832
34771.898
35070.832
34357.965
34994.102
34518.035
33700.367
33281.766
32940.965
32891.234
33153.367
33412.766
33758.367
34762.5
34448.301
35251.035
34739.168
34818.5
34622.102
34200.168
33942.035
33599.898
32967.102
33114.168
33142.168
32938.768
33150.035
33112.434
32814.367
32963.967000000004
32843.699
32936.633
33388.965
33801.766
33779.367
34116.766
34833.766
34978.633
34854.234
35236.832
34974.301
34896.965
34237.633
33802.633
33422.699
33631.566
34054.633
33840.5
34612.434
34913.832
35485.898
35689.168
35686.5
35570.699
36328.965
36615.367
37097.434
37156.301
36931.898
36731.367
36553.832
36506.434
35874.168
35744.832
35821.699
35803.699
35522.699
35430.5
34688.168
35253.965
34896.898
35240.898
35210.434
35979.035
36435.102
37015.168
37257.766
37596.766
36710.301
36844.766
36424.367
36440.5
36761.102
36415.168
36493.234
36112.898
36479.367
36796.766
36818.102
37000.434
36984.566
37499.367
37886.301
38632.965
37920.434
37783.699
37160.766
37237.168
36501.965
36563.102
36456.234
36247.234
36818.5
36901.566
35152.832
36356.102
36296.566
35989.234
36151.035
35943.102
35838.168
36072.832
36627.633
36898.898
36934.434
36791.301
36942.367
37614.102
37696.566
37963.301
37691.434
37234.766
36036.035
34638.367
33964.035
32634.434
31247.768
30759.9
31371.9
32298.232
34357.832
34904.965
34375.898
34400.566
34661.434
34070.898
34557.434
34013.633
33618.898
34411.168
35455.5
36319.367
36236.168
36594.566
36853.168
37198.102
37985.832
37490.035
37400.035
37505.434
36684.633
37192.832
37643.035
37696.566
37493.102
38264.633
38692.102
38609.965
38701.898
38064.367
37983.168
37651.898
37939.633
37608.301
36995.5
36771.699
36310.965
37261.035
37966.367
38582.898
38317.898
38956.168
39749.633
40075.035
39548.832
39182.566
39512.699
38949.965
38893.301
38309.566
38892.699
39370.566
38871.102
38670.898
38419.035
37425.367
36838.566
35373.434
34401.367
34000.434
34131.965
34450.965
34948.367
36013.035
36175.766
37344.301
37700.898
37707.301
38288.434
38458.301
38898.5
39039.102
39146.832
39592.633
40380.832
39779.5
39476.566
38725.699
38610.965
38492.434
38373.566
38330.234
38416.965
39045.035
39960.434
39982.234
40021.234
40026.633
39930.5
39679.5
39674.434
39742.566
38643.965
38150.5
37780.102
37276.168
36507.102
36039.301
36353.434
36675.035
37105.168
37445.5
38128.168
38125.035
37900.367
37768.633
38000.633
37717.898
37392.566
37466.168
37901.898
38387.035
38498.566
38536.766
39007.301
39497.035
39436.5
39505.102
39313.832
39125.699
38569.832
37866.633
37621.301
36815.102
35904.234
37070.434
36972.434
37227.699
37470.102
37967.699
38096.566
38473.301
37978.234
38018.5
38398.832
37874.832
37857.168
37643.832
37561.766
37298.965
36640.168
36238.5
36387.301
36443.5
36005.898
35366.168
35722.965
35501.234
35318.965
35290.301
35550.168
35778.566
35968.832
36407.5
36592.434
37005.367
36746.367
36592.898
37029.301
36989.367
35860.035
36615.234
36222.301
36266.035
36460.633
35848.566
35935.5
36708.367
36885.766
37209.434
37132.301
37297.234
37227.832
36928.832
37383.633
36950.035
36476.633
36350.965
36652.5
37104.367
37276.699
36537.766
36754.035
36641.832
36161.633
36500.234
36614.234
36515.434
36367.367
36499.434
36336.699
36532.965
35950.898
35727.965
35668.898
35608.766
35833.898
35359.766
36181.434
36385.102
36910.766
36273.367
36466.766
36527.699
36762.234
36619.766
36407.832
36625.566
36542.965
36300.102
36392.035
36416.367
36056.168
35639.898
36087.234
36162.035
36333.434
36268.102
36433.102
36463.102
36335.168
36673.5
36769.965
36988.102
36191.832
35790.965
36104.035
35550.699
35594.234
35412.035
35929.367
36373.5
36217.367
36091.566
36393.898
36346.434
36588.766
36407.699
36545.832
36838.633
36607.832
36626.5
36797.566
36848.898
36722.367
36598.965
36016.898
36197.434
35388.5
35649.035
35758.367
35692.832
35438.566
35521.965
35505.5
35371.367
35427.102
35762.367
35448.633
36001.035
35828.898
35761.434
35303.566
34890.434
34608.898
34763.168
34393.367
34416.035
34014.699
34653.766
34848.566
34897.035
34698.566
34332.234
35348.102
35590.102
35816.434
35851.566
36372.832
36551.633
35952.168
35749.367
35620.234
35616.566
34822.234
34980.102
35246.5
35179.234
35513.434
35449.633
35842.301
35760.965
35890.234
35646.898
35954.234
35574.102
35400.965
34825.832
35507.434
35558.965
34809.367
35596.168
35294.699
35603.832
35774.965
35308.234
35580.566
35202.367
34428.367
34059.168
34494.301
34308.434
33984.234
34397.234
34472.699
35360.102
35060.367
35665.301
35901.965
35557.168
35464.633
35798.434
36111.965
35643.766
35145.5
34947.234
34963.5
34472.898
34281.566
34162.102
34748.566
34762.566
34742.898
34687.168
35278.434
35286.301
35028.633
34724.898
34749.566
34393.367
33812.566
33393.5
33535.434
33504.035
33154.102
33411.035
33800.301
34266.035
34444.965
34471.965
34873.035
35010.965
35285.699
35248.566
35383.699
35246.234
35006.234
35536.699
34934.434
35404.168
35118.234
34631.234
35261.965
35125.301
35347.234
34957.699
34793.633
34733.766
34804.102
34195.965
34398.965
34162.168
34012.633
34224.766
33993.301
33792.367
33810.168
33577.035
34389.566
34628.633
33856.434
33979.832
34543.699
34455.832
34368.168
34806.301
34436.566
34133.367
34039.633
33327.434
33775.367
33101.301
33269.434
33170.367
33132.766
33594.5
33402.5
33735.699
33683.102
33563.766
33916.035
33861.766
34179.566
34045.367
33644.301
33718.832
33942.367
34077.301
33282.168
33594.766
33799.301
33824.965
33222.434
33721.5
34322.102
33962.898
33694.168
34457.035
34563.566
34377.168
34112.965
33767.035
34324.566
33862.5
34080.234
34011.898
33797.566
33922.898
33846.367
33623.766
33973.5
33720.168
33084.301
33284.035
33596.965
33372.766
32786.301
32863.5
32610.633
32450.1
32289.699
31883.434
32519.633
32465.633
32140.834
33002.9
32858.699
33070.898
33055.301
32713.633
33254.168
33003.232
32598.9
32101.9
32558.699
32645.768
31856.566
31097.699
30456.967
29806.834
29265.633
28704.367
28394.9
27832.166
27418.367
28347.166
28903.5
28949.834
29499.434
30134.434
31176.566
30944.232
31368.367
31284.5
31262.967
31491.633
31002.9
30783.834
30983.768
30890.232
30469.768
30519.566
30690.566
30913.699
30799.9
30596.232
31015.566
30819.768
30952.699
30771.1
31210.301
31098.834
30697.434
31200.1
30944.699
30701.033
30296.1
29974.699
30071.367
30036.166
30059.1
30297.166
30167.1
30502.434
30639.699
30477.301
30727.768
31122.1
30872.967
30552.566
30848.166
30969.367
30923.633
30982.699
30904.166
30467.566
30333.699
30361.699
30576.699
30437.566
29729.1
30120.834
30105.566
30357.633
30170.967
30007.367
30148.566
30286.633
30546.1
30070.699
30364.768
30594.434
30029.9
30343.834
30341.566
30290.033
29848.434
29938.033
29854.367
29889.301
29970.834
29863.5
29851.5
29789.1
29264.301
29604.633
29390.232
29641.834
29213.633
29546.768
30083.301
29769.5
30120.1
30134.633
30012.1
30402.9
30185.633
30236.9
30303.566
30185.434
30400.967
30190.768
30372.166
30082.9
30369.5
30072.699
30559.367
29932.033
30058.166
29827.367
30057.5
30179.301
29766.699
29613.5
29759.166
29725.033
29715.633
29777.566
29830.367
29899.699
29851.301
29842.834
29813.166
29464.367
29115.367
29000.633
29199.834
28740.367
28464.166
28522.033
29029.5
28948.434
28534.033
28566.232
28963.232
28726.9
28410.566
28222.1
28491.834
28387.566
27946.367
27543.301
27862.9
27998.301
27942.1
28143.367
28062.434
28103.5
27567.1
27745.367
27495.633
27371.1
26663.1
26582.232
26634.566
26212.699
26247.5
25559.232
25962.633
25607.768
25147.301
24484.566
24345.301
24482.9
24405.367
23744.834
24119.768
23981.967
24208.768
24297.768
24845.834
25211.434
25884.768
26553.9
26638.633
26758.033
26774.033
27069.834
26891.1
26514.033
26632.033
26386.166
26727.166
26427.768
26735.699
26719.699
27074.5
27033.1
27226.768
27107.9
27523.834
27404.699
27077.1
27431.232
27763.166
27487.834
27270.9
27003.699
27347.033
27272.768
27044.768
26988.967
27060.367
27131.367
27503.633
26707.166
27248.232
27268.768
27266.699
27084.699
27306.967
27161.166
26792.967
26770.5
26916.301
27090.434
26467.434
26340.5
26562.367
26293.768
26231.166
26397.5
26540.834
26317.166
26176.967
25941.768
25955.1
25893.367
26047.1
26002.301
26017.967
25929.434
25982.967
25834.834
25772.9
25766.699
25534.232
25018.5
25496.301
25021.033
25080.768
25112.033
25301.699
25014.033
25192.033
25048.834
25093.9
25444.367
25236.301
25522.9
25378.967
25570.5
25343.434
24827.1
24971.301
24719.1
24562.768
24746.633
24579.1
24617.566
24603.1
24547.699
24999.566
25440.232
25046.033
25535.434
25699.1
25395.768
25538.033
25218.967
25526.166
25596.301
25834.434
25934.434
26010.699
26358.699
26215.834
26556.967
26911.1
27195.699
26653.033
26523.768
26880.768
27288.699
27158.166
27611.699
27784.033
28126.9
27930.301
28079.633
28016.5
27757.566
27161.633
26219.834
25750.633
25446.699
25219.566
24968.633
24802.834
24742.633
24681.1
24598.834
24774.967
24690.367
24669.566
24638.967
25031.033
24773.301
24665.301
24347.9
24387.768
24584.633
24151.1
24443.166
24324.232
24538.9
24554.301
24618.699
24706.5
24883.768
24530.232
24666.434
24976.434
24789.834
24290.633
24616.699
24981.033
24778.566
24444.232
24657.033
24964.434
24419.633
24823.301
24171.633
24523.768
24195.1
24023.166
24175.633
24008.166
24092.967
23841.834
23377.566
24069.232
24140.768
23797.1
23782.367
23969.9
23804.566
24132.834
23566.301
23832.1
23813.5
23952.367
23974.301
24110.633
23840.434
23954.1
24094.232
24355.232
23930.434
23494.232
23556.434
23793.633
23915.1
23663.1
23734.232
23675.232
23885.1
23615.9
23621.367
23698.033
23601.699
23197.1
22994.768
23619.434
23307.9
22881.166
22837.033
23222.367
22791.166
22764.434
22883.566
23106.967
22782.434
21764.5
22498.434
22904.1
22483.1
22469.301
22036.566
22316.1
22370.434
22651.434
22628.033
22554.699
22257.699
22323.166
22339.033
21891.699
21713.434
21265.1
21556.9
21163.5
21578.699
21159.301
21289.301
22521.566
22296.9
22301.566
22857.5
22655.434
22671.434
22217.166
21915.5
21732.768
21750.033
21468.1
21529.1
21679.367
21758.633
21471.1
21743.633
22397.967
21960.967
21468.232
21809.967
22043.967
22131.967
21784.166
21906.232
22060.9
21721.9
21432.232
21047.301
21421.232
21034.166
20927.834
20528.367
20588.9
20661.5
20048.566
19590.633
19558.699
18344.1
17661.232
16904.699
17066.967
17116.301
17201.033
17372.232
18086.834
18860.1
19303.633
19311.699
19500.033
20102.434
20644.699
20512.1
20199.967
20666.5
20603.434
20662.434
20696.9
20289.768
20013.5
19886.699
20346.434
20223.434
19797.768
20485.768
20392.566
20589.166
20709.301
20541.367
20688.699
20622.834
20430.232
20532.166
20632.9
20809.367
20384.434
20357.434
20775.166
20864.232
20737.633
20800.166
20934.1
20953.566
20799.232
20307.301
20784.768
20707.9
20449.434
20226.5
20498.367
20625.699
20415.033
19987.232
20278.699
20598.367
19935.1
20580.1
20729.434
20647.834
21088.566
20799.834
20925.9
20884.434
20676.699
20787.301
20750.367
20717.301
20359.834
20452.232
20498.834
20524.834
20447.166
20552.367
20744.967
20758.5
20466.566
20232.301
20551.768
20444.566
20641.166
20197.5
20704.166
20500.5
20735.434
20663.699
20804.033
20726.232
20274.166
19989.566
20542.834
20457.166
20613.633
20195.232
20182.9
20249.5
20163.434
20468.967
20255.1
20199.768
19665.033
19730.699
19799.301
20112.633
19236.768
19541.434
19754.1
19746.1
19540.834
19360.834
19818.967
19718.834
19494.699
19659.434
19729.367
19903.1
19224.1
19433.033
19919.166
19935.699
19600.1
19423.434
19615.768
19779.434
19427.033
19416.367
19592.834
19495.301
18945.967
19223.633
19275.1
19083.768
19088.633
19180.699
18902.633
19632.5
19022.5
18923.166
19007.768
19057.699
18931.166
18394.367
18917.9
18924.232
18645.566
18385.166
18866.232
18758.967
18636.566
18115.768
18730.566
18656.367
18594.768
18636.033
18291.1
18578.566
18439.633
17996.834
18291.5
18093.834
18130.834
17675.1
18090.5
18003.301
17404.367
17039.834
17811.1
17621.699
17434.9
17351.5
17589.768
17444.434
17139.9
17058.834
17665.967
17414.1
17226.9
17084.834
17583.834
17154.9
16955.967
16900.566
17507.367
17285.768
17020.367
17007.967
17190.633
16900.301
16496.9
16202.565999999999
16704.5
16777.5
16699.367
16989.367
17129.768
16942.768
16362.033
17030.367
16803.5
16726.033
16703.166
16605.768
16521.166
16645.301
16192.3
16098.434
15440.967
14667.366
13899.566
13127.233
12683.967
12511.634
12459.9
12425.233
13421.3
13935.767
14151.5
14632.833
14960.833
14984.967
15113.434
15017.366
15114.967
14595.566
14601.033
13841.434
14904.1
14839.233
14616.833
14547.5
14992.033
15175.7
15358.1
15075.233
15468.3
15711.366
15361.434
15426.5
15795.833
15778.9
15807.9
15893.1
16016.1
15973.033
15759.1
15356.767
16222.5
15899.7
15826.5
15341.5
16055.566
16153.833
15894.634
16044.366
16064.767
15555.033
15672.967
15377.366
15943.5
15793.434
15716.767
15657.967
15748.366
16017.9
15613.7
16138.3
16081.7
16147.5
16135.033
15728.033
16416.5
16406.7
16041.566
16243.1
16969.232
16765.9
16522.434
17042.033
17306.967
16979.301
16725.768
16899.699
16534.9
16687.566
16158.301
16310.166000000001
16602.434
16425.3
16351.1
16776.5
16351.833
16509.767
15835.7
15702.5
16601.1
16412.634
16301.366
16437.033
16290.033
16356.566
16474.566
16144.366
16210.7
16173.7
16109.634
16076.5
16300.9
15965.967
16067.167
15958.434
16325.033
16070.3
16203.434
16101.5
16511.767
16089.366
16173.366
16076.9
16388.167
16637.767
16714.9
16627.699
16520.033
16433.634
16269.566
16542.367
16660.233
16728.5
16697.033
16379.099999999999
17022.367
16850.834
16780.1
16280.5
16822.967
16731.033
16513.366
16409.5
16519.5
16658.767
16810.767
16728.634
16825.367
16576.967
16677.566
16876.9
16603.166
16705.232
16592.967
16438.768
16577.768
16633.232
16405.166
16368.900000000001
16508.967
16750.5
15841.434
16609.566
16648.233
16585.366
15891.7
16281.1
16571.167
16630.767
16503.9
16567.967
16532.9
16636.967
16356.9
16249.167
16645.167
16375.366
16486.767
16144.366
16413.5
16481.434
16155.967
16077.167
16387.3
16049.033
16009.033
15806.434
16200.434
16063.167
15737.967
16022.233
15991.833
15753.3
15913.366
16022.7
15855.767
15840.9
15586.167
15621.434
15897.767
15616.767
15730.033
15330.9
15421.566
15467.434
15344.767
15409.434
15269.033
15184.767
15121.1
15079.1
15343.3
15266.033
15159.3
14221.434
14432.9
14242.634
14001.566
13283.634
13125.5
13042.167
12585.566
11902.967
12457.634
12336.233
11576.167
12007.5
11976.634
11586.767
11765.5
11303.833
11453.3
11277.7
10955.167
11068.167
11309.566
11212.434
11357.1
10089.167
10870.434
10907.634
10477.434
10843.9
11137.366
11235.5
11107.3
11615.434
11924.9
12048.566
12276.366
12708.967
12723.366
12615.366
12749.9
12530.7
12518.967
12684.167
12663.5
12096.3
12521.233
12303.833
11912.3
11232.7
11551.167
11336.833
10974.366
10837.434
10691.233
10796.167
10683.167
10518.033
10944.366
10931.167
10781.566
10768.033
10853.434
10705.833
10631.967
10524.9
10951.566
10778.634
10462.434
10903.634
11270.033
11085.167
10819.9
11006.833
10992.1
11039.566
10984.767
10887.233
10894.967
10578.767
10029.033
10518.167
10458.967
10653.033
10800.634
10413.033
10976.1
10851.634
10143.566
10408.434
10526.833
10356.366
10425.366
10667.233
10799.5
10769.167
10946.167
10887.7
11048.634
10898.7
10805.033
10518.9
10719.033
10884.3
10614.967
10628.5
10827.7
10797.7
10593.3
11097.767
11190.767
11364.967
10960.967
11226.833
11458.767
11434.566
11657.5
10907.033
11443.967
11336.233
11523.634
11126.967
11817.167
11586.3
11780.233
11404.233
11963.967
11896.767
11533.9
11343.233
11553.7
11317.366
11257.3
11475.566
11390.033
11271.5
10956.7
10941.1
11164.967
11330.434
11157.033
11329.5
11301.233
11129.767
10959.9
11195.233
11310.434
11180.833
11485.3
10902.566
11227.033
11509.7
11483.366
11169.566
11220.233
10803.3
10553.233
10953.167
10892.233
10975.967
10170.1
10685.7
10991.7
10847.3
10573.366
10920.167
11178.5
10774.634
10941.634
10816.767
11059.634
10701.833
10454.833
10430.566
10771.7
10702.7
10293.3
10560.9
10582.967
10736.967
10550.434
10618.967
10690.033
10534.9
10361.5
10591.7
10728.5
10666.634
10489.967
10849.767
10587.5
10693.233
10590.366
10397.566
10574.7
10558.7
10434.167
10284.3
10360.967
10434.566
10119.566
10049.3
10535.033
10471.767
10204.566
10279.7
10502.3
10527.233
10076.233
10160.9
10370.3
10185.5
9949.767
10358.9
10329.033
10108.833
10342.233
10133.366
10180.9
10137.7
9861.167
9503.233
10190.967
9838.233
10087.767
9927.566
9985.1
9803.434
9768.7
9603.233
9968.634
9825.167
9761.634
9469.833
9745.833
9788.233
9604.967
9581.366
9838.366
9816.3
9290.5
9492.434
9767.833
9746.7
9042.233
9223.9
9651.1
9597.3
9492.1
9159.366
9709.9
9635.566
9511.033
9273.233
9440.7
9252.767
9142.566
9298.233
9458.366
9274.7
9093.366
9139.634
9584.5
9558.967
9365.767
9062.634
9213.167
9331.233
9149.167
8958.967
9306.566
9217.767
9211.767
8863.767
9088.233
9151.5
9127.767
8950.1
9135.566
8939.233
9388.233
8680.366
9127.7
9029.167
8822.434
8395.7
9097.3
9048.5
9088.566
8761.7
8851.033
8697.167
8833.167
8959.1
9243.3
8465.033
8752.967
8535.233
8772.033
8177.1
7733.3
7061.5
6805.833
5960.5
5123.833
4520.233
3869.7
3121.7
2747.167
2057.433
2370.767
2272.367
1983.567
2146.3
3044.9
3247.967
3238.1
4236.7
4782.3
5088.7
5413.5
4767.167
5502.033
5112.9
4947.3
4550.033
4321.967
4399.3
4099.233
3856.633
4261.5
4353.5
4322.633
4105.767
4875.1
4644.967
4698.233
5303.033
5365.633
5587.233
5289.567
5785.567
5987.5
5956.167
5982.567
6238.5
6562.967
6608.767
6179.967
6422.3
6996.1
7014.767
6593.567
7100.3
7378.233
7510.3
7439.633
7439.167
7916.633
7906.167
7301.967
7444.5
8136.167
8211.7
8032.3
7773.5
8295.967
8150.167
7941.1
7922.567
8414.167000000001
8213.367
7370.633
8231.233
8389.767
8457.767
8123.167
7904.9
8421.433
8341.233
8163.433
8073.967
8213.033
8335.967
7916.433
7761.633
8702.433
8263.167000000001
8054.567
8076.433
8404.033
8307.832999999999
8197.367
8131.567
8357.367
8320.167000000001
8140.367
8114.233
8421.233
8391.633
8259.5
8132.233
8443.433
8382.967
7812.5
8043.9
8344.832999999999
8257.433
7909.433
7834.767
8240.633
8123.833
8177.367
7924.233
8182.233
8307.167000000001
8016.167
7546.1
8349.767
8212.367
8225.967
8019.5
8514.433
8276.033
8077.167
7848.833
8344.233
8129.433
7704.367
7552.5
8197.7
8125.3
8135.3
7555.167
8215.033
8092.7
7967.567
8023.9
8212.7
8159.1
8014.433
7937.833
8437.633
8234.367
7388.433
7750.5
8335.433
8092.3
8075.033
7922.633
8318.1
8210.1
7779.3
7575.567
8128.767
7993.433
7955.7
7843.1
8169.7
8141.567
7974.367
7533.633
8190.233
8142.7
7800.433
7462.5
8057.233
8221.367
7908.633
7813.167
8147.967
7778.5
7742.567
7893.033
7884.833
7796.567
7669.5
7472.1
8066.167
7866.9
7543.7
7474.5
7898.167
8032.767
7367.833
7424.3
7908.1
7817.3
7853.5
7620.967
7824.967
7767.767
7660.5
7354.967
7987.233
7762.833
7463.367
7418.967
7795.433
7702.833
7553.967
7052.7
7673.967
7629.967
7517.967
6967.7
7770.567
7563.9
7086.5
7492.433
7590.433
7479.5
7027.633
7137.567
7298.833
7395.767
7148.033
7110.033
7391.7
7164.7
7144.233
6955.967
7274.567
7318.5
6855.367
6796.9
7309.3
7269.633
6981.9
6930.767
6978.3
7168.833
6750.9
6901.033
6967.567
7023.167
6806.5
6618.833
7157.7
7023.033
6651.167
6329.967
6897.633
7082.767
6884.7
6636.633
6966.167
6952.367
6269.033
6676.033
7078.367
6741.3
6565.433
6629.7
6850.9
6895.3
6508.3
6358.3
6765.833
6852.3
6659.367
6539.1
6810.1
6635.167
6340.567
6046.7
6689.033
6500.833
6738.367
6255.567
6762.1
6734.233
6228.7
6284.967
6778.233
6619.567
6424.767
6474.5
6743.033
6689.7
6292.3
6227.7
6807.5
6550.7
6433.833
6467.233
6696.433
6548.033
6124.767
6013.3
6392.167
6324.233
5810.1
5938.567
6414.7
6255.1
6419.3
6075.9
6420.367
6270.033
6487.433
6099.033
6359.767
6252.633
5909.967
5891.767
6367.767
6227.967
5778.967
5249.1
6196.833
6222.767
5785.033
5945.1
6225.033
5998.967
5871.3
5834.833
6194.967
5994.833
5816.7
5461.9
6062.1
6102.367
5383.3
5569.567
6139.833
5945.967
5686.9
5462.767
6080.3
6053.7
5959.233
5554.3
6120.9
6049.767
5979.9
5861.5
6065.167
5920.833
4701.833
5183.433
5965.7
6049.833
5659.367
5400.567
5912.3
6041.233
5379.833
5369.767
5796.367
5768.233
5301.967
5334.633
5832.5
5784.033
5130.5
5130.167
5697.367
5628.7
5363.833
5371.1
5586.033
5502.433
5100.433
5488.833
5594.5
5594.367
5091.433
5306.9
5671.7
5442.567
4960.567
4857.167
5469.767
5459.9
5289.9
4736.9
5510.7
5388.367
4687.433
4831.967
