265.83299999999997
50.75
-140.167
140.017
434.233
106.88300000000001
196.633
212.683
218.5
244.617
105.63300000000001
-189.78300000000002
200.7
196.28300000000002
13.567
-54.783
341.033
-20.049999999999997
50.833
347.683
412.7
165.017
454.9
128.55
272.433
187.083
209.433
-145.71699999999998
186.7
189.95
309.633
2.4170000000000016
264.767
182.21699999999998
226.7
1.75
545.833
450.683
74.967
-76.717
231.167
113.483
-16.433000000000007
153.483
188.63299999999998
211.55
141.567
199.75
207.3
229.083
-55.233000000000004
17.75
598.5
259.35
-26.632999999999996
-274.05
413.7
416.75
32.766999999999996
21.150000000000006
361.7
412.817
370.7
205.28300000000002
403.567
346.017
136.833
299.483
372.367
370.95
311.83299999999997
-160.71699999999998
425.1
263.617
20.967
57.617
373.16700000000003
166.28300000000002
125.167
47.683
283.367
471.41700000000003
193.1
45.68300000000001
221.03300000000002
325.483
23.299999999999997
-12.850000000000001
232.03300000000002
186.95
483.767
-15.25
175.767
201.21699999999998
330.433
-85.38300000000001
181.367
227.28300000000002
175.767
72.95
409.033
342.35
-232.833
5.417000000000002
378.3
281.017
202.767
183.683
450.9
269.683
-10.5
258.683
92.5
299.483
233.433
262.75
406.7
257.483
538.5
-246.45
315.033
339.95
94.167
342.883
382.233
434.15
239.3
78.15
332.16700000000003
217.083
-75.967
89.81700000000001
322.367
284.217
111.167
-12.783000000000001
397.16700000000003
422.08299999999997
46.43300000000001
-262.25
331.5
298.217
75.967
109.35
268.233
396.08299999999997
325.5
28.549999999999997
277.16700000000003
309.08299999999997
-297.16700000000003
-163.517
289.1
185.883
155.767
-32.45
321.367
238.883
42.033
188.55
391.3
280.483
231.7
-134.45
439.433
383.283
419.16700000000003
138.483
474.83299999999997
251.21699999999998
147.833
317.883
394.3
55.283
355.5
-186.65
132.167
211.88299999999998
-5.099999999999994
344.817
573.767
395.817
155.36700000000002
-108.783
487.1
136.417
444.3
3.4170000000000016
372.233
332.35
299.967
359.617
511.9
324.41700000000003
416.7
283.283
318.233
208.817
368.233
-370.25
375.7
337.483
157.633
119.95
124.9
299.35
463.967
151.017
238.36700000000002
269.55
103.9
-222.583
256.3
358.217
448.5
169.15
374.16700000000003
288.817
45.900000000000006
-340.05
429.433
216.21699999999998
-82.967
-0.982999999999997
260.967
177.017
-1012.967
-112.317
110.233
247.28300000000002
237.03300000000002
-88.38300000000001
548.167
377.55
249.1
43.617
242.233
210.55
-119.833
409.817
508.83299999999997
256.283
-203.3
15.683
295.3
300.817
-121.967
325.617
363.033
238.483
385.767
319.617
318.5
386.35
238.1
162.083
357.233
230.417
393.433
5.616999999999997
384.433
404.217
319.633
-86.317
208.96699999999998
290.017
67.767
-305.983
361.16700000000003
335.283
244.167
-145.71699999999998
345.3
318.017
199.96699999999998
53.617
354.033
338.483
-166.9
174.55
326.433
41.217
-162.567
140.683
254.7
196.55
303.433
147.75
249.7
502.883
76.233
145.35
363.1
502.35
377.7
139.417
199.36700000000002
257.35
79.967
463.683
339.567
184.483
-174.7
79.55
187.367
265.017
250.233
-38.317
520.3
521.15
6.299999999999997
256.08299999999997
351.9
311.483
217.367
74.417
315.5
358.41700000000003
53.633
97.55
270.9
293.017
153.3
263.35
452.233
391.15
368.567
58.15
519.9
129.61700000000002
344.1
-192.11700000000002
327.967
122.88300000000001
-140.03300000000002
235.817
291.033
155.417
499.767
337.217
324.16700000000003
202.35
581.167
15.150000000000006
319.033
222.88299999999998
-94.1
204.017
573.567
347.15
481.1
-128.517
373.767
281.683
312.767
110.15
259.633
431.483
-135.833
130.483
510.3
221.75
44.3
68.35
251.5
250.483
415.7
78.083
561.233
445.95
596.433
342.283
588.7
382.217
104.767
195.15
244.7
434.08299999999997
613.167
34.882999999999996
548.233
426.75
389.9
513.283
453.9
335.683
193.63299999999998
471.35
311.767
579.35
-55.63300000000001
93.94999999999999
378.36699999999996
334.55
377.83299999999997
192.483
698.633
354.61699999999996
535.5
345.35
497.1
448.55
480.5
100.75
815.033
273.95
386.5
319.35
671.3
324.15
505.033
370.41700000000003
369.9
600.417
515.967
387.88300000000004
345.433
599.817
389.033
194.95
705.233
494.017
396.033
311.683
310.1
401.017
532.1
380.15
615.233
491.08299999999997
282.767
207.15
370.1
457.283
356.433
228.61700000000002
585.567
157.017
433.9
169.28300000000002
392.433
271.083
449.233
515.283
412.233
146.41699999999997
476.367
646.483
160.03300000000002
571.017
426.9
461.95
486.5
435.95
291.233
609.4169999999999
796.8330000000001
297.75
313.833
890.95
529.3
720.55
115.03300000000002
277.683
739.9
551.283
666.567
723.617
253.83300000000003
202.61700000000002
327.3
285.817
844.7
644.95
133.10000000000002
593.817
485.633
710.75
750.5
569.283
493.7
827.55
117.36700000000002
389.75
505.167
644.483
963.567
874.483
804.367
716.483
521.633
599.017
650.767
549.683
205.433
406.35
777.033
595.883
864.833
419.08299999999997
902.767
804.55
904.1
716.017
874.233
795.15
379.36699999999996
834.75
714.967
613.55
543.367
670.017
690.1
793.35
706.1
459.01700000000005
800.7
540.817
519.233
366.88300000000004
857.367
717.75
665.1
713.017
831.3
585.75
608.1
502.61699999999996
806.767
833.55
747.033
487.95000000000005
988.633
707.283
751.367
720.283
875.833
729.817
242.10000000000002
643.35
703.633
749.017
787.433
936.217
1082.367
866.15
880.233
847.283
995.567
1040.95
877.167
920.883
905.433
879.75
1060.967
902.35
1308.767
805.15
402.567
668.217
885.633
1156.417
880.833
942.417
1300.367
1073.283
1002.3
913.95
1132.567
1161.15
1206.167
922.683
1290.5
958.217
904.033
822.017
922.3
877.75
1201.767
556.217
945.833
1025.417
1235.5
811.15
1136.633
979.217
1204.567
1024.35
1117.233
1176.083
1174.1
1078.95
1373.1
904.15
1433.433
1165.55
1239.033
1165.817
1058.7
1254.35
1507.767
873.283
997.767
1254.817
1493.567
1212.017
1331.1
1069.417
1157.5
1047.55
1145.367
1217.75
1162.633
1414.217
1643.7
903.4169999999999
1472.7
1435.35
1349.633
1273.083
1355.967
1223.15
1179.233
1475.75
1425.167
1220.15
1061.5
1162.95
1134.7
1083.683
1415.633
1281.883
1391.833
1559.95
1340.233
1470.083
1656.967
1366.683
1702.767
1520.75
1872.833
1593.417
1444.233
1670.883
1701.433
1602.017
1423.3
1572.217
1434.167
1488.683
1381.1
1599.217
1600.167
1420.95
1153.1
1431.083
1405.5
1396.217
1223.233
1152.083
1428.767
1195.217
1182.367
902.2170000000001
1572.367
1128.95
1438.367
1364.35
1496.633
1875.95
1602.033
1787.817
1609.1
1764.483
1927.5
1537.883
1787.9
1757.75
1562.967
1488.617
1801.033
1626.683
1900.833
1471.75
1722.167
1744.417
1709.7
1807.35
1757.3
1746.75
1902.433
1796.75
1885.633
1890.75
1811.7
1546.417
1898.967
1887.15
1716.233
1939.55
2048.1
1897.35
1828.3
1527.683
2056.7
1873.217
2140.233
2342.083
2349.967
2651.883
2617.233
2458.217
2408.833
2317.817
2467.767
2055.55
2630.767
2319.75
2475.833
2392.683
2668.233
2174.75
2349.833
2497.617
2422.833
2445.483
2244.7
1917.5500000000002
2495.5
2545.15
2416.433
2489.75
2663.167
2606.95
2484.7
2275.35
2686.367
2634.883
2165.767
2428.15
2410.833
2573.683
2397.7
2568.283
2761.5
2536.017
2460.3
1978.4830000000002
2324.367
2412.15
2508.3
2174.75
2578.833
2268.083
2395.967
2231.417
2231.433
2155.417
2066.3
2146.75
2158.3
2235.883
2049.1
2178.15
2002.3
2135.15
2201.033
2209.483
2476.3
2597.15
2633.167
2792.95
2641.9
2732.617
2355.7
2806.483
2592.233
2530.35
3030.367
2635.883
3300.9
3236.217
3090.1
3201.483
3794.167
3262.483
3455.7
2933.683
3195.1
3129.083
2880.833
2686.95
2804.433
2683.283
2479.433
2563.15
3032.433
2581.55
2828.967
2784.883
3229.233
3149.95
3369.9
3142.483
3062.9
2934.483
2720.5
2618.95
2821.567
2460.75
2398.9
2277.683
2410.367
2361.217
1823.9
2185.483
2197.7
1867.817
1573.567
2296.017
2259.367
2311.283
2527.967
2142.75
2923.033
3020.75
3080.3
2914.217
3049.5
2853.55
2583.633
2723.417
2690.033
2821.883
2815.833
2579.483
3130.167
2800.75
2946.9
2857.55
3029.567
2974.617
2929.5
2383.283
2971.167
2790.817
2983.5
2947.817
2849.9
2885.15
2844.233
2795.883
3417.033
3379.15
3307.367
3467.683
3634.033
3715.617
3746.367
3556.55
3872.833
3578.017
3953.1
3490.15
3928.167
4249.883
3616.167
3851.75
4034.3
3843.283
3893.567
3250.883
3278.9
2820.15
2747.767
2016.083
2050.9
1672.217
1576.567
1543.017
2029.5
2203.017
2436.167
2774.683
2978.7
2998.95
3228.633
3556.75
3801.1
4034.017
3939.233
3917.017
4126.633
3636.283
3617.7
3456.817
3222.167
2622.417
2504.033
2302.15
2289.233
2562.35
2617.5
3007.883
3598.5
3676.883
3818.167
4434.017
4655.7
4624.017
4929.7
4600.883
5249.5
5254.35
5701.1
5288.683
5263.5
5652.75
5446.633
5488.817
5614.833
5410.75
5648.767
5483.883
6092.033
5846.75
6015.967
5701.15
6172.1
5994.617
5841.567
5817.55
6371.7
6170.95
6140.833
5955.217
6115.633
5688.683
5814.9
5950.35
6040.9
6386.817
6180.5
6220.817
6252.967
6069.15
5784.167
5562.683
5855.833
6028.75
6230.767
6096.883
6024.433
6039.083
6072.233
5870.683
5977.367
5905.683
5798.833
5816.35
6279.567
6039.883
6150.967
5887.15
6047.033
6184.15
6043.5
6397.017
6441.9
6423.683
6457.9
6559.483
6592.967
6871.283
7057.767
6900.283
6829.567
6825.95
6344.233
5910.817
6151.367
6088.95
6107.767
5988.75
6193.367
6345.55
6404.367
6865.483
6829.967
7249.817
7201.3
7228.35
7244.633
7550.883
6997.1
7084.417
7561.433
7071.017
7174.3
7319.283
7331.5
7185.35
7724.3
7133.017
7511.633
7412.617
7336.233
7091.217
7384.567
7266.417
7342.633
6848.283
7363.033
7237.483
7127.1
6776.417
7270.833
7493.15
7647.167
7275.283
7568.7
7611.95
7475.833
7487.617
7422.633
6628.817
7115.1
7119.017
7258.233
6772.883
7313.7
7077.75
7267.633
7033.283
6981.567
7256.75
7377.567
7296.483
7367.433
7141.417
7026.1
6996.75
6501.1
6683.217
7357.9
7015.283
7177.3
7384.617
7723.767
7702.417
7950.433
7593.483
7781.167
7816.883
7818.433
7458.15
7455.5
6944.083
7188.1
6515.483
7142.9
7259.683
6949.767
6905.35
7599.367
7564.817
7110.9
7177.817
7791.633
7922.283
7739.5
7540.417
7692.767
7710.283
7591.833
7476.15
7678.033
7541.417
7757.367
7996.417
7696.033
7891.083
8134.633
7348.817
7652.1
7516.883
7199.3
7520.95
6897.833
7143.817
7057.433
7837.417
7856.767
7699.017
7654.633
7281.75
7620.033
7510.35
7926.3
7526.883
7391.767
6902.017
6932.5
6721.217
6432.3
6338.883
5954.767
5867.017
5903.9
5861.15
6219.567
6513.017
7236.833
7601.55
8348.7
8421.283
9240.233
8506.75
8254.433
8515.884
8434.033
8368.55
8965.3
8968.884
9178.967
9019.283
9035.167
8419.75
8202.3
7893.55
8175.767
7996.883
9044.233
8546.217
9125.233
9079.95
9373.1
9370.017
9056.233
9679.75
9738.767
10196.75
10135.833
10194.283
10392.833
10648.75
9880.033
10063.684
9641.233
9766.35
9786.9
10084.55
9775.634
9571.55
9228.566
9124.616
9395.033
9115.017
8389.033
9119.816
8998.566
9510.017
9731.767
9718.217
10462.033
10138.95
9916.833
10106.55
10153.233
9977.884
9881.7
9908.55
10423.7
10693.017
10763.634
10391.017
10553.1
11795.55
10885.5
10852.283
11091.833
10545.884
10999.5
10967.217
11546.767
11129.816
10666.967
10950.35
11161.167
10999.017
10606.033
10475.95
11488.967
11769.217
11443.9
11005.75
11339.833
11098.684
10969.366
10278.95
11149.767
11023.616
10656.833
10161.616
10649.233
10891.616
10892.7
10497.283
11339.1
11355.017
11064.1
11465.083
11571.366
12104.417
11641.767
11428.95
11986.1
11557.083
11785.3
11135.083
11484.767
12001.684
11578.233
11741.95
11773.167
11497.816
11641.767
11926.95
12477.566
12173.75
12199.967
12242.55
12260.9
12505.616
12922.167
12561.55
12569.033
12233.684
12238.5
11794.816
12260.3
11885.417
12268.3
11656.816
11405.566
11584.15
11466.033
11261.55
11843.5
11354.884
11430.3
11425.35
11522.366
11549.083
11381.1
11897.017
12360.1
12588.483
11927.566
11897.55
12037.9
11580.884
12221.033
11819.017
12413.1
12408.816
12612.167
12629.417
12819.233
12960.884
12580.033
12102.483
13463.233
12980.55
12914.033
13034.15
13356.033
12396.417
12905.233
12313.283
13175.167
12998.217
12454.233
12778.483
13219.566
12930.684
13098.1
13727.283
13363.3
12839.884
12792.1
12548.55
12528.7
12910.684
13342.634
13415.083
13909.5
13938.55
14291.366
13908.15
14002.566
14243.483
14041.5
13942.55
14096.566
14159.217
14428.167
14129.75
14768.5
14570.55
14692.1
15006.217
14931.767
14867.95
14450.634
14610.35
14845.5
14484.816
14332.7
14254.417
14767.1
14582.816
15382.033
14772.816
14461.167
14841.083
14965.634
15503.483
15563.7
15587.884
15123.233
15391.684
15050.033
15181.816
14950.3
15151.616
15518.167
16836.35
15659.5
16245.35
16512.634
16645.55
16074.099999999999
17272.551
16767.699
17068.018
17619.166
18121.283
17181.834
17675.949
17235.1
17454.15
18768.301
17616.482
17671.301
16952.75
17060.166
17086.084
17676.699
17524.684
17915.166
18523.084
18027.5
18684.617
19220.301
19693.883
19749.699
19851.217
20513.232
21061.75
20540.768
19454.883
20193.367
20303.816
19782.633
20072.416
20675.633
20662.018
20501.633
20939.949
21423.367
20832.283
22070.367
22544.816
22217.5
21768.35
22647.301
22476.217
22492.699
22290.018
22595.834
22595.217
22491.301
22543.018
22186.9
22417.35
23197.367
23755.283
24121.367
24250.551
25496.434
25655.551
25183.5
25764.283
25794.166
25527.617
25587.768
24743.283
25632.033
24948.416
24829.5
26242.949
26700.033
26932.816
27097.301
27146.75
27829.5
27075.15
27317.967
26839.551
27122.033
27301.883
26810.9
27441.949
28146.166
28392.35
28511.301
28625.416
28976.166
28978.416
28552.633
28775.482
28680.566
28738.482
28156.434
28690.15
28786.367
28880.084
29291.367
28771.018
28801.699
28970.684
29033.367
28988.217
29152.232
29449.883
29099.633
29258.283
29580.633
29335.283
28426.9
28023.283
26613.5
25581.883
24839.5
24495.883
24501.367
24813.018
24747.768
25935.75
27249.699
27652.35
28190.566
28183.15
28482.1
29280.949
30153.566
29742.15
30421.1
30430.883
30186.566
29453.018
29302.033
29518.482
29982.367
30242.084
30603.232
31066.15
31822.166
32248.949
32443.967
32466.416
31742.633
31685.482
31317.367
31538.551
31596.232
31531.75
31650.232
31062.416
30672.166
30516.217
30129.633
30077.482
30477.699
30194.684
31468.967
31559.416
31871.301
32440.551
32686.232
31888.35
32199.434
31749.949
31888.834
32095.684
32467.166
32806.551
33662.102
33524.285
34008.832
33612.816
33694.301
33258.215
32626.834
32795.949
32752.166
32918.816
32700.232
32957.617
33472.832
33679.816
33237.766
33332.484
34324.766
33735.75
34162.633
33432.148
34070.035
33555.352
32809.434
32373.416
32056.232
31952.482
32212.9
32466.217
32848.699
33816.148
33508.699
34210.215
33748.301
33818.484
33626.898
33238.082
33036.566
32708.617
32012.232
32180.283
32232.699
32006.416
32220.633
32142.217
31940.768
32069.949
31962.9
32025.684
32507.633
32897.217000000004
32796.566
33175.418
33890.035
33949.016
33887.035
34188.617
33926.566
33847.215
33182.168
32771.084
32370.967
32627.551
33031.965
32826.551
33626.234
33878.082
34475.102
34745.883
34675.766
34581.148
35293.5
35516.285
36053.434
36099.215
35856.566
35680.484
35504.367
35434.285
34883.5
34713.418
34775.234
34768.551
34435.566
34394.418
33672.898
34201.016
33834.168
34173.617
34163.301
34932.617
35393.168
35954.684
36213.434
36529.418
35744.168
35852.418
35420.832
35385.75
35771.5
35462.484
35486.965
35150.551
35470.234
35769.352
35835.234
35983.75
36014.5
36449.215
36825.367
37591.484
36881.367
36790.816
36175.168
36232.016
35536.832
35555.883
35489.566
35214.551
35845.965
35931.816
34110.102
35395.016
35307.168
34991.215
35175.633
34944.684
34853.168
34992.418
35623.367
35895.816
35858.766
35832.016
35956.898
36569.148
36668.699
36922.418
36657.301
36201.551
35041.965
33671.418
33071.633
31723.75
30338.9
29871.617
30537.566
31371.684
33399.234
33930.484
33440.633
33472.148
33736.234
33118.352
33608.965
33091.148
32665.232
33500.418
34509.367
35296.949
35233.699
35583.418
35809.234
36168.016
36960.168
36501.285
36440.633
36478.617
35743.035
36210.816
36598.5
36659.551
36410.035
37260.949
37601.035
37577.684
37597.633
36987.949
36921.633
36628.684
36898.832
36565.418
35979.367
35759.551
35355.699
36211.75
36925.168
37529.617
37249.633
37852.949
38712.766
38979.352
38438.5
38095.551
38435.035
37841.215
37810.5
37192.816
37854.035
38324.684
37822.699
37593.352
37374.898
36405.617
35833.566
34353.883
33425.566
33015.418
33185.234
33474.949
33967.367
34980.551
35166.766
36316.551
36605.633
36613.215
37204.102
37321.883
37813.168
37976.082
38059.234
38473.484
39254.965
38687.949
38357.367
37588.949
37471.566
37384.816
37268.965
37297.148
37291.633
37903.418
38873.832
38852.816
38871.965
38890.684
38785.898
38457.215
38527.898
38604.484
37567.633
37054.148
36738.633
36165.215
35442.168
34962.082
35329.898
35569.352
36059.434
36326.75
37033.168
37031.215
36815.234
36671.617
36932.301
36600.148
36259.832
36370.949
36832.898
37250.684
37374.766
37385.883
37862.566
38385.617
38286.633
38371.551
38136.5
38015.082
37460.434
36767.016
36573.168
35717.816
34819.168
35994.617
35895.234
36164.684
36403.102
36905.816
37006.965
37364.484
36892.766
36888.082
37308.633
36838.016
36776.434
36580.418
36558.5
36199.215
35632.965
35173.215
35367.367
35371.551
34943.035
34302.285
34637.633
34475.016
34266.5
34229.684
34475.434
34686.949
34897.699
35310.551
35424.168
35879.285
35648.301
35474.418
35923.898
35873.949
34774.898
35508.418
35186.168
35194.816
35358.301
34775.285
34861.965
35676.285
35833.434
36086.484
36076.434
36179.551
36156.965
35851.883
36294.102
35860.551
35402.234
35297.484
35614.434
36017.418
36181.168
35467.418
35667.301
35541.684
35091.102
35380.484
35551.965
35417.418
35241.102
35394.617
35234.699
35445.148
34875.766
34646.883
34650.566
34535.883
34770.699
34287.551
35192.898
35336.816
35805.566
35153.148
35403.566
35440.285
35687.035
35541.484
35285.699
35509.082
35527.832
35244.418
35300.566
35340.551
34997.434
34624.816
34998.566
35073.883
35248.699
35191.285
35338.832
35343.016
35253.832
35551.684
35644.699
35884.418
35104.168
34761.215
35053.766
34509.684
34557.5
34362.148
34850.699
35314.148
35153.633
34956.215
35296.102
35251.352
35521.633
35319.418
35484.633
35707.75
35567.832
35498.684
35738.832
35752.816
35641.434
35529.949
34895.566
35078.215
34325.566
34557.484
34695.5
34636.75
34347.898
34404.75
34414.035
34310.551
34367.367
34664.215
34368.367
34864.016
34706.898
34677.75
34229.699
33868.75
33538.566
33687.016
33363.102
33308.215
33022.832
33590.148
33754.699
33836.617
33690.234
33254.617
34254.035
34430.551
34753.633
34729.215
35285.898
35464.285
34818.367
34670.949
34540.035
34455.816
33736.766
33912.016
34132.168
34078.352
34368.367
34313.617
34747.234
34616.484
34771.168
34549.016
34842.367
34513.352
34301.367
33723.551
34372.766
34478.484
33663.035
34488.082
34188.699
34473.418
34627.699
34163.082
34487.898
34065.75
33365.035
32934.418
33454.035
33201.816
32892.168
33288.352
33336.566
34217.418
33925.301
34554.617
34732.898
34417.215
34312.5
34625.617
34974.168
34482.352
34003.102
33739.016
33758.699
33265.816
33080.434
32945.551
33504.699
33572.816
33545.434
33416.484
34086.965
34055.684
33791.434
33504.949
33578.766
33188.484
32616.367
32240.217
32359.5
32368.75
31982.768
32300.949
32637.1
33073.084
33273.832
33254.883
33630.168
33761.352
34073.898
33944.082
34144.168
33966.484
33811.699
34309.215
33750.566
34152.617
33880.766
33446.418
33988.367
33935.551
34073.367
33651.016
33565.832
33484.617
33484.965
32983.016
33191.5
32921.551
32827.633
33024.148
32799.434
32582.416
32521.9
32411.416
33204.367
33392.082
32691.566
32731.617
33355.367
33194.75
33104.766
33613.484
33200.566
32913.282999999996
32811.768
32100.617
32625.699
31897.416
32057.566
31981.684
31936.434
32499.217
32237.9
32520.551
32479.434
32413.684
32748.232
32730.75
32993.1
32937.15
32538.633
32540.15
32794.5
32906.883
32102.834
32490.617
32680.1
32707.617
32107.768
32491.15
33132.367
32834.75
32564.834
33342.215
33441.434
33291.816
33057.633
32637.883
33232.834
32697.15
32960.301
32883.883
32706.033
32835.482
32763.699
32507.816
32872.434
32613.617
32031.033
32171.816
32519.166
32318.883
31745.434
31765.482
31540.967
31400.217
31230.768
30839.482
31391.834
31414.018
31017.033
31890.35
31783.699
31987.949
31912.434
31563.084
32108.633
31835.75
31437.834
30862.816
31343.566
31373.217
30591.232
29739.949
29144.834
28469.15
27951.1
27386.617
27103.633
26610.617
26156.9
27068.551
27579.834
27591.15
28132.1
28771.084
29851.166
29647.684
30071.232
29956.75
30010.9
30176.283
29709.232
29491.883
29620.033
29579.684
29107.5
29144.084
29363.699
29552.551
29497.232
29270.75
29720.033
29669.217
29798.434
29601.482
30048.566
29893.15
29414.768
29872.018
29643.232
29338.75
28880.5
28515.816
28677.232
28665.883
28757.834
29031.949
28870.699
29264.416
29403.232
29208.684
29512.5
29926.617
29593.633
29352.883
29647.967
29740.883
29680.566
29771.883
29694.768
29247.018
29124.033
29117.283
29397.967
29268.35
28606.834
29032.416
29004.1
29223.482
29041.1
28843.416
29017.166
29200.75
29457.768
28994.551
29242.967
29497.283
28955.166
29217.217
29216.033
29188.883
28727.367
28855.018
28813.367
28824.482
28972.768
28861.551
28815.232
28746.75
28256.5
28550.75
28407.9
28657.084
28177.033
28469.283
29093.768
28741.551
29118.367
29075.084
29048.633
29381.684
29146.1
29219.551
29259.834
29144.883
29353.166
29139.617
29367.434
29036.949
29310.633
29082.883
29514.434
28922.551
29046.566
28777.551
29099.566
29191.949
28795.768
28606.617
28724.566
28717.283
28710.033
28760.35
28930.301
28908.816
28902.633
28816.551
28807.1
28484.416
28154.301
28029.482
28297.1
27811.75
27544.232
27621.949
28052.5
28003.416
27576.699
27603.217
27991.301
27779.684
27492.834
27246.75
27587.367
27440.084
27048.768
26578.217
26937.768
27012.617
27034.367
27224.084
27215.5
27176.617
26640.232
26849.816
26584.1
26482.949
25778.367
25664.816
25751.768
25362.416
25385.9
24752.35
25075.232
24830.75
24357.232
23677.283
23580.9
23695.551
23581.301
23028.75
23308.033
23185.15
23388.033
23478.684
24044.166
24392.551
25033.232
25639.551
25774.232
25882.482
25972.699
26200.084
26053.5
25657.15
25754.699
25520.816
25817.9
25600.816
25915.1
25912.949
26266.1
26139.883
26296.166
26217.816
26653.699
26476.684
26256.5
26567.551
26861.967
26571.15
26375.367
26121.15
26475.9
26397.816
26160.033
26074.949
26215.9
26220.684
26610.166
25835.482
26347.699
26336.018
26414.301
26211.35
26433.834
26233.75
25910.633
25897.883
26073.301
26209.482
25598.301
25495.883
25729.834
25458.551
25392.367
25546.949
25691.166
25416.883
25275.1
25081.551
25100.033
25072.018
25215.5
25123.684
25181.434
25045.617
25082.232
24955.416
24910.434
24897.816
24758.367
24210.283
24631.301
24177.283
24295.434
24276.217
24444.9
24144.482
24370.9
24239.35
24301.699
24596.684
24344.699
24637.35
24521.1
24690.482
24454.768
23927.35
24085.166
23780.482
23611.232
23823.551
23676.434
23648.75
23667.566
23609.551
24063.699
24507.482
24072.434
24592.283
24730.033
24481.816
24609.9
24318.416
24577.834
24668.018
24851.301
24994.883
25090.699
25422.35
25316.566
25607.217
25948.1
26225.217
25665.9
25570.75
25919.367
26361.949
26194.232
26649.084
26801.633
27161.883
27015.967
27136.949
27070.5
26806.084
26219.367
25286.018
24854.301
24536.816
24357.232
24117.217
23960.5
23955.283
23845.768
23711.949
23984.301
23862.084
23904.967
23806.217
24212.768
23984.416
23872.967
23562.617
23657.834
23804.283
23405.967
23662.084
23560.967
23739.084
23723.834
23791.35
23950.699
24092.217
23702.633
23855.217
24217.1
24005.15
23559.9
23799.684
24225.367
24002.416
23626.434
23867.617
24139.232
23687.15
24071.232
23389.35
23746.232
23456.482
23264.834
23417.816
23303.367
23359.084
23122.434
22594.617
23318.699
23368.283
23078.768
23060.75
23260.768
23025.75
23416.9
22842.018
23071.566
23108.416
23237.834
23208.883
23380.166
23064.15
23204.699
23315.617
23581.834
23174.217
22820.768
22859.617
23065.033
23209.217
22924.367
22990.018
22946.834
23094.75
22854.232
22851.949
22959.566
22842.949
22473.5
22254.883
22849.633
22530.15
22143.434
22001.15
22429.434
22016.217
22024.9
22024.416
22271.967
21934.75
20912.367
21618.15
21989.699
21560.75
21532.367
21099.217
21375.367
21418.883
21754.301
21687.816
21638.5
21367.684
21433.033
21480.816
21010.9
20882.684
20430.699
20738.283
20393.367
20808.084
20429.434
20510.084
21747.434
21524.15
21561.301
22081.018
21891.5
21901.816
21354.5
21062.75
20883.033
20849.551
20584.566
20645.283
20795.367
20942.416
20669.699
20932.816
21614.301
21162.684
20735.967
21033.283
21318.834
21358.883
21043.367
21137.816
21320.232
20940.018
20662.633
20334.684
20709.699
20290.816
20226.566
19743.018
19819.232
19918.684
19338.9
18894.816
18863.967
17643.482
17041.301
16276.283
16504.566
16498.083
16620.5
16804.883
17446.768
18203.283
18639.5
18653.283
18836.566
19457.551
19952.633
19813.883
19518.967
20004.018
19920.5
19990.883
20009.5
19661.816
19376.1
19184.949
19692.967
19605.018
19198.301
19854.283
19770.166
19900.617
20015.367
19877.617
20007.9
20011.15
19768.5
19883.416
20004.5
20162.018
19762.5
19755.084
20157.367
20216.482
20155.5
20166.018
20332.566
20323.35
20180.166
19672.416
20143.232
20112.482
19807.633
19597.084
19887.5
19976.949
19828.301
19358.482
19630.967
19922.684
19365.232
19957.084
20149.9
20054.551
20493.768
20212.217
20282.232
20269.15
20062.367
20185.684
20176.699
20107.084
19801.301
19815.617
19923.166
19909.35
19869.566
19896.15
20151.033
20141.482
19847.434
19612.883
19940.166
19814.617
19987.633
19586.617
20109.166
19918.883
20123.1
20092.551
20191.768
20120.617
19674.834
19386.217
19995.699
19813.617
20038.033
19603.15
19555.434
19660.75
19576.9
19873.15
19689.967
19618.883
19093.834
19122.75
19254.033
19523.684
18647.768
18969.482
19171.166
19157.75
18964.1
18853.551
19248.1
19148.35
18942.367
19085.35
19172.166
19364.084
18658.5
18853.684
19348.768
19382.217
19048.834
18857.551
19063.9
19222.551
18849.699
18862.949
19006.301
18934.551
18379.5
18690.949
18768.5
18502.416
18507.5
18606.883
18334.1
19010.617
18454.834
18340.084
18488.434
18487.949
18393.166
17863.883
18384.633
18395.217
18113.967
17835.949
18324.9
18199.15
18103.232
17581.816
18161.699
18113.816
18059.9
18109.217
17764.9
18028.816
17909.633
17452.684
17770.633
17578.551
17616.768
17153.75
17570.768
17468.018
16909.1
16552.482
17317.9
17141.949
16953.1
16828.15
17108.834
16937.35
16664.967
16558.949
17191.434
16882.018
16742.566
16576.883
17057.633
16649.75
16493.633
16369.482
16995.967
16744.949
16545.634
16507.417
16701.167
16394.417
16023.634
15705.684
16243.167
16277.483
16184.366
16481.483
16634.033
16468.283
15916.967
16562.483
16334.634
16190.884
16220.5
16116.217
16030.634
16185.417
15688.833
15572.95
14866.566
14060.95
13281.767
12440.483
11960.9
11758.283
11716.767
11708.55
12693.1
13258.75
13559.434
13997.483
14349.167
14390.417
14537.1
14401.417
14489.167
13923.816
13937.767
13200.483
14262.967
14193.083
13989.434
13910.816
14342.967
14546.884
14737.833
14403.55
14881.566
15075.684
14756.7
14839.684
15181.9
15185.15
15223.967
15321.15
15440.366
15377.417
15146.833
14695.15
15585.566
15241.217
15136.1
14633.083
15309.566
15386.217
15125.3
15270.083
15271.434
14797.017
14877.967
14551.55
15169.634
15013.75
14915.167
14859.017
14982.967
15275.616
14906.5
15419.816
15353.7
15406.684
15384.033
15010.35
15687.767
15703.75
15374.366
15595.884
16356.366
16143.417
15906.833
16468.483
16720.3
16381.55
16179.833
16278.35
15969.7
16094.15
15583.833
15705.083
15984.767
15772.35
15728.167
16111.616
15698.233
15764.35
15112.566
14965.95
15826.7
15689.017
15611.167
15744.816
15607.167
15636.417
15737.366
15427.75
15518.767
15475.75
15399.5
15364.884
15601.167
15276.217
15381.167
15212.95
15692.5
15388.884
15485.634
15379.95
15845.434
15373.483
15451.5
15395.75
15718.434
16009.017
16071.167
15962.884
15899.033
15768.217
15659.566
15883.483
16030.3
16086.55
16054.833
15740.816
16395.167
16194.283
16147.167
15627.15
16154.5
16068.95
15876.1
15757.95
15916.5
16050.55
16197.5
16077.217
16194.767
15930.217
16076.167
16246.15
16008.033
16112.684
16024.3
15816.417
15955.7
16039.95
15828.967
15763.684
15932.7
16146.95
15303.3
16025.55
16107.7
16018.616
15336.434
15703.483
15996.434
16125.217
15964.767
15983.884
15955.767
16055.35
15755.167
15644.15
16053.5
15800.083
15905.366
15589.55
15859.7
15889.884
15616.167
15575.15
15871.634
15440.75
15454.833
15292.217
15667.3
15484.417
15191.1
15486.15
15472.634
15223.75
15370.967
15480.75
15291.434
15272.684
15063.7
15082.95
15363.7
15052.283
15163.767
14804.417
14890.167
14852.616
14780.5
14845.017
14648.5
14589.283
14530.9
14470.616
14698.634
14624.217
14553.3
13594.15
13726.5
13536.483
13207.833
12437.95
12208.233
12101.616
11630.1
10954.083
11500.1
11334.35
10654.1
11105.083
11056.1
10719.017
10871.7
10461.75
10607.833
10423.55
10069.233
10167.75
10423.967
10323.083
10470.566
9152.483
9941.5
10015.616
9570.833
9918.483
10260.634
10390.283
10292.434
10842.15
11206.767
11346.684
11645.233
12059.483
12139.366
12013.217
12168.366
11920.816
11925.033
12089.816
12076.7
11529.417
11938.634
11671.75
11242.634
10528.616
10831.967
10583.483
10217.566
10064.417
9951.033
10037.616
9926.167
9772.417
10177.366
10198.95
10028.9
9962.95
10096.767
9957.15
9882.566
9752.55
10171.767
9997.884
9692.167
10130.75
10513.833
10319.017
10082.366
10249.15
10267.634
10336.55
10304.434
10119.55
10148.9
9836.95
9247.1
9753.417
9694.033
9886.483
10092.833
9744.55
10328.233
10183.55
9454.366
9728.483
9835.3
9644.217
9691.566
9910.95
10121.434
10079.217
10251.1
10186.15
10342.233
10181.75
10141.366
9774.75
10029.833
10126.017
9927.767
9925.217
10160.233
10082.15
9887.434
10412.417
10551.033
10723.684
10362.233
10646.55
10911.033
10892.483
11106.033
10402.017
10891.1
10741.017
11029.833
10624.15
11308.434
11081.884
11277.366
10876.35
11478.767
11400.083
11055.366
10823.417
11048.833
10814.417
10774.434
10988.217
10913.033
10773.684
10457.434
10439.483
10684.767
10824.083
10685.167
10845.483
10763.5
10584.884
10452.434
10682.217
10849.767
10716.083
11030.167
10451.283
10813.1
11058.417
11042.9
10728.75
10789.566
10373.15
10121.1
10541.15
10463.1
10545.217
9782.566
10295.95
10602.366
10425.95
10182.1
10513.483
10801.833
10414.55
10537.033
10427.616
10669.5
10333.35
10126.1
10075.283
10404.033
10371.483
9963.033
10230.417
10238.233
10373.55
10220.767
10257.083
10335.5
10208.55
10031.1
10216.816
10390.3
10321.017
10138.3
10504.75
10260.7
10369.017
10280.566
10056.616
10263.434
10246.684
10091.634
9970.616
10036.967
10099.417
9848.366
9682.884
10209.7
10176.083
9895.366
9955.884
10221.7
10195.55
9790.833
9851.55
10077.233
9844.75
9637.167
10035.15
10023.5
9787.083
10030.9
9798.217
9886.9
9814.684
9552.3
9188.15
9913.033
9538.35
9761.5
9601.417
9687.3
9498.417
9494.366
9305.283
9667.566
9535.483
9467.167
9160.083
9461.5
9480.75
9300.167
9269.616
9537.767
9525.884
9006.233
9163.684
9478.033
9459.75
8753.033
8952.217
9370.434
9315.95
9197.033
8863.816
9452.967
9312.35
9241.434
8967.483
9151.967
8985.616
8856.233
9017.083
9186.833
8984.616
8824.634
8869.816
9327.5
9258.017
9080.366
8790.616
8916.366
9036.417
8850.634
8671.816
9019.5
8937.616
8905.5
8574.616
8799.033
8869.95
8837.767
8672.083
8876.5
8673.083
9090.566
8410.35
8853.9
8762.217
8544.033
8118.950000000001
8856.1
8766.95
8793.1
8486.884
8611.5
8426.684
8564.033
8655.483
8965.1
8150.15
8466.5
8239.35
8506.1
7890.15
7443.767
6719.95
6456.367
5603.417
4767.567
4130.282999999999
3507.233
2738.617
2364.1
1699.017
2003.3
1902.883
1620.833
1780.283
2641.567
2857.283
2829.5
3830.95
4381.1
4679.617
4995.033
4363.683
5114.3
4706.417
4516.233
4143.15
3912.967
3958.217
3666.3
3439.817
3825.567
3895.883
3890.1
3675.083
4422.1669999999995
4226.95
4281.367
4878.283
4964.367
5203.95
4887.967
5405.283
5598.3
5572.217
5601.167
5881.683
6189.7
6239.817
5825.967
6085.083
6665.233
6689.75
6270.167
6790.95
7041.967
7198.15
7114.9
7146.75
7620.633
7586.817
7011.833
7141.883
7847.767
7916.817
7756.5
7475.083
8026.767
7843.883
7658.233
7663.95
8144.633
7940.55
7100.3
7934.217
8111.567
8182.15
7872.033
7643.617
8158.633
8069.417
7909.367
7807.55
7969.433
8057.95
7649.233
7492.817
8441.167000000001
8003.817
7829.767
7804.55
8171.367
8063.617
7939.3
7885.55
8092.567
8054.35
7882.833
7861.683
8139.167
8131.683
7983.1
7868.683
8198.7
8094.55
7552.5
7773.283
8108.767
7999.483
7646.3
7604.017
7977.967
7867.017
7942.167
7679.483
7928.633
8083.417
7783.3
7294.55
8075.3
7962.617
7967.9
7785.083
8267.633
7999.683
7859.5
7598.417
8082.7
7850.283
7445.567
7291.283
7929.833
7876.95
7884.167
7280.417
7997.633
7856.083
7733.7
7800.35
7987.967
7912.683
7747.7
7668.817
8200.367
7992.017
7167.633
7524.55
8103.433
7841.15
7848.833
7681.083
8058.5
7959.617
7519.7
7329.617
7908.367
7730.95
7743.167
7600.15
7912.7
7858.483
7740.5
7288.55
7980.7
7881.817
7534.633
7223.883
7808.567
7938.417
7647.3
7563.083
7898.7
7529.15
7499.1
7637.417
7656.5
7534.417
7428.767
7230.55
7801.367
7612.15
7263.567
7196.75
7637.233
7780.683
7101.433
7180.483
7671.633
7560.817
7608.5
7388.55
7585.767
7471.017
7418.833
7107.483
7733.767
7475.683
7202.1
7149.283
7520.833
7431.217
7262.1
6772.15
7426.3
7334.617
7215.833
6715.683
7485.5
7285.817
6811.9
7201.483
7269.167
7174.35
6745.433
6828.083
6982.167
7096.283
6837.3
6807.017
7087.1
6862.017
6874.233
6668.883
7008.033
7011.283
6544.833
6506.683
7025.233
6975.617
6703.967
6658.417
6697.233
6871.95
6456.367
6626.883
6699.567
6735.217
6569.433
6321.083
6858.567
6755.817
6390.567
6060.017
6656.233
6805.083
6641.633
6365.083
6725.967
6703.217
6049.767
6437.083
6865.367
6495.883
6323.633
6388.75
6614.5
6616.15
6258.9
6105.35
6516.833
6600.417
6404.633
6229.483
6534.167
6313.083
6021.367
5737.883
6387.1
6209.15
6466.1
5970.75
6504.033
6455.75
5975.7
6017.217
6500.633
6354.95
6162.633
6240.55
6503.433
6428.95
6004.367
5944.017
6555.767
6304.15
6154.433
6214.283
6460.433
6307.017
5871.967
5750.883
6127.567
6047.55
5568.567
5673.95
6140.9
5981.617
6163.9
5810.617
6165.633
5992.683
6215.567
5836.817
6090.433
6000.883
5636.567
5639.95
6089.167
5955.75
5515.967
4993.55
5924.3
5984.95
5520.167
5693.483
5966.1
5749.417
5622.833
5551.683
5942.833
5729.617
5557.833
5186.817
5799.033
5846.083
5142.033
5317.883
5911.7
5699.017
5442.5
5249.95
5852.767
5843.55
5742.567
5335.483
5914.167
5832.283
5765.9
5642.35
5853.633
5698.883
4488.033
4955.75
5751.767
5801.817
5439.367
5170.55
5704.7
5832.617
5174.3
5166.083
5595.567
5548.417
5068.367
5099.017
5617.9
5563.35
4929.5
4905.617
5443.967
5393.883
5139.1
5132.017
5368.767
5283.883
4877.033
5234.95
5341.967
5350.55
4822.5
5052.55
5415.033
5175.55
4717.833
4597.683
5201.1
5197.283
5034.967
4475.083
5254.033
5095.283
4442.567
4547.017
