271.05
78.433
-121.817
155.567
463.183
141.63299999999998
220.517
249.7
244.583
270.233
130.317
-157.36700000000002
215.71699999999998
221.36700000000002
22.25
-29.099999999999994
358.183
12.233000000000004
72.583
380.3
434.183
196.36700000000002
470.05
164.767
289.717
213.567
232.917
-111.767
208.45
213.567
329.517
42.3
289.717
207.7
246.78300000000002
43.7
578.317
489.633
99.45
-44.766999999999996
264.85
141.433
-2.683000000000007
200.5
200.38299999999998
258.033
151.38299999999998
249.5
226.917
258.633
-30.549999999999997
52.632999999999996
621.317
292.3
-5.283000000000001
-246.3
446.717
448.567
43.917
54.033
389.85
454.5
394.05
246.9
419.117
377.5
158.71699999999998
326.767
398.85
396.9
336.517
-126.233
454.717
299.767
49.783
98.767
393.183
199.9
147.183
89.5
315.183
511.967
214.85
78.367
250.183
362.3
36.983000000000004
24.632999999999996
251.583
217.03300000000002
506.85
10.5
191.85
232.1
357.383
-48.7
199.25
269.233
211.38299999999998
109.833
424.25
381.767
-219.483
45.632999999999996
410.45
317.633
233.05
230.7
473.517
297.033
9.983000000000004
289.16700000000003
112.983
335.367
262.317
287.9
417.65
301.7
564.317
-217.7
334.183
388.033
116.25
368.767
393.183
471.767
261.25
106.167
353.117
269.033
-51.483000000000004
131.63299999999998
345.05
320.367
132.05
29.967
430.91700000000003
458.16700000000003
70.783
-230.36700000000002
365.783
324.7
104.25
159.833
281.91700000000003
427.9
342.783
53.367000000000004
302.91700000000003
346.967
-283.41700000000003
-132.7
319.117
221.63299999999998
181.583
4.832999999999998
351.317
278.967
59.45
234.767
417.117
301.1
257.517
-94.767
474.783
430.5
444.383
161.767
499.183
290.5
167.65
362.367
418.25
90.9
376.183
-151.767
147.65
243.96699999999998
15.516999999999996
376.967
603.783
435.3
167.317
-71.967
509.117
164.9
478.05
45.233000000000004
404.517
371.7
328.45
391.1
539.117
367.367
437.25
323.033
342.717
244.1
397.25
-339.967
397.183
366.1
182.25
156.433
145.05
332.033
477.317
190.167
251.25
316.233
123.983
-176.7
277.983
402.7
474.117
200.167
397.183
315.567
56.117000000000004
-305.1
446.91700000000003
250.63299999999998
-55.882999999999996
37.43300000000001
267.517
198.36700000000002
-1001.483
-82.967
127.317
285.16700000000003
249.45
-53.766999999999996
568.717
414.1
266.85
86.033
273.717
234.36700000000002
-108.75
443.967
531.05
289.033
-176.55
45.7
310.983
340.3
-108.15
359.3
384.91700000000003
265.433
405.85
350.033
338.45
417.5
256.383
189.233
386.383
266.767
424.517
42.766999999999996
406.983
438.3
350.91700000000003
-55.632999999999996
233.38299999999998
336.633
86.317
-264.5
377.983
351.767
266.65
-102.767
355.91700000000003
343.7
231.583
95.567
366.383
361.567
-153.95
216.433
348.317
78.767
-138.35
174.167
279.783
219.767
323.05
173.3
275.05
533.7
99.517
182.36700000000002
384.717
543.767
395.717
179.7
239.917
296.1
101.05
509.567
367.45
221.9
-150.483
121.767
230.05
299.233
283.317
2.566999999999993
556.983
567.9
44.05
297.033
383.117
371.9
237.71699999999998
121.1
348.983
395.767
89.517
147.9
306.783
343.633
195.983
316.83299999999997
485.58299999999997
465.433
413.65
123.433
568.05
201.967
409.517
-118.167
395.717
204.767
-64.88300000000001
305.433
365.517
228.433
571.317
423.967
415.183
295.233
662.983
112.96700000000001
409.38300000000004
326.767
-0.8830000000000098
308.433
670.917
450.233
589.983
-1.9000000000000057
474.85
410.7
432.38300000000004
249.167
385.783
569.567
-8.75
277.967
649.25
378.233
195.583
223.9
393.91700000000003
405.967
561.917
229.367
695.517
597.3
732.05
504.3
742.183
564.7
289.783
400.3
453.25
674.9
842.117
277.9
775.717
662.633
598.783
750.7
671.717
571.767
414.383
711.1
562.183
838.233
190.517
362.7
646.05
625.1
640.717
483.5
961.45
634.5
788.9169999999999
625.567
757.85
732.233
765.25
395.367
1091.783
541.3
643.517
579.7
913.25
611.033
782.9169999999999
686.233
694.85
959.1
879.25
778.167
705.583
971.233
727.983
535.7
1030.25
821.7
714.45
655.567
650.317
762.3
868.583
756.7
969.117
871.167
655.05
610.167
788.783
897.433
781.783
674.5
1012.917
587.7
835.117
570.767
765.317
677.367
847.65
940.767
821.583
564.1
876.917
1052.367
531.317
952.767
810.117
849.367
871.983
849.7
707.583
1077.967
1256.717
777.367
791.05
1387.367
1014.917
1242.1
597.25
794.367
1275.65
1114.967
1246.25
1337.7
872.383
846.767
964.317
948.367
1469.783
1303.367
781.8499999999999
1243.567
1131.783
1357.833
1393.317
1209.033
1131.25
1449.367
730.383
1023.0329999999999
1129.183
1314.833
1636.717
1596.567
1530.583
1491.367
1290.717
1398.567
1400.317
1313.3
934.117
1156.433
1473.65
1311.633
1564.983
1130.367
1624.317
1538.767
1623.45
1459.1
1594.85
1525.633
1111.517
1587.167
1436.317
1352.1
1289.783
1423.433
1397.583
1527.1
1421.517
1191.167
1524.583
1294.567
1274.983
1175.7
1631.517
1537.9
1466.85
1559.3
1665.317
1402.9
1386.183
1285.3
1528.783
1563.3
1429.583
1194.833
1679.25
1414.367
1462.65
1449.233
1590.117
1491.1
984.517
1438.9
1501.783
1583.033
1597.117
1792.967
1913.05
1731.9
1736.983
1719.033
1855.917
1930.233
1787.117
1870.367
1858.117
1870.433
2043.117
1873.033
2254.383
1746.7
1297.383
1564.033
1760.85
2067.1
1782.383
1896.433
2234.45
2051.033
1970.917
1911.9
2149.317
2205.367
2224.65
1945.833
2310.917
2001.167
1875.783
1757.433
1794.717
1722.1
2017.317
1368.967
1759.183
1899.767
2154.85
1809.433
2125.65
2000.367
2219.783
2024.367
2080.383
2171.167
2139.317
2065.7
2368.717
1947.9
2479.25
2234.633
2247.317
2174.967
2069.983
2270.967
2492.717
1887.967
1976.517
2312.7
2551.583
2272.033
2334.05
2090.033
2173.517
2042.033
2135.25
2282.3
2244.717
2570.367
2839.517
2146.567
2725.517
2703.9
2578.45
2481.5
2514.117
2404.767
2364.25
2659.9
2591.317
2402.433
2169.65
2302.367
2236.117
2203.5
2528.717
2430.033
2580.85
2816.833
2645.117
2774.967
2984.65
2745.567
3069.983
2913.1
3229.983
2998.1
2832.383
3078.5
3073.117
2976.9
2781.717
2932.167
2747.383
2829.233
2706.783
2898.5
2840.583
2624.567
2271.983
2554.3
2488.917
2498.433
2320.85
2264.1
2523.45
2282.7
2203.85
1903.5
2516.717
2069.033
2422.45
2447.833
2643.65
3157.967
2980.25
3286.233
3130.717
3312.767
3456.45
3061.833
3224.783
3184.9
2871.65
2807.767
3083.45
2942.767
3170.117
2745.767
3012.117
3072.167
3051.383
3227.7
3210.183
3263.9
3439.65
3380.1
3412.117
3420.833
3331.517
3036.9
3381.517
3450.567
3280.383
3559.5
3636.117
3483.9
3367.317
3083.233
3602.917
3500.767
3804.183
4115.8330000000005
4206.45
4587.1
4583.917
4439.767
4371.25
4298.167
4399.317
3990.633
4565.917
4259.7
4400.65
4315.633
4553.65
4072.433
4199.9169999999995
4352.767
4168.05
4223.367
4015.383
3742.167
4359.65
4452.367
4321.45
4530.233
4692.45
4723.1
4583.25
4348.833
4681.917
4593.033
4063.117
4272.3
4232.183
4478.433
4387.383
4626.633
4806.183
4538.3
4409.05
3866.433
4106.05
4233.5
4251.45
3996.833
4417.85
4086.633
4116.45
3880.7
3781.983
3737.5
3654.05
3728.033
3765.517
3882.7
3651.917
3802.5
3538.117
3746.9
3871.05
4011.433
4301.383
4491.233
4609.517
4797.5
4546.917
4638.9
4190.717
4754.233
4535.65
4569.767
5103.05
4826.633
5539.117
5558.1
5520.117
5743.7
6336.517
5827.033
5945.45
5403.767
5545.85
5441.9
4992.25
4729.033
4782.983
4615.567
4418.85
4566.833
5058.45
4710.433
4999.05
5063.3
5565.717
5539.7
5673.183
5393.633
5218.383
5086.433
4670.317
4489.833
4581.65
4148.1669999999995
3990.917
3845.033
3879.583
3820.167
3208.983
3568.367
3558.25
3229.9
2896.45
3675.3
3752.983
3894.1
4217.65
3998.367
4819.517
5093.967
5181.117
5011.033
5118.783
4870.833
4483.917
4623.233
4539.783
4731.567
4721.05
4579.233
5130.85
4818.033
4980.517
4863.833
5039.383
4982.367
4897.45
4332.567
4948.65
4827.9
4957.383
4887.767
4794.65
4826.633
4895.583
4905.633
5615.783
5681.033
5687.583
5969.567
6135.117
6225.433
6189.983
6012.3
6351.783
6143.433
6539.117
6186.7
6626.117
7081.9
6386.183
6623.7
6688.517
6443.1
6409.65
5656.9
5488.917
4873.633
4614.25
3641.7
3428.45
2890.633
2686.45
2714.767
3253.583
3576.367
3964.117
4522.433
4918.85
5200.1
5508.45
5975.3
6308.183
6766.967
6611.65
6606.367
6744.517
6166.9
6027.45
5667.567
5263.983
4430.1
4062.65
3768.167
3711.917
4106.967000000001
4302.45
4909.9
5854.517
6187.167
6443.65
7381.433
7658.85
7805.633
8217.783
7971.1669999999995
8666.517
8724.233
9143.717
8878.7
8811.384
9257.233
9029.184
9077.9
9219.25
9053.833
9348.917
9152.967
9772.116
9626.9
9721.65
9520.767
10028.316
9890.9
9726.184
9845.634
10357.517
10165.1
10077.25
9865.5
10020.517
9519.833
9583.65
9779.033
9863.05
10303.566
10068.783
10155.967
10229.384
9862.634
9587.184
9386.833
9572.116
9887.566
10009.583
9934.9
9976.316
9951.967
9873.983
9753.167
9632.85
9628.833
9458.583
9564.634
10008.917
9768.233
10031.917
9680.7
9784.25
10058.767
9802.717
10230.5
10385.85
10388.7
10530.717
10623.9
10768.05
11067.967
11346.983
11156.3
11093.316
10986.634
10257.05
9707.967
9845.65
9794.7
9695.983
9601.3
9950.05
10209.7
10396.983
11077.767
11025.25
11657.167
11583.917
11635.7
11609.45
12071.767
11407.25
11572.1
11990.717
11512.167
11540.45
11769.167
11666.05
11481.167
12119.65
11649.566
11941.983
11890.3
11816.65
11529.033
11766.184
11667.033
11654.45
11034.3
11747.717
11544.033
11574.05
11146.634
11502.316
11933.767
12148.917
11804.7
12055.384
12149.3
11920.983
11910.366
11829.85
10762.7
11187.184
11251.434
11335.384
10835.9
11468.85
11319.833
11349.05
11050.9
11025.783
11400.3
11558.917
11475.1
11581.316
11325.7
11023.25
11047.7
10398.783
10693.9
11414.384
11223.033
11380.316
11781.7
12076.983
12193.634
12398.45
12020.434
12122.05
12279.434
12197.184
11712.3
11479.583
10981.167
11150.983
10387.3
11025.65
11305.366
10953.116
10942.7
11825.583
11771.767
11225.316
11265.033
12133.25
12339.434
12001.25
11812.634
11939.783
12035.167
11725.65
11657.767
11917.85
11703.767
11977.717
12325.967
12001.917
12261.9
12565.65
11668.033
11888.917
11719.566
11340.184
11614.233
10841.85
11132.233
11183.384
12247.3
12087.05
11908.233
11910.384
11452.366
11677.983
11701.9
12029.917
11663.233
11447.983
10854.233
10650.85
10280.634
9902.05
9806.634
9117.05
8934.167
8981.05
8961.167
9525.517
9974.767
10971.783
11663.7
12937.116
13083.9
14182.85
13342.366
12710.85
13241.5
13084.717
12865.9
13645.184
13816.967
14029.517
13835.167
13696.384
13076.3
12553.116
12192.033
12362.45
12352.167
13702.45
13159.366
13777.85
13891.5
14185.917
14281.7
13846.316
14632.833
14858.85
15562.7
15401.05
15577.9
15847.983
16207.366
15083.783
15357.634
14643.517
15033.366
15016.25
15465.3
14819.717
14601.5
14121.783
13869.366
14122.517
13813.7
12858.717
13812.566
13635.384
14548.3
14678.983
14759.566
15748.316
15310.5
14901.583
15268.033
15295.384
15052.9
15055.517
15318.566
15758.184
16218.833
16231.517
15932.566
16096.116
17834.1
16461.783
16543.834
16804.383
16174.366
16827.518
16772.5
17403.117
16780.1
16201.316
16524.033
16764.583
16646.566
16108.583
16006.9
17183.316
17701.768
17281.383
16574.033
16938.117
16764.434
16558.65
15699.167
16630.45
16466.767
16054.316
15365.1
16030.05
16274.9
16308.583
15823.3
16968.916
16990.967
16803.449
17191.834
17374.65
18161.301
17351.518
17120.566
17756.25
17311.232
17644.65
16673.768
17015.383
17846.967
17390.65
17530.1
17619.184
17077.768
17351.316
17805.232
18493.383
18211.834
18200.982
18419.699
18157.25
18676.699
19192.449
18709.033
18630.85
18214.633
18171.85
17647.633
18098.316
17722.633
18065.916
17401.5
16890.982
17174.301
17059.316
16765.367
17336.717
16860.633
17041.783
17177.834
17090.584
17199.5
17060.316
17624.166
18129.916
18575.834
17576.65
17752.5
17779.184
17206.967
18111.916
17714.633
18314.518
18294.232
18657.65
18705.301
18812.383
19137.566
18499.916
18059.834
19831.518
19125.033
19045.449
19343.232
19582.449
18253.232
19045.449
18273.434
19325.783
18994.633
18191.584
18854.232
19344.117
19088.566
19122.982
20276.566
19580.916
18942.9
18695.518
18444.768
18306.518
18944.166
19728.518
19583.367
20315.518
20495.232
20888.85
20333.367
20425.184
20846.967
20595.184
20628.967
20594.783
20687.834
21165.982
20813.232
21528.25
21233.033
21391.783
21844.1
21662.85
21644.5
21147.449
21263.166
21612.85
21153.232
21021.717
20786.232
21585.518
21230.9
22358.85
21547.9
21126.584
21686.301
21788.051
22641.367
22695.25
22852.9
22148.783
22451.768
21870.518
22007.633
21753.783
22278.232
22405.982
24477.566
22519.449
23544.367
23913.051
24117.9
23635.117
24975.633
24346.584
24738.033
25556.051
26337.633
25040.316
25620.768
25029.584
25353.834
27154.916
25446.5
25689.316
24782.033
24665.717
24851.9
25547.717
25422.967
25969.383
26776.033
26189.518
27056.9
27780.982
28533.1
28537.916
28740.367
29592.916
30357.9
29610.65
28121.834
29022.051
29268.367
28366.383
29011.367
29681.449
29753.1
29521.982
30026.566
30682.051
29960.633
31580.184
32360.1
31909.916
31265.633
32449.051
32295.166
32378.25
32054.633
32485.383
32631.301
32360.117
32446.434
31987.518
32336.166
33265.516
34111.965
34539.785
34935.102
36415.852
36765.102
36135.316
36844.102
36879.852
36574.434
36646.316
35586.965
36635.715
35718.102
35737.316
37492.5
38060.516
38421.168
38432.316
38699.965
39531.184
38604.367
38838.383
38283.566
38605.316
38853.766
38275.715
39104.766
39891.184
40277.035
40453.184
40610.035
41096.25
41121.035
40400.918
40777.898
40609.383
40737.766
40029.051
40680.5
40793.852
41010.633
41414.117
40975.633
40774.516
40941.035
41026.984
41143.367
41133.383
41509.766
41276.582
41451.434
41700.918
41411.367
40225.383
39525.965
37675.316
36183.434
35124.852
34760.102
34666.449
35195.898
35207.383
36693.633
38468.316
39052.566
39719.785
39931.434
40187.785
41227.168
42252.648
41904.965
42560.582
42582.301
42209.918
41320.699
40991.449
41312.566
41917.117
42310.434
42766.648
43557.699
44490.25
45094.102
45209.383
45302.434
44480.117
44330.699
43793.715
44109.234
44209.582
44206.5
44141.316
43344.633
42900.516
42703.301
42012.852
42074.633
42440.984
42205.633
43788.582
44061.035
44433.648
45139.766
45387.582
44410.832
44666.648
44191.367
44188.984
44618.434
45018.852
45533.035
46635.785
46455.699
47151.25
46585.699
46526.516
46040.766
45244.316
45433.965
45355.918
45500.234
45324.449
45647.699
46278.984
46529.168
46141.184
46191.699
47275.785
46702.035
47149.117
46380.965
47033.852
46406.965
45379.383
44832.367
44475.918
44414.234
44557.852
44994.766
45410.316
46767.234
46445.184
47284.301
46764.648
46731.832
46531.25
45964.898
45635.449
45097.766
44475.516
44586.234
44605.715
44340.301
44587.316
44524.832
44290.516
44360.234
44184.117
44359.367
44820.582
45330.5
45351.582
45910.301
46661.516
46998.766
46951.984
47273.633
47018.984
46906.832
46081.582
45608.898
45047.918
45388.102
45786.449
45502.832
46394.648
46707.035
47373.582
47690.832
47692.383
47620.898
48619.383
48906.566
49531.051
49681.766
49217.785
49078.035
48757.715
48752.898
47980.715
47683.898
47848.184
47904.832
47555.582
47455.301
46423.852
47091.566
46602.117
47103.832
46940.383
47943.898
48451.449
49174.832
49566.051
49933.898
48871.051
48927.234
48350.516
48404.367
48805.051
48356.434
48320.25
47940.898
48411.785
48793.102
48850.383
49027.168
49114.648
49675.301
50141.316
50990.898
50141.449
49958.566
49209.582
49230.965
48307.582
48326.035
48214.516
47935.434
48677.516
48772.5
46938.25
48186.434
48032.582
47626.168
47841.984
47572.102
47419.852
47745.766
48347.984
48713.898
48705.852
48639.832
48861.648
49637.965
49720.117
50025.832
49678.785
49103.5
47539.25
45849.965
44883.25
43220.5
41373.852
40860.234
41562.785
42794.035
45331.984
46095.434
45415.715
45459.832
45677.648
45106.168
45488.715
44903.699
44365.918
45417.699
46727.984
47889.566
47750.582
48212.168
48371.918
48948.766
49823.117
49286.168
49142.715
49204.832
48370.316
48898.898
49375.984
49422.102
49235.25
50161.832
50619.918
50679.898
50694.449
49902.035
49767.516
49398.301
49578.918
49248.699
48474.785
48206.434
47703.852
48872.367
49731.383
50465.5
50226.984
50915.898
51907.516
52266.234
51680.715
51161.035
51586.648
50937.301
50725.449
50029.566
50706.449
51342.566
50794.715
50391.301
50005.117
48840.367
48106.785
46377.234
45073.984
44630.102
44741.852
45181.168
45795.117
47104.5
47393.25
48862.301
49163.184
49221.234
49972.648
50201.699
50674.25
50886.766
51035.117
51576.102
52482.648
51827.434
51342.184
50421.434
50272.918
50110.633
49983.516
50006.633
50086.117
50834.035
51880.648
51995.965
51983.184
51992.832
51838.715
51560.633
51511.852
51477.766
50291.316
49681.633
49188.117
48452.699
47587.984
47075.434
47389.715
47750.699
48294.648
48755.035
49501.25
49580.367
49383.184
49243.566
49337.918
49032.168
48633.316
48745.301
49245.582
49742.301
49942.785
50044.168
50593.117
51187.234
51142.984
51230.102
50864.449
50709.367
50028.852
49176.367
48744.918
47832.898
46717.648
48141.832
47974.715
48368.434
48608.918
49238.633
49389.383
49774.965
49159.25
49253.301
49637.117
49092.566
48948.785
48710.766
48612.25
48223.766
47468.449
46998.035
47127.852
47179.102
46693.715
45986.434
46330.984
46141.832
45841.516
45890.832
46094.918
46478.898
46713.25
47245.633
47397.984
47920.102
47669.785
47427.301
47918.184
47809.766
46528.852
47290.766
46809.25
46868.566
47098.516
46435.168
46592.852
47511.832
47718.785
48196.301
48014.715
48145.5
48039.516
47706.5
48254.715
47728.566
47118.648
46974.434
47352.852
47878.301
48071.184
47267.367
47407.25
47314.832
46921.25
47167.832
47264.184
47180.832
46954.648
47165.234
46795.25
46998.5
46356.117
46085.566
45900.648
45903.633
46128.984
45728.5
46624.449
46866.367
47500.984
46760.766
46916.25
46958.035
47249.918
47106.699
46868.25
47075.965
47020.449
46774.035
46739.051
46802.367
46403.715
45954.766
46347.117
46509.965
46636.918
46556.699
46780.785
46825.035
46689.449
47100.633
47142.852
47402.898
46457.449
45982.832
46239.25
45652.168
45738.715
45483.898
46106.785
46666.035
46527.117
46364.633
46664.383
46604.102
46848.184
46791.168
46803.648
47202.434
46890.918
46906.035
47121.918
47209.699
47044.316
46941.168
46133.715
46320.434
45523.582
45772.035
45769.117
45713.035
45256.582
45460.035
45345.516
45374.633
45379.582
45854.301
45434.582
46046.168
45812.516
45749.367
45118.648
44709.367
44325.516
44475.965
43970.648
44019.766
43773.316
44361.035
44587.785
44596.168
44387.582
44107.102
45223.184
45431.965
45772.117
45869.699
46480.984
46678.965
45907.984
45714.367
45509.516
45468.832
44604.184
44714.832
44923.449
44980.5
45386.117
45287.102
45792.918
45659.367
45826.648
45590.434
45821.184
45455.035
45161.984
44652.168
45217.516
45364.234
44515.051
45455.367
45025.516
45377.832
45600.984
45051.832
45327.715
44907.434
44088.25
43559.566
44045.516
43783.434
43501.984
43934.035
43956.582
45083.434
44797.449
45532.5
45721.184
45403.234
45302.316
45708.766
46030.852
45467.102
44926.516
44629.234
44659.383
44102.5
43867.785
43855.766
44389.117
44511.832
44467.184
44397.367
45069.117
45200.102
44685.984
44438.102
44403.316
43993.766
43249.715
42694.301
42701.984
42736.035
42318.648
42684.367
43035.648
43671.367
43972.785
44131.102
44416.516
44663.168
45058.051
45004.699
45143.316
44942.234
44736.785
45280.234
44607.918
45079.832
44736.715
44343.434
44939.516
44794.168
44977.785
44605.102
44437.984
44335.5
44295.984
43712.832
43859.582
43564.699
43319.449
43646.699
43351.051
43119.367
43028.582
43007.633
43756.648
44078.832
43231.449
43363.566
43993.715
43862.434
43744.918
44252.234
43684.852
43367.035
43260.785
42481.301
42899.852
42033.766
42270.715
42201.301
42079.184
42689.434
42435.715
42761.102
42628.117
42649.035
42958.25
42898.965
43258.449
43150.898
42666.516
42789.035
42894.785
43105.5
42270.25
42583.102
42735.516
42807.434
42172.715
42686.367
43365.25
42963.301
42701.316
43500.367
43586.449
43479.832
43165.648
42751.898
43272.984
42769.234
43000.785
42964.234
42616.449
42793.832
42747.316
42500.434
42812.184
42556.965
41824.117
42006.367
42330.516
42104.832
41433.852
41421.035
41091.316
40940.434
40740.383
40337.832
40969.715
40983.434
40636.852
41610.898
41545.449
41769.234
41762.918
41477.566
41940.117
41740.965
41414.051
40913.5
41399.648
41583.168
40716.25
39886.633
39073.051
38305.168
37708.918
37015.898
36575.516
35936.035
35412.051
36685.766
37351.449
37452.5
37997.785
38816.301
40070.852
39747.168
40197.25
40024.898
39955.316
40102.832
39722.117
39499.566
39683.051
39637.898
39265.785
39342.699
39465.051
39678.566
39424.117
39177.035
39555.051
39280.301
39331.516
39131.367
39551.582
39502.367
39187.051
39781.367
39581.117
39425.434
38991.184
38750.898
38749.582
38641.699
38539.715
38754.898
38499.984
38905.434
38935.785
38709.965
38990.785
39448.035
39115.051
38824.234
39160.184
39344.035
39144.25
39286.965
39187.449
38728.898
38565.785
38469.699
38642.785
38531.234
37765.918
38102.102
37948.516
38259.234
38078.516
37951.035
38021.25
38150.035
38463.715
38021.766
38205.117
38476.168
37875.449
38185.035
38086.449
38047.832
37455.648
37591.102
37472.918
37516.234
37516.648
37425.5
37347.25
37375.898
36737.516
37084.633
36848.316
37110.301
36635.051
36981.367
37627.516
37304.832
37715.785
37724.766
37565.051
38031.434
37798.117
37831.301
37844.984
37795.168
37943.117
37756.898
37935.984
37681.035
37873.785
37693.102
38062.715
37389.301
37505.316
37279.367
37502.051
37627.766
37142.25
37015.633
37091.785
37125.699
37131.25
37182.566
37234.316
37402.766
37289.449
37237.566
37112.117
36732.566
36328.051
36209.699
36433.852
35898.766
35560.918
35657.566
36110.984
36107.234
35605.715
35670.898
36003.383
35780.434
35525.184
35187.965
35489.051
35269.035
34849.051
34342.035
34710.316
34761.168
34687.449
35078.301
34950.785
34929.832
34331.516
34560.035
34096.449
33980.965
33237.648
33071.234
33097.051
32659.633
32568.982
31889.9
32274.449
31912.232
31263.584
30535.9
30364.65
30449.768
30205.25
29598.166
29904.717
29824.768
30142.65
30225.566
30833.85
31270.633
32142.051
32953.5
33031.85
33222.832
33249.184
33508.102
33378.648
33010.102
33009.25
32779.032999999996
33037.65
32822.566
33153.449
33233.035
33551.852
33496.832
33774.184
33673.633
34062.648
33924.699
33661.715
33976.035
34303.984
34041.965
33775.117
33529.102
33838.25
33703.035
33461.25
33419.898
33480.582
33575.766
33944.852
33170.168
33685.648
33662.699
33714.383
33553.5
33816.184
33573.898
33209.449
33135.832
33261.051
33445.5
32735.449
32590.566
32857.85
32586.232
32512.184
32681.166
32741.316
32450.033
32381.051
32095.9
32063.65
32064.367
32135.65
32119.699
32093.117
32008.9
32032.051
31969.967
31741.316
31756.033
31557.383
30967.967
31372.717
30890.566
31076.051
31027.434
31128.25
30968.232
31040.051
31038.9
31093.316
31464.367
31197.383
31542.166
31354.584
31562.9
31329.449
30847.5
30935.316
30727.967
30510.518
30749.699
30564.184
30613.566
30657.117
30655.033
30996.051
31527.768
31017.584
31658.1
31767.783
31502.1
31672.584
31311.9
31515.717
31685.232
31853.051
32052.967
32129.051
32564.633
32444.916
32926.699
33243.449
33504.699
33039.918
32895.035
33193.449
33793.633
33565.316
34097.301
34219.516
34683.035
34447.648
34608.301
34482.984
34167.301
33305.383
32281.566
31626.184
31379.566
30979.65
30706.566
30413.051
30498.768
30337.316
30223.967
30511.982
30370.232
30375.717
30345.9
30702.117
30444.166
30297.916
29971.1
29894.982
30132.834
29641.584
30008.166
29873.184
30126.367
30061.916
30210.9
30316.184
30501.768
30109.518
30292.5
30648.85
30409.834
29817.383
30213.232
30540.117
30375.9
30003.051
30222.367
30512.982
29910.1
30334.25
29610.166
29958.717
29632.699
29391.25
29510.434
29385.717
29487.967
29199.518
28756.301
29373.383
29472.1
29097.584
29115.5
29280.518
29061.1
29391.383
28843.5
29085.982
29132.434
29279.518
29306.633
29431.584
29126.834
29271.117
29432.033
29672.051
29205.699
28746.449
28773.768
29050.518
29264.566
28933.449
29070.166
28902.717
29110.166
28849.184
28887.967
28879.65
28839.1
28401.783
28157.9
28828.916
28633.434
28088.316
27994.033
28454.25
28046.301
28059.449
28136.633
28397.982
28107.768
27095.584
27929.367
28347.316
27983.232
27899.518
27550.301
27803.85
27855.232
28124.051
28039.033
27931.25
27596.5
27707.184
27692.1
27046.184
26868.633
26297.25
26604.967
26049.584
26535.633
26034.916
26154.834
27521.117
27288.367
27286.783
27927.768
27695.717
27785.166
27330.916
27104.232
26944.783
26980.834
26666.65
26728.5
26843.316
26844.301
26428.518
26686.768
27331.982
26869.166
26316.449
26599.834
26940.717
27003.633
26696.85
26765.566
26899.449
26547.301
26215.65
25820.967
26249.85
25797.033
25742.25
25300.166
25311.65
25352.9
24607.383
24124.166
23923.25
22434.367
21601.449
20757.834
20869.383
20922.166
21005.584
21285.1
22168.117
23081.434
23654.518
23748.699
23909.25
24596.033
25056.65
24995.699
24602.449
25109.566
24991.184
25117.768
25121.449
24739.5
24374.85
24253.301
24670.449
24570.232
24163.916
24865.967
24712.916
24926.967
25032.383
24915.566
25025.051
25005.166
24741.25
24854.5
24956.65
25141.367
24722.184
24752.633
25106.916
25230.633
25106.982
25126.434
25284.449
25232.434
25135.383
24658.166
25064.916
25022.166
24690.584
24481.5
24747.717
24875.967
24685.316
24236.5
24459.051
24837.9
24223.982
24884.9
25018.184
24960.633
25411.051
25110.1
25251.916
25151.633
24918.982
25092.166
25024.051
24973.768
24562.316
24644.5
24660.717
24756.367
24601.65
24715.566
24927.449
24981.5
24640.316
24411.5
24715.117
24607.633
24787.982
24364.033
24829.85
24686.301
24920.916
24889.9
24975.117
24932.9
24432.184
24130.633
24679.051
24542.699
24719.85
24297.834
24211.184
24334.834
24188.518
24543.566
24282.717
24298.232
23715.184
23756.699
23809.383
24095.834
23202.051
23520.633
23711.117
23740.033
23422.518
23284.633
23697.383
23714.166
23471.051
23617.566
23659.449
23885.834
23173.584
23375.566
23841.316
23886.301
23523.717
23385.301
23469.117
23686.232
23299.316
23250.434
23363.383
23362.301
22758.783
23062.166
23088.783
22909.699
22874.916
23036.834
22678.982
23444.5
22775.65
22648.434
22753.783
22800.232
22667.117
22112.699
22622.117
22668.367
22356.383
22115.699
22569.717
22485.9
22318.717
21812.834
22356.916
22329.1
22202.783
22276.566
21925.783
22144.699
21990.449
21585.967
21859.65
21674.301
21666.982
21167.232
21576.717
21504.633
20853.25
20512.566
21273.518
21047.699
20897.449
20752.033
21030.982
20897.033
20521.184
20459.9
21124.316
20833.367
20635.184
20479.166
20912.518
20516.166
20324.383
20246.566
20846.783
20598.232
20372.383
20324.5
20497.184
20194.5
19774.65
19475.367
19923.916
20069.301
19953.65
20230.768
20349.184
20245.967
19632.316
20293.033
20098.316
19975.166
19943.518
19874.166
19771.717
19958.768
19364.449
19300.768
18548.584
17726.301
16885.982
16115.566
15615.917
15444.5
15419.05
15435.833
16386.25
16999.566
17243.051
17735.566
18039.449
18121.699
18247.383
18160.033
18269.783
17681.967
17682.783
16953.166
18006.184
17953.1
17768.449
17643.768
18077.65
18347.5
18504.85
18185.834
18675.449
18905.434
18553.584
18653.768
19012.916
19008.434
18995.982
19164.1
19276.25
19242.5
19015.916
18692.9
19592.316
19383.834
19358.85
18987.166
19640.65
19744.566
19514.65
19760.566
19772.518
19292.633
19506.65
19187.1
19735.25
19614.834
19508.449
19418.9
19476.25
19693.367
19262.316
19830.9
19787.184
19834.1
19806.184
19396.232
20118.449
20083.5
19658.916
19798.5
20476.117
20183.367
19943.916
20486.5
20699.717
20356.633
20085.916
20172.434
19812.383
19988.768
19471.584
19651.699
19970.117
19838.834
19855.982
20334.232
19996.783
20172.1
19528.184
19368.033
20284.051
20107.367
19905.916
20078.9
19878.117
19954.367
20052.316
19736.367
19795.051
19756.232
19703.051
19647.434
19831.783
19471.5
19565.184
19436.5
19839.25
19556.566
19683.25
19599.434
20060.916
19658.1
19703.449
19584.699
19854.584
20089.699
20086.783
19977.9
19910.783
19752.301
19663.518
19918.9
20057.117
20153.967
20129.051
19784.834
20405.449
20242.367
20199.982
19698.5
20222.783
20159.9
19921.916
19810.232
19934.717
20085.301
20164.25
20061.367
20141.051
19828.367
19948.25
20174.834
19855.85
19973.5
19827.717
19714.768
19813.184
19932.434
19667.584
19653.768
19751.383
19997.566
19021.25
19779.367
19796.982
19711.301
19019.85
19400.166
19724.117
19825.633
19678.518
19722.566
19648.584
19814.033
19524.316
19389.699
19788.783
19557.5
19602.117
19268.967
19504.518
19550.566
19230.518
19155.033
19465.316
18980.9
19021.25
18838.166
19155.051
19067.834
18743.783
19015.699
18989.184
18707.301
18913.449
19010.232
18870.316
18813.768
18604.584
18598.1
18923.184
18605.768
18693.584
18362.434
18417.25
18494.9
18366.316
18422.5
18283.316
18189.699
18161.783
18100.5
18357.584
18333.166
18220.051
17309.768
17580.65
17513.699
17329.584
16711.033
16690.518
16721.033
16341.917
15730.566
16251.983
16082.167
15257.316
15635.566
15545.184
15149.366
15322.45
14710.833
14868.45
14704.767
14435.583
14553.3
14807.65
14649.9
14862.783
13602.566
14382.583
14431.3
13991.25
14296.767
14477.583
14603.434
14315.85
14730.5
14934.583
14994.1
15168.917
15561.033
15530.983
15365.833
15462.116
15243.434
15249.983
15421.434
15384.917
14827.3
15291.116
15101.1
14790.05
14149.767
14520.983
14312.634
14013.717
13931.366
13765.184
13853.9
13692.65
13517.033
13930.25
13931.366
13781.583
13788.967
13914.184
13759.967
13633.517
13581.566
13991.717
13822.5
13465.917
13921.5
14280.717
14050.5
13753.384
13923.5
13842.25
13955.9
13924.25
13754.1
13789.116
13570.9
12974.517
13556.833
13432.717
13554.033
13682.717
13196.7
13690.316
13588.634
12831.116
13146.033
13316.316
13189.434
13243.583
13504.167
13621.25
13634.9
13789.583
13719.1
13837.25
13667.9
13593.717
13305.233
13560.917
13637.833
13368.783
13386.233
13643.384
13618.5
13315.85
13794.233
13830.85
13984.634
13515.05
13729.9
13864.583
13835.366
14048.384
13342.366
13858.517
13708.233
13914.45
13500.833
14192.717
13902.167
14038.85
13660.3
14227.583
14129.967
13836.65
13624.434
13823.917
13610.7
13474.316
13750.566
13671.25
13517.566
13168.05
13173.1
13391.116
13553.3
13387.05
13581.167
13525.05
13376.434
13166.983
13380.833
13472.45
13336.1
13638.65
13009.3
13306.917
13600.566
13574.983
13248.7
13257.384
12830.167
12513.983
13006.634
12883.583
12955.366
12107.583
12689.233
12981.316
12865.967
12584.917
12912.167
13105.85
12709.1
12872.45
12697.233
12911.783
12558.9
12311.184
12266.7
12606.384
12547.3
12085.85
12429.167
12359.783
12516.1
12316.783
12404.1
12475.05
12343.833
12120.45
12382.434
12499.116
12436.1
12312.783
12642.233
12348.983
12473.233
12361.65
12169.434
12342.316
12286.9
12133.116
12007.033
12040.05
12125.767
11817.983
11715.7
12216.783
12215.033
11908.517
11955.767
12194.917
12209.3
11723.384
11849.033
12061.983
11817.566
11603.384
12017.434
11958.517
11734.434
11966.717
11727.9
11799.45
11770.634
11453.384
11119.566
11800.116
11454.7
11686.85
11479.767
11582.783
11420.1
11365.917
11178.3
11526.184
11397.167
11299.05
11050.967
11291.184
11327.833
11158.917
11136.233
11388.517
11361.033
10823.783
11020.634
11287.384
11268.033
10573.45
10709.967
11145.717
11098.233
11012.85
10694.434
11222.45
11105.033
11003.583
10776.9
10927.05
10784.767
10634.316
10765.833
10942.85
10707.7
10553.316
10615.1
11045.517
11054.967
10795.116
10549.366
10653.25
10784.566
10599.25
10413.1
10763.517
10644.9
10653.184
10316.033
10481.983
10599.366
10537.65
10357.634
10535.116
10388.767
10789.184
10063.7
10507.384
10433.634
10213.05
9771.566
10481.85
10455.3
10472.783
10149.167
10261.783
10101.167
10204.717
10311.9
10607.45
9798.566
10096.25
9856.7
10139.583
9514.7
9001.25
8311.033
8028.05
7120.3
6205.783
5531.967
4833.85
4024.1
3616.45
2899.633
3210.717
3099.033
2830.583
3063.633
3977.317
4214.3
4269.183
5317.233
5881.983
6228.433
6566.317
5916.7
6655.25
6245.1
6065.717
5672.833
5458.183
5516.167
5199.783
4953.233
5360.117
5469.7
5425.183
5226.033
5961.717
5784.367
5830.25
6468.567
6529.583
6804.833
6481.517
6988.233
7159.183
7174.233
7193.783
7457.833
7765.65
7801.9
7348.917
7627.433
8178.383
8238.7
7813.117
8294.1
8581.316
8753.634
8643.917
8696.634
9180.05
9155.967
8567.717
8675.7
9399.717
9462.7
9299.184
9040.5
9556.717
9393.634
9205.05
9197.566
9673.583
9451.833
8596.717
9457.967
9611.517
9712.634
9365.116
9169.3
9630.316
9568.5
9395.85
9302.9
9480.116
9588.1
9147.85
8986.7
9899.45
9472.233
9284.05
9296.233
9640.384
9523.9
9396.983
9378.1
9568.85
9541.3
9343.316
9333.967
9629.85
9612.833
9483.316
9363.7
9679.517
9607.767
9044.316
9275.5
9554.783
9482.9
9111.65
9067.167
9423.25
9307.366
9354.983
9119.7
9384.717
9523.1
9212.65
8756.967
9514.583
9418.366
9393.517
9241.566
9720.184
9464.9
9261.316
9061.3
9521.25
9331.566
8887.184
8733.833
9375.316
9278.833
9295.717
8705.033
9404.65
9254.033
9157.184
9223.634
9414.517
9374.167
9173.983
9116.033
9600.783
9429.9
8586.05
8905.5
9504.25
9276.7
9256.717
9106.967
9475.717
9380.1
8916.25
8751.434
9291.85
9161.566
9145.25
8993.767
9305.384
9286.566
9113.116
8669.5
9348.384
9311.434
8945.717
8654.566
9193.717
9335.967
9027.25
8954.9
9283.783
8919.634
8848.25
8985.5
8990.45
8912.767
8771.85
8594.9
9172.116
9019.033
8632.717
8584.3
9027.45
9164.434
8471.85
8555.167
9008.116
8942.434
8975.05
8751.566
8957.917
8848.5
8804.384
8501.9
9105.783
8900.033
8595.583
8577.434
8932.116
8862.033
8670.717
8199.967
8829.25
8729.967
8682.45
8117.5
8881.384
8720.366
8208.85
8656.634
8707.917
8624.767
8198.45
8290.3
8472.383
8580.832999999999
8343.85
8296.633
8588.25
8353.967
8341.317
8121.5
8422.517
8432.367
7976.383
7913.633
8415.783
8390.033
8104.983
8046.167
8094.383
8281.567
7790.517
7986.967
8052.25
8080.1
7889.717
7693.633
8258.317
8089.7
7724.25
7374.967
7933.783
8106.1
7912.25
7602.7
7951.583
7914.9
7195.85
7625.5
8026.917
7674.3
7538.717
7584.233
7840.85
7889.7
7479.65
7348.167
7757.783
7838.1
7690.583
7561.033
7889.517
7697.5
7395.05
7138.367
7761.717
7584.7
7817.183
7313.9
7798.05
7757.1
7238.983
7269.167
7754.583
7581.1
7374.85
7455.433
7711.45
7629.567
7206.917
7201.7
7787.183
7500.167
7350.517
7417.5
7639.517
7508.767
7051.783
6956.033
7348.317
7283.5
6765.05
6887.567
7377.583
7214.367
7411.183
7044.433
7403.317
7247.167
7459.317
7101.433
7299.583
7215.833
6868.583
6836.567
7273.65
7166.633
6721.583
6197.767
7143.317
7164.5
6695.783
6901.033
7132.05
6941.367
6776.383
6749.433
7100.783
6916.633
6692.65
6371.5
6941.717
6991.167
6248.717
6428.1
6991.517
6774.367
6511.183
6308.5
6902.517
6880.3
6779.583
6370.3
6945.85
6841.833
6827.317
6688.033
6860.183
6766.967
5510.917
5977.7
6761.517
6861.233
6435.917
6201.233
6693.25
6853.3
6160.25
6173.167
6614.45
6564.633
6112.317
6154.5
6637.45
6605.367
5933.25
5936.567
6486.05
6431.033
6173.983
6182.167
6398.117
6323.233
5907.517
6298.5
6396.45
6393.1
5883.717
6114.567
6514.517
6277.567
5826.117
5738.233
6303.25
6341.167
6139.983
5613.567
6387.583
6264.233
5588.317
5718.767
