264.367
60.266999999999996
-130.9
152.667
450.633
133.067
205.03300000000002
236.4
242.03300000000002
262.733
124.9
-161.933
206.7
208.13299999999998
27.766999999999996
-44.6
348.633
0.06699999999999307
60.033
363.0
425.83299999999997
187.267
465.3
150.733
288.567
200.53300000000002
224.9
-123.333
191.03300000000002
198.6
326.367
29.266999999999996
282.1
197.86700000000002
237.7
21.200000000000003
560.1
470.267
92.367
-63.132999999999996
250.63299999999998
126.267
-7.700000000000003
184.13299999999998
201.63299999999998
230.86700000000002
147.3
229.0
220.5
244.733
-41.367000000000004
29.667
611.567
282.733
-20.033
-266.0
434.033
445.067
33.56699999999999
37.733000000000004
373.633
431.467
389.767
233.2
409.83299999999997
367.33299999999997
154.03300000000002
328.533
395.767
383.4
329.7
-130.13299999999998
448.9
278.933
34.3
83.133
383.1
183.067
126.43299999999999
67.6
290.433
497.8
199.5
62.333
230.5
346.733
37.367000000000004
8.466999999999999
239.167
206.8
497.1
0.8670000000000044
178.833
215.0
346.367
-57.733000000000004
202.833
251.86700000000002
189.833
87.733
410.567
359.4
-235.36700000000002
24.867000000000004
399.7
304.533
210.7
209.733
454.83299999999997
291.2
-3.0999999999999943
281.0
105.567
325.867
250.433
280.867
401.1
288.66700000000003
552.5
-231.0
319.767
365.467
101.433
366.6
380.16700000000003
449.267
257.567
98.2
348.433
249.46699999999998
-66.633
118.867
325.767
308.867
132.7
5.400000000000006
408.3
444.733
50.766999999999996
-235.067
347.433
321.467
78.9
133.46699999999998
271.367
418.33299999999997
330.9
43.0
301.967
325.067
-282.633
-133.46699999999998
302.233
204.0
166.36700000000002
-13.933000000000007
330.967
261.4
49.7
204.333
401.9
297.8
252.3
-103.133
456.767
403.733
425.9
152.53300000000002
491.5
279.66700000000003
161.3
342.933
402.83299999999997
73.4
360.233
-161.8
139.7
235.13299999999998
10.099999999999994
364.133
583.033
418.933
158.833
-87.267
494.367
151.13299999999998
450.033
22.733000000000004
384.16700000000003
363.0
313.433
387.733
524.367
356.8
432.633
296.067
337.83299999999997
227.86700000000002
391.1
-355.733
387.233
355.533
173.5
146.53300000000002
136.36700000000002
326.66700000000003
464.83299999999997
177.13299999999998
246.36700000000002
306.2
124.167
-194.53300000000002
280.83299999999997
394.133
467.967
186.8
392.16700000000003
302.0
36.900000000000006
-319.33299999999997
439.967
240.733
-55.367000000000004
18.132999999999996
255.1
188.667
-1009.1
-100.8
121.167
271.533
241.433
-63.400000000000006
561.567
403.0
258.567
64.267
251.3
218.6
-113.367
432.33299999999997
513.967
281.467
-185.7
37.0
309.233
318.267
-118.433
338.933
379.567
265.2
394.433
345.66700000000003
325.567
412.33299999999997
239.1
186.53300000000002
370.1
246.0
411.433
23.467
395.233
432.533
336.633
-71.8
219.7
313.66700000000003
69.233
-287.0
368.567
342.733
255.96699999999998
-115.267
339.1
335.467
215.167
83.133
357.16700000000003
354.0
-157.767
204.13299999999998
323.7
66.467
-157.233
150.46699999999998
269.767
214.067
323.9
161.86700000000002
261.233
517.6
90.033
169.86700000000002
372.967
536.733
386.1
154.2
224.63299999999998
280.533
83.567
488.267
349.033
210.46699999999998
-159.3
105.067
213.567
279.533
254.5
-10.799999999999997
544.5
548.733
21.367000000000004
287.733
365.567
343.6
232.567
90.267
335.433
389.067
74.233
125.533
297.967
318.467
171.167
302.66700000000003
475.16700000000003
429.733
395.367
103.4
553.567
168.8
382.367
-142.267
372.3
176.333
-98.433
288.733
339.567
200.267
541.9
383.33299999999997
368.3
259.067
632.833
82.46700000000001
366.83299999999997
287.33299999999997
-42.5
273.86699999999996
632.1
413.2
534.033
-47.19999999999999
440.9
362.86699999999996
380.83299999999997
193.133
341.7
522.333
-54.69999999999999
227.133
593.033
322.067
131.433
170.8
337.433
346.33299999999997
507.767
176.6
641.233
543.6
683.967
434.733
684.5
501.13300000000004
216.5
332.8
374.433
589.467
759.633
178.733
696.767
575.6
517.967
662.6
594.767
484.533
332.3
628.267
467.633
742.733
96.16699999999997
257.533
537.1
517.933
536.033
375.933
862.9
533.933
682.633
522.8
663.1669999999999
625.6
652.5
291.867
976.767
450.0
543.8330000000001
490.2
826.967
502.8
680.367
568.867
573.3
838.4
747.5
635.6
581.1669999999999
841.3330000000001
610.633
416.533
909.567
705.6
595.1
537.2
535.1
637.2
755.433
623.733
847.567
745.2
531.5
472.533
642.967
737.667
634.3
523.8
863.433
435.26700000000005
698.233
439.6
638.633
537.6
719.833
810.467
679.1
428.86699999999996
749.167
929.067
412.033
840.2
687.7
718.467
745.433
721.733
575.833
927.333
1104.3
620.333
636.033
1227.4
861.767
1078.267
449.967
633.8
1114.833
940.8
1065.433
1144.0
675.233
640.267
776.433
750.067
1277.5
1104.333
569.9
1050.733
937.3
1156.133
1201.5
1017.0
937.967
1267.733
553.633
835.333
962.1
1116.333
1444.433
1385.6
1319.9
1264.2
1068.1
1179.2
1185.433
1088.2
722.633
942.267
1277.833
1100.133
1362.3
916.3330000000001
1415.233
1320.667
1427.367
1236.933
1399.433
1323.467
909.433
1385.8
1234.767
1157.533
1086.1
1208.533
1197.433
1313.4
1228.767
996.0
1330.1
1098.2
1068.567
953.733
1422.567
1318.067
1249.5
1325.133
1433.7
1203.267
1170.167
1064.6
1336.633
1385.933
1236.833
999.3330000000001
1497.167
1230.733
1263.5
1264.2
1398.967
1284.733
780.767
1230.267
1295.7
1368.067
1381.7
1573.6
1701.3
1498.067
1528.9
1496.933
1636.633
1699.067
1541.633
1611.067
1612.633
1619.133
1790.633
1626.067
2007.433
1485.4
1083.967
1343.2
1534.633
1852.267
1549.033
1651.667
1994.567
1810.667
1720.567
1664.533
1878.833
1947.667
1961.767
1685.133
2049.367
1724.8
1630.5
1526.067
1580.433
1503.133
1806.567
1163.067
1561.567
1685.2
1916.833
1562.2
1882.367
1760.733
1953.567
1766.467
1839.167
1920.8
1907.767
1806.333
2111.233
1683.267
2216.633
1978.067
2002.3
1928.067
1822.833
2018.2
2262.433
1621.533
1730.633
2044.333
2285.167
2005.133
2085.567
1832.333
1902.7
1792.733
1884.367
2019.467
1976.033
2289.2
2540.633
1832.533
2414.9
2395.733
2250.9
2182.533
2236.633
2109.733
2059.3
2370.733
2293.9
2112.333
1895.5
2030.467
1950.7
1930.667
2241.1
2122.067
2290.633
2501.933
2307.033
2456.8
2656.433
2415.867
2721.3
2577.067
2896.833
2654.533
2495.367
2740.2
2719.433
2639.333
2448.567
2608.8
2431.767
2500.467
2373.367
2569.267
2528.233
2328.533
1994.567
2275.4
2213.167
2237.267
2056.833
1987.6
2256.033
2005.267
1930.433
1651.333
2263.767
1833.333
2175.633
2175.533
2354.567
2831.8
2631.167
2902.867
2769.5
2929.733
3065.967
2686.467
2858.367
2829.0
2539.233
2451.133
2751.967
2600.4
2854.233
2427.067
2690.5
2745.933
2709.433
2872.067
2831.833
2874.467
3042.567
2991.933
3034.433
3034.933
2936.967
2665.6
3009.767
3062.8
2891.967
3135.333
3220.767
3093.267
2980.767
2685.6
3208.3
3080.933
3374.233
3651.867
3735.633
4096.467000000001
4074.7
3921.267
3877.967
3788.133
3891.633
3497.733
4084.567
3750.933
3912.233
3829.133
4067.633
3574.733
3730.767
3873.133
3728.233
3760.733
3552.5
3263.0
3875.7
3948.667
3835.7
4011.667
4189.1
4149.867
4047.233
3803.667
4140.3
4091.667
3586.633
3797.0
3770.167
4004.267
3855.567
4084.2
4290.9
4035.2
3904.967
3372.733
3646.7
3757.4
3799.433
3522.933
3935.767
3613.333
3653.967
3442.8
3382.5
3333.4
3231.433
3305.2
3350.1
3453.6
3243.367
3371.667
3135.433
3307.067
3421.167
3534.533
3818.633
3991.933
4083.233
4274.8
4049.7
4150.6
3699.433
4232.0
4011.767
4024.6
4554.567
4253.133
4946.367
4951.8
4878.7
5086.4
5660.433
5140.333
5288.1
4748.2
4918.3
4838.667
4444.7
4195.267
4255.9
4111.0
3904.167
4008.667
4527.233
4130.867
4407.967
4462.933
4965.033
4919.467
5067.433
4818.133
4650.9
4531.8
4179.767
4015.4
4090.367
3683.867
3576.1
3425.467
3480.3
3416.267
2842.3
3182.6
3184.833
2839.667
2516.633
3291.333
3318.9
3448.6
3764.567
3501.2
4298.433
4530.333
4628.433
4457.6
4540.3
4316.133
3957.167
4102.6
4030.367
4234.733
4189.567
4041.2
4589.833
4250.067
4433.433
4309.067
4474.3
4452.133
4363.7
3817.133
4414.633
4273.667
4416.5
4350.067
4236.433
4271.6
4324.633
4326.867
5012.3
5046.6
5044.567
5285.2
5436.633
5535.2
5528.3
5354.0
5689.167
5439.267
5854.233
5443.733
5910.033
6307.533
5628.7
5874.867
5954.433
5746.4
5730.5
5000.333
4906.233
4318.067
4078.167
3182.333
3033.567
2536.333
2355.7
2361.133
2911.633
3168.667
3504.633
4007.067
4365.633
4577.933
4864.367
5304.6
5602.233
5995.4
5874.633
5861.8
6022.967
5463.733
5345.7
5067.667
4692.3
3919.533
3613.233
3327.2
3292.767
3655.733
3795.3
4349.933
5200.3
5490.733
5720.167
6550.867
6816.833
6909.733
7327.3
7030.133
7726.5
7747.267
8154.433
7878.867
7820.833
8269.332999999999
8009.1
8063.467
8204.1
8072.133
8296.5
8089.4
8771.233
8575.8
8670.434
8443.066
8937.7
8803.4
8662.833
8732.533
9275.167
9035.8
8980.5
8736.866
8916.833
8457.134
8521.634
8691.667
8781.167
9198.667
8976.967
9041.733
9112.634
8824.267
8541.767
8314.866
8486.7
8750.6
8968.3
8834.066
8857.566
8849.866
8793.9
8654.8
8558.3
8534.267
8406.833
8464.4
8942.9
8708.134
8887.833
8570.733
8727.833
8928.0
8732.3
9103.467
9266.634
9267.066
9362.5
9442.0
9546.3
9888.0
10124.233
9939.4
9827.167
9772.4
9125.9
8617.4
8746.833
8680.333
8624.7
8519.533
8827.1
9043.467
9235.833
9845.934
9771.634
10382.667
10345.767
10354.667
10337.1
10751.866
10134.634
10258.8
10699.434
10216.667
10281.7
10460.134
10413.566
10244.866
10858.7
10345.0
10675.033
10608.866
10499.233
10249.066
10503.167
10355.533
10405.833
9792.0
10438.767
10280.667
10271.833
9877.533
10241.7
10609.733
10785.967
10449.667
10721.1
10828.866
10620.767
10618.267
10523.434
9552.0
10013.434
10021.333
10122.9
9644.6
10231.3
10050.4
10131.634
9844.333
9834.566
10160.8
10331.5
10246.467
10343.967
10100.134
9834.566
9856.533
9244.833
9522.533
10223.634
9973.667
10112.833
10492.467
10788.566
10864.0
11060.566
10703.4
10851.767
10976.866
10914.9
10444.934
10294.033
9777.134
9958.566
9257.733
9886.434
10103.533
9738.233
9760.134
10560.3
10535.934
9993.233
10032.467
10859.7
11055.533
10747.967
10546.533
10663.767
10742.667
10476.634
10414.134
10648.167
10462.533
10723.634
11010.267
10689.167
10948.533
11208.033
10340.4
10605.634
10482.333
10076.1
10363.667
9664.967
9932.8
9938.3
10919.6
10812.833
10650.8
10649.833
10180.934
10474.434
10416.866
10767.167
10423.467
10209.833
9672.467
9505.9
9178.066
8826.167
8761.134
8119.833
8008.067
8034.833
8006.733
8504.767
8885.066
9839.434
10428.467
11527.3
11662.4
12639.833
11893.066
11328.233
11759.733
11634.5
11452.8
12232.967
12291.066
12520.967
12368.0
12237.9
11616.267
11189.833
10838.467
11056.634
10986.533
12259.833
11727.667
12348.434
12395.6
12725.634
12763.8
12412.767
13125.866
13275.434
13919.733
13797.967
13904.267
14165.833
14547.4
13485.1
13704.866
13108.767
13419.533
13385.9
13766.2
13268.434
13031.066
12590.767
12395.8
12650.7
12370.6
11491.7
12326.134
12196.233
13019.4
13171.566
13213.134
14116.967
13728.4
13356.634
13661.134
13674.767
13470.066
13445.1
13628.4
14038.566
14483.467
14559.634
14177.667
14324.167
15941.4
14721.233
14757.6
15017.9
14395.333
14971.233
14949.467
15562.767
15000.467
14457.3
14762.066
15010.1
14870.467
14398.967
14302.2
15376.3
15841.066
15468.1
14833.467
15212.434
14999.667
14838.566
13991.8
14907.9
14794.066
14372.9
13741.6
14324.167
14577.333
14570.1
14166.866
15186.967
15206.667
14962.033
15390.2
15545.434
16288.533
15550.434
15341.866
15958.434
15480.4
15826.5
14964.934
15290.3
16013.866
15562.5
15713.066
15777.5
15285.0
15520.3
15953.4
16592.7
16281.0
16285.9
16472.066
16284.233
16722.732
17181.834
16767.533
16707.233
16292.866
16303.767
15802.866
16246.167
15851.333
16233.366
15550.467
15141.233
15356.733
15258.7
14985.667
15587.5
15083.4
15231.566
15326.733
15268.967
15372.533
15235.5
15793.066
16297.9
16641.733
15774.233
15853.2
15936.434
15354.533
16244.5
15835.267
16379.366
16352.2
16728.367
16747.268
16888.967
17140.867
16537.1
16109.134
17747.367
17161.066
17061.9
17320.066
17604.033
16388.0
17095.301
16345.599999999999
17343.434
17052.533
16330.434
16873.334
17398.768
17066.732
17194.5
18146.467
17569.768
16978.732
16791.1
16546.934
16434.7
17001.066
17662.232
17595.133
18248.768
18349.867
18753.367
18277.4
18321.834
18653.867
18460.566
18480.4
18467.633
18575.199
18980.033
18636.801
19325.232
19101.268
19187.232
19664.533
19490.367
19449.066
18977.367
19109.199
19414.5
18985.801
18862.9
18716.199
19369.9
19064.467
20073.367
19272.0
18940.834
19407.934
19544.166
20271.199
20332.699
20442.334
19894.166
20109.066
19622.768
19787.4
19519.301
19933.066
20134.967
21953.732
20277.768
21133.533
21496.967
21677.066
21157.1
22430.467
21869.301
22240.801
22936.9
23589.666
22448.1
23015.4
22457.699
22733.467
24424.566
22881.934
22998.699
22174.4
22139.699
22274.732
22937.967
22808.268
23275.232
24051.867
23465.633
24293.732
24945.566
25654.732
25611.5
25759.467
26607.834
27308.666
26633.9
25264.4
26126.566
26321.268
25544.967
26112.666
26701.834
26743.334
26571.633
27052.801
27679.566
26981.4
28474.033
29189.934
28697.566
28128.732
29277.033
29094.467
29133.5
28854.867
29185.967
29346.934
29094.633
29197.268
28751.834
29029.533
29950.301
30693.4
31108.1
31424.066
32786.967000000004
33102.266
32448.5
33225.133
33211.234
32929.133
32992.168
31991.0
33019.834
32183.732
32126.166
33757.0
34279.102
34627.734
34707.102
34910.332
35699.367
34810.934
35071.766
34473.535
34773.5
35066.535
34485.168
35228.867
35974.434
36355.867
36448.898
36658.668
37061.035
37107.801
36482.168
36779.668
36618.434
36724.266
36062.102
36655.266
36743.566
36933.801
37372.633
36871.602
36721.301
36921.266
36969.766
37094.801
37131.832
37478.867
37190.367
37387.934
37564.898
37314.734
36192.102
35621.801
33918.898
32517.4
31523.699
31204.133
31119.232
31600.4
31566.033
32939.133
34581.898
35138.535
35774.965
35999.066
36217.434
37198.934
38139.367
37810.066
38510.832
38540.199
38223.301
37394.867
37088.367
37301.734
37938.434
38292.867
38754.898
39407.199
40288.766
40793.266
40921.5
40998.066
40277.168
40092.332
39598.367
39842.734
39990.766
39989.734
39945.832
39222.801
38783.434
38577.734
37981.766
38055.934
38381.965
38129.535
39628.434
39856.668
40249.367
40844.465
41089.301
40206.465
40413.766
40039.734
40089.102
40405.066
40775.965
41252.199
42309.5
42118.934
42754.301
42224.535
42249.766
41736.801
40967.5
41193.867
41133.234
41323.0
41052.301
41353.801
41942.434
42256.734
41733.633
41850.535
42916.766
42359.133
42768.898
42019.199
42659.035
42074.734
41157.965
40588.133
40196.5
40139.801
40406.168
40704.199
41153.766
42301.602
42028.434
42875.0
42351.168
42358.266
42107.699
41684.867
41377.102
40900.398
40180.168
40346.867
40395.832
40103.199
40381.168
40375.934
40038.699
40188.734
40051.566
40135.934
40698.367
41124.0
41083.035
41579.465
42303.699
42558.801
42542.633
42846.934
42582.234
42561.465
41746.832
41305.266
40820.035
41103.398
41552.102
41254.266
42107.168
42413.266
43064.832
43333.133
43291.234
43255.602
44140.633
44421.332
44984.766
45127.133
44702.633
44549.602
44279.434
44281.066
43538.434
43327.602
43491.766
43480.332
43104.898
43011.398
42095.168
42688.266
42286.434
42775.199
42611.699
43529.332
44036.035
44700.668
45077.633
45416.602
44419.832
44514.668
43987.898
44002.465
44374.566
43995.465
43935.766
43599.867
44039.168
44413.199
44368.633
44580.465
44705.566
45142.133
45576.898
46400.535
45625.102
45517.602
44803.434
44793.934
43971.566
43947.602
43920.5
43589.199
44245.301
44367.266
42511.566
43780.332
43679.168
43255.934
43478.766
43216.465
43116.699
43417.867
43980.699
44251.199
44321.699
44244.398
44381.102
45109.801
45196.566
45473.0
45192.898
44666.0
43267.168
41653.332
40770.633
39241.0
37535.699
36941.668
37713.898
38791.398
41171.766
41797.801
41224.367
41294.535
41467.5
40889.266
41342.832
40762.0
40259.566
41175.199
42475.367
43472.535
43438.035
43834.535
44029.832
44558.801
45397.168
44839.066
44727.301
44791.867
43935.898
44471.398
44986.898
44966.398
44797.301
45709.332
46115.301
46110.398
46192.234
45383.867
45319.965
44977.668
45183.234
44828.199
44100.965
43866.133
43343.699
44455.602
45238.5
45988.0
45713.566
46392.465
47281.965
47663.801
47103.832
46698.398
47023.035
46383.535
46282.301
45571.734
46247.035
46873.0
46388.367
46019.602
45677.301
44541.867
43877.965
42251.066
41033.035
40607.934
40676.234
41098.867
41605.168
42901.0
43093.633
44517.734
44785.965
44898.0
45583.965
45743.0
46223.699
46382.668
46542.566
47037.066
47950.633
47268.066
46838.102
45987.133
45837.035
45747.398
45587.168
45602.801
45601.301
46346.133
47363.766
47429.668
47468.367
47481.668
47347.5
47070.602
47020.367
47033.934
45869.633
45280.332
44895.102
44211.602
43328.699
42838.332
43210.301
43470.668
43964.301
44431.465
45095.699
45214.602
44978.301
44768.266
45009.766
44673.535
44288.367
44393.734
44836.434
45372.602
45549.699
45628.734
46090.301
46670.867
46612.234
46692.602
46418.766
46300.266
45597.832
44779.133
44451.367
43536.398
42462.699
43860.734
43727.234
44034.734
44236.566
44897.465
45015.434
45413.668
44853.102
44882.602
45282.633
44718.199
44608.234
44441.602
44361.367
44028.465
43275.367
42820.0
42950.965
43032.0
42520.434
41900.734
42186.035
42026.602
41687.367
41759.934
42063.234
42347.801
42553.234
43037.602
43228.434
43682.398
43391.168
43202.867
43665.898
43606.535
42401.5
43162.0
42747.102
42777.332
43022.367
42306.602
42484.5
43299.199
43497.832
43958.602
43819.102
43888.535
43877.301
43532.934
44010.766
43508.398
42972.832
42899.465
43233.832
43658.266
43857.035
43087.934
43249.035
43113.801
42691.5
43009.535
43152.035
43009.734
42742.633
43016.535
42706.699
42895.0
42308.965
42026.867
41889.633
41928.934
42091.367
41659.0
42525.301
42740.867
43296.965
42646.535
42833.301
42884.801
43113.898
42991.801
42761.367
42919.465
42879.766
42680.602
42662.898
42723.133
42336.102
41884.867
42288.699
42430.066
42556.699
42503.867
42715.301
42678.0
42556.035
42964.398
43023.434
43278.465
42408.301
41969.535
42136.234
41622.266
41704.102
41484.332
42055.898
42585.668
42416.766
42287.066
42606.633
42492.0
42825.898
42662.266
42725.633
43077.734
42819.434
42817.668
43021.832
43028.801
42944.633
42780.266
42054.766
42237.133
41500.367
41712.535
41767.766
41692.801
41340.766
41467.602
41377.699
41313.0
41417.301
41767.801
41393.898
42006.133
41792.5
41705.199
41144.832
40776.465
40383.434
40530.465
40137.434
40115.332
39844.633
40494.332
40665.234
40730.602
40479.367
40196.934
41259.102
41433.332
41762.898
41816.133
42449.301
42618.535
41903.898
41694.066
41504.102
41497.801
40630.699
40788.133
41032.766
41031.734
41357.566
41297.465
41795.434
41715.734
41783.566
41563.934
41888.766
41537.867
41262.566
40657.535
41332.301
41394.668
40593.234
41494.602
41096.234
41491.133
41635.168
41162.934
41412.566
40994.465
40212.102
39687.465
40248.633
39967.332
39630.168
40082.465
40115.766
41112.934
40849.5
41483.266
41728.168
41412.934
41301.566
41723.668
42065.301
41527.535
40958.168
40727.066
40754.832
40187.332
39983.367
39988.0
40550.168
40577.398
40524.035
40503.199
41130.965
41180.133
40785.633
40518.867
40526.633
40135.602
39476.168
38975.199
39034.766
39034.934
38624.434
38907.0
39298.234
39836.066
40117.566
40272.133
40562.434
40794.332
41115.898
41048.734
41235.367
40988.332
40852.102
41327.398
40722.234
41205.535
40907.699
40421.734
41001.5
40936.801
41034.035
40675.0
40521.898
40445.0
40405.699
39863.0
40019.832
39693.465
39525.699
39879.535
39477.633
39294.133
39275.434
39168.801
39936.898
40196.332
39386.035
39525.398
40102.766
40034.934
39905.965
40380.398
39884.234
39600.465
39493.5
38723.734
39184.832
38370.801
38565.035
38467.066
38400.301
38989.668
38718.766
39048.668
39002.301
38893.133
39244.301
39171.801
39481.234
39436.0
38938.035
38986.867
39233.168
39382.602
38526.5
38880.867
39037.566
39045.332
38459.766
38950.199
39613.234
39161.535
38901.965
39724.535
39839.965
39645.934
39374.367
38980.465
39586.766
39082.934
39243.301
39228.801
38902.367
39100.602
38994.566
38737.332
39079.699
38824.133
38179.234
38366.602
38646.301
38465.0
37824.234
37798.066
37547.5
37397.734
37203.102
36802.0
37389.965
37389.266
37039.832
37995.199
37891.367
38130.133
38079.566
37799.332
38282.5
38085.066
37745.766
37220.266
37663.234
37864.398
37060.965
36247.133
35499.766
34784.668
34269.234
33564.668
33194.035
32571.0
32128.566
33257.133
33921.301
33961.0
34500.035
35221.398
36385.898
36119.066
36568.898
36345.066
36320.367
36508.602
36044.965
35911.867
36082.566
36025.332
35595.234
35727.465
35845.898
36073.734
35817.168
35600.266
35988.367
35813.398
35794.766
35653.535
36001.102
35937.602
35619.434
36182.602
35957.434
35787.801
35355.168
35094.668
35143.965
35066.398
35041.434
35173.465
34978.5
35331.801
35437.566
35233.934
35443.566
35939.332
35618.168
35351.066
35653.832
35799.801
35623.102
35782.133
35646.168
35219.734
35112.168
35039.801
35200.5
35096.465
34363.898
34720.0
34591.699
34857.867
34691.832
34532.465
34634.633
34787.066
35059.633
34627.602
34864.898
35093.668
34520.367
34801.066
34800.633
34698.066
34160.035
34252.398
34170.766
34222.465
34299.367
34187.801
34067.5
34074.535
33481.766
33794.0
33566.566
33883.934
33353.699
33794.266
34370.035
33980.668
34408.566
34375.602
34239.234
34675.332
34458.168
34482.332
34536.035
34454.734
34657.234
34463.535
34578.168
34324.668
34529.965
34348.0
34748.766
34093.133
34260.434
33955.066
34239.5
34372.465
33876.367
33788.398
33862.699
33897.199
33855.832
33947.0
33987.566
34059.332
34066.566
33984.199
33903.898
33507.867
33113.898
33025.0
33217.5
32724.133
32419.166
32549.133
32960.768
32909.666
32431.768
32494.934
32891.699
32640.268
32410.967
32080.133
32345.301
32155.934
31768.633
31275.066
31661.566
31736.467
31660.232
31989.533
31884.9
31890.133
31311.434
31502.0
31152.232
31049.199
30295.699
30147.867
30256.566
29784.934
29746.9
29050.0
29406.434
29108.801
28546.768
27773.199
27647.232
27774.666
27587.633
26989.801
27265.232
27159.801
27448.232
27514.801
28148.1
28493.934
29288.166
30038.199
30158.367
30293.199
30361.834
30634.133
30425.9
30028.732
30142.633
29907.732
30182.301
29920.934
30242.834
30335.0
30645.5
30583.268
30774.699
30672.666
31127.367
30990.066
30722.5
30979.732
31309.367
31032.0
30781.834
30546.133
30892.699
30793.268
30549.967
30488.133
30598.1
30625.268
30981.033
30203.133
30769.033
30718.6
30760.166
30591.732
30855.434
30659.6
30295.1
30266.867
30378.434
30545.334
29875.1
29753.867
29929.566
29697.533
29600.166
29802.666
29895.1
29621.0
29510.434
29272.0
29237.834
29271.6
29381.232
29287.533
29277.9
29218.467
29216.5
29139.133
28988.1
28955.867
28777.566
28224.467
28646.699
28169.6
28286.166
28296.934
28428.5
28185.268
28317.5
28247.732
28323.166
28643.934
28465.367
28797.066
28600.033
28812.199
28596.768
28089.066
28230.633
28026.666
27836.5
28080.199
27928.633
27929.467
27927.768
27872.467
28280.1
28729.0
28273.166
28859.6
28954.967
28709.066
28848.834
28528.334
28741.033
28926.533
29073.967
29220.4
29298.033
29685.133
29587.699
29938.934
30334.166
30583.334
30075.9
29933.268
30281.232
30784.801
30593.633
31120.934
31236.967
31666.268
31423.633
31574.467
31448.633
31157.199
30434.301
29412.533
28930.9
28580.334
28279.301
27994.934
27771.5
27773.533
27655.9
27541.334
27772.5
27694.533
27712.768
27696.666
27992.9
27764.867
27596.967
27323.199
27272.1
27450.6
27055.301
27363.867
27218.9
27454.334
27458.367
27544.0
27613.699
27828.199
27412.367
27587.934
27955.5
27759.199
27186.5
27490.533
27869.633
27693.934
27298.434
27603.066
27836.5
27239.533
27696.166
26981.533
27366.232
27010.666
26770.9
26905.133
26766.434
26855.934
26568.834
26114.4
26824.768
26891.867
26547.033
26544.467
26710.768
26495.0
26868.5
26302.066
26521.367
26556.666
26691.699
26700.467
26831.166
26558.467
26718.967
26812.0
27072.301
26626.066
26251.367
26268.4
26503.232
26675.199
26358.768
26468.801
26379.967
26539.867
26289.768
26327.066
26364.367
26273.334
25854.232
25607.467
26286.301
26027.6
25576.5
25513.801
25933.768
25530.4
25505.566
25615.4
25892.232
25558.867
24570.5
25342.801
25772.699
25356.334
25283.367
24909.666
25187.1
25291.467
25525.1
25496.6
25410.9
25070.533
25103.633
25119.6
24578.301
24406.066
23858.834
24161.334
23700.434
24102.533
23644.9
23763.4
25034.967
24855.666
24800.301
25412.934
25264.434
25268.066
24821.033
24626.533
24437.434
24469.732
24174.834
24244.199
24356.699
24338.934
23949.633
24244.334
24883.834
24429.732
23928.1
24252.6
24509.166
24574.6
24230.301
24413.467
24526.834
24131.334
23822.967
23484.867
23880.232
23425.6
23372.566
22930.133
22963.033
22970.467
22333.367
21882.199
21761.367
20382.066
19633.834
18858.732
18950.166
18991.533
19041.633
19251.867
20055.1
20916.199
21423.967
21501.732
21691.033
22361.801
22812.967
22723.6
22395.566
22898.801
22790.1
22881.732
22881.367
22494.268
22160.1
22031.732
22489.5
22397.4
21968.367
22618.199
22521.967
22744.334
22842.033
22709.066
22771.367
22764.732
22543.9
22671.334
22748.566
22952.066
22478.301
22518.066
22874.033
22977.467
22869.232
22909.867
23068.967
23044.268
22895.166
22437.732
22866.834
22836.6
22465.166
22293.6
22550.768
22707.6
22469.166
22103.334
22300.1
22607.0
21988.9
22689.732
22815.367
22734.268
23144.1
22915.467
22975.166
22941.732
22721.834
22882.133
22813.5
22767.268
22392.166
22428.268
22519.301
22567.533
22441.232
22555.0
22779.301
22766.666
22445.9
22203.334
22528.1
22423.199
22585.1
22167.732
22698.9
22488.334
22728.967
22647.732
22828.166
22702.533
22221.768
21979.334
22525.834
22410.268
22581.301
22180.133
22073.699
22180.199
22045.699
22396.934
22162.768
22175.066
21560.033
21618.801
21687.699
22016.0
21090.5
21401.133
21621.5
21623.4
21375.232
21254.6
21662.633
21565.666
21336.699
21520.533
21578.566
21807.934
21054.768
21294.066
21737.434
21806.133
21411.699
21303.934
21444.699
21660.732
21216.834
21216.867
21361.5
21265.0
20719.232
21048.066
21049.967
20895.199
20833.232
20965.133
20672.232
21390.6
20741.434
20669.801
20772.5
20791.467
20679.301
20110.666
20643.566
20708.133
20389.1
20121.0
20582.566
20449.4
20352.633
19833.533
20428.434
20387.133
20271.768
20314.066
19981.033
20251.133
20102.566
19629.6
19934.834
19756.199
19769.967
19283.666
19694.367
19609.867
18985.301
18627.334
19401.967
19215.801
19031.033
18896.732
19173.301
19025.801
18683.633
18606.0
19244.967
18962.467
18786.301
18643.0
19109.9
18706.934
18500.1
18411.066
19043.166
18768.533
18567.232
18535.268
18711.5
18439.199
18050.367
17700.533
18177.967
18275.801
18180.566
18463.732
18604.967
18473.066
17876.232
18523.268
18329.768
18212.732
18154.232
18095.066
18003.166
18173.133
17687.434
17636.0
16957.768
16190.267
15504.9
14706.4
14284.366
14109.934
14098.767
14052.8
14955.033
15527.467
15703.1
16175.934
16485.233
16551.8
16646.967
16558.733
16707.7
16150.667
16168.3
15473.8
16441.967
16414.533
16173.434
16118.6
16525.7
16737.867
16917.367
16585.801
17034.967
17262.133
16863.768
16966.066
17336.166
17336.4
17299.633
17449.732
17572.633
17521.666
17324.967
16939.666
17831.166
17618.467
17563.967
17140.467
17822.1
17926.467
17704.633
17861.066
17913.768
17455.4
17639.033
17257.199
17821.367
17730.0
17622.9
17532.666
17587.434
17814.467
17416.633
17951.334
17902.834
17962.0
17918.5
17486.268
18211.834
18158.268
17786.699
17961.6
18656.834
18375.0
18113.834
18640.268
18847.367
18469.467
18247.434
18392.066
18024.768
18207.268
17678.5
17852.066
18178.967
18040.334
18001.367
18486.066
18097.9
18241.066
17630.9
17468.801
18362.166
18175.666
18012.232
18198.199
17981.768
18074.334
18194.967
17867.467
17943.566
17894.0
17843.699
17811.0
17990.5
17668.268
17751.434
17605.066
17993.301
17727.934
17857.768
17800.666
18207.967
17790.867
17829.033
17733.666
17993.301
18290.533
18250.367
18136.666
18050.566
17931.0
17836.166
18064.066
18194.633
18323.533
18318.434
17915.867
18581.834
18399.334
18371.9
17866.467
18425.9
18295.334
18105.166
17965.4
18097.232
18245.732
18378.1
18260.268
18351.301
18056.4
18154.566
18337.533
18075.1
18169.6
18039.1
17893.334
18018.1
18144.6
17894.232
17841.0
17961.633
18217.334
17251.434
18007.066
18049.301
17985.066
17271.699
17681.732
17962.232
18097.199
17899.834
17982.934
17893.834
18043.334
17749.633
17619.199
18051.033
17797.467
17871.033
17496.867
17808.699
17839.4
17466.834
17411.867
17735.232
17325.6
17327.232
17168.334
17477.166
17386.533
17042.834
17389.533
17319.301
17075.0
17214.768
17365.133
17166.367
17127.934
16911.633
16922.666
17217.1
16946.4
17048.301
16681.533
16820.699
16847.0
16691.699
16791.801
16618.967
16533.533
16468.167
16452.268
16684.033
16663.533
16581.634
15704.0
15961.1
15842.934
15690.7
15065.467
14980.033
14999.934
14601.7
13988.6
14513.366
14378.866
13542.5
13951.8
13878.434
13514.866
13638.233
13124.4
13288.634
13133.8
12840.3
12945.533
13200.1
13051.066
13217.3
11991.667
12753.033
12849.6
12367.033
12707.467
12943.434
13050.866
12795.833
13213.267
13467.967
13504.0
13694.434
14074.866
14074.434
13907.533
14016.833
13796.667
13767.5
14014.6
13927.767
13393.4
13844.233
13674.8
13307.7
12722.866
13109.967
12860.333
12555.9
12435.866
12310.566
12368.533
12229.634
12108.8
12506.3
12495.134
12333.366
12350.267
12450.9
12299.333
12230.9
12113.533
12540.233
12361.866
12026.233
12480.4
12832.634
12651.8
12327.033
12516.733
12464.9
12509.267
12462.7
12349.0
12409.7
12163.467
11602.833
12129.667
12003.366
12133.8
12279.5
11821.267
12335.5
12197.2
11458.366
11783.6
11979.434
11856.533
11867.434
12124.8
12243.366
12223.934
12410.167
12344.733
12466.566
12278.733
12238.434
11940.8
12201.634
12268.2
12017.833
12022.467
12243.833
12238.267
11939.967
12458.533
12497.566
12650.4
12175.833
12428.866
12575.767
12555.667
12760.634
12082.467
12561.833
12436.134
12630.033
12193.8
12909.1
12626.333
12785.566
12401.066
12961.767
12888.733
12561.1
12353.733
12577.767
12378.2
12279.833
12500.733
12422.767
12280.467
11953.233
11935.0
12156.7
12333.4
12187.434
12356.6
12317.9
12150.733
11972.033
12163.8
12244.366
12121.2
12432.634
11817.467
12128.833
12406.667
12336.033
12036.934
12120.7
11666.267
11397.566
11835.8
11727.033
11817.0
10982.434
11552.066
11843.434
11690.0
11421.833
11736.8
11974.033
11552.4
11712.1
11563.733
11812.7
11430.467
11202.833
11200.0
11511.967
11481.467
11012.634
11325.267
11300.3
11478.733
11302.033
11324.333
11432.9
11248.0
11060.5
11300.866
11452.167
11377.267
11229.033
11570.267
11269.634
11387.866
11289.5
11121.6
11269.366
11250.267
11119.634
10978.333
11006.566
11089.2
10795.833
10713.267
11176.434
11188.2
10885.833
10928.8
11176.5
11177.533
10742.5
10814.6
11035.1
10813.0
10594.3
10995.066
10959.366
10741.6
11000.1
10745.134
10819.3
10771.0
10469.167
10134.533
10828.5
10470.0
10702.434
10530.6
10617.967
10459.6
10369.7
10222.8
10556.767
10443.6
10336.5
10070.8
10337.767
10398.2
10212.967
10157.0
10420.5
10388.333
9902.634
10106.0
10364.5
10332.866
9624.967
9808.866
10241.967
10203.066
10073.767
9745.267
10276.7
10179.2
10098.3
9835.934
10008.033
9841.533
9705.033
9856.533
9982.5
9822.8
9648.366
9722.134
10162.033
10162.6
9934.833
9644.267
9743.366
9888.333
9691.634
9525.8
9855.233
9746.0
9738.833
9419.733
9615.3
9718.333
9646.233
9485.8
9677.634
9491.6
9884.833
9199.733
9659.967
9564.866
9366.434
8937.8
9634.9
9572.733
9605.366
9317.6
9400.7
9264.934
9343.1
9492.333
9779.3
8982.8
9259.3
9030.134
9295.1
8709.4
8298.967
7655.267
7410.167
6566.133
5754.1
5149.333
4502.8330000000005
3747.867
3348.833
2692.867
3004.5
2878.667
2617.567
2818.467
3704.167
3911.467
3885.767
4901.867
5452.633
5754.0
6058.433
5401.0
6179.433
5764.667
5612.433
5240.667
5035.567
5109.267
4810.233
4573.933
4952.833
5048.2
5004.7
4770.2
5523.767
5321.933
5366.5
5970.667
6007.7
6281.8
5970.033
6442.333
6619.967
6598.667
6647.633
6889.933
7149.033
7204.467
6743.033
6985.4
7550.033
7547.733
7151.7
7630.733
7880.9
8062.667
7960.433
7972.133
8437.967
8431.2
7825.967
7940.6
8655.767
8720.134
8533.5
8276.6
8798.233
8623.866
8448.967
8429.934
8914.3
8691.667
7847.700000000001
8687.6
8862.833
8940.667
8606.3
8384.134
8894.366
8842.4
8609.233
8515.134
8686.7
8801.8
8397.167
8232.467
9152.167
8744.533
8511.5
8533.667
8860.233
8766.267
8640.233
8604.333
8820.1
8772.134
8593.167
8573.267
8875.434
8842.667
8700.9
8606.467
8908.634
8818.267
8276.434
8488.533
8807.434
8726.533
8354.566
8291.134
8654.233
8542.066
8612.767
8375.667
8614.566
8757.267
8460.233
7999.733
8765.3
8665.134
8650.566
8490.733
8947.967
8696.333
8529.233
8287.267
8770.167
8547.0
8136.700000000001
7994.467000000001
8608.5
8559.4
8559.433
7972.134
8677.833
8526.667
8387.7
8463.134
8664.1
8641.134
8423.1
8354.934
8862.566
8694.533
7832.5
8186.866
8765.5
8532.6
8511.567
8387.6
8751.9
8633.667
8186.833
7996.066000000001
8577.5
8422.533
8400.633
8231.933
8589.167000000001
8548.2
8409.3
7949.799999999999
8629.7
8563.4
8228.033
7921.3330000000005
8464.832999999999
8637.8
8291.433
8230.067
8568.7
8209.133
8148.767
8291.332999999999
8281.033
8216.667000000001
8079.033
7883.8
8447.433
8295.867
7927.633
7856.6
8346.7
8454.467
7772.833
7839.333
8335.033
8250.667000000001
8285.5
8047.933
8238.367
8174.333
8111.967
7778.267
8426.433
8192.6
7913.433
7878.667
8236.3
8168.133
7984.833
7503.733
8118.3
8063.2
7939.567
7431.067
8203.567
8031.667
7540.433
7921.667
8011.633
7942.8
7527.833
7610.933
7779.7
7895.2
7649.3
7604.333
7880.833
7649.867
7653.833
7460.267
7751.167
7792.867
7326.9
7259.067
7728.967
7718.067
7415.567
7362.733
7433.367
7608.533
7147.1
7341.533
7396.5
7455.133
7252.233
7053.0
7597.833
7463.267
7083.967
6743.2
7298.233
7463.4
7263.767
6987.4
7326.7
7307.2
6635.033
7024.333
7429.767
7096.133
6944.5
6989.8
7252.767
7265.533
6881.633
6746.133
7153.567
7227.6
7067.1
6946.0
7273.033
7080.0
6754.833
6526.067
7157.033
6957.267
7203.433
6694.333
7190.367
7131.733
6625.167
6695.0
7163.167
6999.6
6802.7
6864.733
7130.567
7078.867
6646.433
6610.133
7196.5
6944.933
6792.5
6845.4
7074.367
6915.0
6498.167
6376.133
6745.967
6726.4
6215.3
6338.267
6806.567
6647.0
6810.7
6497.0
6850.7
6703.333
6911.433
6528.867
6744.567
6655.867
6299.433
6270.6
6743.367
6631.467
6160.5
5641.333
6586.1
6626.133
6154.167
6357.867
6597.367
6395.533
6220.5
6199.133
6566.5
6352.533
6173.3
5848.733
6418.567
6463.6
5748.5
5932.867
6482.033
6253.4
6010.833
5792.867
6395.633
6372.467
6284.3
5862.733
6442.567
6367.4
6308.833
6180.8
6379.3
6240.6
5007.7
5498.2
6275.9
6343.067
5977.967
5700.133
6226.967
6355.333
5687.433
5706.4
6130.033
6091.467
5616.833
5650.533
6154.167
6106.0
5475.433
5472.133
6006.233
5968.133
5713.9
5714.733
5927.7
5865.667
5447.7
5816.467
5926.1
5928.133
5417.433
5646.733
6022.033
5816.2
5335.033
5256.467
5843.967
5853.133
5692.233
5137.467
5905.3
5781.267
5129.5
5247.0
