264.66700000000003
69.05
-135.13299999999998
140.85
450.6
136.11700000000002
206.267
230.78300000000002
237.2
253.917
123.2
-164.61700000000002
214.333
206.917
25.333
-35.016999999999996
338.8
7.049999999999997
58.467
365.383
423.8
184.65
457.933
148.917
282.467
200.25
225.53300000000002
-130.61700000000002
198.4
202.583
321.33299999999997
13.25
278.4
191.38299999999998
239.267
20.849999999999994
545.2
470.517
85.067
-57.95
245.667
126.383
-12.132999999999996
169.25
198.4
228.11700000000002
147.267
230.917
215.733
237.917
-37.06699999999999
22.049999999999997
613.067
268.58299999999997
-8.933000000000007
-260.017
425.933
433.983
40.467
37.717
371.267
431.45
394.067
232.183
411.33299999999997
359.117
154.733
310.25
390.067
392.117
323.6
-140.417
447.533
282.117
20.132999999999996
81.45
381.533
192.65
138.333
66.45
288.66700000000003
489.517
204.067
56.583
237.46699999999998
334.65
25.400000000000006
5.783000000000001
250.53300000000002
205.65
497.933
-10.283000000000001
181.46699999999998
219.11700000000002
336.66700000000003
-63.150000000000006
188.0
246.25
194.8
86.983
411.2
361.317
-230.2
26.650000000000006
402.533
298.317
211.333
199.317
466.267
281.58299999999997
-3.1329999999999956
270.05
96.467
317.91700000000003
253.067
273.717
405.067
273.783
547.933
-226.817
324.2
363.517
102.533
347.65
385.133
451.45
246.6
81.05
338.933
240.05
-61.867000000000004
102.783
332.66700000000003
311.85
127.933
9.650000000000006
409.33299999999997
434.383
56.8
-245.28300000000002
352.933
311.983
82.6
139.05
276.133
404.383
330.4
42.783
300.533
325.783
-277.6
-146.88299999999998
307.533
212.917
164.667
-12.549999999999997
329.267
262.783
50.132999999999996
217.65
401.267
292.717
243.733
-110.75
449.33299999999997
404.05
427.267
150.917
493.4
268.783
148.53300000000002
340.317
407.267
72.85
364.0
-170.017
128.2
218.917
-3.266999999999996
361.783
588.067
416.183
158.13299999999998
-92.083
497.4
145.317
449.733
21.583
380.2
362.25
308.467
372.183
521.267
341.383
422.467
298.517
330.8
225.25
379.067
-362.617
382.533
351.183
170.46699999999998
131.983
140.733
313.65
464.66700000000003
171.65
242.067
291.517
119.333
-200.083
272.133
372.383
461.2
178.05
395.4
307.783
49.867000000000004
-324.35
442.8
240.983
-61.467
9.783000000000001
262.33299999999997
181.25
-1010.733
-98.083
122.733
263.85
247.46699999999998
-66.217
564.933
401.517
261.067
68.783
260.733
217.25
-114.8
426.783
522.067
273.983
-199.53300000000002
27.983000000000004
298.133
314.25
-117.333
346.783
375.2
254.317
394.8
338.65
332.867
403.717
233.53300000000002
172.05
367.733
251.917
409.467
23.316999999999993
395.2
429.25
329.4
-74.75
212.933
312.317
66.8
-295.41700000000003
374.4
339.91700000000003
254.733
-131.55
344.267
326.383
208.267
73.783
355.733
350.65
-158.13299999999998
198.65
329.4
68.117
-143.46699999999998
158.05
256.533
206.65
309.733
152.983
250.53300000000002
507.317
94.0
164.183
372.533
515.317
382.733
154.38299999999998
213.8
272.91700000000003
91.667
491.05
350.4
194.25
-162.333
99.117
203.6
291.517
267.4
-16.549999999999997
539.333
547.117
26.733000000000004
280.58299999999997
366.067
338.05
231.267
94.25
325.933
374.983
68.6
131.38299999999998
282.33299999999997
320.85
169.46699999999998
297.117
467.66700000000003
433.383
390.33299999999997
97.65
555.2
161.65
373.4
-155.55
359.2
166.583
-92.333
283.91700000000003
325.467
187.917
534.333
376.91700000000003
376.33299999999997
262.517
621.733
78.85
369.4
275.65
-47.733000000000004
265.58299999999997
627.333
400.45
534.0
-51.483000000000004
430.267
349.05
371.467
175.183
326.0
507.983
-77.53299999999999
209.783
588.933
316.85
122.6
146.183
327.86699999999996
323.45
502.6
160.783
625.6
526.65
679.733
417.85
679.333
480.11699999999996
200.2
296.717
348.4
564.783
736.533
156.517
670.267
545.983
495.533
632.85
559.867
459.783
300.933
593.317
445.8
715.517
69.46699999999998
237.91699999999997
509.733
486.05
506.267
336.917
833.467
490.783
665.733
485.45
628.133
595.717
621.2
257.65
948.3330000000001
415.717
521.6669999999999
455.917
789.6
469.783
636.0
533.85
536.4
785.317
701.733
593.117
536.733
786.65
564.8
384.983
868.8
668.717
557.067
494.917
483.933
588.317
695.4
566.517
800.6
689.65
472.867
416.65
577.0
686.9169999999999
572.0
457.183
803.467
376.583
653.3330000000001
373.783
589.6669999999999
476.65
656.8
742.317
631.8
375.85
683.6669999999999
871.317
356.467
773.183
634.0
662.25
687.133
658.983
514.4
860.383
1031.867
555.45
564.8
1145.717
793.6
991.317
373.26700000000005
547.717
1018.8
857.383
978.867
1046.983
577.533
539.717
673.467
631.383
1179.6
999.783
472.4
939.85
845.4
1050.583
1087.8
920.317
821.733
1164.25
450.13300000000004
730.517
853.4
1011.183
1324.333
1265.05
1190.267
1130.583
926.267
1032.383
1065.533
968.05
595.4
812.783
1165.067
989.783
1246.867
799.85
1304.6
1200.85
1292.933
1111.783
1273.333
1200.183
783.2
1232.317
1104.533
1020.45
946.067
1082.05
1083.933
1197.383
1096.867
871.117
1199.867
965.05
947.5999999999999
821.7829999999999
1287.4
1176.583
1122.533
1187.25
1289.467
1048.183
1037.8
937.25
1202.4
1251.05
1130.6
877.917
1367.333
1094.25
1153.333
1129.983
1284.267
1154.317
649.267
1082.783
1150.067
1212.85
1232.267
1412.183
1542.667
1351.25
1371.267
1341.117
1477.8
1522.45
1380.333
1451.383
1433.133
1442.717
1613.2
1455.583
1837.2
1320.917
901.3330000000001
1170.85
1371.067
1654.317
1365.4
1472.45
1834.533
1630.583
1541.2
1478.917
1696.733
1744.983
1774.533
1495.45
1865.4
1547.45
1445.133
1354.65
1412.667
1348.717
1662.533
1009.7170000000001
1396.467
1507.183
1752.933
1378.65
1687.4
1570.583
1776.6
1590.05
1672.8
1747.517
1719.267
1629.183
1932.667
1497.983
2018.667
1760.917
1798.2
1724.25
1624.933
1824.783
2059.333
1434.117
1547.667
1854.85
2078.933
1815.717
1895.867
1637.85
1725.8
1611.983
1695.333
1818.383
1770.533
2057.317
2313.667
1597.783
2170.467
2159.317
2046.933
1952.317
2001.933
1890.383
1849.267
2134.317
2075.8
1890.983
1692.733
1816.317
1753.6
1716.25
2049.4
1921.583
2057.0
2271.117
2070.133
2200.183
2412.333
2136.85
2466.8
2291.717
2638.067
2377.517
2223.2
2437.317
2462.933
2379.583
2181.6
2343.917
2162.333
2238.583
2111.667
2316.45
2298.267
2091.183
1788.133
2057.583
1998.2
2022.717
1824.2
1785.45
2032.6
1798.583
1753.6
1460.25
2089.067
1644.517
1987.6
1971.183
2141.733
2590.717
2369.133
2619.517
2464.067
2623.183
2774.267
2395.85
2585.733
2546.383
2303.067
2206.183
2509.467
2347.783
2616.733
2176.05
2440.933
2483.917
2450.0
2593.05
2545.6
2600.25
2739.133
2685.45
2749.533
2754.383
2658.4
2376.917
2714.467
2749.783
2584.0
2822.85
2915.667
2786.517
2681.8
2389.25
2897.6
2764.917
3044.0
3306.917
3363.933
3726.45
3684.6
3545.717
3487.333
3415.717
3531.267
3123.65
3696.467
3391.383
3553.333
3457.317
3690.933
3209.917
3357.0
3520.45
3389.667
3416.717
3207.733
2891.983
3516.467
3594.65
3452.133
3611.983
3776.267
3758.383
3628.6
3406.917
3773.4
3714.05
3204.867
3428.383
3396.533
3625.383
3474.667
3691.183
3887.8
3628.183
3526.733
2983.983
3290.0
3407.317
3454.2
3172.917
3580.267
3258.317
3322.267
3116.183
3069.267
3012.85
2926.2
3006.917
3026.8
3142.65
2918.2
3056.85
2832.733
3001.45
3103.067
3183.983
3489.667
3624.583
3697.933
3871.45
3676.867
3761.917
3333.2
3850.517
3635.267
3626.45
4149.867
3788.25
4497.2
4497.917
4393.533
4583.65
5166.6
4635.983
4784.667
4268.783
4459.8
4397.317
4009.733
3779.25
3868.467
3730.717
3538.133
3615.917
4117.4
3710.85
3983.133
4015.517
4501.2
4447.983
4608.4
4358.917
4216.8
4065.383
3770.267
3620.117
3756.8
3354.917
3243.6
3113.383
3188.667
3145.183
2568.267
2914.783
2908.6
2593.85
2280.333
3045.45
3055.067
3151.383
3437.2
3129.983
3922.933
4111.983
4192.532999999999
4029.183
4137.733
3931.65
3590.6
3730.45
3675.733
3851.45
3829.333
3647.983
4188.3330000000005
3864.05
4023.267
3903.983
4100.133
4043.383
3967.867
3424.183
4027.467
3867.983
4030.667
3982.117
3876.733
3926.117
3942.867
3915.25
4583.933
4601.25
4574.467
4783.717
4968.933
5044.45
5040.6
4843.05
5177.533
4926.25
5327.667
4891.25
5342.933
5771.05
5076.6
5308.183
5421.067
5222.917
5203.267
4499.85
4449.933
3930.25
3724.733
2868.85
2780.467
2320.783
2157.667
2154.583
2672.933
2909.25
3235.2
3680.517
4001.467
4145.917
4422.8
4820.583
5105.933
5439.583
5335.6
5326.183
5518.933
4973.25
4870.2
4618.717
4299.267
3575.25
3332.333
3054.65
3024.8
3379.717
3495.2
4001.25
4776.2
4992.983
5187.067
5967.717
6200.667
6293.25
6654.933
6367.517
7070.0
7087.317
7521.533
7196.983
7121.8
7541.05
7302.6
7365.717
7511.533
7331.45
7560.933
7380.517
8016.2
7811.45
7946.333
7707.983
8192.467
8003.183
7868.2
7925.783
8459.6
8232.05
8172.533
7975.183
8149.467
7705.517
7757.533
7954.117
8022.0
8446.25
8188.533
8271.85
8327.6
8038.117
7748.467
7549.983
7765.8
8019.117
8208.733
8072.783
8057.667
8097.05
8053.2
7904.583
7874.4
7811.983
7709.0
7750.583
8192.8
7984.783
8132.333
7852.25
7995.2
8197.717
7993.267
8372.517
8506.267
8475.783
8564.066
8644.45
8753.533
9079.85
9287.066
9100.25
9012.467
8981.25
8367.0
7871.117
8066.933
7997.983
7947.467
7829.117
8114.2
8359.05
8465.134
9028.717
8966.2
9533.316
9475.467
9518.783
9492.467
9869.05
9255.2
9389.517
9851.934
9360.45
9395.533
9607.783
9580.866
9393.384
9983.667
9437.05
9770.667
9721.983
9631.733
9370.717
9650.733
9513.384
9559.2
8987.45
9617.533
9443.184
9432.733
9050.65
9436.733
9775.517
9959.6
9613.517
9892.134
9948.717
9746.0
9778.65
9690.134
8752.783
9233.533
9234.45
9335.667
8863.65
9457.533
9262.583
9368.4
9101.517
9047.4
9394.05
9525.533
9452.717
9527.267
9269.85
9082.533
9048.717
8480.4
8743.717
9454.0
9156.45
9341.467
9627.717
9960.533
10013.85
10223.667
9858.184
10003.267
10096.583
10071.6
9648.45
9527.8
9011.65
9207.267
8463.983
9128.0
9326.384
9004.6
8972.25
9742.467
9730.517
9216.733
9241.517
9994.733
10188.517
9931.8
9748.85
9857.467
9937.316
9703.8
9629.184
9843.267
9657.316
9930.0
10212.717
9901.0
10141.384
10417.4
9522.116
9817.866
9687.384
9305.733
9600.65
8946.533
9172.65
9173.667
10091.583
10025.2
9825.917
9830.866
9399.983
9706.267
9660.316
9991.134
9643.783
9439.0
8947.85
8850.267
8528.317
8195.533
8094.45
7557.467
7454.983
7463.067
7435.45
7886.933
8260.783
9127.6
9664.45
10669.8
10819.116
11752.533
10964.783
10499.267
10915.583
10817.467
10667.45
11370.066
11434.65
11631.2
11469.583
11420.066
10792.783
10427.8
10099.384
10332.866
10220.583
11425.733
10905.45
11487.333
11521.05
11819.134
11819.983
11505.733
12213.983
12339.733
12908.583
12830.467
12920.05
13149.4
13484.917
12534.866
12771.316
12180.333
12481.517
12444.2
12841.316
12314.134
12128.783
11693.4
11553.517
11794.066
11498.85
10649.333
11504.184
11336.667
12040.384
12228.533
12287.184
13123.066
12752.65
12459.066
12716.316
12746.667
12531.85
12539.8
12674.717
13106.866
13524.05
13537.667
13216.983
13357.134
14851.85
13720.267
13769.45
13994.6
13436.85
13979.0
13936.05
14551.733
14021.583
13451.4
13738.983
13999.533
13884.65
13410.866
13304.316
14344.467
14794.65
14420.2
13815.783
14174.267
13947.717
13797.8
13030.05
13925.267
13781.85
13454.467
12817.25
13403.533
13643.316
13642.467
13240.316
14236.667
14236.717
13991.333
14350.783
14519.134
15170.717
14523.0
14345.517
14913.467
14452.717
14733.0
13930.717
14309.134
14968.184
14535.667
14666.85
14737.733
14332.116
14536.267
14922.783
15526.8
15265.184
15248.066
15380.25
15275.667
15643.85
16093.4
15682.983
15664.866
15226.384
15290.066
14788.983
15240.333
14855.25
15206.667
14557.783
14162.066
14405.116
14291.8
14002.45
14639.267
14162.316
14230.467
14345.116
14329.866
14402.05
14254.0
14819.25
15299.733
15611.85
14831.134
14870.85
14968.866
14412.184
15208.667
14838.983
15359.4
15388.917
15668.333
15698.717
15858.533
16105.184
15611.134
15118.25
16709.934
16125.517
16019.333
16279.116
16518.866
15372.384
16045.066
15344.384
16285.934
16031.05
15369.533
15869.05
16315.0
16082.717
16193.866
17077.584
16520.0
15961.116
15782.267
15547.983
15486.533
15989.116
16565.066
16526.384
17184.732
17292.65
17647.867
17201.518
17240.934
17639.449
17372.801
17346.982
17403.6
17473.982
17849.732
17505.916
18223.467
17957.184
18081.533
18514.383
18328.666
18285.717
17831.867
18001.982
18286.334
17899.783
17731.6
17580.25
18232.666
17972.717
18911.867
18215.783
17887.666
18337.184
18432.199
19129.383
19212.801
19317.383
18745.666
18983.518
18508.6
18628.449
18397.533
18767.85
19024.934
20691.383
19140.867
19954.916
20320.867
20460.584
19908.268
21200.383
20647.6
20988.383
21663.0
22367.449
21187.867
21747.117
21197.801
21477.25
23060.732
21641.518
21750.0
20948.783
20941.4
21021.783
21691.334
21570.783
22023.133
22744.25
22216.334
22973.783
23584.467
24225.051
24241.934
24433.584
25165.334
25834.85
25152.467
23948.518
24755.467
24885.916
24226.533
24694.316
25281.801
25338.184
25130.467
25621.383
26196.4
25526.25
26983.732
27556.85
27165.801
26636.383
27717.732
27528.916
27604.0
27315.65
27674.533
27782.117
27583.133
27675.65
27212.199
27576.982
28388.066
29118.916
29540.334
29841.783
31195.4
31431.584
30850.6
31538.717
31519.6
31276.717
31287.4
30365.117
31336.334
30569.117
30478.666
32060.25
32621.6
32891.316
32953.268
33134.25
33924.133
33060.25
33330.801
32725.648
33068.266
33297.383
32762.199
33486.648
34270.266
34536.582
34678.332
34875.785
35298.266
35271.852
34699.535
34984.051
34892.668
34997.918
34298.266
34940.383
35014.867
35234.316
35664.066
35167.648
34987.199
35177.449
35237.535
35322.648
35416.332
35732.852
35443.398
35608.25
35869.801
35634.25
34546.934
34016.852
32378.801
31130.717
30129.199
29821.584
29747.867
30222.117
30179.4
31480.184
33092.465
33596.25
34210.398
34308.051
34558.0
35443.984
36437.066
36046.785
36745.133
36745.449
36447.133
35593.117
35343.867
35606.715
36178.266
36457.785
36948.266
37542.984
38436.602
38992.117
39072.332
39174.852
38423.801
38270.383
37789.398
38098.582
38192.535
38203.383
38160.199
37449.25
37081.734
36864.25
36306.266
36401.449
36689.602
36461.051
37901.934
38079.184
38429.934
39081.648
39312.066
38458.184
38681.398
38235.383
38309.0
38631.582
39056.602
39441.852
40465.535
40281.25
40899.133
40427.25
40392.867
39947.051
39192.668
39434.785
39285.668
39531.648
39284.867
39563.051
40158.199
40457.449
39981.398
40117.117
41153.668
40573.715
41020.398
40249.918
40875.734
40372.25
39438.668
38911.184
38614.066
38480.715
38744.934
39052.852
39482.602
40582.316
40322.465
41174.184
40612.465
40654.785
40479.133
40032.449
39681.734
39220.25
38580.602
38797.852
38775.535
38512.383
38780.867
38743.852
38469.332
38543.316
38448.066
38525.984
39059.0
39487.852
39424.398
39936.582
40677.801
40809.449
40815.398
41178.25
40951.398
40845.184
40150.535
39644.785
39163.266
39462.051
39838.934
39603.785
40402.266
40742.184
41343.398
41575.918
41522.332
41580.582
42377.535
42737.516
43257.734
43327.117
43034.734
42861.582
42620.398
42552.316
41864.133
41655.184
41817.535
41810.051
41487.0
41344.785
40478.0
41060.449
40652.734
41127.117
41003.602
41863.449
42418.867
42988.582
43407.535
43685.984
42729.734
42860.516
42339.934
42360.051
42672.133
42348.449
42381.398
41928.184
42373.398
42694.648
42740.066
42952.117
43059.734
43507.184
43956.465
44781.582
43983.266
43830.715
43141.0
43137.648
42425.734
42408.25
42265.332
41996.316
42667.0
42789.715
40991.133
42225.918
42125.066
41730.449
42025.266
41673.449
41532.332
41814.516
42459.199
42741.184
42784.867
42679.516
42817.199
43569.785
43652.332
43926.785
43687.266
43136.184
41741.066
40167.785
39362.066
37897.516
36258.066
35703.582
36426.0
37448.785
39776.199
40434.582
39790.066
39866.715
40091.668
39522.852
39986.266
39425.117
38936.867
39827.648
41051.934
42024.648
41967.867
42357.582
42583.734
43023.785
43883.266
43379.648
43218.535
43331.785
42478.801
43040.715
43506.602
43564.648
43309.602
44243.715
44633.535
44665.984
44669.801
43966.25
43801.734
43498.117
43732.398
43446.918
42750.0
42493.449
41980.668
43103.984
43839.398
44518.117
44279.199
44921.582
45864.934
46202.449
45680.398
45195.582
45552.0
44953.582
44811.934
44096.785
44836.332
45390.648
44855.133
44572.852
44231.0
43146.852
42462.801
40879.516
39700.867
39338.516
39456.668
39805.383
40332.535
41577.449
41793.0
43126.516
43431.734
43517.648
44156.465
44361.648
44840.668
44989.051
45212.332
45660.582
46537.934
45832.852
45488.266
44630.852
44509.668
44390.117
44245.602
44295.117
44288.398
44961.984
46016.332
46037.582
46071.867
46094.918
45988.066
45686.316
45687.934
45743.117
44490.0
43980.051
43565.734
42954.25
42164.0
41578.918
41997.465
42241.383
42722.535
43172.316
43896.801
43960.449
43719.199
43595.852
43778.535
43439.449
43062.332
43199.582
43617.398
44142.984
44264.465
44381.715
44872.398
45416.449
45358.734
45452.852
45205.668
45001.785
44378.266
43603.785
43270.535
42364.383
41339.199
42630.918
42531.867
42884.316
43037.266
43723.984
43809.535
44163.449
43628.0
43693.051
44069.668
43592.715
43429.266
43253.25
43193.734
42848.648
42183.199
41676.918
41837.266
41881.648
41406.066
40774.516
41057.668
40933.516
40667.465
40663.117
40895.867
41223.449
41450.465
41890.184
42070.0
42531.785
42258.199
42076.715
42577.867
42490.852
41281.801
42060.184
41590.734
41701.918
41883.668
41231.184
41361.934
42264.316
42374.535
42821.715
42675.332
42791.184
42762.867
42409.918
42923.535
42450.449
41909.801
41779.184
42141.535
42579.582
42770.0
42040.648
42168.398
42078.117
41643.465
41939.984
42113.801
41948.316
41791.066
41970.051
41693.602
41805.316
41261.602
41001.383
40869.199
40866.715
41036.0
40637.051
41511.0
41755.852
42305.465
41608.785
41797.867
41797.582
42120.535
41998.715
41703.465
41902.918
41892.465
41661.582
41683.266
41719.984
41386.066
40862.117
41337.465
41416.648
41560.199
41499.984
41722.465
41739.383
41589.934
41984.852
42083.867
42327.648
41421.801
41021.117
41268.867
40744.184
40831.734
40538.449
41123.332
41634.582
41513.734
41334.184
41649.535
41627.516
41888.398
41751.582
41796.0
42127.918
41924.934
41920.25
42103.398
42211.918
41995.934
41831.117
41180.934
41422.117
40585.934
40848.852
40890.332
40844.25
40467.668
40620.383
40546.266
40490.852
40522.602
40930.449
40535.535
41171.383
40964.801
40886.582
40343.465
39967.316
39540.934
39737.715
39342.266
39367.25
39003.801
39635.383
39897.398
39841.117
39694.465
39376.316
40397.535
40652.184
40957.066
40980.918
41576.332
41749.184
41104.066
40917.715
40749.934
40683.051
39882.867
40028.449
40238.734
40244.984
40573.0
40463.449
40966.734
40927.117
41029.934
40741.715
41103.734
40748.984
40424.133
39892.449
40533.266
40601.184
39816.801
40701.715
40346.199
40651.25
40850.668
40368.582
40630.934
40236.449
39472.734
38973.715
39498.535
39235.852
38946.668
39373.715
39387.0
40424.383
40112.535
40826.25
40994.465
40669.184
40548.801
40981.449
41297.734
40773.383
40267.332
40031.383
40004.602
39513.984
39313.801
39247.25
39869.398
39890.449
39832.801
39755.516
40438.867
40485.051
40064.801
39822.785
39851.066
39439.25
38789.602
38303.051
38375.668
38316.516
37953.0
38251.25
38657.0
39146.852
39467.133
39540.316
39889.668
40153.051
40470.133
40372.383
40520.602
40333.449
40178.535
40734.582
40061.0
40521.184
40163.133
39787.051
40363.066
40270.918
40409.801
40023.449
39913.398
39827.184
39792.602
39273.383
39399.199
39151.715
38953.199
39245.715
38893.934
38709.25
38723.332
38563.184
39359.199
39614.184
38829.867
38930.449
39549.465
39445.582
39399.867
39817.648
39353.465
39026.984
38901.867
38130.918
38612.602
37808.918
38008.867
37902.184
37885.734
38426.984
38181.199
38533.785
38436.934
38370.516
38689.398
38643.316
38945.668
38865.582
38415.133
38456.316
38723.0
38854.051
37994.867
38287.852
38508.867
38522.449
37926.133
38416.582
39063.535
38664.184
38409.066
39200.516
39271.0
39167.984
38831.133
38435.852
39016.801
38495.383
38753.801
38674.184
38419.199
38566.449
38503.398
38218.449
38605.535
38313.383
37642.398
37857.582
38149.465
37904.383
37274.668
37316.383
37023.0
36976.383
36697.0
36329.25
36857.668
36911.383
36546.332
37529.648
37385.199
37622.648
37602.066
37303.715
37843.266
37602.785
37266.801
36734.984
37246.066
37428.449
36534.066
35810.715
35040.602
34380.852
33807.266
33168.648
32798.801
32192.051
31736.934
32863.85
33489.668
33498.582
34071.535
34799.184
35940.934
35629.715
36128.734
35941.852
35938.801
36047.25
35628.066
35489.316
35641.867
35583.184
35179.133
35262.25
35420.602
35639.449
35426.465
35171.184
35634.0
35319.383
35379.668
35207.852
35611.668
35571.516
35227.602
35774.051
35593.801
35380.648
34966.465
34718.648
34792.266
34718.383
34647.465
34838.383
34628.199
35005.984
35063.535
34874.316
35094.668
35572.516
35255.266
34996.715
35241.668
35403.316
35295.934
35429.117
35362.934
34902.648
34738.266
34668.648
34858.734
34742.648
34008.0
34351.984
34273.535
34529.852
34331.934
34213.582
34309.867
34454.316
34709.934
34313.984
34455.398
34759.715
34173.867
34463.785
34452.734
34362.383
33864.066
33957.516
33859.332
33891.184
34003.934
33890.715
33792.535
33802.184
33205.668
33515.117
33314.801
33581.918
33135.801
33486.117
34036.668
33696.852
34122.668
34105.785
34012.867
34411.117
34205.398
34229.449
34263.332
34164.051
34355.266
34176.184
34312.199
34057.648
34281.133
34053.25
34481.465
33850.316
33961.133
33705.918
33981.0
34077.785
33646.0
33515.582
33587.0
33601.117
33625.398
33629.852
33773.133
33868.648
33783.133
33764.984
33700.602
33275.582
32902.934
32771.715
32979.066
32506.25
32232.066
32312.584
32770.867
32721.383
32218.666
32248.982
32634.934
32426.449
32132.801
31869.184
32133.533
31962.518
31612.801
31087.25
31496.801
31497.316
31508.867
31769.383
31647.934
31651.717
31087.934
31295.717
30962.533
30805.25
30056.0
29937.916
30022.934
29533.982
29553.666
28895.717
29250.199
28930.316
28363.4
27645.316
27496.268
27573.783
27437.801
26847.982
27058.732
27034.184
27274.801
27347.65
27963.199
28344.783
29159.533
29862.117
29974.268
30149.584
30176.0
30395.65
30252.4
29855.783
29971.867
29761.717
29990.666
29749.518
30081.133
30132.117
30472.934
30376.85
30613.0
30526.717
30981.666
30843.584
30572.533
30858.25
31127.467
30900.184
30662.199
30410.65
30733.199
30617.518
30399.467
30311.184
30397.934
30480.051
30826.666
30075.783
30627.0
30565.982
30639.666
30434.449
30676.0
30512.383
30137.4
30152.051
30247.666
30435.584
29706.801
29616.518
29830.4
29571.383
29513.732
29686.982
29802.867
29480.383
29400.066
29156.518
29165.934
29147.117
29239.934
29224.518
29163.199
29079.518
29120.268
29022.717
28956.666
28868.584
28669.666
28125.117
28554.199
28111.65
28232.934
28208.65
28329.4
28080.783
28273.732
28176.051
28257.732
28530.982
28355.533
28697.982
28513.334
28761.717
28500.533
27986.184
28152.4
27963.184
27825.6
28013.982
27883.334
27886.25
27906.732
27808.916
28217.334
28709.584
28219.467
28762.184
28904.199
28643.85
28814.732
28516.783
28765.533
28867.518
29040.533
29178.65
29269.467
29642.316
29550.6
29903.982
30236.6
30552.449
30010.066
29898.783
30235.467
30729.65
30508.268
31011.584
31211.4
31626.916
31418.199
31538.25
31401.4
31160.117
30386.4
29392.783
28838.268
28547.117
28238.133
27976.65
27747.666
27790.25
27629.4
27529.383
27742.0
27625.916
27679.934
27635.584
28006.867
27732.584
27600.533
27334.184
27280.334
27418.982
27007.0
27316.65
27225.199
27432.117
27386.867
27482.584
27631.199
27811.449
27434.867
27593.25
27913.666
27726.117
27144.533
27479.316
27886.4
27701.117
27308.133
27608.518
27860.199
27234.051
27674.4
27021.184
27342.732
26993.117
26713.467
26908.85
26797.934
26893.449
26606.732
26110.383
26817.867
26916.184
26525.666
26532.783
26717.199
26526.449
26851.801
26294.449
26495.4
26554.383
26687.467
26696.916
26854.0
26575.783
26697.533
26827.916
27081.467
26640.916
26217.0
26245.449
26526.0
26645.717
26348.732
26529.449
26375.133
26545.584
26304.268
26313.051
26367.066
26320.85
25878.199
25619.584
26318.732
26066.916
25604.066
25525.383
25933.334
25582.783
25543.199
25655.717
25904.334
25582.85
24623.533
25371.184
25804.268
25381.25
25368.133
24961.316
25221.934
25301.783
25523.6
25516.783
25449.6
25131.916
25195.199
25145.584
24602.467
24473.916
23909.934
24153.65
23740.334
24174.117
23722.533
23837.449
25104.334
24878.982
24876.0
25480.25
25270.133
25358.518
24904.133
24706.518
24444.666
24487.25
24258.666
24284.916
24406.334
24462.449
24011.467
24310.117
24945.467
24462.316
23971.066
24315.982
24574.0
24635.717
24337.066
24461.65
24638.533
24224.982
23900.6
23541.982
23945.467
23481.383
23453.066
23015.717
23032.133
23107.25
22442.066
21978.25
21862.199
20477.916
19711.268
18942.717
19082.732
19072.65
19151.934
19386.051
20201.0
21066.184
21543.533
21596.65
21799.934
22473.25
22911.867
22833.25
22487.0
22951.184
22877.6
22974.916
22956.199
22585.982
22223.066
22099.982
22564.801
22445.65
22035.467
22715.184
22613.066
22846.184
22936.334
22824.85
22897.533
22865.383
22639.6
22741.982
22875.867
23038.916
22592.4
22571.518
22954.334
23059.982
22971.066
23071.783
23146.268
23168.717
22991.4
22515.584
22987.133
22925.051
22588.867
22374.65
22663.801
22802.25
22598.6
22154.717
22421.867
22741.916
22095.066
22777.184
22916.268
22852.316
23254.199
22950.717
23159.199
23072.117
22863.867
23020.65
22903.334
22885.717
22501.066
22607.518
22597.0
22642.916
22562.934
22627.518
22915.533
22888.316
22603.6
22318.65
22668.801
22532.051
22742.6
22313.65
22779.133
22628.184
22836.732
22845.449
22914.334
22834.85
22372.666
22092.783
22670.334
22508.184
22712.533
22292.25
22210.801
22293.117
22199.533
22569.117
22296.934
22313.117
21699.199
21766.316
21863.268
22143.518
21237.6
21519.982
21770.066
21733.85
21519.666
21364.65
21787.268
21770.184
21500.6
21654.316
21732.0
21929.783
21178.867
21397.117
21901.801
21932.916
21555.6
21448.117
21569.467
21777.117
21390.666
21365.584
21505.732
21446.117
20878.334
21170.85
21181.199
20998.85
20938.6
21117.916
20773.6
21551.316
20909.0
20802.184
20891.268
20907.184
20824.199
20271.117
20809.066
20822.117
20534.666
20249.316
20695.6
20606.25
20525.666
20016.316
20546.6
20495.85
20452.334
20466.383
20147.732
20377.117
20260.334
19767.65
20087.334
19915.117
19922.0
19445.916
19846.732
19766.982
19167.0
18799.25
19538.268
19353.383
19171.666
19071.383
19342.4
19181.85
18847.133
18757.982
19407.199
19148.783
18946.732
18795.518
19285.066
18836.518
18679.801
18557.783
19171.6
18967.982
18700.066
18667.316
18864.867
18535.916
18147.6
17836.783
18329.199
18395.383
18376.268
18603.85
18772.133
18645.916
18024.867
18650.916
18480.934
18350.316
18306.199
18277.449
18161.533
18333.584
17840.732
17803.717
17133.666
16398.384
15664.467
14915.583
14466.0
14294.85
14255.8
14249.917
15150.533
15657.316
15926.8
16362.583
16679.667
16722.25
16847.533
16741.316
16880.4
16323.25
16333.866
15616.316
16641.066
16603.583
16373.199
16285.717
16688.199
16938.717
17080.4
16789.383
17198.0
17395.584
17054.533
17149.982
17520.0
17527.85
17532.133
17620.051
17772.533
17730.449
17491.934
17138.383
18018.133
17799.85
17730.533
17293.65
17982.199
18120.783
17879.666
18074.783
18098.334
17613.25
17800.4
17480.25
18051.533
17884.25
17804.467
17710.316
17739.0
17988.184
17579.6
18099.518
18063.732
18131.65
18110.467
17684.316
18383.467
18360.85
17973.133
18127.051
18856.533
18587.25
18313.666
18832.184
19057.133
18703.584
18455.133
18584.65
18235.533
18371.184
17890.133
18060.518
18365.199
18227.916
18222.199
18657.518
18315.066
18441.051
17798.867
17663.117
18546.133
18362.051
18224.6
18374.85
18232.199
18294.982
18368.732
18011.383
18098.0
18089.383
18050.133
17981.65
18152.533
17829.518
17943.066
17809.383
18181.4
17929.65
18049.533
17986.916
18384.199
17974.051
18035.801
17951.316
18189.133
18478.051
18486.6
18346.25
18277.334
18145.982
18031.334
18268.584
18433.467
18550.916
18551.934
18155.584
18805.199
18615.518
18545.6
18073.85
18605.4
18508.449
18327.934
18219.316
18319.732
18429.783
18587.666
18446.916
18549.0
18233.783
18375.666
18582.25
18331.801
18392.184
18275.066
18163.25
18248.467
18370.518
18097.666
18030.65
18177.867
18412.65
17498.066
18208.65
18292.4
18206.316
17512.4
17884.783
18225.133
18295.316
18126.6
18177.916
18100.334
18280.25
17991.666
17849.85
18261.6
18018.449
18097.801
17753.717
18024.934
18056.85
17742.199
17636.65
17961.4
17533.584
17559.268
17379.051
17721.934
17601.518
17300.801
17590.65
17554.467
17297.383
17416.4
17601.518
17454.4
17381.051
17122.732
17165.449
17477.334
17177.051
17281.934
16937.184
16982.934
17089.85
16936.334
16999.449
16832.066
16760.916
16719.934
16658.117
16900.666
16885.916
16808.867
15892.85
16155.2
16028.717
15870.6
15258.983
15140.333
15191.116
14793.0
14161.384
14670.667
14581.917
13755.134
14145.983
14083.267
13697.45
13832.134
13276.717
13475.866
13272.783
12998.4
13141.85
13360.866
13242.384
13391.533
12160.583
12939.8
13001.316
12546.333
12879.05
13093.2
13187.917
12965.467
13368.65
13635.2
13693.517
13879.8
14290.384
14247.4
14126.45
14235.934
14012.384
13988.066
14168.05
14122.267
13600.05
14045.467
13883.583
13510.733
12921.316
13252.733
13049.517
12737.533
12638.85
12488.866
12573.65
12408.2
12270.25
12689.267
12662.717
12512.467
12512.45
12633.4
12443.45
12393.0
12291.583
12733.6
12533.05
12222.333
12617.917
13031.866
12804.316
12520.533
12677.65
12642.066
12718.583
12654.267
12509.05
12567.667
12302.05
11757.066
12283.917
12187.8
12316.316
12449.467
11998.05
12547.733
12400.25
11653.134
11948.184
12155.2
11996.85
12038.667
12311.116
12429.8
12412.25
12614.0
12524.384
12669.733
12473.783
12426.733
12113.85
12363.333
12452.05
12144.4
12225.85
12479.4
12418.384
12190.267
12609.116
12691.4
12804.116
12396.934
12631.917
12770.667
12754.983
12984.134
12250.316
12759.8
12623.316
12818.6
12429.917
13103.134
12840.45
12992.533
12582.116
13160.467
13067.316
12773.467
12561.983
12765.0
12546.116
12465.2
12681.116
12613.267
12477.25
12148.866
12138.583
12354.267
12532.517
12378.8
12558.783
12504.4
12361.116
12159.667
12357.65
12437.134
12337.65
12594.733
12034.783
12338.267
12582.583
12564.733
12267.917
12293.0
11896.05
11586.8
12016.116
11935.467
12007.25
11195.066
11760.116
12054.4
11926.65
11613.6
11968.45
12187.6
11747.517
11919.6
11783.25
12016.533
11675.85
11409.6
11383.783
11726.6
11645.917
11231.533
11532.65
11486.066
11648.517
11462.134
11543.583
11618.667
11468.517
11257.467
11509.116
11674.6
11548.517
11416.934
11783.05
11468.6
11574.517
11534.667
11335.25
11486.467
11458.184
11302.0
11184.05
11234.533
11297.65
11002.866
10912.25
11387.2
11393.05
11103.267
11160.583
11389.733
11377.45
10970.866
11016.45
11209.0
11020.184
10798.333
11216.517
11173.467
10944.45
11181.066
10951.05
11041.267
10978.316
10714.8
10318.65
11019.467
10681.783
10896.066
10750.05
10839.733
10650.25
10597.4
10426.25
10782.733
10619.917
10545.0
10261.05
10547.2
10588.517
10396.066
10370.316
10636.066
10605.384
10062.467
10263.65
10533.2
10512.717
9844.866
9990.384
10400.6
10365.717
10257.6
9944.45
10508.467
10374.384
10317.934
10030.583
10200.333
10037.116
9883.333
10039.917
10216.0
10029.45
9847.8
9899.717
10354.2
10332.917
10094.6
9851.316
9928.733
10064.65
9909.267
9724.85
10048.333
9986.384
9932.6
9629.783
9797.2
9907.116
9838.2
9691.65
9866.6
9687.05
10094.733
9391.983
9808.667
9741.717
9546.0
9101.917
9839.667
9817.717
9826.066
9492.25
9584.667
9458.05
9532.934
9662.45
9946.0
9155.116
9432.533
9238.917
9511.267
8904.316
8448.6
7808.45
7573.467
6723.85
5918.8
5285.917
4643.533
3882.717
3484.467
2799.383
3117.467
3013.517
2745.667
2937.317
3853.333
4058.65
4059.267
5058.383
5611.867
5896.583
6204.8
5571.983
6342.333
5928.517
5776.133
5412.983
5206.2
5256.65
4970.733
4733.05
5108.133
5184.783
5175.467
4956.383
5692.267
5468.717
5525.067
6150.117
6210.133
6444.117
6121.2
6622.917
6813.6
6780.383
6809.067
7048.717
7338.933
7400.25
6917.467
7188.717
7734.0
7729.317
7320.533
7830.65
8096.667
8244.25
8140.533
8157.183
8643.333
8589.65
8029.066000000001
8135.517
8849.0
8917.65
8729.866
8472.184
8993.467
8815.116
8618.267
8599.316
9106.733
8881.917
8025.733
8894.583
9028.467
9107.783
8801.667
8602.184
9066.4
8991.384
8805.467
8724.316
8897.134
8972.116
8565.667
8422.717
9298.6
8906.917
8709.733
8746.917
9034.134
8942.184
8825.134
8783.983
9011.733
8965.917
8767.2
8755.05
9055.333
9032.783
8893.267
8789.85
9089.066
9024.783
8434.467
8659.85
9006.733
8915.25
8560.6
8487.85
8873.134
8749.316
8775.333
8552.783
8815.4
8929.384
8649.533
8190.782999999999
8948.667
8854.917
8847.134
8678.717
9153.467
8878.116
8692.733
8489.783
8978.667
8767.25
8300.467
8176.049999999999
8813.4
8754.983
8777.4
8158.183999999999
8861.667
8731.184
8597.6
8663.116
8830.467
8787.116
8623.8
8552.717
9060.2
8856.983
8035.6669999999995
8368.517
8945.6
8726.983
8702.6
8564.517
8933.8
8840.917
8362.333
8189.116
8762.0
8620.45
8588.066
8447.917
8781.066
8759.583
8596.2
8117.25
8816.2
8753.983
8383.0
8082.116
8672.333
8794.65
8489.066
8423.717
8745.4
8390.183
8362.667000000001
8482.383
8476.067
8401.582999999999
8282.333
8094.450000000001
8648.8
8482.384
8132.733
8062.583
8513.733
8642.45
7943.467
8044.183
8492.6
8431.05
8458.0
8235.85
8454.733
8349.317
8283.8
7995.65
8616.867
8360.517
8094.2
8069.717
8446.4
8346.517
8168.867
7675.45
8309.332999999999
8255.717
8137.467
7605.517
8381.133
8193.582999999999
7699.733
8127.85
8179.867
8118.517
7678.867
7794.05
7953.533
8061.317
7818.933
7774.25
8067.8
7842.25
7842.133
7610.517
7916.533
7955.65
7482.533
7440.183
7926.933
7909.85
7620.467
7562.383
7627.667
7763.917
7321.933
7489.317
7553.667
7605.183
7435.667
7216.183
7771.333
7612.783
7239.2
6920.183
7476.8
7658.183
7451.533
7173.717
7511.533
7461.317
6781.933
7202.85
7615.667
7249.45
7105.933
7142.917
7410.2
7431.05
7047.6
6931.05
7331.2
7418.783
7218.933
7131.717
7436.533
7240.583
6928.667
6663.583
7304.2
7120.383
7374.133
6852.983
7353.0
7291.117
6802.667
6847.917
7324.0
7171.317
6961.667
7044.317
7311.267
7256.383
6813.667
6759.717
7368.067
7097.45
6943.8
7005.983
7235.467
7096.05
6665.933
6550.317
6919.533
6859.45
6361.067
6470.25
6969.533
6804.783
6986.667
6650.717
6995.933
6851.85
7050.667
6682.25
6889.333
6814.717
6474.133
6445.117
6898.933
6778.05
6305.867
5799.117
6731.933
6794.917
6310.267
6520.717
6737.333
6549.517
6419.467
6339.85
6720.867
6523.85
6338.467
5999.783
6587.533
6606.383
5900.467
6079.183
6635.6
6416.383
6161.8
5942.05
6547.6
6527.583
6456.2
6012.183
6602.133
6510.45
6466.133
6341.783
6569.2
6368.45
5164.333
5669.983
6451.533
6507.25
6137.333
5849.917
6380.8
6504.517
5858.467
5840.117
6280.4
6230.783
5769.267
5807.517
6284.8
6259.85
5614.0
5602.583
6151.2
6100.117
5838.067
5852.983
6071.867
5988.45
5586.267
5966.65
6073.8
6079.45
5557.0
5802.517
6179.933
5957.25
5481.0
5411.85
5965.267
5995.717
5814.933
5269.65
6047.2
5917.783
5252.333
5364.85
