245.35
50.717
-157.983
143.45
425.017
122.38300000000001
189.75
225.78300000000002
220.883
244.917
97.35
-178.75
194.75
195.85
3.3500000000000014
-50.55
332.95
-13.483000000000004
43.683
356.317
400.41700000000003
169.383
439.883
134.85
264.883
185.117
213.083
-139.28300000000002
181.017
187.05
315.15
4.25
266.35
181.71699999999998
217.683
9.850000000000001
543.817
449.58299999999997
74.61699999999999
-85.88300000000001
229.483
111.05
-27.382999999999996
163.517
185.21699999999998
219.183
121.283
215.517
197.017
227.45
-59.717
16.049999999999997
583.883
272.65
-31.517000000000003
-282.817
416.15
420.05
13.950000000000003
22.516999999999996
349.483
418.58299999999997
362.683
218.45
396.617
352.383
140.28300000000002
297.183
373.35
376.717
307.41700000000003
-146.95
421.017
275.983
11.683
59.717
355.217
168.517
120.35
43.05
281.217
480.717
180.617
45.849999999999994
215.017
328.117
16.816999999999993
-8.016999999999996
219.21699999999998
179.71699999999998
473.883
-24.217
158.083
192.65
324.283
-79.817
178.883
231.85
181.683
68.517
393.483
344.983
-243.583
9.316999999999993
381.683
287.45
197.817
188.45
447.217
272.717
-15.25
248.85
82.15
301.783
226.55
256.85
391.483
267.317
525.15
-256.35
309.75
352.117
92.017
344.383
370.817
430.05
234.683
85.117
324.75
227.917
-78.517
89.783
315.41700000000003
290.317
109.083
-16.482999999999997
399.883
423.317
31.417
-265.95
332.483
298.383
59.883
111.05
261.883
395.85
311.35
23.517000000000003
273.35
304.983
-301.317
-154.683
279.483
183.183
140.083
-25.617000000000004
307.35
247.983
29.283
194.71699999999998
383.08299999999997
281.117
227.083
-125.55
446.683
386.717
411.217
129.917
468.95
253.317
138.083
319.65
383.483
56.917
350.817
-178.817
115.083
212.517
-14.383000000000003
340.05
561.217
409.783
134.617
-110.88300000000001
477.017
130.71699999999998
430.617
11.917000000000002
377.817
331.91700000000003
306.15
367.183
507.283
335.983
398.483
285.183
309.283
213.25
367.08299999999997
-370.95
369.683
334.317
150.017
126.917
124.483
294.983
444.75
155.983
232.483
289.85
100.81700000000001
-216.55
258.41700000000003
358.383
443.217
165.71699999999998
366.15
286.317
24.083
-333.08299999999997
417.017
214.45
-77.183
0.04999999999999716
246.883
168.183
-1021.117
-116.55
106.417
253.45
218.95
-84.683
547.217
381.58299999999997
231.083
47.25
232.417
208.45
-123.65
410.717
502.41700000000003
254.65
-196.85
20.116999999999997
288.41700000000003
309.05
-142.183
336.717
359.217
235.317
370.75
317.58299999999997
307.483
386.85
220.483
161.917
354.95
232.583
383.217
9.049999999999997
377.017
421.183
315.283
-94.417
203.083
302.983
56.417
-298.883
343.55
322.25
237.75
-141.083
331.017
315.717
186.883
62.65
346.683
330.517
-175.117
178.117
310.017
50.25
-172.78300000000002
146.517
243.15
189.85
291.08299999999997
152.983
233.017
503.85
75.68299999999999
150.65
349.35
516.05
369.55
135.517
195.75
258.85
69.283
474.983
326.817
190.317
-179.65
82.65
179.083
262.517
238.483
-38.15
513.017
531.783
5.283000000000001
260.783
336.08299999999997
323.783
212.417
72.38300000000001
307.55
357.783
45.417
94.25
262.483
295.25
152.21699999999998
263.717
448.75
403.85
359.75
66.38300000000001
513.083
134.11700000000002
333.883
-184.28300000000002
320.41700000000003
132.85
-140.11700000000002
237.517
286.683
163.317
486.617
333.117
332.283
214.983
582.217
22.583
324.883
228.517
-94.717
210.45
569.483
355.783
475.283
-100.283
382.08299999999997
289.983
314.95
113.183
263.683
445.983
-132.78300000000002
144.65
522.617
234.517
49.016999999999996
81.517
257.15
271.717
424.283
80.117
560.35
467.45
613.017
350.25
606.683
404.317
115.883
215.85
250.217
467.05
629.483
50.650000000000006
565.55
439.05
382.75
542.383
456.55
363.05
200.55
486.38300000000004
329.75
597.517
-51.650000000000006
116.65
389.15
364.58299999999997
384.817
217.25
703.283
383.717
539.15
366.183
506.483
472.717
493.15
116.65
825.683
300.85
392.683
341.717
684.95
346.983
520.217
396.317
388.88300000000004
633.05
537.217
416.65
367.61699999999996
633.25
402.95
219.917
710.817
513.25
411.08299999999997
341.783
331.483
419.783
533.483
411.317
627.95
520.783
312.683
236.64999999999998
390.15
486.183
372.683
257.917
604.0830000000001
183.45
461.883
199.983
410.483
300.85
467.483
551.517
436.683
178.11700000000002
488.883
684.65
175.017
595.85
443.817
481.25
500.883
457.983
299.883
644.983
826.217
331.117
342.75
919.783
552.95
763.5830000000001
139.017
310.65
757.0830000000001
586.517
699.017
756.117
281.15
250.05
348.883
328.583
866.617
684.25
163.35000000000002
641.317
521.15
761.5830000000001
789.617
603.317
523.4169999999999
867.717
152.55
425.917
540.483
688.717
1004.817
926.383
840.683
759.317
540.883
644.25
676.55
596.117
232.95000000000005
450.58299999999997
815.55
638.85
898.15
457.11699999999996
945.617
845.517
942.683
763.05
901.683
830.917
416.01700000000005
870.45
748.017
649.45
586.883
723.85
717.083
834.25
736.35
513.05
841.883
597.383
537.95
418.25
891.95
772.317
708.283
757.25
877.15
637.517
642.55
549.983
833.283
873.117
774.55
532.183
1024.617
745.717
792.017
756.317
904.817
780.583
277.48299999999995
672.583
750.217
800.583
816.217
983.383
1119.883
911.783
935.683
903.783
1039.417
1072.983
908.883
971.25
951.083
928.783
1094.817
955.317
1338.75
840.85
434.88300000000004
711.783
922.483
1202.183
903.75
979.85
1343.883
1137.717
1038.35
963.65
1173.683
1211.65
1252.217
976.783
1328.35
1010.583
937.017
871.517
966.817
914.717
1238.617
604.317
978.75
1056.85
1269.817
864.65
1154.083
1034.917
1243.217
1082.983
1154.75
1224.917
1197.617
1117.183
1400.75
956.5830000000001
1477.683
1228.783
1273.75
1198.25
1092.883
1306.317
1548.75
917.85
1032.15
1289.85
1534.083
1263.583
1359.483
1124.45
1188.55
1082.05
1183.017
1264.917
1194.35
1462.25
1698.283
954.25
1529.817
1484.25
1394.883
1314.917
1404.283
1264.917
1224.283
1518.717
1469.15
1281.383
1103.35
1219.183
1170.817
1131.45
1469.683
1330.45
1426.417
1605.183
1378.817
1506.183
1719.617
1425.983
1755.55
1568.917
1903.683
1638.983
1480.617
1727.117
1743.15
1672.383
1479.55
1629.45
1483.683
1561.117
1435.683
1626.583
1644.683
1464.25
1190.683
1464.717
1426.817
1444.25
1253.283
1185.05
1448.817
1228.983
1212.483
950.8499999999999
1598.683
1170.983
1470.95
1403.917
1532.217
1926.383
1631.417
1852.45
1664.55
1803.717
1975.683
1602.583
1826.417
1819.317
1592.683
1539.25
1836.483
1663.783
1913.083
1509.583
1759.55
1787.183
1746.217
1858.383
1800.35
1775.383
1940.083
1844.583
1928.75
1957.25
1847.35
1603.517
1915.35
1924.717
1750.15
1977.05
2085.55
1950.65
1859.483
1586.85
2088.683
1906.583
2172.35
2392.517
2390.55
2681.517
2668.15
2505.917
2446.683
2375.383
2523.017
2108.517
2677.15
2361.45
2535.283
2433.583
2698.883
2234.383
2392.883
2552.917
2462.283
2492.583
2284.95
1951.5169999999998
2534.683
2589.45
2469.083
2566.05
2688.75
2650.45
2525.483
2322.85
2710.817
2687.383
2209.35
2480.917
2453.55
2615.383
2439.75
2620.717
2785.683
2597.65
2498.417
2011.717
2345.75
2464.917
2548.017
2232.517
2621.483
2307.783
2424.083
2270.183
2258.817
2184.917
2097.283
2194.65
2179.617
2292.717
2089.15
2217.917
2034.217
2152.583
2230.217
2239.25
2511.15
2629.983
2660.483
2809.85
2660.95
2758.45
2375.217
2845.917
2606.617
2561.783
3068.417
2660.317
3333.55
3286.117
3141.683
3272.183
3834.283
3321.383
3503.417
3002.85
3223.55
3188.517
2926.617
2729.117
2813.217
2718.85
2516.483
2600.85
3058.283
2627.783
2862.883
2807.917
3260.217
3182.317
3394.017
3181.783
3102.483
2976.45
2749.483
2659.85
2840.417
2480.917
2403.883
2317.05
2420.95
2370.983
1845.417
2207.317
2230.75
1880.25
1575.617
2308.717
2283.683
2335.917
2553.483
2179.783
2929.283
3044.183
3131.017
2940.717
3055.35
2889.983
2591.217
2747.25
2706.817
2868.45
2812.217
2606.983
3161.55
2841.917
2974.083
2863.85
3065.95
2999.383
2938.883
2402.383
2984.15
2815.983
2992.883
2961.183
2856.083
2912.45
2874.15
2811.65
3433.683
3414.45
3348.883
3502.317
3657.35
3723.383
3748.417
3580.05
3891.617
3616.583
3978.817
3506.45
3951.95
4291.5830000000005
3644.35
3881.383
4037.217
3857.25
3878.283
3274.05
3300.75
2841.783
2765.883
2020.0500000000002
2055.883
1673.25
1571.283
1549.45
2035.217
2216.317
2426.683
2769.517
2987.75
3031.25
3232.15
3577.383
3792.617
4042.85
3935.217
3915.983
4153.217000000001
3643.25
3589.35
3475.383
3227.483
2640.917
2509.417
2299.583
2289.75
2569.783
2621.883
3016.917
3621.683
3693.85
3828.683
4443.25
4644.483
4618.45
4921.75
4618.05
5273.617
5274.583
5707.083
5319.85
5291.417
5665.85
5425.817
5488.317
5628.417
5430.517
5654.683
5481.717
6080.883
5858.85
6004.017
5710.383
6180.95
5996.117
5843.683
5846.583
6380.483
6169.917
6121.017
5960.383
6119.483
5729.583
5801.15
5948.117
6059.683
6397.717
6172.683
6240.25
6257.817
6034.517
5794.817
5578.983
5864.017
6011.317
6236.817
6103.65
6019.55
6038.45
6070.683
5875.983
5973.95
5896.583
5767.817
5820.317
6251.683
6070.917
6126.217
5909.583
6051.75
6216.517
6051.283
6393.25
6417.35
6414.583
6443.817
6550.383
6581.217
6864.65
7049.883
6877.183
6803.417
6815.05
6331.083
5894.717
6138.483
6066.917
6074.15
5964.183
6142.817
6335.917
6373.883
6831.583
6813.95
7279.783
7192.083
7209.117
7222.15
7571.783
6989.55
7076.117
7534.817
7064.517
7164.75
7310.05
7305.017
7164.25
7663.817
7128.517
7450.483
7401.85
7306.683
7095.183
7374.75
7259.317
7307.75
6821.717
7359.75
7215.65
7097.217
6790.117
7235.417
7471.25
7626.883
7275.917
7540.75
7610.85
7463.017
7493.717
7417.017
6633.983
7085.283
7086.25
7219.817
6767.45
7270.483
7024.383
7230.483
6974.65
6957.55
7224.183
7335.483
7292.117
7327.483
7101.717
7001.017
6948.983
6454.15
6663.983
7330.283
6980.383
7140.95
7353.517
7651.75
7683.25
7929.683
7570.183
7744.883
7804.65
7762.15
7445.65
7412.15
6913.05
7127.283
6489.917
7110.017
7220.717
6922.417
6848.45
7545.35
7526.117
7086.283
7130.517
7742.15
7878.783
7688.75
7524.65
7607.017
7672.05
7535.217
7450.117
7625.95
7501.117
7729.483
7961.65
7644.95
7895.117
8122.883
7336.717
7617.417
7500.85
7133.883
7490.517
6852.817
7104.117
7018.883
7786.45
7812.617
7643.383
7611.017
7222.183
7583.417
7466.917
7836.083
7498.717
7361.55
6899.65
6904.017
6677.85
6410.017
6305.85
5920.083
5843.517
5846.55
5820.383
6184.083
6465.85
7175.017
7551.983
8301.95
8376.783
9175.15
8454.316
8186.417
8476.45
8418.417
8316.05
8944.616
8899.384
9117.417
8964.116
8960.55
8357.65
8151.817
7857.45
8112.617
7946.917
8975.55
8482.05
9037.35
9024.783
9249.217
9275.583
8984.083
9620.05
9642.083
10123.783
10043.616
10137.583
10309.15
10585.983
9779.884
10012.384
9601.083
9748.517
9728.816
10035.517
9736.283
9528.717
9162.017
9091.45
9312.684
9063.517
8339.35
9053.65
8935.417
9448.45
9620.816
9645.316
10394.35
10052.116
9836.884
10033.85
10099.283
9893.517
9797.483
9869.05
10350.217
10649.116
10702.483
10357.917
10502.417
11769.917
10840.083
10827.85
11026.816
10533.917
10971.283
10914.05
11488.35
11091.45
10613.55
10897.583
11106.95
10990.25
10575.55
10435.316
11373.417
11716.184
11371.35
10926.917
11244.55
10992.316
10880.55
10188.983
11037.95
10955.983
10617.283
10096.583
10576.217
10824.45
10810.083
10453.05
11270.483
11304.25
11027.616
11361.517
11499.35
12023.717
11538.017
11339.316
11877.35
11436.583
11675.816
11036.717
11381.283
11945.45
11475.684
11650.25
11687.417
11423.05
11564.816
11844.116
12393.95
12106.983
12096.483
12182.983
12180.017
12461.85
12823.217
12504.85
12478.75
12138.116
12146.95
11721.917
12194.083
11818.384
12168.017
11552.384
11355.15
11505.783
11390.483
11174.717
11769.283
11300.184
11357.95
11390.316
11436.283
11457.316
11311.35
11825.517
12308.55
12520.983
11851.95
11797.85
11969.15
11483.583
12108.15
11745.05
12319.217
12339.583
12569.616
12582.05
12736.017
12936.85
12488.616
12016.583
13386.15
12938.316
12838.483
12946.45
13250.417
12327.717
12825.083
12218.917
13110.283
12872.717
12346.684
12682.65
13131.15
12886.45
13025.083
13644.05
13310.483
12757.917
12702.75
12479.184
12431.816
12815.717
13230.95
13325.917
13805.684
13882.05
14172.95
13850.316
13909.417
14203.583
13978.483
13868.783
14029.95
14080.85
14334.35
14040.517
14652.35
14478.184
14554.083
14892.917
14791.55
14723.05
14298.35
14518.783
14762.95
14369.717
14218.483
14136.25
14692.35
14506.45
15262.417
14684.917
14414.217
14797.517
14890.483
15415.45
15505.55
15576.917
15079.417
15309.184
14969.55
15108.05
14876.35
15048.05
15389.417
16724.916
15555.55
16160.783
16426.083
16574.45
15988.949
17171.184
16720.018
16995.518
17512.684
18076.25
17115.35
17605.65
17152.283
17424.65
18696.416
17533.449
17593.816
16891.717
16986.283
17025.117
17602.217
17454.449
17837.617
18451.383
17949.018
18617.051
19145.551
19634.25
19655.482
19814.65
20441.084
21009.85
20451.084
19406.449
20071.883
20220.25
19662.949
19989.449
20565.949
20556.982
20392.684
20832.383
21327.482
20705.184
21937.217
22386.717
22062.35
21605.982
22570.416
22387.982
22394.217
22177.783
22490.15
22543.117
22392.217
22520.117
22107.416
22364.117
23161.551
23696.916
24064.75
24215.051
25440.35
25597.184
25104.816
25741.518
25777.35
25456.85
25535.482
24653.916
25581.949
24915.184
24784.482
26117.584
26629.416
26871.85
26969.883
27102.65
27718.482
26998.717
27208.75
26721.717
27052.15
27203.518
26722.283
27384.383
28000.617
28260.383
28354.75
28558.518
28914.217
28854.85
28487.684
28722.982
28606.35
28716.783
28119.084
28631.051
28720.883
28865.316
29216.018
28684.383
28774.482
28915.117
28971.018
28932.783
29138.283
29393.65
29053.217
29202.25
29433.617
29298.65
28379.35
27972.783
26562.084
25527.717
24737.416
24389.916
24410.551
24792.982
24662.482
25866.518
27161.283
27586.65
28114.949
28163.518
28427.283
29183.051
30031.617
29617.25
30322.15
30279.117
30041.018
29292.184
29154.684
29367.051
29854.75
30051.85
30498.883
31003.25
31732.018
32157.85
32332.35
32378.783
31660.416
31655.85
31260.217
31514.982
31523.883
31523.783
31584.084
31005.65
30665.35
30497.65
30038.15
30064.85
30405.15
30147.916
31418.482
31524.85
31796.15
32347.584
32625.551
31794.051
32087.217
31620.717
31800.35
32012.518
32347.416
32709.117
33577.418
33391.984
33950.883
33513.648
33567.617
33167.184
32533.617
32733.518
32677.018
32856.782999999996
32604.482
32879.85
33354.484
33601.582
33145.285
33276.184
34245.617
33728.715
34121.949
33402.383
33982.949
33558.383
32812.551
32333.25
32036.551
31988.25
32276.617
32483.65
32836.018
33833.715
33465.551
34279.715
33850.75
33902.316
33720.949
33336.852
33039.35
32671.584
32018.416
32203.982
32281.617
32093.65
32263.283
32220.982
31964.283
32119.316
31991.949
32042.449
32522.15
32884.449
32792.617
33211.449
33906.816
34012.984
33909.617
34252.383
34088.215
33989.785
33302.617
32938.648
32479.684
32728.783
33159.883
32926.25
33736.352
33930.715
34467.082
34723.117
34696.082
34661.918
35339.352
35632.051
36165.418
36181.582
35932.484
35772.918
35538.75
35562.25
34953.551
34802.25
34889.883
34900.852
34584.215
34553.449
33824.352
34346.449
33978.016
34311.051
34291.484
35054.383
35486.883
36038.918
36354.551
36597.449
35795.352
35894.785
35420.617
35481.25
35796.484
35524.715
35534.285
35178.852
35457.484
35807.516
35861.684
36052.184
36000.285
36517.316
36943.082
37624.184
36893.816
36844.117
36205.949
36276.918
35565.949
35636.25
35484.352
35276.785
35848.684
35976.184
34230.617
35426.648
35377.883
35068.582
35278.949
35037.648
34912.016
35130.918
35697.418
35932.316
36007.016
35907.449
36077.215
36683.715
36753.617
37034.785
36769.949
36283.852
35141.418
33772.785
33092.285
31830.85
30423.949
29971.916
30635.883
31470.65
33477.215
34086.984
33471.883
33584.648
33846.016
33247.383
33727.352
33155.785
32782.949
33560.785
34604.082
35466.184
35337.484
35681.516
35928.617
36303.582
37068.016
36588.051
36487.484
36627.117
35833.551
36333.582
36700.816
36816.984
36602.75
37347.316
37764.418
37719.184
37748.75
37105.852
37065.484
36736.918
37018.148
36694.984
36117.949
35962.316
35511.352
36367.316
37067.75
37678.648
37419.484
37999.852
38863.352
39126.582
38588.883
38219.918
38616.75
38004.852
37952.949
37300.918
37973.75
38474.516
37982.418
37724.184
37457.816
36485.25
35932.418
34556.984
33539.75
33194.449
33343.418
33641.984
34137.215
35147.184
35345.684
36502.785
36765.352
36799.918
37439.215
37577.648
37945.551
38164.25
38294.016
38669.516
39458.016
38879.051
38562.215
37848.852
37748.883
37593.984
37480.215
37452.051
37565.352
38163.383
39060.883
39076.316
39098.148
39117.383
39062.352
38715.648
38771.949
38830.648
37774.684
37319.715
36923.215
36399.984
35655.215
35219.449
35552.148
35828.383
36242.617
36601.051
37238.75
37333.316
37016.551
36905.984
37205.016
36865.785
36533.816
36648.383
37036.75
37521.852
37623.148
37689.449
38195.617
38667.918
38589.082
38677.984
38462.082
38302.852
37746.949
37119.449
36818.883
36034.051
35095.484
36260.918
36177.551
36452.184
36646.082
37181.582
37273.285
37627.785
37162.418
37205.715
37542.082
37124.117
37067.148
36832.715
36778.484
36504.449
35871.816
35461.383
35593.148
35647.984
35268.285
34617.25
34934.215
34799.785
34580.285
34527.852
34798.617
35062.648
35199.285
35708.918
35829.418
36185.316
35969.352
35833.715
36261.551
36197.184
35098.215
35815.117
35445.082
35512.852
35652.484
35059.051
35197.082
35944.785
36114.352
36446.051
36358.617
36486.383
36483.285
36151.648
36585.949
36163.715
35702.617
35639.117
35901.016
36334.918
36502.949
35796.25
36008.285
35889.785
35462.949
35693.25
35860.285
35775.715
35583.016
35753.449
35566.148
35759.918
35118.484
34977.984
34865.949
34870.852
35042.75
34626.715
35479.684
35664.051
36133.684
35528.918
35754.082
35725.715
36019.352
35882.715
35690.016
35852.582
35843.016
35606.648
35659.816
35711.648
35335.082
34943.715
35314.352
35494.648
35619.949
35551.648
35661.75
35724.316
35586.816
35951.25
36054.75
36293.25
35538.484
35117.051
35346.617
34809.516
34910.352
34699.117
35230.418
35677.383
35445.016
35349.25
35712.148
35636.715
35906.352
35746.715
35875.082
36092.383
35981.418
35915.715
36107.285
36096.785
36014.551
35910.918
35262.75
35498.383
34738.816
34973.715
35041.215
34998.383
34692.418
34809.051
34805.016
34702.582
34746.285
35156.051
34793.551
35293.648
35062.484
35073.918
34639.684
34303.516
33905.484
34106.984
33790.684
33762.383
33447.883
33985.852
34147.016
34220.25
34083.949
33657.184
34701.016
34905.316
35167.75
35174.316
35744.215
35884.516
35313.082
35159.918
34994.352
34944.051
34160.75
34335.383
34593.016
34569.516
34797.617
34765.785
35211.082
35080.051
35196.684
34995.852
35281.684
34910.316
34694.352
34200.785
34804.352
34900.117
34144.75
34901.449
34610.883
34922.117
35066.285
34632.582
34935.75
34518.648
33815.949
33386.316
33897.082
33703.984
33394.285
33826.715
33820.816
34768.918
34435.816
35061.316
35255.883
34933.715
34842.215
35198.715
35481.082
35016.184
34521.418
34341.715
34320.148
33828.852
33698.617
33573.117
34153.148
34201.184
34145.617
34099.582
34669.082
34729.25
34369.148
34139.117
34185.684
33772.648
33192.215
32797.316
32931.15
32930.383
32565.416
32812.717000000004
33153.282999999996
33699.051
33835.484
33882.316
34216.418
34396.582
34692.215
34639.184
34762.285
34586.25
34452.016
34960.582
34382.551
34806.316
34525.484
34053.785
34652.551
34538.051
34726.148
34375.785
34246.551
34204.316
34191.418
33650.715
33849.816
33581.715
33455.016
33670.051
33421.418
33185.25
33258.684
33014.785
33860.484
34068.117
33327.215
33459.984
34013.816
33891.785
33794.418
34288.648
33857.016
33609.184
33523.082
32776.316
33243.148
32513.449
32665.283
32618.518
32586.35
33067.25
32810.416
33147.852
33068.018
32975.785
33387.418
33293.316
33608.285
33533.383
33092.215
33123.852
33357.148
33517.117
32740.75
33049.852
33323.551
33247.648
32668.082000000002
33130.449
33766.418
33398.715
33142.148
33940.785
33996.617
33877.516
33566.016
33250.516
33733.148
33304.852
33534.215
33448.449
33254.816
33408.516
33303.016
33110.984
33477.082
33168.648
32526.482
32725.051
33039.482
32822.184
32266.15
32349.85
32043.482
31958.184
31760.684
31394.383
31930.949
31978.184
31607.217
32491.117
32395.617
32559.717
32505.15
32196.383
32685.15
32512.184
32135.684
31609.051
32067.35
32187.584
31410.217
30669.383
30079.15
29367.85
28897.816
28281.316
27986.15
27485.316
27054.283
28021.982
28502.816
28542.65
29072.75
29692.65
30778.883
30567.25
30954.283
30843.783
30827.283
31023.25
30562.084
30361.316
30540.283
30486.783
30055.217
30099.65
30301.883
30494.117
30377.15
30129.449
30622.816
30392.916
30506.75
30351.316
30767.35
30652.117
30239.018
30727.184
30566.617
30296.449
29873.75
29586.85
29718.217
29699.85
29706.018
29934.316
29741.617
30091.717
30214.816
30016.184
30287.482
30690.383
30417.15
30160.117
30404.283
30566.783
30441.949
30546.449
30442.617
30036.982
29916.084
29880.25
30111.084
30046.316
29326.35
29699.783
29691.084
29904.584
29719.018
29589.783
29744.949
29835.65
30141.75
29621.85
29910.15
30146.518
29616.416
29904.584
29899.75
29870.85
29336.684
29495.25
29425.084
29467.65
29545.416
29444.117
29404.949
29391.85
28827.617
29140.051
28962.684
29249.383
28787.084
29098.316
29700.883
29347.85
29720.018
29683.051
29573.617
29973.184
29742.816
29814.916
29806.551
29765.449
29957.816
29759.982
29949.617
29651.117
29861.684
29659.717
30108.416
29490.316
29632.018
29344.316
29630.018
29786.85
29356.018
29205.783
29325.35
29233.383
29321.15
29342.717
29442.949
29519.982
29429.551
29402.184
29388.15
29064.449
28696.883
28585.518
28800.217
28344.717
28096.883
28144.051
28603.018
28559.65
28125.15
28163.449
28548.883
28320.449
28032.482
27792.383
28110.617
27981.316
27545.416
27120.25
27499.018
27532.25
27542.949
27785.717
27692.084
27759.518
27163.684
27343.518
27022.949
27023.85
26243.617
26179.518
26232.883
25866.449
25866.283
25212.783
25534.416
25279.184
24803.416
24088.783
24009.75
24146.184
24007.217
23455.916
23713.949
23617.85
23860.617
23933.383
24516.018
24849.584
25511.018
26126.25
26267.084
26382.85
26441.15
26672.316
26514.883
26144.65
26254.35
26077.916
26329.883
26080.717
26384.416
26416.117
26720.084
26634.65
26867.949
26722.383
27169.816
27006.584
26772.883
27085.449
27396.416
27103.051
26833.018
26612.783
26998.949
26922.584
26647.084
26622.051
26710.949
26758.85
27105.35
26320.916
26865.416
26866.117
26920.883
26715.982
26953.949
26754.584
26429.018
26418.316
26555.15
26709.783
26089.35
25996.25
26206.551
25932.518
25904.684
26052.316
26187.75
25957.449
25801.684
25607.982
25600.684
25630.65
25660.283
25640.449
25647.018
25567.85
25614.684
25457.184
25432.35
25401.25
25236.35
24714.051
25098.75
24675.85
24771.75
24748.85
24908.217
24726.584
24829.35
24729.383
24813.018
25129.184
24886.816
25241.25
25078.217
25254.316
25000.084
24502.65
24614.217
24408.916
24278.217
24483.584
24338.35
24289.916
24316.35
24256.25
24702.283
25133.916
24706.416
25207.65
25349.018
25107.916
25218.551
24912.25
25197.15
25298.383
25454.883
25607.85
25721.949
26020.85
25900.551
26245.117
26632.949
26883.85
26312.416
26223.783
26577.551
26976.383
26800.617
27259.316
27473.35
27821.184
27645.018
27744.25
27711.482
27474.982
26802.816
25887.051
25421.35
25097.383
24877.217
24669.982
24444.617
24487.783
24351.018
24252.051
24482.617
24372.184
24405.684
24326.117
24668.084
24453.051
24389.084
24054.85
24113.617
24283.316
23881.684
24139.316
24046.551
24185.449
24231.551
24296.316
24403.684
24618.184
24259.883
24366.383
24723.482
24488.584
24017.482
24330.584
24701.883
24554.383
24150.416
24395.117
24652.617
24147.85
24532.949
23887.383
24223.482
23924.449
23719.018
23838.717
23722.018
23813.117
23596.617
23062.85
23783.551
23834.316
23517.217
23483.916
23713.482
23490.449
23848.15
23344.85
23500.684
23587.916
23673.15
23682.117
23858.617
23550.85
23690.084
23786.982
24059.949
23636.584
23286.15
23277.051
23522.684
23642.85
23367.283
23494.449
23430.949
23572.85
23308.883
23384.85
23404.883
23359.584
22952.084
22749.85
23326.15
23054.117
22596.816
22563.85
22948.084
22593.316
22572.816
22647.584
22848.482
22540.316
21569.551
22264.184
22706.617
22286.051
22239.018
21837.916
22102.684
22206.783
22454.15
22411.85
22326.482
22073.184
22121.15
22145.982
21657.018
21513.717
21053.15
21334.717
20964.816
21379.117
20914.018
21041.316
22313.084
22063.982
22030.684
22633.449
22417.883
22460.184
21946.35
21718.051
21535.551
21546.982
21290.416
21310.916
21477.283
21557.584
21237.018
21516.051
22178.15
21715.916
21195.883
21572.184
21810.75
21874.584
21552.949
21703.982
21849.684
21490.449
21226.018
20837.518
21270.15
20850.25
20732.617
20333.85
20334.949
20463.383
19865.75
19392.051
19386.084
18149.584
17474.416
16733.449
16914.482
16954.518
17020.617
17219.916
17867.617
18653.85
19099.684
19125.783
19316.018
19907.65
20394.283
20292.783
20006.283
20477.316
20358.816
20440.25
20466.684
20102.584
19790.883
19643.383
20129.018
20007.316
19621.551
20295.184
20190.35
20362.982
20442.949
20332.117
20473.217
20439.383
20164.018
20282.65
20403.018
20561.982
20160.217
20174.717
20564.949
20641.518
20522.949
20593.584
20732.283
20705.783
20560.15
20068.65
20542.949
20474.982
20241.283
19982.717
20254.416
20415.449
20202.018
19806.717
20045.018
20355.449
19735.217
20343.449
20543.084
20438.316
20844.084
20585.051
20695.551
20645.916
20445.883
20576.184
20530.35
20483.051
20164.283
20200.717
20334.15
20364.916
20241.35
20285.25
20493.482
20504.916
20237.482
20002.184
20332.551
20195.717
20380.15
19954.383
20492.35
20308.982
20490.816
20445.982
20588.416
20508.584
20060.75
19770.383
20337.551
20212.783
20386.018
19984.982
19964.883
20054.25
19922.15
20231.584
20036.75
19991.783
19463.482
19466.117
19624.482
19885.518
19015.15
19305.584
19540.816
19535.783
19351.684
19183.316
19578.684
19544.65
19272.617
19423.518
19541.217
19706.518
19011.217
19240.25
19709.416
19734.184
19428.084
19275.051
19388.15
19581.783
19197.416
19245.117
19387.75
19321.117
18741.816
19068.916
19080.949
18874.25
18885.018
18977.449
18719.949
19387.518
18819.617
18734.65
18851.283
18846.518
18739.15
18202.184
18725.35
18746.184
18481.684
18216.184
18710.018
18563.25
18457.35
17928.184
18504.75
18478.383
18397.482
18471.584
18118.283
18416.449
18239.816
17851.316
18094.283
17941.982
17967.084
17499.051
17900.482
17817.916
17204.617
16879.25
17672.816
17482.184
17263.883
17154.982
17430.283
17295.051
16964.75
16911.184
17543.816
17238.184
17067.482
16894.783
17417.816
17012.051
16823.35
16752.717
17317.816
17121.85
16875.15
16868.117
17020.283
16732.25
16361.55
16048.05
16557.816
16603.184
16528.884
16774.717
16949.084
16827.916
16237.416000000001
16897.783
16621.75
16565.384
16550.55
16466.051
16370.35
16527.117
16050.15
15985.45
15313.75
14553.316
13805.15
13035.583
12598.816
12440.45
12370.95
12385.316
13275.884
13808.384
14035.083
14507.05
14838.75
14861.316
15003.15
14876.384
15016.017
14469.917
14479.616
13731.45
14774.55
14720.717
14522.95
14431.116
14855.55
15087.983
15253.616
14888.783
15355.017
15557.65
15218.083
15298.25
15656.35
15677.717
15685.083
15746.517
15909.083
15846.45
15629.017
15226.25
16086.417
15801.116
15732.55
15289.717
15935.884
16059.25
15766.35
15983.717
15986.616
15506.917
15623.417
15321.05
15847.483
15769.45
15642.884
15595.517
15675.816
15904.25
15528.017
16061.717
16029.816
16085.05
16014.884
15640.05
16371.217
16326.517
15921.55
16173.783
16897.018
16615.316
16382.150000000001
16960.982
17191.883
16845.916
16584.883
16720.184
16397.017
16540.583
16056.15
16179.05
16450.35
16321.05
16288.55
16698.116
16292.55
16411.25
15773.483
15631.184
16512.217
16322.717
16238.35
16376.917
16239.017
16286.116
16386.616
16033.517
16133.083
16100.917
16032.15
16021.45
16226.283
15876.85
15965.217
15854.45
16256.35
16005.65
16095.95
16015.85
16418.083
16021.184
16059.816
15987.45
16306.35
16563.583
16572.95
16445.983
16401.35
16316.65
16166.15
16408.184
16563.35
16646.316
16593.949
16229.051
16915.35
16730.65
16687.95
16171.25
16725.417
16611.783
16429.017
16314.85
16463.684
16547.65
16704.017
16578.45
16723.884
16459.717
16553.35
16737.25
16484.283
16571.384
16481.616
16318.982
16439.95
16531.917
16289.35
16246.116
16411.684
16659.85
15743.15
16474.717
16499.816
16461.45
15785.15
16142.116
16459.884
16563.983
16424.684
16455.116
16389.55
16532.517
16231.483
16131.783
16521.283
16280.184
16383.884
16049.783
16280.217
16352.25
16064.816
15982.983
16278.55
15890.717
15889.684
15717.717
16084.616
15956.05
15615.283
15910.45
15910.017
15631.316
15784.283
15909.45
15741.083
15706.05
15475.283
15496.184
15802.35
15507.65
15610.55
15262.384
15328.684
15402.384
15275.15
15333.983
15149.15
15121.45
15035.35
15007.917
15240.15
15170.983
15125.283
14160.384
14386.95
14237.583
13978.816
13261.717
13086.15
13089.583
12629.884
11999.384
12535.483
12382.983
11620.283
12049.717
12004.083
11638.783
11807.217
11362.116
11493.75
11327.583
11005.15
11137.783
11365.417
11257.05
11423.417
10156.316
10934.816
11018.384
10582.95
10870.983
11167.15
11285.316
11144.283
11611.45
11925.417
12023.65
12236.816
12690.25
12708.217
12599.05
12684.417
12489.184
12456.616
12658.116
12640.95
12091.116
12523.483
12277.517
11890.35
11246.517
11564.75
11358.983
11030.217
10891.384
10713.616
10834.717
10688.15
10546.65
10948.217
10965.45
10793.55
10778.85
10892.217
10737.316
10682.75
10575.583
10999.017
10806.116
10503.616
10915.783
11303.816
11124.583
10862.95
11021.983
10985.684
11083.983
11017.35
10874.45
10924.95
10641.583
10059.55
10556.184
10499.95
10675.25
10840.75
10410.583
10974.95
10848.45
10137.283
10431.116
10570.616
10398.717
10440.684
10670.85
10818.417
10820.65
10979.35
10943.983
11081.75
10887.25
10831.283
10544.583
10757.483
10893.25
10631.35
10630.717
10859.616
10817.65
10563.75
11101.184
11192.217
11337.517
10955.083
11219.517
11421.95
11401.384
11601.417
10901.384
11361.017
11284.517
11479.884
11078.25
11763.55
11546.25
11709.083
11317.85
11898.283
11829.583
11492.616
11292.384
11525.083
11269.783
11223.217
11437.116
11378.417
11251.917
10894.083
10881.517
11116.283
11280.517
11105.017
11318.783
11260.684
11078.983
10925.35
11135.316
11277.017
11160.583
11446.35
10857.717
11179.95
11451.717
11426.15
11101.85
11163.083
10735.384
10461.55
10925.05
10817.283
10895.384
10094.283
10663.85
10948.55
10820.917
10529.816
10861.184
11112.884
10734.184
10885.616
10740.316
11011.95
10634.384
10395.95
10365.65
10721.684
10679.717
10236.483
10522.65
10511.684
10651.583
10475.55
10540.85
10622.884
10509.85
10289.884
10555.25
10670.55
10573.717
10455.283
10774.384
10513.283
10625.25
10549.017
10319.65
10480.083
10494.45
10348.55
10228.85
10269.217
10343.85
10061.684
9957.783
10445.55
10448.783
10145.017
10189.65
10431.75
10433.45
10027.75
10104.517
10305.95
10107.25
9884.95
10297.25
10253.017
10055.717
10263.417
10049.184
10106.884
10042.116
9813.75
9431.717
10140.483
9785.184
10010.283
9832.184
9937.75
9763.45
9684.616
9529.983
9893.55
9783.517
9660.884
9400.45
9706.283
9733.316
9541.684
9507.717
9771.017
9752.25
9223.35
9415.184
9719.616
9684.384
8989.616
9188.25
9587.816
9554.25
9426.217
9085.717
9654.283
9576.116
9450.217
9231.65
9371.75
9217.583
9073.083
9258.917
9383.417
9205.316
9037.95
9087.316
9496.417
9526.983
9314.95
9045.45
9135.55
9247.384
9104.083
8914.65
9253.35
9151.85
9128.95
8826.05
9006.75
9105.384
9059.55
8892.717
9102.684
8906.384
9298.616
8616.783
9053.15
8979.917
8770.816
8341.783
9063.283
8997.85
9033.35
8708.783
8814.283
8649.717
8779.083
8881.316
9149.616
8402.717
8691.283
8461.85
8737.017
8143.717
7701.017
7028.783
6787.483
5951.317
5116.35
4527.517
3884.283
3147.25
2761.083
2100.117
2395.35
2304.183
2020.417
2203.25
3060.217
3252.45
3261.617
4263.782999999999
4786.95
5089.383
5412.35
4765.117
5495.483
5097.45
4931.617
4569.117
4349.283
4413.45
4127.0830000000005
3872.45
4269.817
4364.183
4321.483
4105.383
4874.283
4637.383
4690.017
5304.317
5355.15
5615.917
5286.35
5776.05
5970.75
5960.383
5974.017
6258.383
6547.217
6576.583
6131.617
6399.25
6969.883
6982.117
6553.483
7097.717
7345.017
7488.317
7391.283
7391.65
7876.617
7851.183
7278.817
7398.583
8083.683
8188.717
7995.817
7734.783
8235.75
8065.383
7903.417
7885.45
8367.283
8184.85
7308.95
8171.85
8324.883
8429.383
8080.217
7881.45
8372.35
8279.05
8126.083
8024.183
8175.35
8295.517
7886.683
7724.917
8649.817
8225.517
8009.617
8050.317
8365.483
8262.783
8136.883
8081.983
8320.283
8275.85
8113.083
8044.85
8371.75
8357.582999999999
8224.217
8091.583
8396.817
8315.383
7774.417
7996.517
8313.883
8245.717
7856.817
7816.117
8206.017
8072.183
8123.95
7870.317
8138.75
8284.917000000001
7971.817
7509.717
8295.75
8177.65
8206.883
8010.783
8476.75
8236.05
8034.017
7834.85
8301.15
8093.583
7655.55
7528.317
8150.55
8074.717
8099.017
7494.383
8203.15
8077.983
7920.483
7991.85
8186.083
8143.717
7972.283
7883.45
8386.483
8205.45
7364.817
7721.783
8300.75
8064.183
8045.217
7884.983
8280.75
8215.05
7725.883
7537.783
8122.217
7956.117
7923.817
7818.117
8123.483
8105.25
7951.283
7510.65
8166.083
8095.183
7714.15
7436.517
8033.283
8154.717
7847.683
7783.783
8122.283
7747.117
7715.017
7848.85
7837.283
7760.317
7618.15
7427.45
8026.95
7860.117
7480.083
7411.65
7864.617
8024.65
7319.217
7409.783
7881.017
7794.517
7831.95
7574.05
7811.083
7718.383
7655.683
7331.583
7961.083
7732.917
7451.217
7400.383
7763.483
7687.317
7522.017
7010.783
7672.55
7605.383
7471.217
6973.85
7735.75
7535.25
7053.217
7467.183
7533.883
7443.117
7016.083
7119.583
7258.817
7374.783
7129.683
7106.05
7382.15
7162.05
7145.283
6966.183
7273.35
7287.183
6810.283
6780.917
7279.55
7266.917
6958.283
6902.583
6957.217
7161.383
6725.617
6876.517
6945.417
6983.65
6794.15
6594.783
7133.217
7011.25
6637.95
6327.383
6882.483
7047.983
6860.75
6586.117
6945.483
6922.45
6232.95
6634.45
7072.683
6719.783
6552.083
6598.983
6839.55
6869.583
6470.75
6339.917
6750.217
6831.783
6640.15
6521.983
6805.883
6600.05
6323.817
6050.25
6666.95
6514.85
6753.683
6269.85
6747.817
6713.517
6207.35
6266.117
6749.95
6582.65
6378.883
6467.717
6731.35
6684.583
6266.35
6195.25
6792.217
6536.983
6399.883
6433.317
6696.417
6541.583
6126.883
6003.05
6370.017
6317.85
5802.883
5930.983
6402.75
6228.517
6423.417
6063.25
6428.017
6271.583
6487.55
6094.917
6331.217
6250.65
5901.817
5888.717
6363.217
6234.783
5753.15
5258.117
6184.083
6226.05
5780.683
5946.183
6215.883
6011.117
5857.817
5815.583
6186.083
5972.783
5809.483
5460.65
6030.617
6107.25
5395.95
5553.85
6144.883
5935.65
5665.217
5452.45
6050.817
6048.25
5937.083
5527.983
6116.017
6023.317
5977.417
5854.317
6043.017
5910.117
4677.817
5181.65
5933.283
6033.917
5653.817
5383.183
5889.55
6023.383
5379.15
5374.85
5797.95
5784.05
5294.217
5316.917
5810.617
5764.65
5123.15
5132.65
5667.35
5636.783
5352.15
5378.517
5591.617
5522.85
5099.217
5493.05
5546.35
5573.183
5075.55
5301.183
5650.017
5436.717
4969.017
4885.45
5458.883
5453.45
5302.55
4744.45
5514.017
5405.25
4724.083
4854.717
