269.033
71.417
-133.36700000000002
151.683
450.83299999999997
130.55
209.7
235.15
237.03300000000002
257.617
124.167
-164.38299999999998
214.1
207.683
23.099999999999994
-31.783
351.233
-0.31699999999999307
68.5
361.017
422.433
185.417
463.767
151.883
278.3
197.483
226.5
-124.583
196.3
196.75
335.3
25.150000000000006
279.567
192.21699999999998
241.567
18.882999999999996
552.1
466.75
83.833
-55.382999999999996
243.96699999999998
125.083
-8.033000000000001
178.483
196.5
233.417
146.5
232.083
217.7
236.817
-37.967
41.68300000000001
616.433
278.483
-19.367000000000004
-260.05
425.567
444.35
26.566999999999993
48.55
379.633
446.35
381.83299999999997
224.017
415.367
367.017
151.233
316.217
389.83299999999997
390.15
324.5
-149.317
447.5
287.41700000000003
36.367000000000004
82.75
380.433
191.55
139.233
67.35
295.433
492.617
196.7
59.016999999999996
234.9
344.15
28.700000000000003
7.016999999999996
243.567
196.483
505.83299999999997
-9.849999999999994
181.63299999999998
214.61700000000002
349.233
-66.517
197.1
250.35
199.1
89.417
404.9
355.41700000000003
-219.96699999999998
28.349999999999994
399.7
300.883
231.233
210.55
466.433
284.017
1.5
274.75
101.633
323.017
250.5
280.283
422.1
282.483
551.633
-223.183
320.3
369.617
104.967
360.08299999999997
388.1
455.41700000000003
254.167
96.017
359.033
242.75
-70.9
109.217
335.433
311.95
119.967
10.950000000000003
411.567
434.817
65.167
-240.38299999999998
345.7
316.41700000000003
85.833
145.28300000000002
267.1
423.883
335.767
43.150000000000006
304.633
311.483
-285.767
-146.65
303.967
196.55
166.7
-18.849999999999994
336.83299999999997
266.483
49.367000000000004
206.417
405.83299999999997
285.283
249.567
-103.717
453.9
414.95
425.767
152.61700000000002
488.3
273.217
158.9
343.283
411.1
76.95
369.1
-164.517
143.1
226.55
-3.233000000000004
368.217
589.5
419.483
171.03300000000002
-96.917
499.433
143.483
456.9
22.683000000000007
385.3
362.883
320.767
378.883
529.433
345.683
427.033
309.75
336.233
222.683
390.9
-358.91700000000003
388.7
343.55
166.3
144.083
137.03300000000002
313.75
470.567
176.15
235.63299999999998
297.017
111.167
-199.38299999999998
276.033
379.817
463.367
185.017
386.233
305.75
46.632999999999996
-319.05
444.767
238.35
-68.3
15.417000000000002
258.633
190.017
-1008.633
-107.45
123.3
270.08299999999997
245.567
-68.183
564.767
403.883
254.7
59.283
265.3
223.61700000000002
-105.167
423.15
525.833
269.08299999999997
-184.3
38.150000000000006
310.7
322.283
-108.7
346.283
383.967
252.88299999999998
395.633
346.683
322.16700000000003
397.95
236.1
175.483
376.16700000000003
243.417
401.367
29.349999999999994
399.9
427.483
334.233
-77.983
229.03300000000002
313.75
85.833
-281.117
371.967
345.017
260.9
-117.983
345.83299999999997
328.95
210.567
81.683
366.3
359.15
-155.03300000000002
205.35
336.16700000000003
62.95
-149.167
158.95
264.233
203.75
317.433
164.55
257.7
526.75
100.567
170.75
374.3
528.483
382.367
161.95
220.63299999999998
280.483
89.167
498.08299999999997
358.9
217.61700000000002
-155.233
97.617
217.167
287.683
261.767
-5.516999999999996
543.1
560.417
40.033
285.483
379.967
355.283
233.833
103.217
351.233
391.683
87.1
135.417
303.967
335.017
182.63299999999998
303.617
485.767
441.41700000000003
413.7
118.017
573.7
205.95
404.033
-119.65
389.16700000000003
201.217
-65.36699999999999
313.35
367.233
221.35
564.033
414.41700000000003
410.3
300.88300000000004
671.5
116.417
405.967
319.15
-8.967000000000013
301.017
668.767
444.15
574.167
-8.317000000000007
474.1
405.75
437.967
239.75
379.36699999999996
577.017
-2.233000000000004
272.15
652.7
371.217
184.833
217.617
395.16700000000003
385.683
556.833
216.217
679.567
590.483
729.3
484.483
739.7
551.283
280.567
397.017
457.633
665.95
843.1
257.017
777.233
640.15
598.3
730.817
668.3
561.75
406.3
695.55
543.633
819.4169999999999
178.03300000000002
337.883
616.633
608.483
635.433
462.817
949.967
616.483
773.767
604.35
757.033
714.283
740.1669999999999
372.15
1070.033
524.883
637.5
564.683
905.767
581.4169999999999
765.5
668.35
669.8330000000001
939.083
857.233
738.75
695.233
941.217
707.567
520.15
1006.8330000000001
802.483
690.8330000000001
641.15
640.5
738.817
859.3
736.217
952.767
846.017
635.767
588.683
747.5
857.883
763.633
634.283
989.167
563.95
815.9
538.283
753.5
630.083
824.433
910.15
799.7
547.283
850.3
1027.483
517.167
941.75
789.233
825.35
857.033
833.817
685.3
1043.283
1218.833
744.283
762.633
1357.817
990.633
1206.217
585.233
770.55
1242.5
1081.75
1223.433
1302.283
837.9000000000001
814.0830000000001
925.633
906.483
1441.3
1254.883
738.8330000000001
1209.15
1104.1
1319.55
1353.433
1170.55
1083.833
1424.217
706.633
989.617
1111.3
1286.483
1610.3
1558.683
1494.967
1449.617
1266.1
1350.083
1370.3
1281.15
905.367
1123.283
1448.3
1286.817
1527.767
1084.217
1602.633
1497.55
1610.833
1416.417
1569.767
1488.75
1094.167
1558.683
1408.967
1329.017
1256.9
1394.817
1363.767
1494.15
1393.1
1170.883
1483.833
1267.017
1254.833
1138.283
1597.5
1509.083
1438.567
1527.75
1618.633
1365.55
1347.433
1246.617
1498.5
1526.483
1402.633
1148.883
1632.9
1385.617
1439.3
1413.617
1577.167
1452.683
956.5
1405.15
1465.1
1550.683
1573.367
1742.683
1873.033
1686.817
1713.3
1685.75
1827.833
1891.35
1733.3
1818.95
1808.967
1833.017
2014.167
1848.083
2208.367
1690.55
1285.9
1524.283
1734.967
2022.883
1737.567
1862.617
2208.567
2006.217
1940.033
1864.683
2103.5
2158.683
2180.9
1885.55
2270.3
1936.95
1828.967
1705.283
1755.767
1668.817
1984.367
1336.75
1734.7
1863.483
2101.633
1744.683
2079.833
1975.217
2173.167
1978.617
2046.9
2125.55
2083.3
2017.95
2314.633
1886.95
2435.567
2172.483
2193.367
2121.883
2031.433
2214.95
2465.967
1834.283
1932.1
2249.283
2483.7
2202.417
2276.5
2054.883
2121.833
2000.817
2072.633
2222.35
2183.1
2512.95
2770.633
2085.55
2656.3
2621.217
2512.233
2399.683
2461.567
2336.883
2294.1
2575.683
2513.7
2336.417
2110.5
2239.55
2160.633
2144.15
2462.767
2346.75
2510.9
2751.417
2558.167
2705.083
2914.633
2666.083
2979.033
2820.15
3173.033
2918.95
2740.767
2978.95
3000.3
2876.083
2682.1
2854.95
2670.633
2756.017
2622.167
2804.35
2754.767
2540.95
2208.9
2467.95
2394.9
2430.817
2226.1
2183.75
2445.5
2193.417
2125.833
1830.817
2443.567
2012.15
2343.567
2371.95
2590.433
3064.15
2864.3
3171.15
3032.5
3202.217
3355.167
2948.15
3127.5
3068.817
2779.033
2679.817
2966.433
2828.55
3085.367
2658.883
2929.967
2966.683
2941.367
3127.283
3093.833
3140.483
3316.3
3258.483
3305.233
3288.083
3206.233
2902.483
3246.9
3319.083
3154.5
3412.95
3511.233
3359.75
3244.5
2940.683
3467.1
3345.417
3678.567
3954.683
4051.7
4426.483
4399.433
4261.817
4209.3
4138.95
4236.3
3833.55
4382.967000000001
4080.683
4235.8330000000005
4145.282999999999
4374.7
3879.883
4037.7
4159.95
4028.233
4067.283
3845.167
3565.083
4179.7
4281.017
4155.1
4342.483
4523.3
4487.683
4405.167
4139.483
4486.5
4417.817
3876.033
4098.217000000001
4058.5
4318.217000000001
4197.633
4416.15
4605.1
4357.217
4221.633
3651.15
3933.433
4022.017
4089.9
3802.883
4242.5
3906.95
3929.3
3705.483
3628.167
3579.15
3499.567
3556.817
3602.633
3709.083
3498.1
3628.55
3397.167
3562.083
3705.767
3815.75
4113.767
4278.35
4406.3
4577.017
4357.633
4426.95
3995.967
4528.683
4340.967
4334.083
4869.167
4578.617
5286.567
5317.35
5244.5
5465.483
6064.167
5523.683
5658.233
5115.617
5293.767
5177.75
4745.633
4502.883
4572.5
4385.55
4189.167
4345.683
4820.567
4475.55
4743.967
4790.95
5294.967
5286.883
5425.567
5146.35
4969.967
4831.417
4456.233
4298.417
4371.967000000001
3949.083
3798.633
3647.55
3701.9
3624.883
3057.633
3390.15
3387.433
3032.817
2729.433
3511.483
3557.967
3689.55
4012.967
3767.75
4578.633
4821.35
4927.433
4769.35
4861.9
4597.55
4234.033
4381.683
4316.7
4502.483
4485.1
4322.683
4882.233
4528.883
4726.367
4610.817
4776.967
4704.817
4636.033
4092.3500000000004
4693.633
4559.283
4696.5
4630.75
4533.367
4537.55
4618.367
4640.083
5319.767
5360.617
5371.3
5634.217
5822.633
5871.083
5866.633
5676.617
6024.033
5777.017
6185.833
5817.35
6246.767
6683.55
5992.633
6251.617
6319.367
6090.35
6070.5
5327.017
5181.3
4614.017
4349.9
3402.55
3232.1
2707.55
2516.967
2531.683
3075.633
3359.683
3728.5
4250.217000000001
4640.033
4867.217
5181.167
5644.95
5922.7
6358.95
6225.5
6234.017
6364.167
5779.217
5660.1
5337.95
4951.5
4167.617
3844.967
3507.883
3488.167
3858.283
4044.767
4622.883
5526.367
5811.017
6035.633
6921.683
7188.5
7297.95
7730.3
7448.417
8151.1
8186.217
8617.832999999999
8337.15
8272.033
8718.283
8479.9
8497.017
8665.767
8489.884
8753.1
8562.35
9214.9
9027.083
9137.967
8931.616
9439.5
9266.816
9113.967
9202.816
9750.833
9540.884
9472.3
9228.35
9381.833
8935.083
8978.366
9158.95
9225.967
9670.017
9426.366
9514.55
9617.5
9272.55
8963.7
8755.417
8979.1
9241.283
9396.5
9286.083
9322.634
9299.816
9254.767
9113.75
9020.434
9025.15
8851.366
8914.483
9388.1
9123.616
9351.634
9033.283
9174.566
9381.95
9169.033
9556.75
9732.967
9713.083
9862.566
9914.616
10016.634
10379.95
10606.634
10414.616
10355.767
10280.017
9580.767
9047.017
9213.967
9121.15
9051.7
8946.017
9279.566
9505.417
9689.167
10341.083
10280.5
10885.55
10810.634
10870.75
10860.1
11273.283
10626.7
10762.217
11181.634
10710.884
10753.767
10975.083
10901.566
10688.684
11325.3
10823.95
11156.5
11087.75
10972.566
10744.75
10990.767
10847.884
10882.634
10271.816
10960.3
10759.217
10770.566
10346.083
10725.434
11123.816
11321.434
10967.283
11240.233
11327.884
11105.833
11090.15
11001.167
10016.483
10452.566
10481.884
10540.634
10064.884
10729.233
10524.217
10591.434
10281.283
10267.434
10633.083
10801.366
10704.616
10796.566
10528.15
10277.833
10290.55
9670.9
9929.017
10649.1
10439.616
10585.967
10939.15
11260.967
11327.75
11514.5
11186.417
11287.366
11439.95
11363.767
10902.75
10708.9
10198.017
10369.033
9620.684
10281.434
10514.217
10167.366
10174.017
11009.566
10984.55
10413.366
10450.884
11289.434
11485.417
11168.634
10991.35
11104.033
11169.684
10894.434
10821.15
11090.3
10904.083
11148.967
11436.55
11140.366
11394.884
11674.233
10790.017
11044.366
10904.483
10504.634
10805.75
10080.767
10322.417
10347.566
11330.95
11249.366
11079.816
11060.5
10605.95
10880.7
10863.95
11180.566
10863.75
10596.434
10068.95
9900.434
9546.417
9174.1
9116.017
8461.5
8316.75
8347.967
8310.217
8820.233
9250.684
10200.366
10819.75
11982.233
12136.083
13161.9
12341.35
11771.033
12238.083
12119.566
11896.55
12683.7
12762.95
13004.833
12856.017
12713.7
12097.684
11623.434
11257.55
11503.1
11417.083
12701.634
12170.684
12780.167
12869.75
13179.1
13215.816
12835.9
13574.616
13753.233
14421.616
14260.3
14413.55
14687.233
15019.283
14007.3
14214.083
13565.967
13871.55
13855.366
14331.283
13719.833
13501.55
13048.9
12834.616
13096.7
12810.217
11884.233
12759.483
12630.967
13461.55
13621.033
13650.884
14565.833
14187.283
13813.033
14134.75
14150.1
13940.75
13938.233
14165.684
14578.1
15019.483
15061.634
14726.483
14854.767
16501.616
15222.3
15307.483
15523.1
14914.483
15516.767
15508.684
16121.634
15519.083
14987.1
15278.95
15506.634
15391.684
14865.967
14771.35
15881.3
16369.75
15987.1
15303.15
15667.566
15453.684
15325.033
14489.483
15420.233
15249.15
14873.7
14165.417
14814.1
15073.55
15079.033
14634.684
15692.167
15741.616
15487.233
15846.017
16031.833
16788.416
16026.366
15815.684
16409.7
15990.95
16307.7
15390.75
15745.967
16474.884
16060.434
16200.017
16247.767
15778.35
16004.7
16450.017
17115.232
16828.15
16815.633
17011.551
16790.967
17243.883
17702.967
17263.35
17218.633
16795.084
16801.699
16253.283
16736.833
16379.616
16688.634
16028.483
15577.1
15830.55
15738.233
15442.884
16045.233
15594.55
15725.833
15821.55
15732.566
15842.417
15737.967
16289.55
16755.1
17154.15
16231.566
16360.217
16441.7
15858.75
16689.9
16310.75
16871.033
16837.416
17253.367
17233.35
17378.232
17639.283
17069.166
16598.283
18301.434
17696.551
17560.166
17826.883
18062.5
16839.283
17557.633
16832.617
17843.5
17515.15
16799.767
17357.816
17845.699
17549.416
17676.967
18671.283
18085.434
17449.482
17253.9
17032.283
16897.967
17453.416
18176.699
18070.551
18740.033
18872.35
19267.566
18772.35
18836.166
19230.084
19007.367
18966.15
19007.699
19101.018
19527.834
19164.816
19841.633
19616.35
19731.033
20207.617
20013.033
19969.75
19479.301
19628.617
19933.434
19526.15
19377.301
19193.15
19868.1
19566.084
20629.9
19816.482
19461.5
19983.217
20101.434
20845.551
20939.967
21001.949
20391.033
20683.551
20136.232
20292.75
20042.566
20448.949
20685.166
22532.217
20798.301
21718.816
22032.301
22259.018
21687.699
23003.75
22459.967
22806.416
23542.434
24252.883
23074.301
23609.15
23048.768
23345.617
25024.033
23459.551
23664.834
22776.684
22735.834
22875.551
23538.9
23395.482
23936.9
24665.75
24123.301
24902.617
25576.367
26281.816
26320.033
26458.35
27266.033
27978.75
27297.367
25927.684
26779.699
26968.217
26199.768
26743.949
27382.1
27369.283
27216.166
27652.084
28281.633
27640.416
29136.232
29829.35
29371.367
28844.217
29987.834
29802.15
29862.633
29510.75
29895.434
30090.816
29804.166
29916.018
29492.566
29775.551
30653.367
31471.75
31867.166
32186.217
33653.832
33940.684
33261.965
33988.016
34021.633
33758.617
33814.832
32787.418
33808.832
32919.416
32934.102
34591.949
35144.766
35444.816
35519.766
35719.082
36550.766
35612.082
35839.5
35318.684
35598.566
35848.949
35328.035
36021.285
36808.766
37142.617
37275.234
37538.352
37931.633
37917.684
37355.898
37656.418
37471.699
37577.082
36946.168
37556.484
37603.102
37830.148
38233.168
37780.418
37562.5
37826.617
37884.832
37923.684
37974.168
38349.883
38052.5
38250.352
38486.566
38199.684
37056.367
36483.883
34740.168
33342.418
32350.9
31984.35
31946.566
32421.816
32363.9
33756.148
35420.102
35966.551
36603.5
36787.016
37028.566
37984.082
38976.832
38590.816
39297.234
39317.148
38992.633
38156.75
37837.766
38043.016
38696.965
39017.551
39489.035
40165.883
41059.168
41596.617
41763.301
41838.949
41055.699
40942.484
40357.832
40744.816
40819.699
40820.082
40702.434
39988.75
39614.434
39338.949
38797.965
38840.484
39188.566
38945.016
40448.035
40663.215
40983.766
41701.484
41955.832
41002.816
41220.699
40775.684
40834.102
41209.016
41545.035
42013.016
43094.832
42909.816
43515.832
43023.215
42967.035
42546.215
41806.766
41957.684
41898.035
42107.484
41859.699
42109.883
42715.832
43021.484
42565.633
42648.082
43720.168
43191.285
43607.832
42838.215
43490.367
42842.816
41941.168
41428.551
41032.367
40924.617
41233.102
41508.883
41956.566
43164.484
42891.566
43718.684
43116.234
43187.883
42985.699
42467.016
42150.633
41712.617
41055.566
41163.816
41207.234
40875.484
41164.168
41141.75
40815.566
41005.285
40820.566
40944.484
41461.035
41867.016
41852.434
42426.285
43105.699
43370.617
43324.633
43672.016
43399.434
43308.418
42590.301
42102.215
41619.301
41895.75
42352.832
42003.484
42856.633
43210.617
43822.102
44134.617
44061.699
44019.484
44945.168
45227.082
45859.102
45947.484
45554.168
45369.484
45114.832
45053.082
44338.566
44100.484
44303.301
44289.75
43917.234
43858.148
42886.965
43486.551
43057.234
43537.082
43397.832
44331.883
44826.965
45519.551
45888.766
46212.816
45167.035
45303.883
44677.234
44725.148
45156.301
44728.883
44696.035
44309.949
44751.699
45139.551
45078.434
45340.551
45377.102
45863.148
46375.699
47202.75
46357.234
46241.016
45502.035
45534.215
44677.434
44689.215
44592.102
44286.148
44968.566
45132.551
43233.898
44490.816
44357.434
44027.949
44246.898
43970.285
43812.234
44118.75
44691.102
45048.352
45083.633
44992.148
45129.434
45892.285
45968.566
46268.148
45949.168
45397.215
43961.965
42374.285
41502.234
39873.75
38199.566
37626.484
38375.699
39482.816
41877.301
42559.883
41933.699
42036.418
42181.168
41629.883
42067.633
41473.684
40979.5
41911.082
43230.367
44213.551
44134.766
44545.215
44764.367
45299.148
46062.898
45585.816
45493.832
45501.082
44686.832
45209.484
45690.766
45685.617
45554.168
46433.816
46799.301
46869.016
46938.102
46175.75
46029.301
45655.352
45885.5
45524.148
44834.699
44605.684
44092.699
45193.352
45983.5
46718.883
46447.898
47114.082
48079.5
48347.949
47790.699
47399.617
47749.102
47098.75
46952.699
46252.016
47009.766
47541.816
47023.367
46688.684
46342.965
45176.75
44479.699
42910.684
41641.898
41242.684
41328.965
41712.617
42355.898
43598.082
43813.035
45174.484
45496.898
45548.949
46253.566
46479.816
46920.168
47060.684
47260.965
47783.883
48634.035
48008.75
47583.898
46723.285
46538.633
46422.883
46261.168
46258.215
46348.234
47080.352
48118.035
48137.484
48177.766
48144.082
48009.102
47732.816
47765.898
47767.352
46537.5
45990.148
45525.5
44863.418
44058.699
43500.949
43880.898
44140.551
44662.766
45072.418
45807.434
45957.617
45713.234
45528.016
45750.699
45331.418
44951.367
45079.617
45550.035
46087.949
46251.234
46325.816
46804.367
47373.816
47350.898
47422.016
47138.898
46984.484
46294.766
45465.949
45128.898
44197.949
43150.168
44501.949
44334.898
44721.949
44920.5
45583.684
45681.832
46054.684
45478.832
45600.215
45938.633
45463.484
45284.5
45105.617
44986.234
44607.285
43929.367
43464.484
43575.566
43672.684
43138.566
42445.484
42807.898
42654.285
42423.035
42405.551
42669.434
42930.75
43194.898
43698.883
43813.566
44266.352
44031.367
43838.949
44345.035
44202.082
43029.102
43728.816
43351.699
43359.418
43536.832
42882.352
43021.5
43924.816
44152.035
44511.684
44433.367
44487.75
44447.234
44158.215
44660.367
44097.418
43533.566
43484.684
43841.832
44275.949
44485.035
43650.352
43878.168
43764.016
43324.301
43594.816
43729.035
43586.617
43352.367
43593.551
43257.633
43513.949
42875.5
42582.285
42420.832
42434.148
42694.301
42258.816
43102.766
43355.551
43953.566
43266.949
43388.168
43468.082
43780.367
43583.215
43303.102
43524.617
43438.434
43228.082
43221.434
43317.352
42919.301
42440.617
42893.832
43000.082
43123.832
43092.016
43275.566
43303.352
43151.633
43582.285
43623.035
43802.352
42969.5
42516.016
42772.898
42195.418
42352.566
42036.883
42583.234
43133.352
42995.832
42806.418
43169.965
43084.418
43364.898
43268.148
43314.434
43621.883
43389.234
43327.285
43624.832
43634.215
43521.633
43367.082
42678.168
42871.285
42062.898
42259.551
42320.832
42259.352
41940.234
42010.082
41931.633
41953.551
41991.898
42368.949
42013.699
42571.082
42380.566
42287.816
41748.035
41315.684
40923.699
41063.418
40684.633
40739.75
40403.234
41008.816
41246.367
41251.352
41101.434
40720.551
41833.102
42048.816
42378.766
42403.617
43011.168
43144.617
42500.898
42272.75
42093.301
42055.285
41264.832
41402.016
41615.434
41575.75
41958.367
41858.883
42367.301
42307.949
42385.766
42144.285
42442.699
42079.016
41771.566
41242.484
41851.434
41953.285
41138.832
42048.285
41658.301
41990.418
42211.102
41692.215
41952.102
41552.215
40772.766
40302.082
40761.633
40531.418
40205.566
40601.082
40672.301
41729.883
41411.633
42107.883
42349.5
41984.418
41895.301
42275.551
42605.234
42096.883
41550.965
41323.082
41293.434
40753.418
40590.035
40539.016
41149.699
41192.352
41132.434
41080.082
41689.367
41766.617
41327.566
41121.082
41083.434
40698.551
40036.566
39522.883
39591.102
39514.016
39126.102
39508.551
39842.168
40461.352
40667.832
40814.883
41145.566
41341.285
41732.5
41665.148
41805.898
41623.949
41454.102
41906.617
41328.367
41807.082
41462.633
41018.418
41623.699
41530.285
41655.367
41294.617
41161.566
41086.949
41027.367
40451.352
40615.5
40322.551
40148.566
40451.148
40112.766
39888.215
39938.234
39752.949
40535.234
40816.684
40007.5
40112.617
40734.898
40581.215
40515.367
41000.352
40511.832
40202.684
40038.5
39265.883
39750.766
38977.484
39165.965
39029.551
38975.434
39531.617
39291.832
39611.148
39525.566
39449.949
39866.035
39729.75
40036.367
39955.949
39483.633
39525.883
39716.168
39890.949
39063.5
39373.816
39574.633
39573.215
38945.367
39471.949
40127.301
39656.082
39445.035
40241.418
40315.367
40227.75
39916.766
39446.285
40062.766
39559.883
39708.566
39670.352
39450.234
39611.016
39521.234
39282.551
39565.699
39335.016
38670.102
38768.484
39108.168
38860.285
38301.766
38254.082
37986.898
37849.418
37653.035
37261.484
37905.898
37903.352
37534.898
38479.484
38398.367
38633.215
38577.301
38240.352
38764.898
38554.883
38206.965
37799.949
38220.102
38407.352
37579.367
36804.484
36080.5
35387.148
34821.234
34122.75
33789.898
33174.75
32717.301
33869.352
34482.102
34561.684
35029.5
35809.617
36962.5
36673.551
37150.832
36900.016
36845.102
37068.082
36586.168
36458.684
36663.168
36552.148
36223.965
36281.75
36441.434
36643.551
36393.832
36117.215
36518.168
36269.215
36343.301
36097.75
36555.965
36469.484
36138.832
36741.352
36538.434
36378.816
35980.566
35730.949
35766.898
35677.684
35622.633
35714.883
35526.898
35880.75
35971.832
35742.082
35971.234
36427.684
36110.5
35846.215
36196.367
36317.285
36172.035
36256.418
36176.035
35719.285
35612.301
35499.215
35719.035
35567.949
34869.699
35225.082
35088.766
35307.484
35110.367
35002.684
35109.566
35264.617
35523.301
35105.684
35271.434
35515.016
34946.633
35244.484
35174.367
35141.484
34590.367
34658.215
34601.566
34712.617
34736.367
34578.75
34551.168
34493.352
33923.367
34249.082
34019.965
34282.484
33791.832
34117.352
34744.434
34413.484
34835.633
34794.215
34702.5
35112.285
34916.633
34933.949
34921.5
34876.617
35062.168
34829.949
35028.168
34728.215
34966.434
34696.816
35146.766
34526.082
34651.102
34355.082
34635.035
34769.949
34291.766
34209.949
34238.699
34281.883
34214.965
34299.082
34349.434
34537.551
34446.168
34330.016
34278.168
33954.617
33538.5
33408.285
33626.832
33116.352
32776.102
32934.148
33349.367
33282.352
32822.234
32882.883
33244.367
33012.418
32727.367
32402.35
32733.1
32547.084
32153.834
31652.551
32029.301
32094.617
32083.1
32325.551
32216.367
32241.217
31655.967
31901.883
31439.834
31338.283
30637.033
30462.75
30526.967
30044.35
30048.301
29381.684
29727.566
29433.949
28804.434
28070.883
27950.033
28083.416
27906.967
27269.018
27564.367
27497.35
27727.434
27842.217
28445.967
28799.617
29597.768
30357.75
30483.301
30643.816
30675.1
30943.617
30746.232
30297.684
30492.434
30195.816
30446.367
30232.018
30614.033
30653.15
30963.166
30861.416
31098.367
30991.75
31448.834
31243.617
31008.633
31302.617
31648.5
31347.816
31146.301
30857.75
31186.5
31104.283
30877.566
30806.75
30915.699
30907.35
31301.967
30535.084
31035.834
31018.816
31108.033
30917.416
31164.699
30935.617
30587.768
30562.018
30704.768
30869.684
30170.434
30011.084
30270.768
29991.949
29918.566
30139.217
30195.834
29916.949
29817.5
29547.15
29535.033
29568.883
29627.5
29557.684
29571.9
29501.084
29550.301
29413.018
29310.5
29303.217
29107.9
28516.283
28969.1
28475.416
28618.5
28559.75
28706.633
28470.416
28629.166
28504.949
28651.232
28959.883
28703.633
29078.75
28864.633
29103.551
28852.834
28423.018
28533.566
28364.35
28197.434
28432.949
28281.232
28276.217
28318.301
28234.482
28600.301
29083.482
28613.834
29173.084
29311.633
29029.416
29226.5
28856.084
29092.033
29274.018
29385.434
29585.482
29673.301
30026.084
29901.566
30318.482
30623.434
30903.482
30368.033
30255.35
30587.166
31152.084
30958.301
31476.15
31573.033
31958.816
31740.566
31853.75
31751.232
31537.482
30749.834
29707.018
29170.301
28855.217
28513.566
28263.084
28024.166
28084.35
27897.566
27822.551
28021.768
27915.084
27952.768
27922.416
28279.768
28007.883
27903.566
27525.816
27528.033
27760.15
27290.5
27596.482
27446.566
27688.617
27700.5
27778.883
27832.434
28092.283
27695.967
27835.416
28199.699
27984.15
27402.166
27725.482
28129.033
27913.482
27525.9
27811.084
28078.699
27455.883
27945.967
27184.35
27580.9
27239.816
26970.301
27143.617
27007.633
27070.15
26809.633
26341.018
27028.566
27094.617
26737.434
26732.217
26940.1
26732.883
27063.967
26534.217
26700.699
26792.883
26905.768
26917.018
27039.967
26796.816
26922.5
27069.684
27271.768
26823.551
26430.566
26405.283
26703.033
26863.816
26540.434
26713.35
26551.367
26743.416
26518.367
26515.684
26606.633
26514.482
26091.367
25818.617
26515.033
26275.816
25795.633
25733.949
26143.367
25788.883
25771.633
25828.551
26115.768
25807.684
24818.166
25559.75
26010.699
25662.482
25610.301
25258.15
25537.434
25560.15
25840.232
25754.551
25667.699
25360.684
25412.166
25431.816
24802.699
24664.816
24125.9
24385.283
23913.967
24359.15
23866.566
24022.283
25261.301
25048.15
25032.566
25630.217
25453.5
25533.15
25107.566
24891.35
24650.5
24742.617
24441.699
24526.084
24627.768
24594.018
24249.834
24468.551
25102.768
24634.283
24110.633
24474.949
24718.1
24795.816
24433.9
24613.15
24738.232
24377.283
24045.166
23665.75
24142.834
23671.949
23599.699
23166.482
23164.301
23260.617
22592.5
22111.551
21988.301
20565.883
19830.566
19012.482
19165.9
19176.551
19230.967
19472.15
20262.5
21172.283
21697.834
21695.018
21936.301
22546.816
23024.566
22939.283
22584.566
23021.551
22925.9
23041.084
23041.1
22632.217
22315.5
22171.15
22622.033
22519.883
22071.166
22803.283
22661.967
22885.15
22962.967
22857.816
22977.768
22920.617
22673.9
22793.816
22889.768
23098.482
22653.434
22628.217
23059.9
23151.416
23036.834
23018.684
23189.566
23172.684
23030.434
22541.283
23004.768
22942.482
22657.967
22420.949
22700.699
22826.15
22640.434
22194.283
22474.367
22762.084
22160.633
22793.949
22942.834
22841.816
23307.166
23022.084
23129.768
23063.816
22875.967
23017.551
22930.633
22893.084
22531.1
22616.482
22646.1
22679.816
22562.232
22654.949
22905.699
22886.416
22585.566
22374.35
22670.5
22553.15
22704.166
22297.416
22810.967
22638.15
22813.232
22808.15
22913.699
22856.35
22383.566
22091.217
22623.1
22495.15
22716.633
22282.482
22216.633
22307.684
22182.1
22540.084
22279.367
22241.084
21696.834
21719.949
21836.633
22083.35
21262.5
21507.416
21717.633
21730.018
21515.699
21357.15
21741.033
21710.018
21485.967
21633.283
21719.434
21908.684
21163.232
21424.217
21848.967
21887.551
21545.232
21417.617
21544.232
21707.75
21351.633
21334.684
21465.166
21387.283
20837.166
21153.217
21130.834
20981.15
20974.633
21052.283
20753.367
21503.35
20884.232
20746.084
20847.232
20894.018
20768.967
20216.949
20719.566
20758.084
20453.834
20205.482
20690.967
20565.684
20449.1
19913.15
20462.633
20420.684
20382.967
20406.551
20105.301
20311.949
20187.699
19767.018
20010.301
19829.018
19856.301
19374.217
19774.9
19699.482
19098.301
18720.684
19495.566
19300.084
19106.1
19015.551
19245.166
19110.15
18794.232
18700.084
19339.633
19049.15
18898.9
18747.15
19238.5
18784.15
18586.9
18491.684
19146.033
18906.15
18668.9
18613.684
18749.434
18487.217
18096.434
17779.949
18261.967
18366.883
18275.232
18561.949
18680.1
18553.816
17954.434
18597.883
18388.699
18271.617
18249.768
18178.816
18107.967
18239.018
17794.301
17745.482
17126.232
16395.217
15747.366
14988.95
14618.566
14425.283
14395.5
14368.15
15296.967
15762.283
15932.5
16409.483
16698.233
16751.482
16855.1
16742.883
16910.566
16353.684
16352.167
15617.616
16711.366
16639.617
16400.5
16324.083999999999
16705.633
16910.283
17101.1
16787.482
17195.768
17412.482
17042.834
17166.883
17495.1
17486.617
17485.033
17621.949
17734.367
17694.084
17487.566
17114.75
18009.9
17769.617
17733.633
17329.551
18032.166
18125.816
17920.434
18118.018
18147.967
17691.018
17876.633
17558.949
18086.699
17991.684
17850.9
17772.816
17815.9
18029.084
17619.5
18175.816
18097.1
18160.883
18139.033
17700.416
18411.033
18361.15
17949.699
18114.217
18796.834
18495.482
18241.834
18771.217
18959.367
18605.883
18353.566
18454.217
18154.166
18301.883
17807.367
17936.551
18273.5
18191.551
18197.301
18649.684
18274.566
18452.35
17818.967
17689.482
18568.033
18373.684
18230.5
18336.283
18171.033
18246.482
18404.834
18057.617
18094.633
18061.684
17998.834
18002.551
18162.5
17796.75
17903.232
17769.551
18168.434
17897.018
18021.699
17984.283
18364.301
17952.018
18041.5
17915.35
18191.1
18425.283
18403.834
18272.482
18232.1
18040.217
17947.967
18201.949
18326.367
18439.018
18464.566
18066.35
18683.768
18562.883
18499.967
18001.084
18543.033
18453.75
18230.834
18095.416
18220.9
18345.15
18476.5
18337.482
18481.699
18181.617
18261.033
18441.084
18194.232
18235.283
18152.9
17984.217
18114.699
18260.217
17981.566
17944.416
18053.033
18305.283
17356.9
18107.75
18138.434
18067.416
17374.834
17725.617
18051.232
18169.416
18025.967
18029.217
18006.699
18137.949
17857.367
17757.217
18149.033
17875.283
17935.1
17616.15
17862.1
17913.75
17584.699
17499.482
17804.367
17415.283
17433.566
17234.816
17591.633
17456.684
17085.5
17419.018
17383.768
17175.15
17296.5
17465.416
17248.699
17230.35
17000.566
17003.684
17321.967
17002.551
17111.768
16804.816
16871.232
16936.684
16832.633
16890.482
16737.166
16677.283
16577.633
16580.217
16777.301
16741.617
16702.9
15816.95
16142.767
16029.417
15881.9
15310.884
15240.833
15341.483
14968.3
14368.083
14901.566
14754.616
13941.3
14311.884
14226.7
13883.616
14021.967
13471.616
13629.7
13455.417
13167.767
13317.217
13555.9
13413.95
13608.3
12389.283
13137.233
13253.816
12742.7
13054.217
13283.833
13372.15
13069.767
13483.55
13677.7
13697.417
13854.7
14237.95
14231.634
14084.55
14151.3
13938.483
13934.967
14116.616
14092.967
13551.483
13996.833
13858.217
13559.634
12950.217
13334.033
13112.35
12824.7
12733.217
12625.3
12696.083
12523.767
12361.217
12740.7
12758.35
12611.3
12608.217
12733.1
12568.884
12484.833
12374.35
12814.767
12621.017
12292.233
12736.95
13091.1
12865.684
12594.434
12756.75
12713.833
12756.017
12695.233
12584.417
12648.233
12378.083
11848.7
12395.816
12281.5
12410.017
12519.033
12029.483
12551.434
12413.483
11669.233
11979.884
12225.767
12089.816
12147.033
12373.816
12479.233
12446.217
12649.1
12577.017
12696.366
12515.35
12485.434
12149.884
12443.9
12518.483
12208.233
12258.217
12485.3
12465.884
12163.366
12655.283
12671.5
12806.083
12365.233
12569.35
12709.434
12669.483
12891.3
12172.75
12683.7
12532.95
12761.9
12327.95
12995.967
12723.884
12886.9
12500.017
13010.233
12934.816
12605.9
12444.95
12671.767
12427.283
12349.634
12565.684
12543.366
12378.283
12022.434
12032.95
12284.434
12477.75
12277.233
12453.55
12427.3
12249.017
12038.1
12259.816
12320.634
12190.217
12480.7
11890.083
12163.634
12438.15
12393.767
12098.684
12168.233
11736.75
11449.9
11906.684
11767.767
11851.083
11055.233
11603.884
11898.033
11758.75
11465.7
11812.417
12006.967
11633.217
11768.366
11601.417
11843.566
11495.417
11260.7
11225.217
11570.1
11495.35
11087.033
11362.35
11351.033
11493.15
11321.1
11363.884
11457.767
11313.616
11099.767
11305.75
11480.833
11379.417
11208.9
11575.017
11306.767
11381.15
11313.3
11126.816
11297.9
11262.616
11097.767
10999.217
11023.9
11128.483
10830.434
10710.95
11214.566
11203.95
10915.3
10933.217
11182.233
11206.017
10771.967
10831.884
11017.7
10826.55
10606.9
11016.217
10963.833
10778.417
11004.566
10746.483
10862.434
10750.55
10500.967
10121.017
10836.233
10484.884
10748.233
10527.017
10617.033
10457.616
10410.9
10232.017
10582.033
10445.35
10341.9
10077.483
10349.566
10417.95
10228.967
10187.616
10435.3
10414.417
9923.1
10084.017
10380.967
10337.017
9653.1
9829.217
10225.233
10193.083
10088.434
9753.083
10325.566
10209.483
10108.967
9874.75
10032.767
9844.616
9712.366
9875.217
10049.5
9854.95
9655.833
9732.816
10185.167
10153.616
9944.434
9641.283
9746.634
9884.083
9707.3
9549.35
9868.7
9756.483
9747.9
9424.283
9612.434
9723.816
9690.833
9475.417
9689.7
9505.083
9919.566
9222.417
9641.767
9554.483
9376.634
8936.35
9642.767
9608.75
9627.7
9311.283
9403.833
9241.017
9372.833
9476.75
9755.7
8969.616
9275.9
9057.684
9355.366
8768.55
8308.5
7727.15
7511.633
6706.817
5914.9
5320.083
4718.9
3990.083
3627.1
2951.617
3270.9
3182.483
2917.7
3096.417
4002.9
4176.55
4169.367
5143.283
5665.433
5931.55
6268.9
5584.883
6355.9
5955.083
5818.9
5465.883
5278.633
5353.15
5058.433
4829.35
5200.167
5263.483
5238.167
5022.083
5750.967
5546.617
5572.7
6178.55
6222.9
6462.15
6147.567
6630.683
6787.7
6764.817
6771.567
7009.417
7297.9
7305.217
6833.633
7090.35
7636.967
7672.217
7213.367
7734.217
7976.567
8101.417
8026.367
8039.883
8515.233
8470.817
7874.833
7990.884
8660.1
8780.283
8584.233
8306.816
8826.434
8641.816
8461.833
8430.75
8933.634
8716.95
7850.8330000000005
8731.684
8854.434
8965.616
8645.767
8416.417
8899.967
8827.417
8639.366
8540.95
8690.767
8800.217
8410.566
8213.217
9127.767
8742.816
8529.033
8545.75
8869.033
8767.283
8641.566
8586.816
8810.167
8765.217
8607.167
8551.816
8875.3
8826.217
8696.767
8598.95
8901.233
8832.283
8285.233
8488.283
8822.566
8707.684
8346.7
8308.417
8689.233
8570.95
8605.566
8347.483
8628.5
8744.483
8470.434
7994.75
8781.434
8651.884
8654.366
8486.884
8955.434
8714.684
8517.366
8279.483
8782.833
8572.217
8139.366
7974.4169999999995
8616.7
8557.35
8547.7
7973.549999999999
8670.566
8540.55
8399.033
8469.884
8656.566
8622.816
8425.434
8329.417
8871.167
8690.95
7844.967000000001
8167.683999999999
8789.434
8535.816
8530.633
8357.483
8741.033
8644.616
8176.033
7987.15
8556.633
8422.483
8373.567
8268.017
8599.567
8542.55
8395.7
7937.816000000001
8628.9
8569.083
8210.634
7908.483
8487.9
8613.817
8318.9
8229.95
8551.567
8197.483
8147.633
8267.75
8296.832999999999
8207.017
8073.833
7898.283
8466.367
8296.017
7917.833
7881.883
8320.367
8453.95
7764.3
7855.683
8297.433
8235.35
8288.832999999999
8030.95
8255.5
8154.017
8114.967
7793.683
8432.433
8192.683
7897.767
7862.217
8235.167000000001
8165.083
8007.233
7491.683
8127.567
8076.817
7967.167
7457.75
8214.7
8005.283
7539.033
7964.483
8038.5
7939.683
7524.5
7622.817
7780.633
7912.55
7671.167
7621.217
7925.767
7690.883
7688.367
7453.417
7768.7
7794.15
7343.767
7271.883
7763.7
7764.817
7448.833
7405.817
7451.5
7636.35
7187.767
7342.617
7412.367
7444.817
7260.367
7039.55
7599.767
7468.95
7099.367
6751.75
7330.367
7490.15
7275.9
6997.95
7332.967
7308.55
6617.233
7008.683
7429.633
7077.617
6952.633
6983.283
7230.367
7279.55
6889.7
6748.683
7136.5
7243.083
7106.1
6973.417
7295.633
7079.017
6820.033
6544.683
7166.633
7010.483
7218.833
6733.083
7199.767
7138.817
6632.233
6689.617
7164.7
7007.817
6799.233
6878.95
7142.567
7071.35
6658.5
6607.35
7201.1
6948.217
6798.033
6826.617
7091.367
6940.017
6501.7
6401.75
6772.033
6716.017
6219.033
6345.283
6844.967
6676.75
6828.167
6487.35
6832.767
6711.617
6900.033
6529.417
6748.767
6646.217
6303.767
6294.617
6749.433
6622.083
6174.833
5646.817
6589.5
6635.55
6187.033
6351.75
6594.7
6377.883
6227.633
6192.817
6541.9
6381.483
6201.1
5854.883
6425.033
6481.417
5753.7
5913.017
6468.433
6247.083
6008.833
5784.017
6385.167
6370.15
6279.967
5850.15
6435.167
6355.083
6287.633
6188.15
6381.7
6240.55
5021.767
5485.483
6257.9
6359.35
5952.367
5704.75
6225.3
6349.083
5699.7
5687.55
6091.767
6078.083
5609.367
5649.35
6136.633
6092.95
5457.433
5456.15
5990.5
5961.417
5680.033
5691.617
5937.433
5851.483
5442.1
5835.75
5930.5
5921.417
5417.233
5654.55
6031.567
5806.083
5356.033
5260.417
5840.967
5859.35
5713.367
5145.283
5948.033
5795.75
5127.367
5263.483
