254.28300000000002
50.533
-161.85
135.067
427.15
121.267
182.35
213.8
223.017
241.867
104.017
-178.333
188.417
196.0
-0.7830000000000013
-44.667
336.883
-18.400000000000006
42.35
347.133
403.55
174.2
453.283
135.933
254.35
183.667
204.817
-137.933
177.28300000000002
183.53300000000002
298.15
9.733000000000004
265.95
178.933
226.21699999999998
8.332999999999998
540.017
448.067
66.35
-75.467
225.28300000000002
104.0
-31.717
165.6
182.28300000000002
219.0
121.81700000000001
206.667
192.083
219.0
-63.583
22.667
586.75
262.2
-44.65
-279.8
409.217
427.0
8.216999999999999
20.6
346.217
415.33299999999997
355.683
207.667
398.817
359.467
128.683
305.0
373.95
371.4
304.08299999999997
-155.4
423.55
269.533
0.9500000000000028
62.533
355.95
167.46699999999998
125.017
50.6
278.35
479.533
177.683
49.132999999999996
213.28300000000002
318.0
12.283000000000001
-15.267000000000003
220.35
182.867
471.15
-19.267000000000003
165.617
191.2
325.41700000000003
-85.533
176.817
227.4
169.017
74.533
383.95
339.0
-247.983
7.733000000000004
378.35
284.867
197.083
184.4
440.617
262.6
-16.117000000000004
251.133
76.95
302.067
224.683
263.8
379.217
263.733
522.017
-249.86700000000002
301.683
347.067
75.017
338.0
361.283
432.133
232.95
79.4
322.35
229.733
-84.783
90.6
310.55
282.467
105.68299999999999
-12.732999999999997
390.75
418.2
35.617
-260.33299999999997
327.15
295.933
63.283
117.8
250.35
399.533
306.017
13.732999999999997
264.483
307.533
-302.317
-159.6
284.483
193.86700000000002
147.017
-22.333
315.55
243.46699999999998
28.35
201.133
384.683
279.733
226.683
-131.333
422.41700000000003
386.133
404.683
141.733
458.617
255.733
145.417
316.66700000000003
395.08299999999997
60.266999999999996
347.35
-187.667
112.817
210.333
-19.116999999999997
341.2
562.95
400.66700000000003
138.95
-103.0
471.017
138.733
430.283
1.732999999999997
370.08299999999997
340.533
286.283
363.33299999999997
503.483
330.2
397.95
286.267
309.95
204.0
358.75
-367.067
365.217
332.8
158.55
117.86699999999999
116.017
307.467
450.95
159.2
219.35
281.733
92.88300000000001
-222.0
256.817
368.2
430.817
173.4
364.15
287.067
31.817
-335.933
423.55
225.46699999999998
-82.85
-1.732999999999997
239.417
169.0
-1024.183
-114.933
97.88300000000001
240.933
218.15
-87.733
545.817
377.533
231.683
43.6
235.21699999999998
211.0
-127.517
409.467
500.283
252.6
-214.583
17.067
292.817
302.6
-134.583
332.0
352.483
243.133
365.55
312.067
302.41700000000003
387.133
215.817
154.933
347.41700000000003
230.4
384.15
7.933
378.283
412.533
316.08299999999997
-92.067
198.55
301.4
50.15
-299.66700000000003
352.217
323.4
237.483
-146.8
318.08299999999997
308.733
200.55
58.333
334.75
336.067
-175.517
185.0
315.35
59.132999999999996
-164.85
135.667
240.35
192.53300000000002
294.95
148.4
243.083
500.867
70.75
140.46699999999998
353.95
516.2
361.75
135.867
191.88299999999998
260.0
75.15
478.067
323.55
183.8
-167.983
76.533
185.417
264.66700000000003
234.817
-41.4
503.95
530.933
0.9500000000000028
262.067
329.883
312.2
193.817
75.86699999999999
300.817
352.8
48.55
97.8
254.55
290.267
149.017
258.33299999999997
427.883
398.533
361.75
59.667
504.883
128.86700000000002
336.883
-194.667
313.483
124.667
-146.25
234.733
273.55
144.267
468.683
328.267
306.283
199.13299999999998
560.617
18.467
309.41700000000003
215.6
-115.317
211.8
558.083
338.733
468.217
-119.533
353.883
280.66700000000003
292.217
103.667
240.483
419.0
-155.38299999999998
119.467
499.017
216.667
34.81699999999999
60.599999999999994
239.55
241.067
402.55
77.333
543.817
444.467
592.617
329.467
571.817
379.533
92.017
185.53300000000002
218.417
426.267
589.55
18.400000000000006
524.883
413.2
351.08299999999997
505.2
429.883
330.067
169.817
454.0
291.883
564.533
-87.183
76.067
358.08299999999997
329.33299999999997
348.283
181.4
668.75
350.0
505.283
332.933
477.41700000000003
427.267
454.217
81.6
778.283
259.267
359.017
300.8
635.617
313.267
468.41700000000003
353.0
342.283
578.333
480.217
362.2
314.88300000000004
574.733
349.217
179.733
675.15
466.933
360.41700000000003
287.8
279.483
373.933
483.283
353.267
579.483
472.86699999999996
242.883
176.2
320.15
419.66700000000003
301.75
189.8
545.083
124.733
399.55
139.733
348.35
244.533
397.683
498.067
369.683
124.19999999999999
433.75
626.4
110.81700000000001
534.267
378.15
427.13300000000004
444.817
401.13300000000004
239.017
576.267
761.083
251.0
270.017
848.133
489.817
686.733
65.81700000000001
239.53300000000002
678.817
504.333
594.817
651.733
187.35000000000002
140.66699999999997
260.817
224.86700000000002
775.283
582.6669999999999
65.68299999999999
550.933
421.883
662.933
684.017
517.467
427.617
782.4
53.94999999999999
335.467
445.083
584.2
888.0830000000001
807.933
729.617
646.267
425.217
529.8
564.15
479.533
113.75
349.067
701.817
537.733
785.95
347.133
836.817
722.6
826.15
646.4
798.283
712.067
307.15
757.133
629.617
535.933
473.01700000000005
608.6
611.4169999999999
721.067
623.15
378.4
722.15
476.20000000000005
431.95000000000005
304.13300000000004
772.483
638.867
590.283
640.6
754.017
521.333
528.95
438.067
718.35
760.2
661.55
419.067
909.0830000000001
648.467
684.817
650.733
779.95
655.867
144.48299999999995
561.267
627.617
668.6
679.283
871.2
984.217
786.533
792.817
773.467
896.217
952.2
770.683
816.933
811.55
768.867
953.617
808.267
1197.017
696.267
298.08299999999997
576.933
787.75
1049.667
767.817
850.8
1206.75
993.067
902.15
810.533
1018.95
1062.667
1091.817
821.467
1180.817
869.867
783.75
737.8
823.55
787.733
1094.55
478.6
853.683
938.6
1132.817
704.667
1011.417
879.067
1092.883
912.533
1014.75
1083.2
1048.817
964.933
1242.35
797.6
1321.483
1060.2
1112.15
1056.467
944.683
1156.6
1392.483
780.933
874.217
1138.8
1369.817
1097.733
1212.217
963.667
1036.017
932.2
1029.75
1101.8
1019.683
1289.6
1526.083
766.067
1332.95
1303.733
1192.15
1140.467
1221.95
1085.933
1041.483
1344.933
1295.017
1095.933
931.75
1045.067
1016.017
964.267
1308.417
1153.133
1254.217
1430.067
1185.017
1307.733
1528.55
1217.2
1540.683
1359.133
1700.817
1426.6
1295.35
1518.733
1527.617
1453.067
1269.15
1432.667
1279.35
1360.8
1238.95
1452.8
1462.683
1297.133
1031.083
1319.333
1266.683
1276.0
1089.617
1030.8
1298.35
1075.733
1059.95
802.933
1458.217
1020.667
1309.683
1257.4
1372.217
1733.4
1442.75
1636.867
1432.35
1587.467
1740.683
1378.2
1621.75
1606.6
1413.883
1341.133
1642.417
1461.467
1726.217
1318.2
1565.483
1582.733
1549.15
1665.667
1596.283
1573.733
1713.617
1627.6
1724.217
1731.667
1626.683
1397.267
1710.217
1710.2
1536.35
1757.133
1855.017
1716.933
1650.617
1357.0
1860.75
1684.533
1919.883
2127.533
2136.75
2419.467
2385.75
2224.333
2173.283
2097.267
2232.55
1838.867
2385.683
2103.0
2257.883
2162.4
2443.483
1956.667
2125.017
2279.6
2208.417
2249.733
2026.217
1709.733
2267.017
2321.133
2190.683
2278.4
2420.017
2348.333
2233.217
2037.1999999999998
2436.283
2425.4
1945.817
2214.267
2202.017
2356.733
2157.683
2312.4
2517.683
2313.0
2240.417
1760.467
2100.417
2206.4
2300.883
1962.8
2354.017
2059.067
2167.883
2031.533
2049.883
1969.8
1887.417
1982.333
1962.55
2048.067
1859.617
1997.667
1798.95
1947.133
1986.883
1996.467
2250.417
2344.8
2395.883
2547.0
2376.083
2521.0
2139.417
2593.067
2336.95
2291.533
2779.55
2366.133
3028.683
2963.867
2806.95
2907.867
3494.617
2979.4
3161.417
2654.333
2907.883
2857.0
2625.617
2456.867
2549.75
2457.267
2236.283
2332.733
2784.55
2348.4
2581.817
2520.867
2950.55
2875.8
3086.55
2871.733
2815.483
2668.6
2473.15
2392.6
2600.683
2251.4
2179.95
2109.2
2217.75
2190.467
1643.483
2023.267
2040.95
1719.533
1400.15
2122.333
2075.883
2117.467
2317.417
1919.7330000000002
2678.683
2773.0
2844.283
2669.2
2766.817
2614.4
2326.417
2491.667
2455.35
2621.4
2554.617
2350.733
2879.283
2578.8
2700.283
2598.867
2787.017
2725.267
2679.95
2130.333
2705.35
2557.933
2743.283
2723.467
2592.217
2671.4
2609.95
2552.8
3136.483
3100.6
3041.817
3181.0
3336.483
3402.133
3438.883
3260.467
3577.817
3288.867
3625.217
3174.467
3608.483
3910.4
3281.817
3517.867
3698.883
3520.133
3576.083
2971.733
3014.417
2566.4
2528.617
1820.1329999999998
1883.817
1510.8
1427.683
1404.533
1877.15
2046.8
2237.083
2561.267
2729.817
2743.467
2960.817
3271.933
3490.817
3707.667
3588.217
3579.133
3808.217
3326.8
3285.75
3209.0
2962.217
2403.467
2304.017
2120.133
2100.417
2384.467
2414.483
2763.333
3337.017
3380.133
3497.35
4066.333
4296.217000000001
4221.667
4514.15
4227.133
4843.217
4826.2
5280.683
4882.2
4853.217
5209.667
4975.817
5031.133
5199.483
4994.267
5205.483
5055.467
5630.55
5388.733
5542.483
5239.0
5704.817
5524.0
5389.617
5321.333
5860.75
5679.6
5640.35
5471.667
5612.617
5244.267
5345.017
5488.667
5575.55
5914.867
5711.483
5737.4
5776.15
5587.0
5331.817
5123.733
5388.15
5570.667
5781.15
5630.0
5552.083
5569.533
5613.283
5423.933
5528.883
5468.933
5334.483
5333.933
5807.683
5598.267
5654.283
5422.933
5592.15
5746.667
5589.483
5947.533
5944.35
5947.067
5964.35
6041.8
6071.083
6374.333
6528.017
6360.0
6283.55
6302.2
5859.417
5435.667
5678.95
5646.4
5656.083
5530.933
5679.617
5913.8
5914.55
6346.6
6307.217
6748.133
6665.95
6707.333
6711.483
7011.467
6451.55
6561.2
7020.283
6539.733
6635.483
6779.4
6804.083
6673.133
7163.683
6584.4
6953.817
6886.6
6798.883
6561.8
6855.417
6724.333
6817.483
6316.667
6812.083
6724.467
6587.417
6260.533
6746.817
6935.6
7101.817
6727.733
7016.55
7053.867
6942.683
6955.733
6910.75
6141.467
6617.35
6607.8
6753.017
6264.133
6800.283
6552.133
6777.683
6547.867
6480.35
6734.733
6852.217
6801.733
6842.55
6639.267
6517.217
6476.333
5992.417
6216.133
6866.683
6497.067
6642.15
6842.133
7169.75
7154.267
7422.15
7038.667
7240.017
7273.933
7272.217
6928.333
6958.15
6448.867
6664.083
6040.133
6639.483
6742.933
6462.95
6412.333
7071.217
7022.933
6613.083
6656.533
7236.55
7381.4
7208.883
7016.333
7118.95
7163.6
7064.283
6972.467
7135.75
7056.733
7252.55
7455.467
7138.617
7347.333
7593.417
6851.933
7130.283
7029.6
6655.683
7006.6
6390.35
6673.133
6547.483
7293.733
7334.75
7172.733
7100.55
6773.333
7138.683
6977.533
7399.75
7042.467
6866.683
6458.333
6479.217
6260.8
5985.217
5892.4
5549.683
5515.133
5492.817
5478.667
5812.083
6082.467
6770.817
7102.2
7782.617
7855.4
8601.816
7911.867
7656.617
7927.8
7865.217
7819.467
8389.483
8360.6
8576.55
8402.933
8444.417000000001
7799.8
7624.883
7388.267
7663.417
7469.067
8482.483
7941.933
8511.883
8465.866
8736.95
8722.934
8439.15
9074.733
9089.35
9528.6
9470.55
9520.134
9693.483
9970.0
9217.884
9420.066
9023.75
9134.533
9147.35
9403.8
9158.483
8971.4
8606.616
8524.8
8795.75
8578.934
7831.55
8529.934
8397.082999999999
8866.8
9091.35
9101.8
9798.55
9475.4
9287.283
9462.533
9506.283
9318.066
9241.55
9236.934
9741.217
10002.4
10062.816
9706.0
9878.95
11031.467
10201.884
10156.467
10372.083
9860.934
10292.816
10249.667
10807.017
10442.6
9961.616
10279.467
10447.217
10331.866
9944.283
9823.667
10739.217
11063.8
10694.55
10334.667
10617.217
10370.134
10251.417
9563.2
10422.816
10358.4
10011.684
9518.533
9980.75
10229.4
10151.483
9831.4
10649.417
10651.934
10347.684
10714.134
10853.884
11340.267
10901.884
10725.2
11249.55
10835.6
11023.017
10418.2
10765.55
11320.0
10835.616
11027.934
11025.95
10769.866
10943.15
11185.733
11709.417
11403.134
11428.75
11505.8
11494.75
11758.4
12120.616
11799.733
11811.55
11455.667
11482.684
11085.066
11507.684
11147.533
11521.684
10898.467
10707.75
10884.8
10797.483
10546.4
11131.417
10676.934
10723.684
10747.333
10821.616
10840.0
10670.217
11195.2
11642.017
11846.467
11215.55
11147.733
11337.483
10875.866
11452.816
11106.134
11665.15
11658.6
11893.75
11856.467
12069.417
12221.866
11840.083
11351.934
12655.083
12248.533
12139.15
12263.467
12544.017
11682.467
12124.95
11554.066
12411.35
12229.2
11720.483
12006.134
12466.816
12171.467
12352.816
12926.4
12583.283
12107.667
12026.55
11831.066
11800.884
12115.8
12520.55
12657.0
13097.15
13159.866
13448.684
13113.934
13170.017
13443.333
13219.884
13130.6
13302.884
13337.6
13545.684
13268.066
13860.884
13705.267
13821.616
14120.934
14053.35
13994.0
13569.616
13757.134
13993.15
13617.134
13469.75
13441.6
13921.884
13725.8
14469.483
13873.467
13656.884
14004.066
14080.283
14593.866
14639.95
14708.333
14208.217
14498.934
14175.417
14316.533
14087.55
14260.533
14622.35
15875.6
14800.083
15333.066
15585.017
15647.2
15100.75
16262.8
15854.684
16152.6
16560.75
17090.801
16196.15
16675.6
16236.017
16491.2
17719.684
16600.066
16663.617
16022.2
16089.816
16120.667
16708.684
16548.267
16893.15
17502.268
16999.482
17622.4
18132.35
18579.334
18639.482
18751.867
19388.018
19883.867
19374.75
18406.268
19039.684
19171.467
18676.883
18971.4
19527.217
19518.467
19332.283
19803.732
20245.217
19644.268
20842.816
21234.066
20998.816
20506.6
21414.018
21302.467
21247.217
21047.732
21344.15
21358.867
21222.018
21326.934
20932.217
21184.0
21918.949
22423.0
22778.75
22941.867
24087.75
24260.4
23785.217
24395.334
24412.816
24127.934
24180.15
23348.867
24226.084
23630.268
23446.684
24771.6
25290.416
25508.334
25623.018
25705.801
26333.816
25635.4
25840.018
25367.801
25644.551
25807.066
25332.217
25942.666
26626.883
26827.934
26995.217
27136.666
27485.084
27436.467
27052.482
27268.666
27193.816
27309.6
26679.283
27152.467
27318.018
27398.801
27725.084
27259.334
27315.35
27472.334
27504.15
27451.133
27661.084
27926.6
27592.416
27731.934
27971.617
27860.533
26961.018
26563.066
25244.816
24247.934
23450.283
23204.4
23165.482
23538.533
23428.617
24592.0
25805.883
26185.0
26750.684
26775.066
27038.75
27751.199
28600.084
28204.666
28837.816
28840.666
28625.018
27932.133
27777.949
27992.066
28475.816
28629.4
28997.217
29543.4
30197.018
30604.133
30768.551
30827.268
30102.883
30115.268
29739.084
29972.133
30056.283
29935.4
30090.018
29511.0
29139.949
28962.268
28586.482
28589.4
28938.684
28634.666
29865.084
30017.732
30252.883
30810.732
31072.684
30320.801
30585.084
30164.268
30256.283
30483.467
30792.482
31162.732
31971.283
31818.533
32368.684
31929.801
32017.084
31594.533
31021.482
31188.334
31132.816
31306.133
31079.217
31300.867
31799.084
32014.732
31553.75
31699.199
32639.482
32092.268
32486.551
31752.666
32400.482
31958.133
31225.15
30793.732
30502.35
30404.6
30677.416
30878.268
31233.949
32215.732
31834.482
32629.066
32139.75
32187.732
32050.217
31650.934
31447.75
31088.666
30410.617
30597.934
30656.084
30474.934
30713.35
30613.0
30383.949
30505.199
30393.217
30446.533
30894.684
31294.533
31215.949
31562.268
32225.15
32310.6
32174.283
32512.6
32257.15
32166.4
31520.684
31119.801
30762.883
31054.268
31455.15
31229.4
32037.416
32242.934
32786.084
33021.934
32968.617
32925.398
33565.215
33849.801
34297.352
34353.066
34101.352
33962.801
33769.617
33794.734
33163.883
33025.199
33115.551
33095.734
32819.684
32769.4
32019.482
32598.934
32219.283
32615.199
32531.816
33314.602
33726.484
34272.535
34525.285
34819.0
34021.082
34137.602
33690.352
33806.734
34070.883
33815.934
33895.082
33515.332
33808.285
34099.0
34146.215
34270.398
34319.352
34777.465
35174.883
35878.0
35168.949
35061.535
34492.484
34530.465
33877.75
33953.867
33864.684
33567.801
34152.082
34303.867
32502.148
33750.535
33654.75
33370.535
33600.949
33319.398
33256.016
33415.133
33942.484
34211.066
34237.617
34183.133
34291.75
34907.668
34975.883
35262.535
35015.082
34604.398
33444.75
32108.801
31514.816
30263.867
28936.084
28486.334
29133.949
29889.533
31881.949
32401.199
31865.217
31951.334
32181.617
31606.199
32055.883
31584.268
31171.283
31921.801
32927.816
33723.398
33661.617
33997.801
34192.352
34555.332
35279.082
34840.266
34803.352
34848.934
34051.016
34564.199
34976.148
35076.266
34783.215
35601.734
35897.816
35892.465
35911.215
35316.066
35288.617
34952.867
35241.684
35009.398
34370.285
34187.266
33739.352
34581.867
35238.148
35837.066
35569.949
36203.199
36978.75
37246.602
36728.484
36402.465
36762.684
36199.602
36092.418
35496.535
36177.816
36624.398
36101.949
35942.332
35698.082
34770.668
34206.082
32845.535
31941.416
31529.934
31683.816
32000.6
32440.75
33383.0
33555.883
34719.465
34973.418
35071.0
35544.215
35711.0
36187.016
36317.398
36396.215
36758.398
37532.816
36966.066
36673.617
35956.535
35881.484
35748.668
35594.949
35619.199
35689.816
36231.332
37196.551
37122.867
37170.883
37240.602
37131.484
36818.133
36866.75
36920.934
35890.148
35419.867
35044.418
34636.332
33890.617
33423.602
33833.418
34039.199
34452.418
34759.867
35413.816
35408.867
35154.285
35083.734
35356.684
35049.867
34649.352
34814.602
35208.418
35651.668
35786.75
35799.066
36214.016
36730.199
36640.617
36763.801
36471.016
36356.332
35883.148
35189.332
35022.816
34209.332
33345.816
34494.398
34332.883
34589.535
34821.016
35340.867
35406.617
35745.0
35299.816
35322.668
35719.684
35278.867
35180.215
34998.133
34919.949
34707.199
34056.484
33713.332
33866.352
33898.867
33456.816
32847.332
33126.883
33031.0
32769.551
32747.4
33042.75
33242.867
33357.484
33835.066
33947.484
34320.934
34105.816
33956.734
34409.617
34312.602
33293.082
33985.668
33657.551
33709.332
33861.551
33269.801
33463.215
34194.199
34293.016
34573.801
34527.352
34639.602
34647.418
34331.734
34782.551
34351.0
33862.418
33815.934
34096.016
34514.734
34641.285
33962.332
34150.285
34051.398
33631.949
33836.934
34048.883
33908.734
33760.551
33882.266
33723.75
33952.266
33403.883
33202.934
33217.217000000004
33123.199
33319.883
32870.465
33752.148
33902.0
34299.016
33690.934
33935.684
33935.465
34200.285
34042.133
33825.551
34037.867
33998.352
33799.133
33885.016
33908.734
33538.148
33165.066
33519.883
33679.602
33795.617
33721.734
33884.551
33863.668
33743.082
34090.934
34228.617
34472.867
33704.215
33297.398
33581.816
33102.465
33134.484
32891.133
33403.285
33852.0
33675.816
33543.0
33871.484
33814.668
34071.949
33852.332
34041.418
34280.801
34126.285
34058.668
34243.484
34271.934
34185.684
34082.934
33504.551
33694.668
32876.016
33145.066
33258.418
33254.133
32965.084
33072.133
33025.15
32923.268
32947.418
33282.066
32972.816
33466.801
33256.215
33280.066
32871.018
32470.066
32141.617
32337.666
32036.217
32002.533
31623.75
32234.467
32353.15
32444.334
32304.949
31916.199
32853.416
33065.602
33323.418
33335.867
33873.949
34021.332
33408.883
33290.398
33126.35
33157.334
32346.816
32539.666
32705.35
32709.199
32974.75
32913.668
33371.816
33248.801
33341.418
33131.133
33400.418
33124.465
32872.617
32354.602
33037.084
33072.133
32281.35
33069.133
32791.282999999996
33117.133
33228.816
32817.398
33073.217000000004
32705.334
31961.949
31563.066
32107.283
31826.801
31511.883
31971.133
31984.551
32875.867
32582.35
33108.535
33330.352
33033.465
32947.082
33213.535
33564.617
33099.066
32626.816
32391.066
32375.15
31902.334
31710.617
31564.268
32173.084
32165.268
32143.684
32058.268
32682.018
32685.6
32403.35
32127.0
32180.018
31830.533
31319.75
30893.467
31109.482
31049.4
30716.816
30979.934
31277.283
31812.533
31877.482
31911.0
32240.283
32387.867
32691.816
32549.334
32747.551
32615.867
32370.018
32910.0
32366.084
32820.934
32488.482
32084.533
32631.283
32513.133
32686.482
32287.467
32218.816
32120.467
32199.551
31631.801
31860.883
31582.199
31481.551
31698.533
31459.816
31234.0
31228.75
31075.0
31847.217
32061.666
31328.551
31452.0
32003.416
31887.867
31845.684
32260.0
31881.084
31586.133
31526.883
30875.666
31270.283
30621.4
30781.551
30705.133
30676.018
31192.4
30970.482
31252.732
31217.883
31141.934
31457.35
31408.268
31709.416
31613.0
31248.617
31258.6
31483.684
31577.732
30867.15
31208.4
31409.883
31401.867
30853.15
31252.334
31891.816
31518.334
31317.283
32051.066
32144.416
32012.0
31748.949
31381.199
31952.15
31497.066
31696.217
31611.0
31445.551
31553.467
31470.949
31294.867
31618.482
31353.6
30775.018
30921.066
31248.816
31079.6
30549.35
30566.934
30350.949
30195.199
30033.283
29621.666
30227.018
30237.199
29885.551
30684.268
30600.084
30772.133
30681.883
30425.0
30822.482
30586.133
30228.217
29727.666
30112.949
30120.199
29375.018
28591.467
27967.416
27335.199
26846.482
26308.467
26017.949
25509.934
25076.084
25957.732
26412.217
26475.199
26987.018
27613.4
28668.416
28493.6
28861.883
28781.732
28808.75
28959.467
28517.883
28266.334
28424.217
28400.6
27970.018
27964.867
28154.217
28380.467
28346.018
28159.934
28623.084
28441.268
28600.949
28444.4
28850.217
28712.066
28263.949
28706.533
28525.283
28170.334
27715.75
27375.0
27540.883
27548.0
27598.883
27856.867
27728.816
28177.732
28234.416
28106.732
28371.217
28792.801
28489.75
28191.666
28520.816
28583.4
28561.482
28588.133
28542.35
28088.801
28002.084
27988.199
28239.217
28136.066
27482.883
27840.6
27887.35
28115.0
27994.084
27830.467
27893.949
28030.199
28309.617
27899.268
28123.217
28356.066
27865.949
28163.666
28152.75
28102.666
27657.551
27792.934
27715.15
27790.0
27877.15
27784.4
27729.949
27668.334
27177.883
27486.533
27343.883
27614.0
27148.684
27475.0
28038.482
27693.6
28010.018
28011.6
27886.15
28294.268
28039.816
28165.934
28188.816
28066.666
28288.018
28074.0
28248.75
27981.334
28286.883
27963.867
28460.217
27861.0
28010.018
27713.066
27974.551
28129.133
27740.217
27550.0
27711.084
27672.467
27698.018
27737.066
27845.15
27889.934
27843.018
27749.334
27767.217
27439.268
27132.617
27036.867
27226.75
26853.199
26538.416
26630.732
27053.883
27036.199
26538.684
26591.0
26995.217
26814.066
26448.35
26315.867
26586.416
26443.268
26084.018
25621.199
25964.75
26078.666
26072.283
26315.268
26200.684
26224.268
25698.018
25916.6
25616.482
25572.6
24846.084
24758.199
24802.949
24456.199
24485.283
23849.066
24200.15
23923.867
23472.018
22818.6
22703.482
22870.533
22774.35
22222.334
22485.35
22361.666
22562.75
22659.268
23215.75
23501.199
24124.018
24748.334
24869.75
25003.533
25043.617
25278.666
25121.15
24754.801
24813.018
24661.934
24926.617
24656.133
24946.949
25028.066
25288.018
25217.066
25401.15
25303.533
25736.883
25581.934
25321.75
25617.934
25913.551
25648.867
25470.283
25254.801
25559.617
25477.199
25230.35
25245.6
25314.617
25349.133
25671.217
24904.199
25429.35
25453.867
25497.084
25265.199
25583.084
25334.6
25036.551
24978.732
25145.084
25353.801
24736.35
24625.732
24804.816
24579.533
24519.949
24683.533
24819.551
24575.934
24434.15
24218.4
24234.416
24217.934
24326.816
24275.732
24287.15
24221.934
24223.949
24110.066
24061.75
24057.6
23884.551
23364.801
23769.283
23365.066
23449.482
23458.867
23586.35
23345.066
23503.482
23362.801
23473.482
23760.867
23531.684
23843.133
23665.482
23846.334
23661.217
23083.199
23195.283
22909.666
22735.217
22924.666
22813.75
22780.6
22784.949
22745.334
23215.816
23644.0
23263.75
23716.6
23843.15
23575.4
23736.684
23416.6
23748.416
23828.199
23990.949
24140.268
24255.482
24528.066
24394.15
24760.467
25114.684
25337.467
24760.283
24683.0
25015.084
25491.801
25271.883
25710.732
25891.15
26256.732
26080.75
26194.801
26183.949
25985.533
25355.883
24526.066
24021.416
23740.934
23541.15
23311.467
23166.684
23150.533
23056.816
22952.268
23147.816
23056.268
23101.482
23010.533
23382.883
23187.334
23064.482
22739.066
22857.217
22999.0
22601.684
22887.133
22791.283
22948.934
22968.217
23006.666
23102.75
23294.066
22992.35
23064.199
23452.551
23237.533
22809.75
23037.6
23457.617
23257.4
22848.416
23167.666
23409.15
22878.334
23277.949
22646.199
23022.283
22695.6
22509.684
22651.867
22529.416
22583.066
22353.949
21887.133
22560.084
22627.732
22341.217
22308.0
22546.018
22304.732
22673.217
22117.133
22299.684
22392.6
22491.35
22509.268
22664.551
22398.133
22466.35
22561.133
22856.684
22444.732
22066.416
22068.334
22368.75
22449.133
22157.416
22294.867
22234.416
22399.934
22139.816
22167.0
22180.617
22148.4
21758.75
21517.066
22080.883
21850.467
21348.816
21331.0
21694.551
21302.133
21262.084
21335.133
21559.883
21213.199
20204.684
20875.666
21300.35
20816.934
20820.217
20391.0
20655.15
20710.199
20992.75
21003.732
20942.15
20695.133
20733.816
20719.533
20351.816
20228.533
19750.15
20069.732
19729.35
20150.133
19723.416
19852.0
21096.482
20904.066
20847.416
21374.199
21181.018
21199.334
20651.416
20401.133
20139.949
20173.666
19882.283
19985.732
20092.75
20287.6
19959.416
20307.133
20994.684
20537.133
20064.617
20403.268
20652.018
20695.533
20395.018
20482.867
20654.416
20299.4
20055.482
19676.066
20068.949
19674.199
19546.482
19118.732
19217.018
19295.533
18693.283
18281.801
18275.283
17096.666
16476.75
15778.8
15986.55
15979.4
16073.483
16268.333
16931.551
17636.6
18062.084
18078.066
18260.416
18871.334
19295.949
19208.4
18943.551
19392.066
19286.883
19371.934
19400.217
19047.666
18757.816
18617.268
19125.949
19020.934
18571.018
19238.0
19178.416
19343.199
19425.084
19303.6
19454.15
19428.4
19176.617
19312.133
19400.217
19555.268
19107.283
19166.467
19517.15
19644.867
19536.018
19591.467
19732.283
19745.732
19591.482
19086.0
19592.15
19521.199
19250.018
19017.533
19299.084
19415.268
19217.15
18813.666
19084.482
19380.801
18755.816
19403.934
19549.684
19457.268
19876.617
19621.467
19694.416
19657.6
19447.949
19590.6
19553.883
19504.867
19181.482
19274.133
19341.75
19364.0
19254.217
19369.867
19548.551
19577.133
19259.283
19013.533
19367.883
19257.867
19428.482
19014.801
19555.551
19348.066
19512.816
19521.666
19615.084
19571.934
19113.15
18859.732
19399.883
19264.334
19477.35
19032.6
18995.482
19084.6
18966.617
19304.533
19110.617
19075.533
18534.217
18585.801
18719.883
18928.268
18082.75
18403.066
18636.018
18637.199
18403.283
18264.133
18702.617
18645.133
18366.018
18526.4
18604.684
18820.6
18148.949
18338.066
18793.684
18823.867
18487.551
18370.4
18483.551
18693.666
18335.15
18306.867
18478.75
18370.467
17858.551
18183.133
18175.084
18022.801
17972.15
18072.133
17813.35
18520.0
17947.018
17835.334
17949.883
18002.467
17878.551
17353.066
17875.949
17913.666
17614.416
17316.666
17807.75
17724.6
17588.75
17097.4
17641.084
17647.467
17558.949
17597.732
17254.15
17575.467
17425.018
16990.066
17270.949
17115.334
17138.617
16688.867
17073.684
16953.6
16425.883
16061.533
16827.684
16663.667
16463.417
16353.2
16638.75
16479.2
16146.417
16136.134
16754.483
16416.134
16260.483
16114.533
16606.15
16213.934
15993.283
15930.267
16547.816
16347.866
16090.75
16067.866
16224.55
15939.733
15586.35
15274.733
15784.55
15847.667
15744.55
16029.8
16170.75
16050.467
15468.55
16065.267
15889.083
15786.934
15774.083
15671.866
15587.884
15736.667
15246.283
15121.2
14428.217
13645.6
12827.15
12028.8
11537.15
11358.934
11276.15
11283.733
12275.684
12845.4
13088.417
13546.4
13888.95
13926.467
14035.816
13942.2
14022.884
13463.8
13460.35
12758.6
13790.75
13746.467
13522.616
13478.866
13890.417
14123.4
14289.017
13957.2
14377.75
14667.733
14314.616
14341.533
14748.684
14735.134
14755.417
14904.866
14982.083
14932.667
14675.884
14261.866
15104.083
14784.533
14667.017
14207.667
14861.017
14912.267
14672.884
14826.934
14803.15
14300.6
14434.616
14098.066
14703.816
14575.866
14456.483
14414.066
14549.816
14814.934
14442.417
14962.667
14890.017
14952.934
14951.217
14547.333
15279.083
15276.333
14901.083
15146.533
15885.283
15698.533
15487.15
16070.267
16270.95
15982.134
15696.217
15866.134
15517.017
15678.333
15154.483
15285.134
15508.884
15365.733
15252.15
15665.866
15237.616
15289.667
14668.283
14511.8
15380.55
15252.066
15140.816
15300.533
15131.95
15182.667
15276.684
14997.0
15041.017
14998.6
14953.95
14924.333
15134.75
14862.866
14926.684
14798.0
15215.017
14955.2
15055.75
14930.733
15357.217
14933.934
15029.283
14955.533
15284.417
15535.934
15615.15
15525.467
15473.283
15383.934
15225.616
15454.134
15569.55
15654.066
15615.884
15309.134
15935.217
15787.6
15697.217
15190.0
15718.55
15584.667
15375.417
15342.533
15459.75
15612.866
15738.417
15651.134
15776.816
15525.134
15622.684
15841.066
15580.35
15694.467
15583.35
15377.934
15519.417
15619.533
15385.95
15345.8
15494.616
15749.066
14858.15
15594.267
15668.75
15586.0
14899.55
15269.066
15572.083
15674.267
15553.15
15560.467
15557.417
15663.267
15347.483
15264.4
15650.55
15402.2
15479.15
15217.267
15454.75
15489.934
15174.95
15131.267
15460.017
15090.667
15063.283
14917.866
15269.15
15085.866
14780.884
15090.4
15047.816
14828.333
14956.884
15053.6
14895.616
14874.467
14654.35
14679.066
14948.684
14659.2
14724.083
14399.2
14463.283
14515.667
14361.684
14457.866
14302.483
14151.733
14103.083
14067.0
14294.884
14257.6
14135.884
13187.8
13364.483
13153.134
12806.283
12065.6
11812.483
11701.934
11258.75
10579.0
11123.483
10995.8
10278.55
10727.134
10715.483
10350.333
10541.75
10106.467
10260.95
10092.533
9748.95
9849.0
10086.217
9982.134
10156.083
8822.2
9597.95
9698.333
9245.217
9597.533
9925.684
10060.0
9973.15
10526.8
10878.417
11019.267
11295.217
11732.6
11762.15
11681.866
11812.417
11592.467
11563.35
11770.2
11755.417
11191.134
11602.95
11343.667
10917.884
10206.267
10495.217
10286.866
9871.15
9764.733
9600.816
9706.934
9596.083
9477.134
9889.483
9890.0
9708.616
9672.4
9787.884
9642.267
9547.083
9480.733
9889.15
9692.267
9376.217
9830.733
10183.083
10028.8
9762.217
9962.934
9964.15
10024.267
9992.95
9815.533
9838.616
9511.934
8928.15
9447.467
9376.083
9587.533
9786.684
9439.733
10017.017
9894.866
9172.283
9440.866
9558.15
9366.467
9379.816
9633.533
9804.283
9760.533
9933.55
9893.934
10026.283
9888.066
9809.616
9494.467
9711.55
9872.6
9598.483
9649.8
9839.684
9791.934
9589.017
10104.8
10255.816
10432.066
10048.55
10349.667
10609.616
10619.533
10819.816
10107.533
10601.083
10468.733
10696.816
10314.267
11021.15
10814.8
10959.55
10629.134
11191.483
11130.066
10745.483
10540.733
10766.816
10526.333
10446.884
10706.6
10635.083
10517.8
10173.417
10169.2
10401.083
10553.333
10380.083
10560.934
10481.55
10336.8
10151.217
10402.4
10543.217
10439.134
10752.35
10188.4
10534.35
10793.667
10736.35
10453.733
10512.684
10094.134
9798.483
10286.667
10199.816
10300.2
9480.217
10014.4
10317.884
10179.333
9937.816
10276.733
10522.417
10142.134
10314.95
10150.333
10446.35
10099.733
9845.75
9813.866
10163.816
10120.467
9699.417
9994.6
9982.55
10125.2
9967.217
10021.2
10089.684
9959.333
9783.35
9982.533
10130.684
10065.6
9909.217
10266.2
9999.616
10112.866
10030.684
9835.733
10010.684
10019.733
9823.483
9714.6
9810.816
9870.533
9582.217
9467.333
9967.417
9976.533
9661.483
9697.134
9950.15
9945.267
9523.417
9605.6
9844.616
9599.934
9428.616
9780.8
9776.217
9576.134
9797.15
9553.6
9629.083
9600.066
9319.083
8966.533
9650.217
9303.066
9522.75
9359.134
9460.684
9289.066
9236.017
9071.733
9444.75
9318.467
9218.083
8968.333
9245.017
9269.467
9086.283
9059.0
9325.95
9293.066
8799.884
8977.866
9257.684
9238.4
8553.083
8715.467
9140.417
9102.467
8987.083
8670.333
9215.616
9100.934
9020.35
8793.533
8952.95
8771.8
8650.483
8823.134
8954.217
8769.866
8619.95
8651.934
9092.217
9070.8
8862.35
8589.467
8695.95
8842.934
8655.283
8487.934
8808.684
8716.0
8736.816
8391.733
8577.217
8692.6
8631.75
8477.934
8669.017
8457.134
8859.616
8190.6
8641.75
8570.267
8330.884
7926.933999999999
8640.083
8582.066
8598.083
8305.134
8400.616
8230.2
8367.417
8470.933
8762.017
7985.8
8250.283
8035.533
8293.817
7702.667
7228.483
6548.733
6278.483
5416.067
4582.15
3976.333
3327.283
2578.867
2207.417
1564.333
1859.483
1770.333
1464.55
1641.467
2499.15
2676.2
2667.283
3674.133
4208.95
4481.2
4810.483
4164.333
4904.617
4498.333
4315.75
3944.333
3706.083
3770.4
3484.883
3247.667
3651.55
3719.4
3700.217
3489.2
4222.617
4025.867
4063.2830000000004
4708.467
4741.417
4984.133
4694.483
5183.067
5383.283
5383.867
5403.15
5700.267
5980.217
6063.667
5613.55
5912.867
6460.95
6502.533
6089.75
6599.467
6875.017
7013.533
6922.883
6942.733
7419.15
7396.8
6827.617
6947.0
7643.35
7730.267
7573.95
7312.4
7814.35
7660.4
7469.883
7446.267
7959.417
7767.667
6892.75
7768.733
7921.217
8030.4
7689.35
7458.267
7959.417
7874.133
7707.217
7618.933
7753.15
7883.6
7469.283
7320.467
8240.683
7822.933
7626.883
7651.6
7971.417
7874.2
7740.217
7692.067
7912.55
7856.4
7698.75
7682.067
7991.417
7939.533
7793.483
7689.467
8030.95
7927.133
7395.483
7584.933
7913.017
7816.267
7476.75
7427.6
7813.55
7699.8
7733.817
7487.867
7764.15
7892.267
7577.483
7110.8
7901.55
7796.067
7791.95
7627.133
8078.617
7838.8
7653.883
7423.0
7916.683
7710.2
7271.95
7161.267
7780.017
7732.533
7700.217
7118.133
7813.017
7671.267
7547.217
7620.8
7790.417
7750.2
7571.483
7512.467
8006.617
7815.4
6960.15
7338.467
7920.417
7684.8
7668.483
7521.133
7876.283
7805.667
7346.95
7172.533
7724.95
7568.6
7556.95
7432.2
7726.417
7722.4
7557.617
7106.933
7774.083
7715.6
7364.283
7049.667
7641.15
7798.333
7480.55
7406.933
7756.95
7386.267
7343.55
7461.6
7483.683
7376.733
7235.683
7060.933
7636.617
7463.067
7080.617
7031.667
7505.283
7627.467
6936.083
7004.333
7477.417
7417.733
7456.283
7201.267
7416.55
7321.467
7250.817
6937.267
7554.417
7307.867
7030.55
6993.2
7373.483
7274.867
7098.817
6618.867
7254.283
7202.2
7081.283
6567.733
7304.417
7127.533
6637.683
7048.333
7138.55
7024.733
6581.883
6679.4
6808.817
6906.133
6682.617
6646.667
6925.883
6715.333
6688.75
6506.067
6833.617
6874.6
6381.617
6350.333
6857.15
6820.4
6526.15
6501.133
6554.283
6747.6
6301.35
6469.533
6519.017
6553.4
6406.817
6173.533
6718.75
6584.6
6218.95
5920.267
6502.15
6666.733
6493.15
6217.2
6585.95
6566.0
5893.15
6294.333
6717.417
6370.4
6185.95
6258.6
6474.55
6529.133
6100.75
5971.933
6359.55
6436.933
6251.217
6091.467
6368.15
6174.133
5885.883
5607.933
6235.883
6073.2
6321.75
5849.933
6360.617
6318.067
5807.55
5876.467
6363.483
6219.4
6036.217
6070.733
6356.017
6287.267
5862.283
5781.0
6410.283
6157.133
6019.617
6065.733
6322.483
6173.267
5724.417
5611.333
5985.15
5925.867
5428.55
5539.867
6014.483
5842.8
6005.683
5657.0
6036.483
5894.333
6071.283
5730.867
5943.15
5869.733
5496.483
5495.067
5959.483
5842.4
5378.817
4847.467
5798.95
5830.533
5387.55
5563.933
5807.483
5619.0
5479.15
5441.867
5810.75
5608.667
5440.683
5078.667
5676.35
5737.6
5015.083
5208.933
5773.883
5570.067
5325.35
5113.067
5727.95
5692.733
5639.217
5203.667
5783.683
5692.267
5650.417
5512.267
5719.817
5601.267
4348.35
4855.133
5632.683
5696.6
5317.817
5058.667
5567.017
5717.133
5075.95
5046.067
5459.483
5434.467
4970.15
4987.133
5483.883
5438.867
4799.417
4789.0
5320.417
5258.8
5006.35
5029.333
5241.417
5188.867
4751.883
5126.267
5232.217
5239.267
4702.95
4950.667
5281.017
5059.067
4588.483
4517.2
5089.017
5074.533
4925.483
4346.133
5128.883
4989.667
4323.95
4423.667
