263.58299999999997
77.35
-145.683
153.61700000000002
446.91700000000003
141.88299999999998
204.85
233.617
231.71699999999998
252.95
121.25
-167.25
199.05
214.017
20.317
-32.18300000000001
344.91700000000003
-5.716999999999999
58.25
362.08299999999997
415.983
181.88299999999998
468.25
144.883
281.45
202.017
227.38299999999998
-125.05
190.183
201.75
321.65
18.349999999999994
273.517
191.61700000000002
233.517
21.75
561.183
467.817
85.383
-63.917
243.983
116.617
-11.483000000000004
183.683
197.517
234.817
143.317
226.21699999999998
208.983
242.61700000000002
-46.75
37.81699999999999
616.117
287.15
-14.683000000000007
-261.117
429.783
436.55
28.516999999999996
40.68300000000001
375.85
430.95
381.45
222.35
411.05
370.08299999999997
148.05
311.95
388.58299999999997
389.817
325.717
-138.65
436.183
283.95
29.717
79.083
383.45
188.35
136.85
67.817
295.783
489.617
200.917
54.483000000000004
228.11700000000002
353.283
24.783
8.950000000000003
237.517
199.15
489.85
-2.7169999999999987
175.517
215.083
339.45
-64.917
188.317
248.817
192.317
80.15
408.25
352.483
-237.017
29.283
391.45
312.15
220.38299999999998
204.817
454.717
286.55
-9.417000000000002
276.41700000000003
87.45
314.817
240.78300000000002
272.35
399.65
280.683
553.05
-236.317
314.317
372.35
105.317
353.35
385.91700000000003
458.683
247.917
100.15
335.383
238.817
-65.95
115.95
338.383
305.35
125.25
7.216999999999999
407.783
436.95
56.717
-250.78300000000002
348.85
315.15
80.717
139.28300000000002
269.717
419.08299999999997
328.383
34.617000000000004
286.05
318.15
-296.683
-150.71699999999998
300.91700000000003
204.75
165.05
-5.582999999999998
328.717
267.217
40.783
213.15
408.25
290.217
245.78300000000002
-116.383
444.05
410.217
428.85
146.28300000000002
475.05
269.683
151.38299999999998
333.55
403.383
70.55
358.65
-173.85
135.11700000000002
226.417
11.382999999999996
361.08299999999997
584.85
414.35
162.917
-90.117
489.91700000000003
155.417
452.45
24.417
386.517
354.817
310.91700000000003
379.217
510.25
349.95
425.183
299.35
325.783
228.55
387.383
-349.783
386.91700000000003
350.15
166.78300000000002
141.817
133.65
318.817
452.25
162.483
245.917
298.617
110.25
-200.25
266.517
386.617
464.45
181.817
390.783
302.883
43.31699999999999
-321.983
438.183
228.817
-62.417
12.882999999999996
269.383
188.15
-1010.55
-91.117
111.917
271.55
237.117
-69.317
559.85
403.35
259.05
67.683
261.383
225.817
-115.483
426.08299999999997
515.383
276.883
-183.95
36.217
307.983
314.95
-111.617
344.683
370.183
264.35
385.65
339.483
325.65
410.483
243.317
185.35
369.91700000000003
245.083
408.717
20.75
394.517
425.683
330.91700000000003
-77.117
218.65
312.95
75.317
-282.25
365.717
334.483
245.583
-124.717
348.183
330.617
212.78300000000002
80.217
352.183
351.75
-152.28300000000002
209.61700000000002
322.983
62.483000000000004
-146.95
155.083
255.583
210.21699999999998
316.717
167.21699999999998
258.517
518.817
100.117
160.21699999999998
378.65
533.283
383.117
162.417
225.45
268.41700000000003
89.517
492.217
350.85
218.35
-152.55
102.817
206.78300000000002
288.08299999999997
261.65
-12.716999999999999
539.117
553.417
28.917
288.617
372.517
348.08299999999997
232.11700000000002
108.417
336.383
385.683
78.117
130.28300000000002
293.45
332.483
181.317
298.017
471.58299999999997
441.15
404.783
118.017
559.317
179.15
388.117
-123.71700000000001
373.65
190.35
-75.35
305.15
344.45
215.683
556.183
401.95
388.317
277.08299999999997
647.717
104.68299999999999
390.783
307.95
-14.949999999999989
288.35
650.183
427.017
558.65
-25.583
460.91700000000003
383.15
402.317
212.617
364.783
545.683
-34.28299999999999
250.283
620.783
351.08299999999997
159.65
196.283
361.11699999999996
371.55
530.717
196.283
673.983
565.483
710.05
460.483
716.317
526.483
248.917
358.083
415.517
626.35
808.65
223.75
739.25
603.95
561.85
703.883
623.05
520.35
362.45
672.217
512.317
788.35
146.38299999999998
304.617
587.983
571.483
589.65
430.817
913.25
577.4169999999999
737.117
568.483
708.783
675.95
700.117
340.217
1031.25
490.217
598.183
528.95
873.317
548.217
734.383
621.75
627.25
901.35
801.85
702.883
648.183
899.4169999999999
669.25
473.617
970.25
775.55
656.983
594.217
593.317
705.55
818.517
685.35
914.583
808.217
590.917
548.683
702.45
816.15
712.983
608.817
945.317
524.483
769.25
506.817
711.917
609.683
782.717
879.017
758.05
486.61699999999996
805.583
995.35
470.317
901.817
739.85
790.283
813.183
789.95
646.05
999.617
1184.05
708.883
719.05
1311.683
935.25
1171.483
527.983
726.083
1194.65
1040.217
1164.983
1251.95
779.65
764.883
879.317
850.883
1390.717
1210.75
690.117
1162.817
1055.383
1273.083
1309.983
1125.95
1041.383
1380.75
653.45
944.483
1060.05
1231.35
1557.25
1507.617
1437.25
1395.217
1195.317
1305.75
1315.383
1227.283
850.7829999999999
1067.95
1409.45
1232.483
1479.517
1040.883
1549.917
1451.483
1549.05
1356.883
1515.85
1451.95
1027.05
1500.75
1357.05
1274.017
1200.25
1340.15
1320.25
1440.217
1345.583
1128.483
1446.183
1225.283
1207.65
1098.35
1545.317
1452.483
1392.65
1478.017
1566.517
1326.55
1295.583
1206.283
1464.383
1499.75
1370.45
1114.417
1602.05
1344.017
1386.517
1376.883
1520.583
1401.35
916.25
1352.817
1422.183
1509.483
1518.65
1712.817
1827.85
1646.75
1669.117
1634.683
1763.517
1837.55
1693.317
1775.35
1770.25
1776.083
1958.85
1787.083
2170.117
1639.083
1225.65
1483.55
1677.583
1981.15
1694.45
1790.483
2144.583
1966.017
1883.65
1818.95
2046.583
2121.35
2120.983
1857.083
2219.85
1894.35
1777.85
1676.883
1709.85
1630.95
1937.983
1286.15
1692.783
1806.683
2061.717
1722.617
2039.25
1932.15
2125.65
1929.35
1996.183
2075.417
2054.917
1961.95
2263.85
1850.15
2385.45
2140.683
2147.117
2066.75
1979.717
2177.083
2401.65
1780.75
1890.25
2200.417
2455.583
2172.017
2246.383
1990.15
2071.317
1938.283
2025.117
2184.55
2139.717
2449.95
2718.783
2022.15
2595.05
2574.883
2459.783
2357.483
2409.383
2265.55
2252.517
2538.417
2484.983
2287.083
2065.183
2185.95
2118.317
2085.083
2412.383
2311.617
2458.85
2683.483
2496.45
2637.683
2841.783
2617.617
2920.383
2772.283
3091.45
2869.683
2696.517
2941.55
2936.583
2833.15
2643.517
2798.35
2612.717
2680.75
2560.583
2743.883
2709.717
2494.817
2152.983
2423.883
2362.45
2386.35
2194.117
2151.95
2397.183
2156.15
2088.65
1789.083
2395.517
1967.217
2313.717
2326.35
2523.783
3017.35
2801.05
3112.217
2962.783
3145.017
3286.317
2871.617
3069.05
3014.017
2712.583
2635.417
2919.25
2774.55
3042.183
2598.15
2857.65
2925.617
2877.05
3056.35
3019.85
3079.017
3248.25
3195.75
3243.917
3230.35
3143.183
2859.817
3195.317
3240.417
3087.583
3335.15
3432.517
3297.15
3167.45
2883.217
3403.117
3280.417
3599.383
3862.817
3969.983
4336.0830000000005
4323.983
4173.883
4114.5830000000005
4048.883
4144.183
3735.95
4312.25
3983.017
4155.85
4059.217
4303.983
3787.217
3964.717
4089.017
3921.917
3975.883
3757.117
3496.15
4100.9169999999995
4196.683
4061.717
4256.217
4415.117
4427.15
4300.917
4051.2169999999996
4398.717000000001
4336.683
3788.85
4020.283
3983.717
4196.617
4075.317
4337.15
4540.717
4271.017
4125.45
3579.283
3860.717
3950.483
4003.317
3735.217
4144.9169999999995
3809.017
3855.517
3632.083
3542.517
3506.283
3417.917
3501.95
3516.717
3641.75
3414.65
3552.217
3300.85
3491.55
3622.65
3741.617
4037.65
4210.4169999999995
4322.983
4482.483
4284.183
4355.017
3907.917
4443.4169999999995
4244.783
4250.75
4782.05
4494.15
5168.05
5184.417
5120.85
5358.35
5930.183
5432.617
5557.45
5025.217
5184.517
5107.217
4667.383
4402.95
4475.183
4321.0830000000005
4103.05
4230.083
4739.783
4348.817
4645.65
4694.35
5183.65
5177.017
5326.25
5057.35
4883.45
4742.817
4365.983
4207.95
4287.9169999999995
3877.217
3726.383
3579.55
3627.183
3568.017
2984.85
3320.35
3322.783
2977.883
2648.85
3430.283
3464.45
3624.283
3926.917
3668.95
4486.783
4749.15
4825.183
4673.55
4756.517
4533.55
4138.65
4293.017
4230.117
4413.483
4394.65
4231.083
4787.05
4434.883
4627.45
4500.083
4683.583
4641.95
4536.117
4000.3500000000004
4584.65
4472.883
4619.917
4529.483
4416.917
4464.083
4519.85
4517.817
5198.25
5248.217
5260.05
5507.817
5706.05
5763.35
5747.65
5569.55
5913.25
5679.817
6062.917
5678.017
6124.85
6568.55
5884.717
6114.617
6195.317
5969.083
5941.05
5205.75
5078.317
4531.683
4263.05
3326.35
3171.583
2653.35
2475.183
2478.483
2998.05
3295.75
3650.183
4168.483
4542.517
4768.283
5081.65
5517.95
5798.65
6234.55
6122.25
6097.95
6239.517
5688.417
5552.983
5237.217
4865.583
4066.617
3745.717
3432.95
3417.05
3781.817
3956.383
4511.883
5392.85
5704.75
5929.45
6786.083
7060.317
7166.95
7564.25
7291.95
8004.85
8041.417
8467.85
8183.95
8124.717
8557.283
8320.65
8355.082999999999
8506.116
8354.55
8613.65
8405.816
9046.25
8888.75
8963.65
8750.35
9272.45
9114.684
8934.917
9059.55
9574.184
9342.417
9262.517
9078.283
9208.05
8735.684
8792.25
9008.217
9071.717
9484.283
9261.917
9342.75
9416.783
9100.217
8827.384
8601.75
8782.384
9078.083
9237.517
9135.616
9150.184
9159.017
9070.583
8955.35
8850.25
8836.884
8698.05
8743.483
9212.05
8962.083
9169.783
8837.684
9005.316
9202.684
8986.45
9393.217
9541.983
9543.35
9659.517
9739.15
9849.316
10169.816
10418.85
10226.417
10137.783
10093.816
9389.184
8889.017
9004.05
8941.217
8849.517
8795.95
9093.85
9342.35
9468.116
10142.75
10075.45
10690.616
10603.184
10655.684
10656.65
11061.083
10407.583
10562.217
10982.517
10512.217
10571.65
10770.017
10690.184
10490.083
11147.917
10635.15
10960.65
10886.884
10783.384
10531.55
10783.717
10638.55
10670.25
10068.816
10713.583
10578.884
10562.65
10173.283
10523.45
10918.75
11076.25
10731.217
11010.45
11110.15
10903.25
10893.217
10793.983
9799.15
10248.717
10289.217
10368.917
9895.483
10523.783
10335.217
10400.65
10087.217
10077.25
10436.017
10569.316
10512.083
10592.783
10325.55
10087.384
10095.217
9483.85
9728.884
10450.316
10233.083
10381.917
10749.017
11034.316
11116.483
11305.983
10940.017
11081.45
11221.684
11149.116
10675.95
10504.65
10008.283
10204.25
9444.15
10096.85
10319.884
9986.783
9992.483
10788.783
10737.15
10210.05
10259.55
11082.85
11255.75
10929.717
10782.217
10919.384
10967.35
10680.717
10634.816
10853.316
10661.017
10925.116
11247.217
10913.917
11181.816
11453.783
10561.217
10829.717
10688.75
10306.583
10576.816
9900.583
10138.15
10157.316
11125.083
11033.184
10866.35
10849.65
10415.417
10667.116
10639.017
10944.517
10633.35
10413.116
9861.75
9689.116
9361.816
8994.65
8900.417
8287.582999999999
8162.483
8158.917
8150.217
8634.316
9077.55
9972.316
10609.283
11726.85
11878.95
12919.783
12082.684
11516.583
11992.35
11828.65
11669.55
12428.717
12526.483
12764.316
12576.483
12459.717
11831.483
11373.85
11016.95
11258.517
11185.816
12441.45
11896.95
12522.65
12600.35
12935.65
12962.283
12572.783
13347.816
13504.583
14119.15
13991.384
14161.884
14382.316
14731.017
13722.783
13923.684
13308.917
13640.684
13607.384
14029.55
13460.05
13245.95
12797.583
12604.283
12831.05
12558.15
11635.983
12529.684
12365.316
13200.217
13352.184
13409.884
14304.45
13902.95
13553.517
13857.884
13875.583
13666.95
13644.316
13847.217
14254.717
14705.95
14740.45
14384.884
14545.983
16187.083
14911.05
14974.884
15186.717
14588.217
15233.45
15155.616
15791.384
15222.35
14631.116
14968.283
15177.316
15104.75
14575.917
14438.816
15566.717
16036.483
15686.316
14999.15
15372.184
15115.35
15023.517
14184.217
15090.583
14974.417
14582.05
13903.017
14494.717
14758.283
14737.25
14312.083
15352.116
15423.75
15158.783
15577.15
15714.184
16472.483
15706.783
15515.684
16134.583
15680.15
16016.583
15115.95
15456.783
16194.684
15749.583
15895.35
15918.583
15477.15
15712.116
16110.816
16758.916
16472.684
16466.316
16632.217
16443.983
16896.217
17365.316
16910.684
16851.449
16467.75
16447.116
15923.017
16404.116
16024.35
16374.517
15697.417
15302.85
15521.616
15423.25
15131.55
15733.384
15242.616
15380.384
15505.75
15410.517
15522.95
15387.583
15899.95
16426.25
16805.684
15910.05
15999.616
16071.85
15500.083
16345.717
15968.217
16544.116
16516.217
16880.316
16884.15
17037.449
17279.949
16742.917
16262.349999999999
17910.117
17286.617
17211.584
17424.617
17683.25
16482.483
17212.982
16463.883
17480.916
17212.551
16457.116
16997.883
17481.051
17211.551
17326.982
18301.551
17727.184
17060.35
16912.85
16655.75
16552.85
17123.551
17811.85
17697.949
18344.65
18467.684
18867.051
18412.482
18433.184
18814.684
18603.117
18588.684
18583.25
18702.551
19090.383
18686.482
19449.916
19186.15
19338.85
19775.35
19623.117
19577.217
19072.051
19222.283
19525.184
19097.084
18970.117
18785.551
19445.584
19139.018
20204.051
19375.018
19033.184
19539.482
19621.65
20401.416
20493.916
20537.816
19993.117
20250.416
19709.25
19869.551
19646.383
20032.217
20249.051
22054.816
20336.316
21261.482
21578.783
21741.15
21237.717
22576.084
21995.584
22280.15
23042.783
23724.283
22536.85
23087.283
22533.316
22814.084
24447.717
22975.617
23107.184
22273.551
22254.916
22328.551
22990.717
22903.816
23390.449
24118.217
23581.316
24321.482
25001.25
25723.551
25730.584
25896.551
26654.184
27366.75
26701.717
25346.684
26162.717
26373.617
25640.916
26162.084
26811.316
26842.949
26679.584
27125.084
27757.85
27017.684
28549.982
29209.018
28789.449
28190.551
29341.383
29163.217
29217.717
28872.15
29269.316
29379.684
29171.518
29234.684
28835.916
29128.816
30035.783
30774.283
31168.316
31502.018
32927.051
33174.551
32544.982
33260.883
33297.25
33024.816
33059.852
32039.75
33048.782999999996
32234.35
32169.051
33789.883
34356.648
34682.285
34761.984
34948.352
35752.582
34817.75
35070.852
34519.016
34833.184
35071.617
34504.852
35277.551
36042.715
36420.551
36459.918
36662.215
37096.316
37108.75
36500.051
36811.883
36636.918
36715.949
36057.051
36668.684
36799.383
36978.816
37370.383
36910.551
36711.383
36916.148
37014.449
37075.75
37089.648
37456.617
37148.984
37373.352
37567.516
37348.215
36172.984
35652.418
33915.918
32497.816
31546.85
31173.416
31094.65
31605.283
31562.184
32909.15
34565.051
35124.949
35766.648
35965.684
36180.918
37151.684
38176.117
37732.551
38455.117
38487.684
38059.25
37332.484
37014.918
37286.215
37883.785
38169.883
38625.25
39317.949
40143.516
40744.949
40860.852
40911.148
40169.25
40031.484
39524.918
39829.016
39876.383
39888.684
39879.984
39079.082
38688.852
38452.352
37910.984
37986.016
38267.785
38012.215
39542.785
39748.617
40107.582
40776.016
41001.516
40121.684
40329.715
39888.148
39957.785
40297.75
40671.852
41078.215
42137.051
42003.285
42594.785
42094.215
42129.984
41571.883
40864.051
41037.551
40970.383
41183.75
40927.117
41186.484
41808.516
42060.816
41550.715
41704.684
42760.648
42166.883
42634.316
41841.484
42480.25
41921.551
41010.316
40492.949
40075.117
39946.75
40239.117
40518.617
40966.785
42149.883
41875.184
42736.418
42156.852
42174.883
41974.051
41521.484
41181.117
40715.75
40039.25
40266.148
40245.582
39930.418
40231.582
40200.418
39919.316
39996.016
39843.918
39972.75
40527.117
40975.285
40932.316
41416.215
42136.785
42422.016
42333.715
42694.551
42397.316
42324.816
41573.051
41140.484
40641.715
40940.148
41403.449
41084.551
41948.918
42233.551
42867.582
43081.285
43123.918
43035.617
43916.516
44224.148
44779.449
44907.75
44556.051
44354.082
44076.918
44074.215
43334.582
43113.016
43222.648
43255.484
42893.785
42831.75
41879.582
42491.418
42049.715
42495.082
42378.852
43324.215
43788.648
44438.816
44837.383
45154.75
44165.117
44271.684
43759.383
43766.551
44040.715
43728.617
43672.316
43342.016
43707.383
44113.016
44074.715
44272.082
44404.449
44835.816
45288.051
46100.082
45336.383
45173.285
44493.117
44496.816
43687.516
43646.082
43551.051
43315.949
43935.051
44080.484
42251.852
43463.418
43338.383
42997.082
43199.117
42907.484
42789.184
43089.75
43622.117
43967.75
43993.383
43867.949
44076.449
44801.082
44854.184
45187.016
44869.117
44321.816
42891.648
41355.551
40441.648
38914.816
37227.051
36708.016
37370.852
38462.082
40871.852
41551.883
40878.582
40949.883
41177.852
40603.418
41034.984
40474.883
39912.785
40912.551
42139.852
43100.551
43036.449
43462.352
43664.918
44191.285
44985.184
44452.883
44386.117
44415.883
43579.051
44107.285
44576.516
44612.016
44418.582
45329.816
45728.715
45735.684
45762.918
45032.816
44859.449
44533.75
44820.449
44478.418
43747.852
43497.285
42970.715
44050.285
44852.582
45576.816
45304.449
45969.684
46924.582
47274.016
46650.582
46288.75
46616.582
46015.418
45867.582
45189.082
45883.785
46366.016
45908.051
45597.285
45289.184
44151.215
43468.383
41849.016
40650.25
40233.418
40278.051
40676.484
41243.785
42492.816
42740.852
44050.883
44373.383
44425.082
45095.184
45355.684
45804.051
45945.75
46093.449
46619.949
47442.117
46856.285
46442.785
45579.75
45441.918
45271.016
45130.648
45183.75
45212.051
45937.484
46938.582
46969.484
46980.449
47014.883
46851.184
46613.816
46593.582
46546.418
45428.715
44851.215
44456.449
43806.617
42907.383
42439.617
42751.582
43060.883
43520.715
44005.418
44696.785
44780.082
44562.785
44346.285
44598.984
44202.484
43812.516
43963.883
44323.316
44910.484
45095.918
45159.949
45648.648
46237.352
46182.117
46263.75
45949.316
45809.418
45142.918
44351.016
43967.383
43080.082
42061.316
43350.352
43249.918
43604.285
43786.449
44443.418
44474.984
44907.016
44350.785
44422.816
44823.918
44312.215
44171.785
43935.484
43887.984
43537.949
42824.648
42383.285
42488.449
42529.684
42072.449
41360.617
41704.516
41521.016
41250.316
41259.75
41554.785
41799.75
42091.918
42574.684
42733.316
43180.285
42914.516
42778.082
43244.516
43084.75
41907.715
42629.148
42253.715
42261.148
42465.383
41861.484
41963.785
42823.551
42991.383
43439.883
43295.383
43413.215
43360.715
43037.418
43523.516
42996.484
42420.383
42390.215
42691.785
43144.684
43325.051
42542.148
42765.852
42599.484
42165.117
42510.016
42639.383
42496.285
42211.648
42461.082
42174.582
42348.484
41744.984
41501.816
41374.449
41313.352
41520.516
41071.285
42002.316
42333.215
42810.449
42095.418
42271.648
42370.082
42602.449
42422.484
42198.117
42428.484
42338.516
42158.75
42114.918
42145.285
41825.715
41357.617
41749.852
41836.148
41939.25
41944.082
42126.051
42087.148
41983.051
42452.082
42446.918
42700.75
41844.785
41395.949
41657.648
41102.617
41122.051
40912.016
41529.582
42009.75
41813.852
41707.617
42043.918
41935.75
42261.648
42112.082
42176.449
42486.949
42308.051
42260.082
42444.051
42469.816
42333.648
42202.551
41522.316
41694.484
40902.582
41161.215
41211.383
41083.949
40787.449
40889.816
40861.449
40778.215
40814.117
41216.418
40838.516
41445.883
41224.051
41126.816
40597.25
40207.617
39852.184
39977.016
39563.316
39581.285
39268.852
39906.551
40069.184
40121.484
39956.383
39589.148
40700.918
40912.484
41160.184
41219.016
41811.184
42011.082
41305.648
41076.75
40942.918
40892.949
40077.648
40238.418
40414.051
40455.016
40802.648
40714.352
41235.184
41026.75
41238.852
41051.148
41297.516
40936.949
40662.25
40167.883
40710.051
40858.75
40004.984
40891.684
40503.852
40897.551
41062.918
40581.352
40799.852
40400.949
39595.316
39138.418
39628.449
39434.148
39052.918
39543.285
39486.852
40551.684
40283.582
40927.883
41143.852
40822.684
40735.785
41084.75
41416.852
40891.484
40387.715
40178.016
40136.785
39635.352
39450.582
39388.551
39970.051
40041.215
39967.383
39931.883
40600.918
40597.352
40219.25
39955.75
39968.852
39566.684
38906.984
38369.75
38470.715
38454.148
38049.582
38358.418
38704.449
39331.082
39554.785
39677.352
40028.516
40215.551
40573.117
40469.949
40565.852
40469.352
40266.051
40769.215
40176.648
40607.352
40293.316
39863.816
40419.184
40313.816
40492.516
40102.016
39985.516
39934.016
39838.516
39272.418
39458.25
39171.484
38955.715
39285.082
38930.648
38780.551
38674.918
38560.617
39379.516
39637.352
38805.25
38951.883
39567.785
39419.285
39358.984
39826.75
39339.316
39051.484
38931.383
38131.949
38619.051
37777.352
37961.648
37850.148
37803.383
38411.883
38113.383
38431.484
38333.715
38284.285
38616.316
38556.617
38824.918
38759.816
38375.316
38352.215
38578.184
38722.016
37937.117
38240.215
38430.648
38406.285
37849.051
38263.816
38949.051
38521.285
38283.516
39062.617
39141.051
39036.016
38694.984
38263.418
38890.051
38345.949
38597.582
38543.684
38309.316
38447.148
38352.316
38095.148
38438.449
38215.617
37534.449
37677.016
37983.648
37754.949
37119.715
37196.148
36868.516
36760.215
36566.25
36142.883
36715.648
36763.352
36400.184
37304.352
37256.383
37477.352
37422.715
37118.883
37655.383
37467.016
37073.316
36646.816
37094.25
37275.883
36483.582
35700.684
35008.184
34304.484
33743.785
33099.75
32726.25
32158.75
31696.783
32853.416
33414.516
33462.148
34001.516
34689.082
35827.383
35545.418
36019.984
35829.684
35746.582
35983.285
35503.648
35370.816
35563.785
35535.684
35094.918
35217.551
35326.25
35542.551
35315.648
35016.617
35431.852
35167.949
35207.184
35019.75
35431.25
35380.418
35042.383
35632.352
35485.184
35246.352
34863.316
34616.617
34649.449
34593.418
34541.051
34654.418
34426.516
34812.684
34854.648
34611.883
34839.582
35368.75
35009.051
34765.484
35060.918
35201.352
35045.25
35114.75
35076.184
34695.551
34498.449
34402.082
34594.516
34470.285
33710.582
34148.684
34009.449
34257.883
34054.516
33915.75
34000.051
34131.551
34465.184
34013.484
34164.051
34417.551
33854.316
34175.816
34129.516
34057.883
33453.25
33579.418
33546.785
33561.816
33646.184
33492.016
33462.184
33407.082
32833.184
33158.684
32957.518
33207.282999999996
32745.383
33088.285
33682.117
33320.883
33736.984
33722.684
33581.449
34045.617
33832.582
33837.75
33864.051
33785.352
33991.184
33725.418
33941.316
33649.551
33860.051
33636.418
34054.316
33424.418
33570.715
33304.148
33548.316
33650.617
33210.918
33073.215
33229.449
33202.75
33144.383
33220.285
33332.117
33383.551
33349.449
33290.75
33260.785
32866.949
32428.25
32318.416
32535.518
32082.084
31734.383
31881.883
32288.449
32254.217
31800.584
31834.416
32163.518
32006.084
31665.449
31371.084
31676.584
31507.816
31103.25
30665.35
31005.982
31035.283
31056.383
31294.416
31222.85
31216.551
30630.982
30855.684
30490.717
30356.018
29582.717
29505.018
29572.383
29099.949
29112.717
28424.816
28786.051
28462.15
27906.85
27140.084
27083.051
27155.283
26975.85
26411.35
26668.982
26611.416
26803.717
26903.283
27513.982
27888.018
28660.25
29381.617
29480.783
29652.482
29643.584
29942.816
29774.717
29389.217
29446.184
29252.15
29549.85
29254.35
29547.449
29613.75
29943.117
29884.15
30091.383
29998.949
30445.25
30287.217
30019.449
30249.416
30624.916
30364.75
30072.717
29872.551
30213.316
30127.883
29856.449
29776.684
29850.584
29876.482
30280.25
29505.949
30078.518
30072.949
30110.383
29882.018
30160.65
29912.949
29561.65
29540.949
29700.518
29847.217
29128.25
29022.617
29280.717
29006.018
28940.117
29108.15
29225.25
28942.617
28808.916
28585.084
28562.717
28572.482
28640.117
28595.949
28599.982
28548.084
28528.584
28489.949
28359.584
28329.816
28115.783
27536.482
27967.916
27489.684
27669.25
27622.416
27774.916
27528.416
27658.316
27598.018
27649.65
28012.883
27769.184
28098.816
27931.584
28151.684
27933.117
27438.217
27599.051
27406.883
27257.184
27494.217
27355.717
27351.883
27341.982
27253.416
27644.25
28117.684
27672.65
28185.684
28322.25
28124.75
28180.518
27880.617
28133.65
28303.482
28418.383
28575.283
28662.449
29018.084
28921.383
29281.816
29603.051
29899.217
29383.85
29256.617
29616.184
30078.684
29900.65
30371.551
30517.316
30928.617
30668.449
30803.883
30713.383
30480.018
29717.65
28697.217
28221.85
27847.217
27581.85
27344.283
27075.65
27079.617
26972.383
26889.883
27095.25
27016.816
26994.449
26973.018
27298.65
27077.283
26895.518
26595.816
26613.783
26785.75
26375.65
26645.551
26553.65
26765.416
26743.783
26850.883
26889.449
27107.018
26781.584
26896.617
27272.783
27005.35
26504.449
26829.084
27152.916
26946.949
26590.184
26871.684
27146.916
26589.816
26982.051
26310.482
26641.316
26307.684
26080.916
26215.551
26072.982
26180.15
25896.584
25425.617
26119.383
26164.018
25875.584
25787.684
25964.65
25808.617
26167.25
25603.084
25793.717
25865.217
25983.316
25975.084
26086.25
25852.617
25951.982
26122.416
26362.051
25887.883
25473.383
25541.617
25791.117
25930.084
25649.584
25815.35
25642.783
25825.283
25594.449
25607.883
25626.783
25597.416
25180.518
24930.949
25600.916
25366.482
24893.717
24844.684
25286.449
24897.482
24881.316
24968.416
25208.85
24906.551
23961.916
24699.084
25179.85
24754.551
24709.783
24340.15
24624.85
24647.482
24917.184
24866.084
24786.051
24502.416
24501.316
24533.35
23974.383
23805.35
23254.184
23536.35
23115.982
23528.283
23007.982
23099.482
24364.25
24160.551
24142.717
24710.684
24563.117
24604.084
24213.117
24048.816
23823.117
23905.084
23579.916
23676.816
23759.916
23769.416
23332.449
23607.883
24232.916
23803.816
23254.584
23577.617
23869.783
23917.15
23617.449
23739.482
23859.051
23542.416
23226.85
22836.283
23272.184
22830.883
22765.982
22314.283
22350.518
22391.018
21758.051
21264.482
21178.783
19821.283
19096.65
18286.084
18427.518
18445.084
18546.65
18761.084
19542.449
20348.617
20836.584
20907.283
21134.316
21742.084
22181.783
22087.684
21783.25
22249.35
22110.916
22202.816
22234.316
21850.617
21519.316
21371.816
21843.717
21731.018
21293.717
21980.283
21847.783
22088.35
22159.85
22034.75
22136.25
22109.416
21877.717
21954.416
22048.783
22267.018
21805.65
21809.816
22197.783
22294.949
22207.449
22236.551
22399.65
22351.551
22227.184
21740.416
22214.584
22141.883
21829.783
21607.949
21864.916
22021.217
21812.584
21368.75
21629.117
21965.551
21350.184
21963.35
22128.117
22031.75
22497.85
22186.35
22288.449
22238.75
22035.518
22178.018
22119.184
22061.084
21685.783
21760.816
21826.717
21845.217
21801.916
21847.684
22057.584
22103.684
21768.717
21531.217
21832.051
21743.482
21898.25
21496.617
21999.783
21804.75
22015.783
21994.684
22095.783
21995.35
21584.051
21258.75
21835.25
21718.283
21890.184
21495.617
21425.717
21463.482
21391.25
21723.883
21492.85
21457.617
20934.85
20951.684
21077.117
21318.684
20465.584
20703.084
20945.117
20938.617
20706.184
20550.551
20956.783
20947.617
20670.85
20854.416
20928.65
21136.551
20411.051
20610.816
21065.184
21117.883
20765.85
20640.949
20773.783
20947.551
20570.383
20565.15
20720.184
20619.482
20040.184
20376.018
20369.117
20175.283
20165.85
20294.684
20005.316
20683.084
20100.916
19962.684
20126.717
20135.018
20011.316
19472.35
20017.518
20060.949
19711.65
19457.35
19937.316
19821.883
19684.982
19172.35
19735.383
19740.35
19618.783
19697.018
19344.051
19624.018
19471.316
19008.617
19297.85
19108.084
19137.717
18643.018
19064.85
18983.816
18379.916
18035.084
18822.316
18630.217
18413.85
18281.283
18553.184
18426.35
18088.117
18013.35
18638.982
18373.551
18213.584
18036.684
18540.518
18122.551
17944.584
17841.617
18427.184
18217.018
17946.518
17924.949
18105.85
17822.816
17427.184
17098.283
17593.783
17690.283
17569.25
17865.617
18004.584
17865.551
17250.117
17950.217
17734.783
17615.283
17603.916
17506.283
17409.65
17549.617
17112.65
17082.084
16494.45
15772.95
15098.583
14410.417
14028.783
13873.884
13827.517
13767.283
14683.184
15186.616
15360.783
15768.75
16087.184
16095.55
16204.983
16127.483
16281.717
15734.95
15744.316
15004.15
16048.65
15972.283
15730.45
15680.483
16045.783
16326.884
16440.583
16119.55
16548.316
16755.617
16389.783
16467.482
16826.65
16808.949
16825.717
16918.482
17051.316
17036.018
16792.051
16425.816
17345.783
17096.35
17072.184
16656.551
17336.65
17434.416
17237.051
17414.15
17472.383
16998.018
17187.65
16832.816
17374.184
17304.75
17185.85
17118.75
17140.584
17354.482
16905.449
17489.816
17451.184
17492.482
17423.383
17034.084
17738.184
17690.283
17271.584
17451.35
18078.717
17806.883
17527.449
18012.283
18251.184
17924.018
17649.65
17785.816
17465.316
17624.084
17094.85
17298.35
17604.916
17470.35
17508.316
17963.35
17604.25
17713.283
17119.316
16976.084
17878.316
17669.018
17488.717
17653.883
17498.982
17598.482
17666.982
17358.35
17410.982
17397.551
17337.383
17290.75
17488.449
17124.15
17229.184
17077.217
17491.717
17184.482
17350.65
17244.816
17688.783
17275.217
17306.717
17216.816
17496.184
17706.617
17703.65
17554.283
17507.85
17380.018
17253.584
17511.75
17655.982
17774.684
17743.916
17381.617
18009.383
17843.416
17791.25
17284.482
17844.65
17748.084
17530.518
17409.75
17502.85
17642.35
17804.717
17662.551
17749.184
17519.15
17535.717
17766.949
17464.916
17564.949
17474.449
17286.482
17455.783
17536.617
17314.518
17238.883
17384.518
17646.75
16707.117
17438.35
17453.25
17372.35
16716.117
17056.551
17382.184
17469.551
17330.383
17374.75
17309.117
17473.416
17149.051
17062.551
17423.783
17199.283
17263.051
16904.75
17213.982
17229.883
16904.982
16827.75
17153.916
16752.217
16727.117
16568.35
16922.518
16783.949
16437.85
16785.816
16764.383
16509.15
16619.783
16744.482
16620.982
16558.884
16331.85
16346.95
16686.518
16349.884
16512.25
16138.417
16201.983
16276.616
16173.45
16239.684
16075.25
16020.417
15953.45
15931.35
16145.717
16113.283
16086.783
15182.417
15472.85
15381.083
15279.85
14700.55
14660.517
14703.616
14344.384
13766.15
14335.45
14172.684
13372.184
13763.95
13696.917
13333.816
13485.717
12967.684
13109.783
12950.884
12683.45
12805.15
12999.783
12878.55
13086.983
11871.55
12621.184
12716.55
12221.116
12577.483
12760.05
12859.15
12564.45
12944.55
13165.184
13159.55
13342.85
13709.55
13676.05
13507.75
13596.05
13402.217
13389.517
13578.017
13529.583
12993.884
13474.184
13326.217
13031.85
12440.283
12801.384
12614.616
12302.384
12236.616
12124.717
12189.75
12026.517
11870.083
12282.384
12276.083
12096.184
12154.217
12210.583
12071.75
11981.917
11901.017
12302.717
12135.083
11810.316
12227.083
12582.917
12364.017
12086.65
12211.816
12221.85
12269.884
12188.983
12082.684
12146.25
11921.616
11383.184
11911.75
11783.85
11913.283
12014.05
11556.017
12046.983
11914.283
11178.25
11511.217
11722.783
11588.35
11645.983
11865.35
12019.917
11945.017
12127.85
12073.95
12190.116
12024.616
11994.983
11678.083
11918.25
12024.417
11737.65
11768.55
11983.45
11926.816
11682.384
12143.55
12183.85
12304.017
11850.316
12069.684
12203.25
12144.35
12368.05
11657.35
12171.316
12047.083
12233.517
11807.15
12502.316
12243.483
12362.384
11982.884
12511.05
12469.816
12127.316
11944.217
12179.717
11954.684
11860.45
12083.15
12027.184
11902.884
11542.517
11548.55
11779.25
11938.283
11766.65
11970.017
11923.45
11769.017
11577.85
11800.283
11854.316
11736.75
11985.316
11408.083
11742.316
11989.684
11948.05
11642.083
11704.85
11271.283
10970.917
11448.55
11333.25
11379.217
10624.316
11160.35
11437.517
11298.816
11014.316
11333.283
11553.316
11189.684
11307.25
11148.017
11405.316
11068.616
10794.45
10754.417
11110.45
11067.55
10626.85
10902.283
10871.983
11070.75
10905.917
10928.95
11002.45
10860.283
10679.783
10901.75
11028.85
10949.884
10781.85
11139.017
10878.65
10990.616
10864.25
10696.95
10853.85
10844.75
10667.717
10567.017
10599.517
10683.55
10383.917
10273.017
10745.983
10761.15
10476.517
10540.283
10756.116
10741.95
10337.25
10406.017
10636.384
10416.684
10188.85
10602.684
10573.384
10341.35
10563.583
10370.816
10442.983
10359.816
10065.983
9729.616
10418.05
10084.75
10287.583
10132.217
10227.25
10031.017
9980.783
9849.15
10200.05
10047.684
9924.384
9685.417
9956.717
10007.616
9840.316
9777.483
10063.45
10049.684
9502.25
9698.884
9976.517
9952.55
9252.384
9429.017
9856.116
9833.217
9705.45
9368.017
9913.717
9807.95
9731.917
9497.684
9638.25
9457.017
9327.65
9489.95
9641.783
9463.083
9302.583
9327.55
9784.05
9772.616
9550.184
9266.35
9378.384
9509.884
9349.917
9155.417
9503.384
9413.816
9391.85
9041.017
9238.983
9359.15
9276.85
9132.15
9333.184
9122.417
9553.116
8849.417
9281.583
9197.483
8990.983
8580.283
9287.983
9222.55
9274.783
8922.884
9027.85
8862.884
9005.184
9113.217
9414.65
8639.75
8917.517
8693.017
8985.583
8419.75
8028.85
7402.283
7217.85
6434.75
5662.517
5105.617
4527.983
3806.217
3446.383
2793.683
3119.383
3012.683
2735.583
2941.017
3811.717
3988.95
3954.6499999999996
4908.417
5412.717
5684.817
5974.917
5346.35
6084.983
5719.75
5571.983
5241.617
5037.25
5124.75
4810.117
4579.15
4958.85
5048.683
4992.917
4773.15
5490.25
5295.483
5312.05
5929.217
5978.983
6223.217
5874.383
6342.083
6509.383
6459.683
6486.85
6730.083
6992.383
7035.017
6550.05
6789.283
7335.983
7327.417
6919.317
7404.417
7669.317
7800.95
7691.517
7713.817
8182.517
8134.283
7531.717
7655.55
8341.783
8424.35
8228.517
7967.217
8488.917000000001
8302.15
8109.917
8120.883
8593.05
8387.75
7520.717
8402.483
8534.05
8605.75
8300.45
8076.417
8571.317
8485.217
8296.717
8214.017
8358.85
8486.083
8052.45
7917.35
8800.517
8394.483
8185.517
8237.617
8532.517
8440.283
8329.717
8279.217
8486.05
8449.884
8248.85
8258.417
8551.717
8515.616
8376.65
8258.616
8557.05
8512.017
7930.65
8143.217000000001
8460.717
8381.483
8044.717
7959.483
8365.582999999999
8240.617
8275.717
8051.083
8301.183
8423.15
8141.583
7673.55
8454.917000000001
8332.75
8315.05
8155.217
8643.917000000001
8354.082999999999
8174.183
7952.483
8448.517
8262.483
7824.583
7633.683
8296.783
8217.683
8227.917000000001
7646.683
8354.383
8206.217
8074.183
8157.883
8328.05
8306.417000000001
8098.383
8035.35
8550.25
8350.75
7503.85
7856.75
8445.183
8214.95
8201.582999999999
8038.417
8440.783
8315.95
7873.983
7687.283
8245.582999999999
8098.083
8064.183
7946.883
8258.117
8243.617
8094.85
7623.083
8323.317
8235.483
7887.983
7584.95
8174.383
8304.883
7982.183
7920.617
8230.783
7882.55
7843.383
7979.15
7993.983
7887.95
7737.183
7592.283
8177.717
7978.083
7618.517
7546.883
8001.65
8155.217
7473.25
7531.417
7991.25
7937.75
7978.983
7733.483
7935.917
7850.483
7785.517
7483.483
8127.583
7887.417
7622.85
7594.55
7949.65
7867.417
7688.517
7199.15
7823.917
7774.483
7657.05
7161.95
7924.983
7714.283
7234.583
7673.15
7722.85
7643.683
7236.517
7345.15
7506.983
7657.017
7371.183
7359.417
7651.983
7428.55
7395.65
7181.017
7479.45
7509.617
7037.783
6994.55
7492.717
7448.817
7145.25
7130.017
7170.65
7365.55
6892.317
7079.283
7141.25
7198.75
6971.25
6786.883
7358.05
7200.283
6836.583
6496.683
7058.517
7247.417
7034.05
6745.283
7066.183
7048.083
6345.517
6747.15
7197.25
6810.95
6676.717
6754.95
6966.917
7002.417
6625.183
6485.95
6917.45
6992.35
6816.917
6725.15
7032.05
6838.483
6551.917
6286.35
6929.45
6738.217
6970.117
6472.683
6949.05
6907.55
6398.583
6432.617
6902.85
6748.283
6529.183
6617.883
6883.45
6824.883
6400.25
6358.483
6939.583
6699.35
6555.05
6600.95
6834.783
6686.683
6265.383
6129.95
6538.383
6492.35
5995.65
6125.35
6601.05
6422.217
6591.383
6273.95
6612.383
6480.083
6672.183
6289.883
6513.583
6433.683
6090.183
6057.817
6519.783
6408.15
5935.983
5417.75
6363.383
6424.083
5940.583
6142.283
6374.183
6177.617
6007.583
5981.15
6342.383
6147.35
5941.317
5636.617
6210.85
6274.883
5523.317
5689.883
6259.65
6048.417
5762.117
5574.683
6158.783
6149.417
6042.65
5641.55
6226.45
6131.683
6088.783
5965.483
6163.983
6017.017
4799.717
5291.083
6053.317
6131.217
5744.117
5485.683
6004.45
6128.483
5484.583
5472.55
5913.65
5897.417
5398.717
5440.35
5938.983
5908.95
5263.45
5254.083
5785.983
5746.683
5473.117
5504.35
5736.917
5629.283
5251.25
5631.083
5741.05
5736.217
5204.917
5460.817
5841.05
5617.217
5147.383
5055.817
5666.717
5680.017
5516.183
4947.883
5742.85
5604.017
4939.717
5053.35
