276.617
75.517
-138.85
163.71699999999998
452.883
138.38299999999998
214.15
250.65
246.483
262.983
127.083
-159.483
214.017
222.917
32.617000000000004
-25.349999999999994
352.55
-3.683000000000007
69.017
370.91700000000003
423.817
183.917
473.817
162.983
281.08299999999997
207.65
232.683
-125.283
207.21699999999998
210.917
324.55
31.650000000000006
294.41700000000003
200.583
243.417
24.117000000000004
567.617
476.91700000000003
95.75
-51.083
255.417
132.183
-1.983000000000004
185.05
209.61700000000002
242.11700000000002
156.28300000000002
232.25
221.88299999999998
243.45
-36.45
39.849999999999994
617.95
289.85
-14.983000000000004
-258.883
434.017
445.05
35.68300000000001
44.650000000000006
387.55
441.383
388.617
235.917
425.35
362.183
163.35
331.783
399.15
392.383
341.15
-137.55
452.217
287.25
37.417
86.45
384.95
191.05
147.417
73.717
306.08299999999997
496.05
211.35
64.317
233.95
353.317
39.617000000000004
15.117000000000004
243.21699999999998
208.05
503.883
-6.216999999999999
186.083
220.25
345.617
-54.150000000000006
200.88299999999998
261.183
204.88299999999998
92.85
412.617
359.983
-222.71699999999998
29.450000000000003
407.95
296.05
229.683
210.05
471.55
290.517
1.2830000000000013
278.117
112.417
325.85
262.683
285.58299999999997
410.283
286.783
558.75
-218.55
329.41700000000003
371.58299999999997
114.95
373.91700000000003
391.75
461.85
255.75
98.383
345.617
250.183
-54.583
117.183
344.217
306.25
136.61700000000002
15.117000000000004
421.35
450.783
59.217
-242.017
358.95
327.65
85.817
147.85
279.283
422.383
338.217
46.516999999999996
306.817
330.91700000000003
-269.783
-129.95
314.35
214.917
172.817
-10.882999999999996
335.35
271.383
50.083
216.917
416.017
296.983
259.217
-104.15
463.217
412.783
442.683
162.38299999999998
485.35
280.117
169.15
345.983
423.817
83.383
375.883
-166.417
143.75
233.917
17.683000000000007
369.517
589.417
427.783
173.483
-80.75
502.883
154.71699999999998
448.55
27.783
396.15
358.117
315.017
386.983
527.483
359.383
429.017
320.317
334.41700000000003
234.38299999999998
393.75
-348.08299999999997
398.35
364.45
176.55
145.38299999999998
145.417
325.25
477.15
186.25
252.15
311.183
123.15
-187.35
278.683
393.383
468.483
197.78300000000002
393.217
309.85
49.417
-316.41700000000003
447.217
238.917
-57.650000000000006
25.316999999999993
271.15
195.45
-1000.85
-90.35
129.083
270.45
252.817
-71.617
572.75
405.117
259.483
82.117
259.817
237.517
-113.717
432.91700000000003
523.55
279.65
-186.317
38.382999999999996
315.283
326.317
-111.717
348.117
393.217
259.717
394.683
341.117
334.217
418.25
252.88299999999998
185.917
380.41700000000003
252.65
412.283
37.382999999999996
404.883
436.383
339.55
-70.083
231.483
324.517
88.15
-283.15
381.817
349.65
262.08299999999997
-112.417
352.017
336.91700000000003
221.483
86.917
369.75
351.783
-150.983
208.583
336.617
70.983
-137.05
163.78300000000002
276.55
223.25
323.41700000000003
170.183
267.217
523.183
104.55
174.583
383.55
542.25
398.017
174.78300000000002
227.88299999999998
282.25
97.483
503.65
359.55
220.45
-143.917
114.45
223.683
298.783
272.283
-0.75
553.283
564.25
40.283
289.45
389.283
353.383
243.683
108.45
345.95
401.783
99.617
147.45
311.617
337.58299999999997
195.417
310.45
492.817
453.383
425.817
116.983
572.417
205.517
411.683
-109.81700000000001
394.61699999999996
199.05
-65.917
307.85
364.35
233.25
566.883
412.91700000000003
408.75
296.65
673.683
116.65
418.15
322.38300000000004
0.4830000000000041
310.45
665.083
447.38300000000004
580.55
-8.61699999999999
487.95
403.717
438.817
240.583
393.88300000000004
574.65
-1.0500000000000114
269.11699999999996
656.217
376.25
188.683
221.383
406.217
394.783
564.283
218.85
693.617
582.717
736.55
492.783
742.817
565.783
281.483
385.45
457.083
664.983
838.35
266.85
772.35
642.25
599.95
731.65
668.15
562.25
406.75
706.117
547.35
821.45
182.75
344.65
638.4169999999999
609.05
636.617
461.05
960.017
627.65
776.817
613.317
753.95
719.117
754.15
369.25
1078.75
533.65
633.683
565.85
909.483
598.117
769.017
672.517
683.55
950.983
860.35
748.117
696.683
945.383
715.417
517.717
1017.0830000000001
810.65
694.817
646.917
634.417
743.383
857.683
737.117
977.75
854.65
643.817
587.983
753.683
875.85
756.617
643.117
987.75
561.317
818.217
549.45
766.617
657.317
825.617
921.717
809.15
543.917
862.15
1038.117
519.883
942.117
785.55
835.383
850.883
826.317
699.15
1044.45
1221.35
760.317
773.217
1356.65
986.883
1194.983
574.083
779.117
1249.95
1093.45
1222.95
1305.717
832.2829999999999
802.9169999999999
941.55
903.117
1445.417
1263.05
742.2170000000001
1207.85
1110.083
1325.917
1354.35
1171.983
1089.75
1428.183
717.0830000000001
984.7829999999999
1118.017
1284.917
1611.55
1549.05
1494.75
1442.117
1242.55
1349.05
1369.817
1262.983
903.017
1116.583
1430.217
1274.317
1523.95
1062.85
1588.883
1491.25
1594.883
1408.45
1560.75
1503.717
1078.75
1541.517
1395.883
1308.583
1245.817
1384.583
1358.017
1479.05
1384.95
1162.183
1489.483
1269.783
1254.417
1126.45
1599.483
1496.717
1425.417
1513.517
1621.283
1379.65
1331.483
1233.85
1489.883
1518.983
1393.95
1144.85
1639.817
1390.783
1419.483
1415.183
1565.35
1443.317
937.017
1378.983
1459.283
1528.917
1557.283
1735.45
1862.75
1677.983
1701.683
1671.65
1809.95
1872.183
1721.283
1804.917
1801.417
1819.717
1981.15
1820.117
2193.683
1676.583
1268.083
1503.783
1725.883
2014.783
1726.417
1836.383
2194.75
2001.65
1923.217
1853.383
2087.283
2145.25
2158.217
1880.85
2255.283
1936.583
1826.95
1701.917
1751.283
1658.583
1969.283
1301.783
1722.75
1846.45
2098.417
1742.917
2063.817
1956.117
2153.617
1977.783
2034.217
2113.85
2084.217
1992.717
2314.883
1889.917
2418.217
2161.183
2193.083
2099.45
2019.483
2187.85
2445.883
1795.117
1932.55
2253.45
2477.883
2193.917
2281.483
2032.917
2111.017
1986.717
2057.417
2206.983
2181.817
2492.583
2755.483
2053.383
2649.017
2626.717
2490.417
2400.25
2449.617
2315.65
2281.817
2582.917
2507.617
2325.85
2111.017
2237.583
2151.683
2131.383
2460.95
2351.25
2502.55
2724.117
2552.683
2691.983
2898.083
2648.517
2967.55
2816.717
3138.817
2899.183
2736.883
2979.583
2970.817
2871.183
2679.417
2833.583
2651.35
2725.45
2596.217
2789.85
2751.083
2531.717
2203.483
2462.85
2400.95
2419.317
2244.15
2184.317
2440.217
2191.583
2117.283
1831.45
2439.15
1999.783
2345.55
2373.983
2568.417
3064.117
2876.017
3166.65
3014.417
3207.183
3345.283
2947.183
3124.883
3057.583
2781.283
2695.65
2976.083
2824.517
3087.75
2658.117
2925.95
2970.917
2964.483
3133.183
3084.483
3141.183
3302.217
3246.117
3306.95
3297.05
3223.15
2932.983
3247.417
3326.317
3158.817
3413.717
3500.017
3356.25
3228.15
2938.783
3470.483
3345.117
3678.95
3976.25
4060.483
4431.983
4407.883
4266.45
4211.617
4149.317
4238.617
3839.05
4399.617
4076.983
4233.282999999999
4164.5830000000005
4380.35
3892.783
4029.083
4196.117
4002.083
4060.317
3857.55
3554.117
4202.883
4299.5830000000005
4154.217000000001
4350.517
4526.483
4521.717
4394.283
4160.717
4509.95
4419.45
3894.55
4115.65
4066.483
4313.85
4215.283
4462.05
4634.95
4353.983
4236.683
3689.45
3956.217
4063.717
4097.4169999999995
3822.45
4252.95
3918.117
3943.217
3721.65
3645.55
3600.25
3523.617
3579.25
3611.95
3729.183
3513.283
3640.517
3391.55
3591.383
3724.75
3846.783
4152.15
4310.183
4444.35
4598.05
4368.55
4446.383
4011.017
4562.183
4361.083
4360.65
4899.017
4622.45
5310.083
5345.117
5270.483
5501.25
6077.883
5567.45
5695.417
5154.25
5290.417
5215.583
4765.417
4529.117
4574.217
4420.517
4233.883
4343.983
4846.15
4491.717
4774.95
4822.117
5325.083
5317.783
5447.483
5163.783
4983.217
4847.917
4466.883
4315.383
4381.282999999999
3972.65
3828.483
3679.717
3741.883
3654.317
3091.75
3426.517
3432.35
3089.25
2768.083
3525.917
3601.15
3719.85
4053.95
3800.717
4615.017
4873.383
4962.817
4807.65
4880.35
4642.383
4282.35
4412.117
4338.75
4535.65
4505.017
4346.45
4926.75
4563.45
4755.683
4639.717
4806.417
4762.45
4675.217
4128.383
4737.15
4603.85
4755.55
4662.983
4604.617
4601.85
4657.35
4683.117
5385.15
5438.45
5412.683
5689.917
5883.217
5949.517
5908.817
5730.05
6074.35
5840.783
6257.017
5885.717
6333.15
6757.85
6048.817
6310.583
6377.217
6147.85
6106.55
5357.05
5234.55
4675.517
4403.417
3456.583
3286.817
2766.383
2582.817
2583.183
3135.083
3413.65
3792.55
4319.183
4701.083
4946.25
5235.217
5699.583
6004.35
6427.717
6298.883
6308.117
6428.15
5858.917
5731.417
5399.45
5025.817
4227.383
3890.017
3573.983
3551.35
3915.783
4098.0830000000005
4675.917
5588.083
5899.183
6114.95
7026.05
7311.483
7406.65
7816.15
7562.717
8273.017
8316.783
8697.283
8443.316
8374.483
8831.116
8599.684
8611.717
8782.616
8619.384
8849.283
8672.184
9317.55
9147.717
9247.083
9036.983
9559.884
9398.85
9241.483
9339.116
9866.684
9653.116
9572.15
9366.783
9522.483
9052.583
9114.017
9283.717
9377.884
9828.25
9551.884
9660.384
9714.483
9403.116
9103.95
8876.384
9071.417
9372.917
9546.417
9442.45
9440.283
9454.25
9376.083
9241.05
9160.083
9149.316
8998.884
9074.116
9507.55
9294.45
9499.217
9174.316
9307.417
9523.384
9315.417
9729.983
9884.616
9874.65
9992.95
10073.384
10201.15
10505.116
10799.017
10608.316
10521.083
10460.45
9758.55
9224.583
9379.816
9322.517
9221.017
9139.116
9461.417
9702.983
9853.283
10512.316
10426.483
11086.783
11013.417
11061.184
11018.083
11447.25
10802.083
10976.65
11389.684
10882.517
10945.684
11154.917
11071.417
10871.384
11494.017
11015.184
11333.35
11298.316
11207.95
10882.783
11166.884
11021.917
11046.95
10417.316
11110.884
10950.25
10976.95
10551.25
10917.75
11295.45
11485.816
11155.517
11443.55
11537.116
11295.684
11288.05
11211.483
10163.717
10627.283
10659.116
10760.017
10279.116
10900.483
10721.45
10779.884
10488.25
10438.017
10809.05
10982.35
10864.45
10976.55
10733.917
10460.217
10466.184
9836.017
10088.717
10849.95
10629.517
10761.417
11148.917
11464.283
11546.45
11747.884
11363.384
11479.816
11625.116
11544.75
11086.65
10911.616
10391.983
10592.417
9792.184
10478.417
10703.85
10395.75
10376.05
11213.616
11158.45
10615.217
10664.983
11493.884
11677.116
11377.417
11184.184
11324.083
11375.783
11084.417
11048.85
11288.816
11110.717
11362.283
11689.717
11361.816
11612.65
11912.616
11007.65
11269.95
11128.45
10737.417
11005.917
10275.616
10548.316
10577.35
11573.184
11440.217
11270.983
11300.95
10810.316
11099.75
11045.45
11392.816
11077.517
10846.283
10272.05
10125.816
9752.316
9367.884
9296.384
8632.55
8483.983
8523.082999999999
8467.85
9020.884
9437.917
10400.75
11052.717
12258.616
12391.184
13427.483
12604.316
12027.15
12486.917
12368.55
12165.583
12931.217
13095.384
13301.55
13141.783
13008.283
12403.65
11899.75
11548.25
11772.283
11690.45
13012.75
12434.983
13066.55
13118.116
13433.15
13486.717
13116.884
13857.517
14078.816
14683.184
14574.017
14731.116
15005.75
15383.717
14295.483
14543.917
13852.95
14241.583
14218.483
14637.85
14029.017
13814.45
13361.217
13095.917
13377.55
13052.05
12160.417
13060.45
12899.684
13752.983
13894.684
13938.517
14897.75
14479.45
14088.95
14470.184
14496.417
14254.45
14244.283
14462.116
14901.684
15337.717
15408.217
15052.184
15179.483
16884.85
15561.75
15629.384
15883.884
15258.583
15886.35
15832.517
16481.616
15845.983
15327.684
15614.983
15862.15
15759.05
15211.083
15138.316
16252.75
16715.116
16350.017
15649.116
16056.884
15786.917
15681.616
14815.717
15751.55
15587.45
15210.884
14500.783
15176.417
15406.783
15416.35
14961.65
16056.217
16092.25
15885.884
16251.384
16423.217
17159.783
16413.616
16150.917
16772.95
16328.184
16699.75
15747.316
16108.884
16878.584
16452.217
16613.916
16624.816
16194.116
16424.083
16890.184
17518.416
17270.85
17203.018
17414.916
17209.949
17662.449
18149.949
17665.25
17608.883
17191.717
17214.816
16675.85
17132.217
16748.982
17103.416
16439.982
15970.816
16219.85
16132.217
15828.517
16413.017
15955.65
16080.017
16202.05
16106.55
16306.384
16113.15
16634.65
17151.551
17555.783
16661.616
16774.184
16810.617
16222.917
17110.35
16718.051
17299.883
17266.916
17661.551
17664.184
17788.949
18084.982
17478.018
17029.184
18766.883
18114.051
18038.949
18290.051
18505.551
17253.316
17993.15
17229.184
18263.482
17954.85
17207.482
17794.717
18284.15
18042.717
18137.35
19127.65
18551.816
17918.518
17663.416
17438.383
17292.883
17877.717
18627.217
18492.316
19207.551
19387.518
19756.15
19272.051
19267.15
19706.117
19472.551
19446.518
19477.551
19596.25
20032.684
19629.982
20333.283
20093.783
20200.35
20660.184
20463.883
20419.051
19996.018
20102.916
20441.883
19979.518
19887.75
19626.717
20384.15
20060.916
21140.684
20382.717
19973.084
20477.383
20621.482
21379.383
21454.15
21597.783
20977.684
21205.051
20675.018
20817.383
20575.084
21038.25
21219.684
23107.383
21306.883
22292.316
22577.35
22807.85
22267.35
23630.051
23010.15
23391.982
24188.949
24869.518
23655.482
24208.449
23658.35
23926.982
25687.75
24082.518
24269.416
23378.184
23325.35
23488.717
24160.949
24000.717
24546.35
25342.518
24735.35
25551.85
26266.551
26969.383
26981.35
27171.982
28012.416
28695.783
28027.949
26548.65
27480.084
27656.85
26866.15
27470.449
28062.416
28109.051
27935.816
28385.316
29052.75
28317.383
29868.883
30633.584
30146.949
29549.584
30692.551
30553.117
30608.816
30273.85
30710.283
30866.051
30608.35
30689.982
30268.482
30564.449
31449.883
32290.518
32655.482
33042.984
34537.484
34807.715
34206.082
34914.648
34895.215
34632.918
34711.75
33697.715
34700.352
33820.918
33770.75
35487.918
36063.883
36385.25
36408.816
36636.918
37446.883
36499.383
36776.883
36224.918
36540.883
36803.117
36254.082
37012.918
37744.949
38159.582
38266.816
38465.383
38890.949
38905.516
38304.816
38637.516
38439.75
38564.449
37933.816
38539.051
38697.352
38861.383
39293.484
38806.117
38627.75
38785.918
38864.484
38974.785
39003.75
39375.918
39111.418
39281.383
39520.75
39275.383
38051.418
37474.852
35731.285
34322.984
33336.082
32938.785
32870.018
33380.316
33322.816
34742.449
36436.148
37025.516
37671.617
37841.785
38098.883
39015.117
40031.148
39635.184
40368.484
40309.383
39940.016
39159.25
38819.082
39064.852
39720.148
40085.316
40545.816
41229.984
42160.016
42738.918
42920.484
42944.918
42213.082
42004.918
41542.352
41796.25
41859.082
41869.785
41844.148
41064.383
40656.816
40431.582
39817.016
39852.785
40261.484
40009.852
41525.617
41790.25
42139.617
42857.449
43067.418
42118.715
42348.617
41848.785
41918.215
42281.051
42695.684
43140.516
44208.148
44079.648
44676.016
44141.316
44088.016
43702.449
42897.148
43058.25
43057.215
43212.051
42951.949
43199.316
43841.816
44119.117
43675.016
43767.852
44864.082
44299.852
44779.949
44026.918
44628.148
44045.984
43079.082
42502.852
42124.148
42091.918
42294.883
42613.918
43128.949
44301.316
44032.551
44905.648
44359.148
44343.648
44181.684
43631.051
43282.484
42852.383
42131.285
42341.648
42328.352
42021.852
42271.883
42297.25
41989.883
42079.516
41938.75
42069.25
42586.484
43059.117
42979.551
43573.785
44290.75
44496.383
44497.883
44829.785
44542.816
44495.25
43745.75
43279.852
42693.617
42993.785
43457.949
43141.918
43987.418
44380.316
44960.285
45262.984
45264.75
45152.715
46140.016
46447.516
47000.215
47127.918
46781.215
46606.852
46318.949
46253.918
45588.215
45285.051
45495.082
45437.785
45160.816
45030.449
44054.551
44645.785
44241.75
44702.852
44527.215
45495.316
46016.215
46726.715
47104.883
47427.852
46364.816
46493.648
45901.816
45962.051
46253.418
45945.984
45866.484
45545.852
45949.684
46323.516
46321.418
46544.918
46578.418
47113.25
47614.75
48432.184
47590.148
47407.984
46722.148
46689.715
45941.75
45921.316
45766.215
45535.383
46186.949
46354.785
44425.816
45671.785
45610.883
45213.184
45445.484
45107.516
45038.551
45307.383
45866.215
46218.051
46224.883
46134.984
46371.082
47146.984
47216.617
47549.648
47175.617
46604.449
45172.551
43531.582
42630.285
41025.852
39275.418
38785.648
39488.418
40626.582
43070.75
43738.852
43060.215
43193.648
43346.418
42788.984
43216.551
42629.316
42131.551
43094.25
44424.285
45425.516
45297.352
45791.984
45948.617
46483.852
47349.551
46783.383
46658.016
46742.648
45881.016
46438.852
46880.352
46964.984
46765.949
47667.918
48152.75
48083.051
48225.816
47357.051
47305.215
46903.648
47124.816
46810.316
46033.285
45820.25
45329.949
46419.316
47219.148
47998.383
47727.418
48438.383
49313.418
49728.184
49104.551
48674.25
49037.484
48388.051
48224.75
47542.051
48217.883
48828.051
48306.551
47963.516
47548.352
46374.785
45710.684
44051.184
42822.883
42376.051
42420.082
42931.715
43482.816
44776.785
45042.285
46409.516
46730.883
46779.184
47496.949
47729.785
48232.816
48416.316
48539.75
49100.184
49990.285
49235.852
48858.75
48037.984
47865.883
47686.582
47530.75
47570.449
47641.082
48338.184
49410.352
49409.918
49490.484
49482.316
49344.816
49076.383
49005.883
49014.715
47844.617
47217.648
46797.484
46090.648
45253.75
44691.117
45087.215
45354.648
45902.816
46375.918
47074.551
47193.648
46964.75
46770.117
46960.082
46611.184
46167.352
46312.316
46827.816
47334.785
47542.551
47579.715
48110.75
48742.25
48689.551
48736.051
48459.484
48269.918
47613.684
46721.117
46379.75
45466.852
44409.082
45728.051
45609.352
45993.918
46135.949
46870.051
46955.684
47372.383
46771.484
46859.117
47189.684
46704.715
46493.617
46291.516
46244.352
45875.25
45136.883
44645.582
44851.148
44867.785
44384.684
43688.582
44018.352
43870.449
43589.484
43570.449
43865.285
44155.984
44397.285
44931.449
45109.215
45505.582
45243.215
45097.051
45540.816
45453.715
44208.418
44950.785
44518.684
44562.051
44812.816
44090.516
44248.816
45180.449
45324.352
45779.449
45637.684
45764.918
45753.352
45398.852
45896.816
45330.516
44759.285
44723.449
45084.484
45488.316
45738.684
44879.582
45090.215
44966.852
44532.418
44863.918
44990.75
44853.316
44627.148
44836.117
44500.816
44690.582
44089.016
43785.852
43656.148
43641.316
43880.418
43389.449
44304.684
44567.984
45140.215
44464.715
44632.016
44643.785
44897.816
44754.383
44568.883
44730.449
44742.016
44473.918
44446.016
44535.449
44140.684
43673.785
44059.148
44203.383
44328.285
44256.449
44520.949
44482.316
44400.352
44802.582
44850.551
45047.383
44199.816
43789.25
44018.352
43416.117
43484.484
43223.117
43854.016
44351.25
44203.883
44042.449
44381.949
44333.582
44621.883
44444.715
44557.148
44891.051
44689.215
44573.383
44839.684
44868.051
44737.684
44597.715
43876.684
44107.648
43283.75
43533.852
43571.418
43404.516
43095.617
43228.117
43172.148
43135.785
43143.816
43548.715
43253.082
43805.715
43555.148
43504.449
42900.684
42488.582
42094.082
42257.184
41882.285
41900.648
41582.75
42203.316
42375.148
42450.918
42244.949
41916.984
43000.949
43271.918
43546.75
43613.316
44233.285
44366.25
43661.684
43501.316
43294.816
43275.051
42437.418
42547.383
42754.352
42799.852
43154.816
43082.516
43571.215
43497.516
43631.215
43310.785
43568.551
43267.715
42991.551
42439.117
43071.883
43135.715
42304.617
43290.383
42821.949
43189.449
43406.75
42836.383
43126.617
42714.582
41953.016
41441.184
41896.082
41680.449
41375.082
41805.184
41830.215
42898.516
42608.949
43315.582
43529.816
43212.785
43146.684
43492.117
43881.949
43297.449
42739.883
42457.051
42431.551
41931.648
41709.551
41619.117
42294.684
42344.852
42299.285
42229.117
42908.352
42936.984
42491.285
42323.785
42286.285
41849.785
41150.148
40629.715
40687.148
40651.785
40269.949
40588.852
40925.883
41537.051
41819.082
41981.648
42322.215
42525.648
42916.883
42872.984
42963.551
42797.715
42629.684
43093.582
42498.949
42957.117
42607.016
42192.316
42763.949
42707.918
42820.484
42474.984
42316.816
42204.25
42204.484
41560.715
41788.016
41440.715
41237.082
41589.184
41188.949
41059.648
40992.816
40877.715
41702.418
41989.184
41117.082
41263.984
41865.352
41725.051
41638.148
42113.449
41639.352
41351.984
41180.484
40372.984
40871.418
40021.25
40254.082
40104.449
40064.215
40642.051
40445.949
40755.648
40608.949
40580.051
40930.684
40848.449
41171.352
41086.051
40680.148
40672.117
40853.418
41000.117
40175.285
40556.516
40751.285
40703.648
40068.352
40575.051
41285.75
40858.582
40592.082
41405.852
41474.016
41355.648
41044.215
40621.449
41197.484
40724.984
40915.016
40884.316
40563.418
40777.383
40635.684
40413.648
40719.617
40468.383
39782.215
39961.516
40235.418
40047.852
39399.285
39393.316
39089.75
38963.051
38759.617
38343.648
38942.684
38971.051
38636.352
39580.516
39480.285
39747.582
39670.816
39434.582
39957.684
39738.715
39370.684
38923.383
39358.418
39502.051
38724.285
37866.516
37094.215
36381.582
35850.016
35134.648
34756.418
34169.516
33681.617
34906.25
35502.285
35575.582
36137.285
36856.852
38011.551
37763.449
38188.883
37992.383
37935.949
38142.184
37734.75
37527.852
37690.816
37645.051
37314.352
37324.316
37523.816
37719.984
37456.016
37200.117
37620.816
37329.984
37367.148
37250.984
37626.816
37571.184
37222.617
37763.516
37623.684
37457.184
37078.148
36747.715
36812.617
36717.648
36659.418
36792.316
36588.082
36955.785
37019.418
36836.449
36983.148
37525.25
37205.148
36891.383
37238.883
37373.918
37162.551
37341.051
37285.75
36802.648
36633.016
36556.852
36792.484
36582.648
35819.285
36257.117
36109.949
36361.051
36202.352
36017.449
36131.418
36298.051
36570.418
36161.918
36322.082
36593.316
36003.949
36265.516
36252.285
36140.383
35595.285
35702.918
35640.617
35645.184
35751.75
35657.984
35578.148
35529.918
34889.148
35237.316
35037.551
35300.117
34841.352
35202.383
35825.016
35441.648
35888.352
35856.715
35773.816
36172.117
35994.551
35973.117
36023.016
35925.582
36032.082
35911.582
36125.883
35744.051
36042.418
35775.051
36221.617
35552.648
35688.816
35471.051
35660.215
35822.25
35383.285
35161.648
35222.215
35308.25
35235.617
35361.051
35472.75
35539.516
35481.418
35427.184
35318.75
34969.383
34499.75
34426.383
34627.352
34116.984
33810.352
33934.383
34348.484
34289.715
33856.684
33867.316
34220.016
34033.984
33739.148
33456.051
33730.551
33581.449
33077.215
32641.648
33005.352
33066.518
33044.15
33318.918
33244.816
33212.051
32616.949
32816.117
32437.217
32341.117
31576.416
31406.383
31455.35
31013.518
30960.684
30292.85
30651.018
30308.316
29719.15
28915.117
28846.816
28925.85
28759.084
28136.584
28394.416
28329.982
28601.283
28716.65
29268.684
29673.051
30558.084
31274.916
31452.617
31571.316
31627.35
31870.25
31690.883
31350.184
31421.617
31144.584
31403.617
31169.449
31492.35
31559.051
31884.15
31806.783
32028.816
31975.982
32380.35
32235.916
32050.883
32300.982
32587.816
32350.449
32070.617
31827.117
32153.75
32059.184
31791.949
31715.783
31840.416
31908.316
32263.283
31522.117
32016.949
31970.717
32051.617
31885.584
32138.283
31907.518
31521.684
31524.717
31595.75
31780.518
31101.883
30979.982
31183.551
30929.316
30850.949
31045.184
31126.684
30848.449
30767.75
30482.518
30407.35
30469.117
30554.617
30498.916
30512.217
30427.783
30431.551
30374.916
30185.35
30163.85
29946.617
29416.65
29806.217
29393.25
29512.883
29474.717
29619.084
29368.184
29513.084
29469.982
29525.949
29857.783
29634.283
29976.184
29807.684
29992.783
29791.816
29275.85
29442.883
29256.65
29088.018
29279.184
29166.75
29153.518
29136.283
29078.383
29495.949
30016.449
29512.551
30029.117
30224.217
29984.65
30072.617
29771.916
30029.949
30151.916
30340.35
30484.316
30558.816
30963.783
30836.018
31285.117
31579.75
31865.717
31387.816
31237.783
31528.283
32106.518
31925.35
32392.449
32571.617
33003.184
32737.416
32882.383
32733.018
32504.85
31671.283
30664.449
30084.949
29835.518
29436.617
29161.85
28928.084
28936.449
28824.949
28721.717
28934.15
28835.717
28838.217
28812.383
29167.416
28927.316
28755.084
28426.449
28416.15
28608.717
28181.617
28508.982
28306.949
28615.717
28609.75
28670.982
28766.416
29007.783
28590.15
28757.518
29102.816
28849.449
28317.949
28637.051
29056.283
28825.184
28430.35
28685.717
28991.482
28384.117
28809.084
28092.584
28440.949
28104.783
27865.35
28075.85
27905.75
27960.584
27710.084
27216.982
27911.018
27995.383
27610.482
27613.25
27823.551
27609.65
27982.816
27439.717
27616.684
27630.982
27780.416
27769.316
27912.416
27637.85
27760.018
27946.449
28146.75
27717.916
27291.283
27322.916
27573.416
27701.584
27404.217
27561.383
27420.75
27629.117
27377.482
27382.184
27430.084
27361.916
26924.018
26686.717
27353.15
27093.584
26664.15
26552.584
26971.084
26585.85
26587.482
26700.85
26987.217
26639.783
25742.482
26481.982
26877.617
26513.383
26480.816
26049.051
26356.816
26442.85
26681.283
26659.383
26514.551
26194.117
26293.15
26203.916
25618.551
25466.051
24909.482
25196.518
24695.816
25127.65
24656.018
24782.783
26119.084
25919.518
25844.949
26484.184
26278.283
26365.518
25893.15
25719.518
25528.084
25573.184
25319.084
25336.25
25470.217
25458.717
25061.217
25269.184
25930.15
25482.25
24918.617
25268.051
25514.217
25625.982
25285.15
25398.717
25534.283
25200.85
24873.482
24526.051
24913.217
24457.717
24413.883
24007.518
24007.482
23990.584
23342.35
22917.449
22731.482
21323.518
20526.084
19700.449
19826.883
19854.783
19961.482
20216.117
21029.217
21921.051
22399.15
22465.25
22691.883
23320.982
23801.283
23692.316
23355.684
23821.518
23728.617
23818.85
23830.617
23414.916
23114.883
22980.717
23421.018
23284.051
22858.416
23533.916
23439.084
23663.316
23751.35
23633.184
23751.217
23689.717
23446.018
23596.184
23641.949
23869.85
23387.816
23394.051
23856.75
23898.85
23776.75
23852.25
23979.75
23924.85
23850.883
23341.65
23818.617
23774.383
23401.684
23216.717
23433.084
23612.717
23396.684
22974.783
23177.283
23534.65
22922.283
23554.85
23680.018
23658.051
24077.35
23808.982
23906.482
23878.518
23660.551
23789.25
23720.416
23651.383
23288.617
23366.117
23408.883
23477.25
23353.75
23464.383
23640.883
23703.316
23361.217
23164.717
23450.949
23326.316
23516.617
23032.584
23584.283
23394.65
23604.416
23548.383
23682.15
23604.383
23126.283
22879.25
23389.551
23239.916
23459.416
23042.982
22994.15
23049.316
22953.15
23321.25
23063.816
23032.449
22439.684
22516.85
22587.949
22865.916
21987.35
22289.051
22495.75
22460.518
22259.018
22063.117
22552.617
22453.584
22231.883
22368.916
22424.35
22611.449
21945.217
22136.717
22628.482
22652.051
22301.684
22167.316
22282.15
22465.449
22094.482
22063.383
22235.018
22139.717
21579.018
21883.584
21886.084
21709.916
21664.15
21816.85
21505.283
22255.117
21578.35
21520.65
21566.883
21611.717
21520.217
20938.916
21430.949
21514.85
21204.75
20919.982
21382.816
21249.184
21144.416
20652.449
21219.35
21170.518
21081.551
21142.25
20739.883
21017.184
20868.684
20420.916
20726.883
20538.316
20563.684
20036.518
20449.617
20386.584
19773.416
19383.117
20176.217
19961.051
19764.617
19645.916
19892.482
19808.85
19478.551
19342.916
20027.217
19744.518
19549.617
19407.717
19864.551
19450.717
19274.816
19159.65
19783.35
19567.982
19309.416
19267.051
19442.883
19157.85
18767.949
18395.383
18886.883
18965.982
18895.15
19186.85
19334.949
19207.316
18619.551
19265.449
19046.949
18936.051
18871.416
18801.982
18730.75
18874.982
18359.949
18336.518
17679.617
16935.584
16167.55
15414.717
14977.15
14857.116
14779.816
14762.517
15702.017
16219.717
16453.616
16895.982
17248.617
17266.916
17377.217
17268.25
17424.35
16867.184
16869.283
16155.25
17184.35
17106.85
16892.018
16814.316
17257.617
17465.383
17626.15
17345.783
17758.684
17961.184
17590.482
17696.051
18065.35
18087.316
18056.084
18212.584
18322.15
18292.25
18058.15
17707.65
18597.883
18365.316
18325.883
17932.85
18604.949
18756.717
18506.217
18737.383
18743.416
18272.518
18469.883
18125.584
18710.684
18541.383
18478.482
18397.85
18403.617
18661.316
18175.084
18760.584
18727.35
18792.916
18762.949
18344.85
19037.684
19006.051
18599.75
18747.783
19418.15
19142.051
18893.482
19419.25
19639.617
19258.117
19007.684
19143.25
18774.551
18924.916
18428.75
18600.85
18895.084
18816.316
18825.75
19306.916
18887.416
19088.518
18472.217
18299.916
19181.816
19027.65
18847.217
18970.518
18795.949
18901.184
18980.816
18697.982
18739.482
18711.25
18637.883
18589.184
18762.883
18484.85
18517.084
18414.65
18774.949
18485.717
18638.018
18571.65
19017.15
18601.449
18625.75
18559.85
18805.018
19074.383
19022.949
18898.383
18829.15
18698.65
18603.35
18833.717
18973.684
19126.449
19124.617
18722.25
19352.949
19189.916
19119.35
18645.383
19163.883
19110.518
18856.949
18740.717
18849.416
18998.518
19137.084
19013.518
19124.551
18804.518
18921.617
19106.25
18814.816
18926.783
18806.551
18675.449
18780.283
18910.717
18665.35
18570.117
18690.949
18954.25
17990.949
18756.518
18789.883
18708.383
17989.551
18392.584
18666.15
18791.783
18631.75
18690.051
18612.15
18791.717
18516.283
18389.584
18781.416
18528.85
18582.482
18259.051
18506.283
18510.65
18209.551
18127.449
18450.551
18041.383
18020.617
17843.916
18222.617
18055.85
17723.482
18031.184
18033.416
17734.717
17909.15
18050.916
17879.684
17859.982
17608.684
17621.783
17935.75
17616.584
17736.018
17419.717
17485.482
17515.518
17412.75
17493.783
17305.75
17234.449
17184.883
17170.916
17368.551
17322.316
17312.684
16352.783
16683.949
16594.45
16421.884
15839.583
15762.95
15852.116
15435.95
14837.45
15368.684
15252.05
14400.684
14803.783
14688.95
14337.316
14488.083
13900.05
14063.884
13885.783
13611.483
13745.65
13986.483
13845.384
14000.417
12796.717
13557.217
13645.316
13180.55
13461.917
13710.684
13777.384
13514.55
13900.783
14121.483
14150.517
14342.017
14758.717
14712.816
14569.45
14643.15
14413.184
14421.684
14609.983
14569.816
14044.783
14460.75
14279.717
13985.15
13409.983
13759.816
13549.85
13238.15
13144.116
13010.35
13089.917
12914.483
12791.316
13172.417
13179.65
13031.15
13032.917
13143.75
12984.983
12894.55
12800.316
13269.95
13047.45
12698.283
13151.184
13512.95
13311.983
13009.95
13140.583
13123.017
13168.25
13126.483
13001.983
13060.816
12815.05
12253.816
12812.25
12674.217
12801.983
12941.95
12431.983
12955.816
12803.717
12075.75
12398.983
12603.483
12487.717
12518.616
12760.917
12914.55
12864.717
13075.35
12985.583
13107.283
12944.85
12850.017
12613.717
12835.884
12920.65
12611.55
12658.25
12875.483
12862.25
12605.35
13064.917
13095.55
13240.384
12822.55
13034.45
13120.417
13079.85
13301.083
12612.25
13115.15
12973.983
13170.283
12788.184
13439.217
13165.316
13328.35
12949.45
13483.616
13389.517
13075.017
12866.65
13117.483
12872.316
12799.55
13021.917
12928.684
12787.25
12457.55
12436.184
12718.616
12878.917
12710.55
12880.05
12857.017
12671.45
12480.017
12699.184
12772.816
12634.517
12946.684
12306.25
12609.417
12915.116
12845.417
12557.05
12571.884
12142.983
11835.15
12309.25
12215.483
12272.583
11490.083
12034.65
12313.217
12188.05
11884.95
12221.384
12440.35
12015.717
12186.616
12046.85
12246.483
11892.517
11671.616
11623.25
11958.35
11918.65
11474.083
11773.717
11747.55
11888.65
11705.15
11762.717
11849.75
11679.65
11499.55
11739.65
11875.95
11779.384
11653.816
11973.184
11693.283
11814.25
11733.417
11541.116
11686.884
11680.85
11511.417
11374.65
11441.483
11510.517
11213.95
11095.184
11584.55
11580.45
11287.55
11341.116
11578.35
11595.116
11180.884
11209.45
11424.35
11207.184
11006.417
11413.45
11371.483
11162.517
11383.35
11154.184
11213.616
11149.25
10894.884
10506.05
11207.684
10849.717
11065.017
10889.65
11032.884
10825.05
10789.283
10601.717
10944.417
10841.05
10729.35
10454.65
10732.483
10758.384
10567.684
10538.85
10804.55
10793.45
10272.55
10423.25
10726.55
10677.917
10005.283
10181.583
10584.684
10540.384
10456.15
10107.316
10677.75
10539.384
10488.816
10201.25
10378.75
10209.25
10030.417
10238.05
10391.483
10181.917
10012.95
10066.184
10505.55
10513.316
10262.884
9994.45
10105.816
10240.65
10075.95
9870.917
10228.083
10127.517
10096.684
9771.717
9964.95
10066.65
10020.684
9840.25
10026.017
9854.05
10253.217
9558.184
9998.816
9934.05
9704.483
9288.583
9957.017
9913.45
9944.35
9630.316
9738.417
9581.316
9691.75
9818.85
10073.15
9291.85
9584.95
9382.316
9642.15
9056.45
8590.483
7941.25
7703.883
6857.25
6025.15
5400.25
4756.35
3999.85
3608.55
2937.25
3227.683
3148.45
2868.75
3080.783
3978.15
4199.5830000000005
4208.283
5205.45
5755.817
6061.45
6380.617
5702.85
6469.617
6058.05
5908.683
5554.917
5338.15
5397.917
5102.35
4860.117
5265.883
5338.717
5306.883
5085.917
5844.15
5625.783
5680.417
6287.65
6357.617
6589.85
6262.683
6768.85
6916.95
6923.517
6926.75
7175.05
7457.217
7502.45
7039.483
7304.783
7852.483
7897.05
7453.817
7957.317
8215.417000000001
8356.917000000001
8260.817
8301.384
8751.684
8742.65
8146.75
8272.583
8964.75
9056.25
8863.35
8604.983
9109.417
8943.517
8765.684
8742.983
9239.417
9008.583
8171.884
9016.85
9170.283
9265.583
8909.217
8719.384
9193.017
9139.783
8943.283
8821.184
8989.75
9112.25
8684.55
8523.184
9435.55
9023.65
8825.55
8844.116
9158.483
9057.517
8949.083
8894.316
9122.616
9076.783
8905.684
8848.983
9183.483
9118.45
8976.95
8892.783
9223.684
9147.316
8562.017
8792.45
9103.417
9018.05
8642.417
8587.25
8985.417
8832.384
8926.35
8677.783
8910.75
9048.783
8750.283
8295.717
9068.017
8938.184
8974.417
8785.85
9255.217
9002.583
8796.884
8593.184
9063.083
8844.783
8440.483
8308.85
8914.35
8844.45
8851.283
8250.25
8975.55
8834.116
8679.35
8786.316
8954.15
8903.25
8718.283
8648.517
9159.884
8945.983
8115.35
8496.384
9057.75
8806.116
8787.55
8639.85
9039.417
8906.983
8476.017
8278.783
8863.35
8685.116
8672.15
8528.717
8867.417
8855.65
8698.283
8205.583
8912.217
8825.316
8492.417
8168.65
8755.816
8878.184
8563.283
8506.65
8839.95
8474.85
8422.95
8549.25
8550.75
8480.983
8362.816
8174.384
8742.616
8568.583
8192.017
8108.384
8618.083
8722.316
8041.483
8136.450000000001
8575.883
8519.25
8556.817
8304.183
8516.817
8433.85
8385.883
8058.183
8719.35
8438.717
8210.75
8156.65
8519.617
8447.717
8242.55
7770.05
8386.883
8325.05
8232.617
7698.517
8490.95
8283.717
7780.75
8221.65
8287.617
8196.317
7787.483
7864.05
8048.283
8164.183
7918.75
7883.983
8168.75
7937.717
7929.417
7703.25
8019.217
8050.383
7556.483
7522.317
8029.75
7983.717
7663.817
7628.383
7688.083
7851.783
7433.017
7575.05
7641.35
7696.317
7514.483
7285.717
7862.55
7693.05
7311.083
7000.45
7568.55
7749.183
7528.35
7224.65
7576.15
7525.183
6842.017
7259.05
7692.617
7330.983
7154.15
7211.717
7451.75
7484.583
7105.683
6978.983
7365.083
7486.717
7320.15
7201.583
7528.817
7317.65
7034.283
6784.717
7400.283
7197.717
7456.283
6959.983
7432.883
7377.717
6848.75
6917.25
7386.483
7216.45
7016.617
7096.583
7358.083
7288.917
6863.483
6819.517
7425.417
7172.783
7018.417
7042.183
7299.483
7150.983
6719.083
6600.983
6968.883
6948.117
6433.417
6553.983
7027.283
6866.05
7043.683
6694.25
7075.283
6918.783
7132.083
6739.317
6974.35
6867.517
6528.55
6503.583
6959.083
6856.583
6364.217
5846.317
6798.017
6843.583
6384.483
6558.917
6808.417
6586.917
6450.883
6401.05
6775.617
6575.383
6379.35
6037.717
6605.217
6679.85
5957.017
6102.85
6676.817
6450.65
6221.617
5996.917
6588.617
6560.983
6481.017
6057.783
6637.083
6563.783
6481.417
6365.383
6575.083
6442.65
5212.017
5697.85
6472.15
6533.85
6132.217
5893.05
6415.083
6536.05
5866.283
5861.983
6300.483
6265.183
5792.083
5835.05
6308.283
6288.85
5639.75
5623.45
6188.15
6136.983
5870.35
5880.65
6114.35
6028.45
5607.017
6009.917
6124.617
6105.383
5590.35
5817.45
6210.017
5971.85
5529.75
5448.05
6016.883
6029.85
5878.15
5308.983
6106.217
5973.65
5309.617
5417.183
