281.5
64.917
-126.5
159.38299999999998
445.7
134.183
208.9
237.917
237.833
257.65
124.3
-162.483
211.1
215.38299999999998
27.433000000000007
-35.016999999999996
360.567
-1.2169999999999987
64.167
365.91700000000003
425.633
182.917
464.3
152.85
290.033
203.317
227.96699999999998
-128.61700000000002
199.9
199.65
329.767
32.849999999999994
282.633
204.38299999999998
236.7
22.516999999999996
563.633
473.517
96.167
-66.817
252.9
139.317
-8.832999999999998
188.85
197.167
244.917
151.567
242.11700000000002
217.167
250.11700000000002
-33.43300000000001
46.117000000000004
620.567
284.383
-16.433000000000007
-262.283
433.1
436.117
37.900000000000006
43.783
380.9
440.45
392.967
232.85
420.367
369.91700000000003
161.233
313.783
401.767
391.983
332.3
-133.683
452.433
286.983
42.833
75.65
377.83299999999997
192.183
141.433
79.85
296.16700000000003
500.05
210.5
64.383
241.233
346.58299999999997
34.367000000000004
8.25
242.1
203.05
499.5
-3.1500000000000057
194.36700000000002
219.917
345.9
-68.017
201.1
248.05
195.233
89.917
413.5
360.85
-232.03300000000002
24.516999999999996
405.9
308.65
221.9
214.317
476.433
290.117
-1.2999999999999972
271.85
103.567
318.183
246.9
280.317
414.033
276.65
555.433
-237.417
332.367
373.317
111.7
355.91700000000003
385.033
452.383
261.1
108.117
351.433
237.78300000000002
-69.767
108.183
339.233
305.85
130.567
3.7830000000000013
426.7
440.117
59.3
-237.95
344.83299999999997
306.983
91.7
134.317
279.367
420.85
339.567
46.45
295.16700000000003
327.05
-277.9
-131.95
299.767
206.45
175.1
-10.882999999999996
337.767
273.717
47.900000000000006
217.183
399.567
296.983
247.833
-108.483
457.1
409.383
431.3
156.583
491.83299999999997
277.45
158.7
339.05
414.83299999999997
85.05
372.367
-164.35
130.567
227.11700000000002
5.033000000000001
359.117
587.833
420.717
167.233
-87.15
496.633
153.71699999999998
456.567
23.516999999999996
389.633
359.65
325.7
381.45
530.767
352.983
426.433
307.05
334.767
224.11700000000002
391.367
-351.15
382.367
348.317
171.833
139.983
136.7
325.317
474.433
181.05
244.433
305.317
122.367
-196.017
278.5
386.25
469.7
193.983
390.433
306.717
44.099999999999994
-314.35
444.83299999999997
246.71699999999998
-59.167
18.917
261.3
188.25
-1000.567
-108.017
123.233
268.58299999999997
237.367
-63.349999999999994
568.1
408.183
260.83299999999997
64.25
273.1
229.583
-114.3
430.317
526.233
278.25
-190.5
33.31699999999999
314.433
324.383
-110.7
350.117
379.433
262.25
404.033
344.317
328.033
408.983
244.233
180.25
374.9
249.85
405.567
20.382999999999996
406.567
434.05
330.233
-69.55
224.5
314.317
85.367
-279.08299999999997
377.967
344.117
260.83299999999997
-121.75
355.1
338.25
222.1
83.517
367.5
355.65
-154.36700000000002
197.05
339.367
71.783
-137.5
168.583
267.16700000000003
212.71699999999998
318.433
167.78300000000002
266.233
525.317
91.3
167.85
381.9
531.583
395.367
162.45
233.567
274.983
99.3
500.45
357.433
219.65
-146.03300000000002
111.583
210.9
281.983
265.967
-7.75
554.9
557.983
43.900000000000006
290.983
375.16700000000003
364.317
235.03300000000002
105.65
342.83299999999997
399.25
89.433
138.71699999999998
302.567
342.45
186.167
306.117
479.5
440.317
418.3
119.517
580.9
190.183
406.033
-126.81700000000001
396.767
206.983
-70.36699999999999
306.11699999999996
364.233
232.183
574.633
417.58299999999997
407.567
301.38300000000004
665.767
114.05000000000001
409.1
319.91700000000003
-7.032999999999987
305.91700000000003
663.167
452.45
579.833
-5.217000000000013
478.63300000000004
407.91700000000003
437.16700000000003
235.183
386.9
561.983
-7.63300000000001
268.91700000000003
649.9
376.783
187.633
214.383
391.5
394.58299999999997
549.833
220.25
689.1
581.583
727.1
490.38300000000004
744.833
557.9169999999999
287.033
391.05
442.7
664.717
837.1
254.58300000000003
777.1
636.983
598.433
734.517
662.3
557.717
410.233
698.783
543.967
809.65
177.36700000000002
345.717
614.7
608.9169999999999
618.767
464.117
948.9
621.983
767.5
603.117
745.633
708.9169999999999
747.9
369.383
1070.833
522.383
628.7
559.5830000000001
905.1669999999999
585.983
760.967
659.05
670.9
936.65
847.233
734.85
696.3
940.983
716.833
505.45
1009.033
790.5830000000001
688.633
634.917
635.9
735.183
847.767
732.183
947.767
840.983
622.1
584.317
748.567
861.917
758.967
630.117
979.233
546.85
808.9
535.317
742.433
641.05
811.367
916.583
793.9
531.917
834.433
1023.05
514.7
934.45
770.7
819.25
848.967
815.917
675.1
1045.117
1221.767
749.783
750.233
1347.183
972.767
1196.983
566.9
761.717
1242.233
1071.983
1209.767
1292.45
824.367
795.5830000000001
928.5
891.05
1436.033
1258.717
733.567
1188.983
1089.367
1315.317
1327.9
1164.917
1074.167
1406.183
685.0999999999999
968.117
1105.033
1263.517
1596.767
1538.517
1480.367
1423.983
1235.1
1335.65
1349.5
1251.117
875.9670000000001
1097.983
1435.033
1252.05
1508.033
1065.45
1571.767
1481.583
1575.233
1393.117
1536.3
1456.65
1063.767
1515.383
1387.633
1296.717
1227.633
1369.183
1343.767
1465.05
1376.833
1137.783
1477.233
1248.983
1224.433
1097.183
1569.433
1470.583
1430.3
1490.05
1593.9
1347.45
1315.767
1213.183
1472.833
1510.783
1379.633
1137.05
1615.3
1360.783
1401.1
1391.317
1546.367
1424.317
925.9670000000001
1350.717
1445.433
1525.583
1549.367
1712.25
1851.167
1659.05
1679.833
1666.983
1801.1
1849.25
1716.367
1794.05
1773.167
1800.65
1967.967
1816.583
2188.3
1657.45
1234.033
1486.317
1700.9
1992.383
1709.3
1808.05
2171.033
1975.317
1899.033
1835.383
2053.167
2115.65
2144.833
1869.783
2228.5
1918.517
1789.1
1689.383
1712.233
1658.517
1940.3
1313.383
1704.833
1832.983
2064.1
1712.25
2041.3
1943.783
2134.833
1932.983
2007.633
2100.183
2067.5
1959.317
2283.367
1861.317
2406.1
2145.85
2154.833
2075.717
1993.433
2180.85
2406.433
1799.85
1899.433
2207.983
2466.833
2181.317
2245.833
1999.717
2080.033
1958.25
2053.167
2179.25
2155.967
2474.317
2739.833
2033.717
2617.9
2597.317
2469.1
2376.65
2426.833
2289.317
2262.367
2540.117
2469.5
2296.383
2076.033
2193.85
2128.3
2093.717
2422.167
2310.25
2483.233
2688.517
2522.167
2655.517
2863.3
2612.783
2933.033
2770.317
3110.567
2862.783
2696.833
2940.383
2954.233
2838.583
2642.367
2794.983
2613.967
2691.517
2578.633
2752.517
2721.433
2502.183
2177.1
2436.783
2374.167
2389.45
2220.767
2163.983
2415.767
2169.65
2098.3
1800.183
2414.7
1980.983
2325.833
2343.05
2540.367
3012.183
2822.367
3126.517
2972.5
3157.183
3286.833
2907.383
3078.5
3024.65
2744.1
2655.517
2939.567
2802.583
3050.7
2614.917
2893.633
2934.25
2901.167
3086.05
3042.167
3091.983
3255.5
3223.45
3251.5
3253.583
3163.633
2882.25
3212.5
3274.917
3112.167
3379.65
3466.5
3316.25
3192.833
2912.117
3419.367
3302.25
3623.7
3920.05
4013.633
4370.25
4367.433
4194.05
4151.967000000001
4081.983
4187.8330000000005
3781.783
4345.767
4023.45
4201.567
4093.983
4342.7
3838.05
3995.5
4137.25
3965.9
4026.45
3796.433
3535.783
4131.367
4238.5830000000005
4091.167
4297.917
4452.767
4461.317
4353.1
4090.45
4435.167
4359.717000000001
3851.967
4060.25
4025.1
4250.25
4145.3
4383.383
4559.433
4316.383
4166.1
3616.45
3908.9
4004.917
4051.167
3780.45
4210.767
3864.183
3887.1
3661.45
3580.433
3547.117
3458.1
3514.583
3573.033
3681.85
3453.633
3597.583
3345.367
3537.25
3664.3
3799.117
4088.233
4257.65
4363.433
4530.383
4317.967000000001
4410.45
3959.9
4500.517
4298.433
4302.783
4842.633
4542.05
5245.833
5266.85
5187.967
5399.183
6002.433
5480.117
5597.767
5064.517
5240.3
5136.183
4726.967
4455.917
4519.967
4370.583
4163.767
4290.383
4792.633
4406.383
4711.167
4757.85
5266.833
5250.05
5368.167
5088.383
4920.9
4782.983
4389.367
4257.782999999999
4325.8330000000005
3925.25
3772.7
3628.917
3687.5
3623.183
3032.967
3375.65
3377.1
3049.783
2715.9
3487.583
3561.233
3667.783
3999.767
3736.517
4556.233
4787.583
4894.3
4728.65
4794.767
4562.917
4202.833
4343.983
4261.233
4468.183
4438.433
4252.983
4855.233
4488.583
4672.633
4556.65
4748.033
4674.85
4605.5
4055.6499999999996
4657.233
4535.317
4671.767
4606.317
4510.967
4541.717
4602.233
4609.583
5311.1
5350.45
5353.167
5620.383
5773.1
5855.717
5820.633
5637.783
5978.567
5757.783
6147.3
5747.917
6235.833
6639.65
5946.167
6190.65
6279.567
6049.383
6015.3
5269.917
5144.033
4607.25
4317.633
3397.583
3232.5
2713.717
2534.1
2527.45
3077.233
3363.25
3718.767
4245.383
4622.833
4847.183
5167.7
5621.65
5912.367
6320.583
6183.9
6180.117
6335.633
5752.65
5649.9
5325.45
4942.3
4149.25
3830.767
3514.117
3500.433
3857.583
4041.433
4623.45
5500.767
5801.05
6020.833
6917.45
7167.3
7283.583
7715.767
7401.583
8132.3
8156.783
8558.433
8292.316
8239.567
8651.116
8413.3
8470.05
8638.033
8471.85
8723.233
8498.583
9171.7
9020.783
9096.167
8893.05
9375.3
9223.316
9067.634
9165.85
9683.767
9464.116
9417.167
9171.184
9357.366
8896.783
8933.833
9133.717
9177.634
9626.717
9351.967
9502.65
9542.033
9233.917
8947.7
8716.783
8918.167
9198.05
9355.366
9259.717
9299.5
9278.116
9211.167
9078.45
8969.967
8963.717
8815.1
8889.316
9335.566
9101.917
9331.967
8998.65
9131.5
9376.116
9140.767
9546.717
9716.033
9683.116
9819.634
9896.184
10008.366
10335.65
10582.167
10393.116
10339.1
10233.384
9575.9
9064.65
9224.767
9136.384
9068.5
8989.25
9315.566
9554.184
9680.167
10347.184
10262.167
10849.783
10815.366
10862.917
10823.366
11238.05
10614.033
10719.717
11158.767
10710.983
10730.7
10901.917
10856.967
10685.116
11291.566
10798.583
11117.5
11070.25
10979.1
10692.25
10950.9
10817.384
10830.833
10227.783
10917.7
10743.583
10723.767
10324.05
10706.7
11073.116
11292.167
10935.05
11224.767
11305.717
11082.1
11064.783
10983.833
9986.25
10415.233
10466.316
10546.7
10036.384
10682.5
10508.25
10568.767
10278.116
10230.366
10626.384
10766.366
10666.583
10765.5
10509.384
10283.9
10226.85
9637.1
9911.384
10641.366
10407.05
10543.033
10933.65
11241.5
11308.25
11521.9
11153.783
11264.033
11408.25
11346.033
10896.116
10670.833
10188.983
10369.233
9615.184
10293.9
10487.983
10143.3
10169.384
10991.9
10965.783
10373.033
10470.25
11272.366
11488.316
11163.033
10958.45
11067.833
11182.116
10872.7
10801.85
11064.1
10874.917
11140.7
11434.316
11147.167
11385.65
11666.233
10778.384
11057.434
10901.983
10503.3
10793.65
10057.1
10329.384
10363.434
11322.517
11244.5
11012.316
11063.634
10575.25
10845.9
10836.583
11168.767
10820.983
10625.566
10044.783
9872.5
9560.45
9192.5
9108.517
8464.9
8310.582999999999
8348.567
8307.85
8834.9
9249.517
10183.967
10846.583
11953.767
12130.384
13161.5
12354.85
11795.7
12255.25
12097.1
11908.85
12704.767
12804.384
13042.7
12856.45
12751.5
12129.85
11648.5
11304.983
11549.434
11491.783
12783.366
12217.85
12845.566
12892.05
13168.3
13237.25
12853.366
13572.116
13790.566
14393.983
14264.7
14402.717
14674.7
15042.05
13975.767
14192.85
13550.833
13915.983
13896.5
14305.05
13743.566
13508.983
13068.634
12860.184
13107.7
12797.85
11877.3
12773.116
12630.434
13472.316
13608.167
13667.05
14596.167
14168.05
13830.233
14133.05
14192.1
13957.85
13953.7
14170.384
14576.033
15026.583
15050.767
14728.05
14882.033
16537.583
15232.7
15314.384
15539.767
14922.25
15532.833
15483.517
16142.1
15539.583
14974.566
15300.783
15530.967
15387.384
14905.366
14793.45
15915.233
16380.05
15978.366
15325.45
15661.033
15484.316
15358.767
14488.717
15405.634
15263.517
14896.3
14203.184
14827.366
15081.316
15075.634
14690.05
15703.9
15724.384
15513.3
15896.65
16059.366
16828.051
16067.634
15796.45
16407.434
15979.983
16334.033
15425.45
15772.1
16499.65
16091.5
16218.184
16250.9
15793.85
16051.366
16491.717
17150.1
16875.916
16808.434
17002.982
16849.9
17298.65
17743.166
17288.25
17239.301
16828.85
16857.367
16297.583
16765.366
16368.917
16707.767
16051.917
15638.833
15879.983
15781.167
15464.717
16071.3
15575.25
15748.9
15816.783
15806.233
15879.717
15740.833
16261.116
16801.767
17170.518
16260.566
16365.916000000001
16426.1
15863.517
16718.633
16337.518
16893.301
16912.518
17312.566
17241.383
17443.5
17636.518
17078.434
16649.184
18319.9
17680.783
17629.033
17866.117
18110.033
16870.916
17578.566
16832.65
17860.633
17579.117
16822.367
17405.25
17909.9
17607.518
17698.566
18703.184
18094.1
17495.982
17290.232
17062.25
16914.166
17523.383
18233.5
18063.783
18778.033
18938.717
19305.5
18785.584
18881.5
19252.184
19051.633
19036.85
19032.166
19144.783
19576.768
19185.584
19901.301
19646.449
19775.5
20228.449
20054.1
19997.25
19493.967
19674.584
19927.633
19537.65
19429.166
19215.65
19920.301
19603.717
20670.232
19873.383
19504.033
20010.051
20151.367
20870.982
20943.768
21069.383
20481.834
20707.85
20184.166
20343.184
20090.367
20526.584
20711.834
22558.783
20826.5
21751.717
22090.434
22305.584
21738.5
23077.916
22489.166
22861.584
23596.232
24331.85
23098.768
23639.584
23085.9
23399.117
25079.967
23486.117
23695.9
22824.717
22782.633
22938.584
23586.633
23473.982
23937.301
24751.783
24167.967
24983.584
25626.967
26369.051
26355.033
26530.316
27311.834
28005.982
27348.566
25980.584
26832.967
27042.584
26233.301
26830.916
27429.1
27439.783
27261.232
27753.383
28398.434
27668.383
29204.5
29857.584
29535.566
28928.383
30025.301
29882.184
29919.166
29626.584
29976.633
30162.584
29921.434
29967.916
29522.967
29857.184
30767.166
31545.518
31962.033
32257.65
33721.168
33962.449
33370.832
34066.785
34093.699
33801.984
33876.102
32882.918
33863.5
33001.648
33016.102
34658.051
35239.633
35502.25
35611.832
35744.715
36571.035
35649.648
35921.699
35353.918
35661.566
35890.051
35339.965
36174.715
36873.633
37255.383
37388.035
37595.516
37975.234
38021.852
37422.301
37696.184
37561.5
37665.051
37009.633
37616.184
37738.699
37902.449
38333.766
37858.316
37686.965
37931.25
37962.965
38049.785
38069.633
38508.117
38168.367
38389.984
38619.367
38363.918
37238.898
36658.852
34934.566
33547.316
32548.768
32221.383
32170.9
32624.449
32605.633
33911.516
35590.633
36139.785
36740.434
36931.316
37210.832
38146.051
39120.301
38723.984
39407.633
39407.648
39104.434
38252.715
37904.566
38187.051
38796.699
39099.449
39610.102
40270.785
41199.434
41773.316
41852.234
41977.648
41148.898
41025.785
40522.367
40840.785
40880.699
40875.715
40871.234
40152.383
39682.566
39485.051
38883.898
38940.383
39282.832
39039.184
40544.102
40830.516
41093.035
41760.984
42022.898
41066.918
41332.301
40911.051
40948.699
41328.582
41652.965
42109.516
43172.168
43055.449
43648.566
43126.648
43112.766
42673.117
41870.102
42072.785
41974.766
42226.449
41977.965
42220.184
42846.965
43153.984
42674.699
42727.984
43840.766
43276.984
43655.5
42934.582
43562.367
42973.516
42015.699
41499.582
41144.301
41076.715
41326.898
41598.25
42048.367
43260.715
42983.699
43826.516
43303.699
43296.25
43068.434
42600.383
42277.367
41847.117
41128.832
41323.449
41342.566
41029.25
41246.434
41249.648
40989.965
41071.383
40926.168
41024.918
41524.168
41989.582
41922.168
42492.316
43250.832
43466.449
43451.102
43746.715
43494.633
43493.715
42700.766
42272.785
41677.566
41981.984
42383.301
42118.984
42985.5
43302.648
43901.5
44173.984
44170.566
44132.648
45033.633
45358.383
45921.699
46046.852
45655.832
45506.715
45212.5
45206.383
44402.633
44251.984
44374.102
44367.316
44034.699
43909.984
42922.102
43560.715
43155.102
43656.852
43454.633
44402.984
44915.898
45553.582
46002.832
46302.25
45279.434
45340.051
44805.301
44842.785
45217.168
44819.316
44834.168
44437.984
44827.035
45180.918
45209.832
45403.852
45481.234
45986.715
46476.234
47289.383
46481.234
46328.648
45599.766
45600.449
44791.102
44745.516
44665.699
44370.582
45099.832
45190.715
43361.301
44587.516
44467.035
44091.051
44321.965
44050.316
43926.102
44230.383
44782.301
45098.984
45156.566
45020.516
45225.434
46012.918
46049.633
46360.449
46032.699
45505.852
44018.832
42409.184
41549.965
40032.648
38270.301
37777.918
38513.832
39574.918
42023.301
42690.184
42027.102
42079.852
42325.301
41749.316
42156.965
41606.25
41068.898
42042.582
43356.766
44308.785
44211.766
44706.984
44814.965
45395.184
46196.434
45706.648
45540.434
45592.316
44742.5
45315.715
45752.301
45816.383
45668.566
46519.051
46965.367
46933.984
47042.035
46270.715
46078.301
45749.051
46003.566
45666.449
44917.566
44647.25
44192.367
45280.117
46047.699
46848.117
46538.832
47267.984
48140.566
48495.184
47943.566
47492.051
47854.566
47230.117
47065.898
46324.984
47071.5
47654.316
47136.5
46766.117
46416.766
45305.582
44578.367
42939.25
41748.5
41304.852
41453.633
41820.516
42417.5
43645.715
43927.766
45280.582
45590.168
45690.785
46366.566
46567.582
47071.168
47247.383
47375.832
47912.516
48749.434
48094.383
47718.566
46778.449
46659.234
46588.918
46389.035
46432.316
46408.898
47173.383
48189.367
48264.582
48233.832
48287.516
48173.168
47921.449
47863.965
47845.383
46638.102
46110.051
45653.633
44979.918
44159.367
43609.582
43983.699
44252.449
44733.234
45178.918
45911.699
46026.852
45807.168
45568.648
45822.301
45409.051
45050.965
45178.984
45660.965
46216.715
46367.434
46392.316
46928.035
47551.648
47480.035
47550.25
47289.035
47048.316
46370.367
45578.383
45289.434
44333.715
43230.965
44573.648
44520.168
44858.715
45005.168
45707.25
45773.566
46138.383
45596.035
45703.383
46069.301
45541.383
45393.832
45223.316
45092.766
44746.117
44009.367
43599.785
43698.633
43768.184
43279.434
42544.051
42932.035
42756.582
42461.367
42466.582
42751.035
43073.918
43283.699
43771.25
43950.699
44451.449
44160.5
43971.383
44424.168
44338.648
43100.965
43862.316
43418.168
43420.582
43626.367
43033.449
43143.965
44043.184
44215.766
44605.316
44504.633
44633.918
44572.234
44238.316
44738.699
44264.852
43667.898
43577.316
43875.832
44350.785
44501.301
43789.449
43978.965
43882.117
43427.832
43727.117
43901.168
43721.316
43465.766
43692.516
43386.168
43562.715
42955.035
42671.648
42580.965
42532.117
42772.832
42313.383
43198.766
43506.715
44008.633
43266.184
43503.832
43541.785
43826.035
43618.25
43449.633
43657.516
43523.367
43338.984
43292.168
43386.383
43019.035
42534.117
42979.168
43078.582
43210.766
43185.715
43396.102
43350.316
43261.234
43649.25
43694.234
43975.25
43093.965
42612.785
42847.102
42283.715
42384.566
42104.984
42695.699
43207.984
43061.434
42936.383
43224.168
43190.383
43487.035
43325.516
43402.832
43803.449
43527.832
43467.316
43665.832
43672.984
43625.898
43396.918
42753.965
42970.051
42146.434
42386.984
42433.102
42295.984
41942.832
42117.852
42115.234
42033.516
42057.434
42473.984
42109.832
42622.184
42429.301
42379.25
41808.832
41419.785
41062.832
41187.117
40766.035
40858.051
40484.766
41169.648
41335.301
41366.648
41185.102
40848.918
41920.301
42163.516
42459.234
42482.984
43098.699
43266.852
42552.367
42415.383
42190.832
42144.918
41291.035
41417.25
41674.367
41679.449
42029.367
41945.715
42402.5
42370.648
42472.898
42230.918
42507.898
42133.516
41887.234
41344.051
41969.5
42012.984
41203.566
42095.715
41778.5
42097.316
42267.301
41745.516
42042.102
41584.316
40849.234
40362.918
40846.832
40582.383
40282.301
40725.383
40783.5
41836.117
41530.434
42194.117
42369.766
42064.449
42011.898
42341.984
42740.434
42181.984
41639.5
41422.516
41405.566
40868.051
40683.832
40653.184
41202.965
41281.516
41196.168
41153.785
41827.434
41873.516
41460.367
41199.25
41181.766
40770.648
40075.965
39584.316
39653.766
39611.449
39235.566
39539.516
39879.367
40509.051
40800.699
40939.449
41209.898
41452.051
41802.434
41744.449
41862.766
41644.984
41482.234
41992.785
41410.035
41866.449
41517.766
41090.449
41648.434
41585.449
41768.367
41401.051
41257.035
41141.516
41106.035
40552.715
40646.434
40385.648
40193.898
40505.715
40179.301
39931.852
39975.832
39799.449
40628.102
40866.785
40088.301
40189.918
40797.898
40654.184
40533.102
41058.852
40580.168
40270.184
40134.367
39337.715
39780.566
39039.316
39191.5
39086.383
39028.898
39596.117
39365.035
39677.984
39571.5
39507.383
39898.035
39790.184
40117.234
40057.449
39549.699
39636.316
39766.367
39978.383
39089.035
39470.785
39651.5
39675.852
39047.234
39519.648
40196.633
39796.852
39531.234
40311.184
40426.102
40292.918
39969.566
39549.383
40110.434
39663.785
39810.5
39755.785
39534.434
39700.852
39570.168
39347.582
39686.301
39424.852
38765.633
38897.449
39245.301
38982.785
38370.633
38383.117
38080.367
37954.051
37722.566
37298.648
37882.5
38005.383
37605.434
38567.051
38449.168
38674.785
38674.965
38358.449
38863.102
38631.051
38293.699
37831.117
38322.898
38508.984
37663.301
36893.648
36141.898
35477.582
34876.566
34186.582
33868.168
33245.785
32812.232
33914.516
34579.367
34613.715
35181.965
35910.051
37005.566
36771.582
37206.434
37029.316
36948.168
37133.184
36677.102
36543.383
36711.699
36651.117
36288.234
36414.984
36473.898
36765.516
36493.102
36212.918
36606.434
36310.516
36376.035
36158.715
36613.434
36529.984
36215.234
36806.316
36690.234
36463.852
36099.766
35850.25
35837.367
35736.715
35675.035
35803.852
35591.633
36001.648
36057.301
35845.582
36032.965
36479.316
36220.5
35958.383
36225.301
36410.648
36230.234
36404.648
36289.035
35876.648
35692.434
35601.117
35761.566
35626.184
34874.699
35260.852
35162.898
35393.316
35194.234
35093.516
35180.5
35353.984
35604.367
35165.383
35347.898
35633.715
35052.035
35339.984
35285.367
35199.383
34634.434
34739.316
34687.832
34710.852
34809.035
34683.316
34598.102
34562.184
34021.766
34287.582
34085.234
34351.852
33881.434
34260.25
34842.102
34512.316
34945.898
34932.117
34768.699
35191.383
34978.566
35012.516
35013.699
34956.852
35124.102
34958.184
35124.766
34826.449
35054.301
34822.184
35232.102
34627.785
34752.766
34428.984
34737.832
34863.449
34364.367
34261.051
34355.367
34305.051
34325.434
34379.383
34463.965
34566.648
34512.234
34431.383
34397.434
34023.383
33611.301
33456.516
33677.234
33187.184
32855.566
33011.051
33431.367
33357.051
32905.234
32916.918
33320.5
33141.715
32796.832
32542.316
32806.566
32606.916
32218.033
31743.65
32127.367
32164.584
32106.367
32427.783
32292.033
32316.184
31755.9
31924.184
31547.232
31475.051
30672.566
30512.584
30581.5
30148.982
30083.033
29448.316
29827.566
29449.982
28884.566
28153.783
28065.166
28141.916
27988.9
27343.584
27619.1
27548.316
27827.5
27911.982
28500.033
28938.051
29719.9
30442.65
30547.1
30700.117
30770.301
30970.316
30819.967
30420.117
30548.166
30257.316
30558.9
30305.25
30673.768
30707.783
31049.5
30945.25
31163.232
31082.449
31521.834
31333.449
31104.834
31390.982
31695.9
31507.117
31219.033
30938.717
31278.166
31180.316
30957.166
30857.916
30980.166
30995.383
31385.834
30581.717
31142.1
31060.717
31153.566
30974.982
31269.967
31009.449
30657.9
30632.117
30713.566
30900.316
30246.9
30075.184
30361.633
30064.383
30011.566
30187.25
30279.834
29979.449
29877.1
29633.783
29629.232
29633.85
29761.367
29663.584
29655.434
29593.518
29623.301
29480.117
29331.768
29324.051
29196.033
28576.117
29017.9
28558.783
28661.301
28617.717
28844.967
28578.85
28714.834
28636.717
28685.434
29026.051
28795.5
29159.783
28997.967
29186.85
28979.166
28462.383
28648.301
28422.783
28259.1
28499.449
28351.5
28340.982
28363.434
28260.783
28693.5
29183.783
28718.434
29249.717
29415.967
29142.584
29245.5
28909.584
29208.5
29335.117
29463.566
29658.051
29727.9
30078.783
29979.768
30376.783
30714.434
31015.051
30484.166
30379.783
30663.033
31213.584
31019.301
31537.184
31660.232
32062.65
31813.166
31994.518
31842.301
31594.117
30844.033
29813.051
29235.367
28926.051
28640.033
28327.916
28118.5
28175.65
28026.633
27911.117
28134.699
28068.982
28060.9
27984.518
28323.367
28113.25
27941.301
27653.25
27613.834
27810.916
27430.367
27671.85
27573.699
27799.783
27780.834
27907.25
27935.633
28181.25
27785.633
27926.584
28277.967
28092.383
27545.367
27816.117
28210.768
28027.783
27672.301
27882.383
28172.566
27612.316
28005.434
27311.051
27675.301
27333.383
27121.699
27242.117
27111.566
27177.316
26923.633
26480.117
27122.967
27204.051
26878.699
26872.383
27061.1
26794.184
27163.5
26621.783
26820.834
26856.717
26954.699
26989.25
27102.566
26909.25
27025.434
27163.449
27399.699
26911.518
26536.434
26520.184
26811.699
26934.25
26676.633
26769.65
26648.9
26879.184
26674.9
26611.25
26688.367
26573.783
26191.166
25949.25
26594.166
26325.518
25897.232
25836.25
26229.5
25879.584
25852.367
25969.117
26235.699
25943.383
24985.566
25732.783
26153.434
25772.982
25672.633
25314.051
25605.633
25682.316
25951.1
25862.316
25785.9
25483.518
25516.434
25532.65
24940.367
24794.051
24195.5
24525.449
24025.967
24424.584
23988.367
24054.383
25389.5
25167.518
25111.033
25708.982
25542.9
25602.65
25205.699
24974.916
24800.434
24843.117
24577.566
24626.85
24718.232
24747.916
24294.434
24577.982
25203.967
24724.916
24254.633
24557.184
24815.566
24911.117
24604.768
24727.184
24838.232
24524.051
24152.232
23804.316
24220.367
23780.117
23707.166
23305.982
23289.834
23361.717
22670.5
22246.916
22117.699
20704.916
19961.434
19173.783
19292.434
19301.518
19365.166
19629.518
20418.1
21322.316
21797.566
21816.184
22033.699
22702.316
23132.633
23070.916
22689.166
23179.65
23073.166
23160.518
23119.033
22749.25
22435.9
22305.25
22736.768
22589.051
22215.5
22885.25
22754.434
22954.051
23059.967
22904.518
23065.566
23048.316
22796.033
22887.982
22967.566
23210.051
22723.166
22761.85
23140.5
23204.25
23083.566
23167.783
23306.834
23293.051
23157.166
22676.85
23123.232
23058.85
22713.768
22524.316
22777.699
22925.717
22735.834
22305.783
22499.033
22892.117
22240.9
22900.316
23032.967
22969.982
23384.166
23126.584
23231.033
23195.783
22991.1
23102.051
23055.834
22997.584
22637.967
22710.518
22755.633
22779.65
22716.1
22789.316
22999.301
23004.85
22722.967
22478.184
22773.1
22626.982
22846.834
22403.783
22934.768
22772.717
22922.1
22942.783
23004.9
22965.316
22499.633
22185.383
22739.033
22615.449
22777.1
22405.783
22315.566
22412.383
22314.834
22637.85
22393.232
22383.25
21784.633
21869.117
21928.033
22204.184
21360.232
21643.316
21823.367
21828.783
21555.768
21448.449
21889.232
21805.584
21616.9
21724.584
21804.5
21990.316
21283.967
21482.383
21948.033
21963.117
21634.1
21442.717
21674.367
21846.916
21437.166
21409.25
21586.367
21535.717
20944.834
21244.051
21283.9
21092.783
21041.768
21179.916
20843.633
21583.783
20960.1
20876.051
20978.5
20984.982
20877.1
20343.184
20871.768
20847.717
20577.9
20301.85
20755.232
20638.25
20530.5
20036.184
20567.434
20556.449
20439.232
20535.184
20173.566
20442.916
20307.699
19827.316
20119.166
19935.982
19928.9
19469.65
19888.699
19799.316
19198.301
18852.184
19610.166
19405.717
19210.967
19124.449
19368.367
19213.184
18846.633
18781.184
19451.1
19153.117
19004.566
18844.184
19311.434
18906.717
18713.633
18596.117
19223.166
18954.982
18734.768
18685.65
18872.5
18577.449
18186.768
17885.117
18348.1
18438.449
18363.5
18628.982
18791.033
18672.85
18038.967
18702.184
18468.834
18377.85
18378.166
18257.717
18205.967
18354.25
17872.566
17830.117
17178.566
16439.717
15744.566
14986.717
14557.233
14401.116
14370.167
14355.917
15268.5
15777.65
16019.5
16420.85
16734.167
16754.65
16897.1
16806.518
16912.434
16406.584
16401.167
15667.85
16722.634
16682.783
16419.9
16350.383000000002
16737.9
16995.518
17156.633
16810.25
17248.434
17461.184
17121.434
17186.449
17572.699
17546.051
17556.699
17670.449
17777.9
17749.85
17558.1
17206.518
18075.1
17848.184
17832.232
17431.85
18085.232
18260.518
17966.834
18198.584
18239.166
17738.982
17926.834
17620.449
18170.434
18074.717
17949.5
17861.85
17919.967
18138.584
17693.5
18223.383
18208.834
18241.85
18216.5
17846.982
18509.166
18489.383
18050.5
18190.449
18890.633
18607.916
18328.367
18859.65
19027.967
18673.717
18456.033
18568.916
18244.967
18430.783
17899.5
18058.184
18376.1
18273.316
18265.033
18743.449
18405.633
18544.85
17892.5
17778.518
18700.834
18473.85
18298.967
18449.65
18290.434
18343.717
18464.566
18177.65
18213.566
18180.184
18149.232
18089.783
18216.033
17905.383
17997.9
17877.518
18251.834
17994.184
18128.967
18042.717
18469.1
18086.25
18103.232
17996.383
18249.633
18498.783
18532.166
18409.584
18312.367
18182.982
18049.232
18330.117
18446.5
18542.383
18574.9
18131.584
18804.9
18641.184
18594.367
18072.25
18636.301
18560.982
18337.834
18209.717
18321.967
18446.051
18591.768
18479.85
18576.434
18278.85
18368.5
18569.25
18317.434
18372.584
18262.9
18091.584
18197.232
18333.117
18101.166
18017.717
18151.301
18386.584
17467.768
18176.982
18242.434
18136.184
17466.633
17872.717
18180.1
18258.717
18081.633
18168.051
18102.1
18261.383
17981.033
17839.85
18258.367
18000.117
18052.367
17718.85
17928.166
18013.383
17660.367
17600.65
17890.301
17505.117
17531.301
17339.518
17667.699
17534.518
17209.232
17526.316
17519.434
17213.982
17399.301
17558.25
17364.834
17345.25
17095.166
17111.051
17404.232
17070.518
17217.5
16898.316
16953.367
17061.717
16900.434
17005.184
16827.834
16771.184
16701.699
16663.916
16880.367
16843.449
16834.1
15884.05
16200.366
16106.783
15934.233
15406.917
15322.634
15415.184
15056.233
14455.517
14989.9
14854.184
14012.1
14378.983
14309.1
13947.116
14087.3
13534.983
13722.1
13503.384
13285.566
13397.783
13618.767
13487.983
13661.833
12457.583
13213.3
13295.517
12836.167
13122.25
13338.167
13427.25
13183.1
13552.783
13742.5
13763.85
13968.967
14342.05
14306.033
14094.783
14254.167
14017.384
13971.434
14196.316
14181.434
13610.65
14052.434
13915.917
13609.434
13052.783
13394.033
13192.45
12877.634
12805.384
12671.233
12779.45
12571.9
12420.717
12852.366
12819.184
12668.3
12687.983
12782.434
12638.85
12554.9
12460.517
12884.366
12709.25
12346.9
12783.25
13187.967
12973.45
12671.434
12803.384
12795.3
12808.116
12742.566
12627.116
12701.967
12472.05
11927.7
12442.583
12326.833
12478.116
12579.3
12110.85
12643.833
12445.116
11725.167
12044.517
12306.833
12144.384
12203.167
12429.583
12564.9
12532.717
12673.967
12633.517
12763.9
12570.184
12554.3
12236.717
12526.233
12571.85
12268.1
12315.05
12543.366
12528.717
12253.1
12712.316
12742.033
12847.717
12407.9
12615.116
12771.033
12721.983
12943.3
12231.65
12770.233
12628.05
12800.167
12389.184
13074.434
12777.184
12943.833
12543.783
13096.967
13034.583
12718.434
12531.783
12727.033
12510.05
12406.1
12625.983
12581.3
12421.717
12096.833
12092.116
12328.833
12484.983
12365.366
12510.85
12484.434
12315.116
12106.366
12326.316
12430.9
12283.65
12576.366
11946.184
12240.167
12512.25
12464.7
12186.717
12233.167
11772.116
11495.7
11967.983
11851.967
11914.983
11115.5
11673.184
11954.167
11832.384
11558.167
11869.384
12105.634
11701.116
11824.1
11649.316
11903.767
11561.316
11318.3
11275.517
11621.767
11564.717
11113.434
11408.05
11383.366
11533.65
11364.967
11408.184
11513.566
11339.717
11170.167
11378.05
11531.833
11431.583
11324.7
11634.917
11353.767
11461.316
11370.967
11186.184
11352.967
11350.184
11175.033
11016.783
11098.3
11152.85
10898.434
10778.184
11248.566
11251.517
10936.9
11002.983
11259.967
11257.65
10796.033
10891.65
11101.566
10881.717
10667.833
11080.983
11045.3
10803.517
11052.033
10821.917
10880.566
10833.25
10541.434
10187.583
10893.767
10555.116
10775.5
10585.316
10688.767
10482.783
10456.167
10283.116
10629.5
10514.717
10405.634
10175.184
10383.634
10441.983
10268.5
10240.583
10509.767
10481.917
9956.033
10150.184
10439.566
10370.05
9686.833
9859.783
10309.167
10270.85
10147.366
9806.983
10380.566
10238.65
10156.767
9899.917
10085.7
9883.65
9772.833
9916.583
10080.967
9919.583
9695.233
9770.316
10201.5
10196.05
9966.566
9704.783
9810.767
9939.717
9742.767
9572.316
9924.167
9811.517
9814.767
9465.983
9657.167
9749.65
9720.167
9573.384
9736.7
9529.384
9957.5
9257.917
9727.033
9632.583
9409.033
8994.116
9702.566
9628.517
9666.366
9347.65
9434.366
9291.783
9405.5
9530.25
9805.366
9014.65
9325.9
9108.717
9371.033
8775.517
8326.3
7740.717
7496.033
6681.983
5862.433
5268.783
4662.433
3889.583
3520.567
2853.25
3180.3
3078.85
2806.367
3005.917
3886.233
4102.183
4083.1000000000004
5067.917
5616.833
5894.45
6197.233
5561.85
6280.567
5895.783
5746.967
5388.917
5203.167
5273.05
4971.167
4729.05
5121.3
5203.85
5154.567
4945.917
5697.1
5478.25
5543.367
6124.583
6182.5
6418.183
6080.767
6591.183
6741.167
6731.717
6738.3
6987.983
7270.7
7292.117
6840.1
7115.317
7637.3
7671.65
7226.633
7723.783
7975.7
8128.85
8025.633
8067.85
8539.033
8502.45
7896.5
8023.717000000001
8717.566
8783.917
8620.366
8310.85
8848.7
8680.184
8500.366
8514.65
8940.767
8758.05
7882.433999999999
8741.184
8927.233
8993.116
8675.767
8466.45
8932.3
8851.717
8677.366
8583.184
8736.033
8845.717
8413.634
8253.783
9165.3
8749.917
8543.967
8584.783
8904.033
8805.316
8667.434
8662.316
8866.767
8798.717
8642.033
8616.85
8910.167
8880.783
8730.767
8614.25
8965.366
8848.05
8319.833
8527.25
8847.767
8730.983
8398.1
8322.717
8724.7
8580.717
8645.167
8404.85
8663.634
8796.583
8501.233
8026.049999999999
8803.167
8687.45
8705.167
8490.316
8988.434
8729.316
8560.9
8344.583
8819.7
8603.517
8173.299999999999
8024.384
8646.7
8603.316
8576.633
8003.9169999999995
8714.9
8549.717
8438.233
8520.583
8706.434
8659.116
8470.434
8412.45
8881.967
8709.25
7876.299999999999
8203.184
8805.233
8559.45
8549.033
8391.65
8777.967
8668.05
8214.1
8047.983
8605.3
8434.317
8414.7
8299.183
8614.1
8582.783
8452.3
7953.25
8657.3
8579.583
8260.1
7922.183999999999
8496.967
8659.85
8317.3
8286.983
8603.567
8216.25
8180.567
8337.582999999999
8349.1
8249.317
8093.433
7901.717
8492.033
8328.517
7957.167
7897.317
8337.633
8482.183
7795.167
7850.983
8337.033
8280.317
8312.433
8092.65
8276.233
8190.583
8133.167
7820.383
8452.367
8210.717
7941.233
7906.517
8268.433
8186.45
8041.633
7522.383
8146.9
8085.65
7995.7
7460.717
8239.967
8055.583
7580.033
8007.983
8044.1
7967.383
7574.033
7668.317
7839.833
7939.05
7707.633
7659.85
7940.9
7736.25
7699.233
7487.117
7795.7
7822.917
7370.767
7314.65
7793.833
7745.183
7473.033
7410.783
7482.167
7653.517
7183.367
7368.65
7435.7
7488.717
7304.833
7071.05
7653.033
7455.583
7119.767
6774.85
7348.5
7497.25
7327.567
7030.983
7369.1
7311.317
6637.5
7056.383
7461.5
7102.917
6966.367
6995.717
7263.233
7286.583
6906.833
6760.983
7172.367
7266.05
7122.3
6999.917
7329.167
7113.85
6840.5
6582.117
7195.7
7005.783
7255.033
6749.383
7236.567
7171.117
6664.833
6694.65
7207.233
7020.517
6821.1
6886.183
7166.7
7084.517
6687.3
6618.85
7219.033
6967.183
6827.5
6861.117
7129.5
6961.583
6519.3
6415.983
6769.1
6752.783
6242.433
6356.583
6846.233
6691.183
6829.7
6512.383
6854.3
6738.583
6925.5
6542.583
6784.9
6685.917
6348.967
6306.917
6784.967
6658.317
6170.367
5657.85
6595.5
6648.317
6197.7
6382.717
6626.833
6411.25
6235.433
6223.117
6588.5
6389.65
6197.767
5885.183
6432.967
6486.25
5755.567
5941.783
6492.167
6275.65
6016.1
5803.05
6397.1
6356.383
6288.5
5878.183
6460.7
6376.383
6303.033
6178.65
6385.3
6253.05
5046.633
5505.717
6275.1
6373.317
5966.033
5688.25
6229.233
6355.45
5698.433
5707.983
6124.3
6103.25
5628.233
5691.383
6164.367
6132.717
5482.833
5460.983
6020.5
5966.517
5698.967
5722.717
5944.167
5847.917
5448.167
5829.183
5956.767
5940.717
5424.767
5668.783
6047.967
5808.65
5364.233
5267.05
5848.367
5875.65
5717.567
5158.05
5945.167
5802.717
5144.967
5262.517
