274.95
69.333
-128.05
160.667
460.35
131.0
217.35
240.8
247.35
266.067
129.017
-163.8
221.417
222.13299999999998
33.617000000000004
-29.0
371.283
4.266999999999996
76.883
367.6
434.283
189.2
474.683
163.733
289.883
214.0
241.95
-122.267
206.21699999999998
206.933
341.41700000000003
29.200000000000003
294.683
192.86700000000002
249.55
25.933000000000007
564.95
479.0
104.083
-51.93300000000001
263.883
135.067
2.816999999999993
192.4
216.017
242.333
159.28300000000002
234.6
229.417
255.333
-24.650000000000006
40.533
630.017
285.0
1.0829999999999984
-251.13299999999998
451.483
453.4
49.016999999999996
40.266999999999996
396.35
435.2
396.883
240.933
432.283
369.533
163.683
320.933
407.217
394.2
335.017
-137.333
460.683
286.267
59.55
86.467
396.217
199.933
149.88299999999998
76.467
306.35
501.067
214.35
73.067
250.017
346.66700000000003
43.882999999999996
17.733000000000004
259.017
208.8
513.283
4.400000000000006
194.55
227.067
348.08299999999997
-50.733000000000004
210.15
259.8
203.15
97.333
423.75
365.267
-215.317
34.333
411.883
317.33299999999997
234.083
208.333
468.95
300.533
10.549999999999997
278.8
110.017
327.66700000000003
262.75
295.467
423.08299999999997
292.867
571.35
-226.13299999999998
336.017
370.067
122.417
374.467
392.883
457.8
271.75
112.6
365.08299999999997
252.8
-55.117000000000004
118.267
346.15
323.267
140.28300000000002
11.400000000000006
426.617
451.067
66.083
-237.067
361.883
322.733
92.817
146.067
286.41700000000003
424.133
341.217
47.599999999999994
310.217
335.133
-274.317
-141.86700000000002
314.55
216.067
179.95
4.132999999999996
336.017
272.8
68.35
225.46699999999998
415.35
297.33299999999997
260.283
-107.267
451.817
418.4
443.817
165.4
501.217
277.467
170.083
353.0
427.55
87.533
382.75
-155.933
147.083
234.2
14.283000000000001
372.6
597.483
431.267
178.417
-74.667
511.617
155.46699999999998
463.35
26.200000000000003
403.217
360.733
330.35
397.067
535.817
363.8
439.08299999999997
314.2
349.617
233.667
401.35
-348.067
399.95
361.33299999999997
187.017
149.8
147.21699999999998
333.533
482.35
183.933
258.683
310.067
135.35
-186.13299999999998
286.217
397.6
469.883
199.6
406.55
313.867
58.083
-305.2
450.283
245.2
-47.117000000000004
28.799999999999997
277.35
198.8
-1005.85
-94.133
126.55
282.067
258.817
-62.266999999999996
573.483
398.2
278.95
71.267
277.483
234.933
-101.317
434.733
529.283
284.733
-168.25
46.333
324.55
332.33299999999997
-102.583
352.467
387.35
261.067
399.217
344.867
343.483
416.66700000000003
248.35
186.333
386.08299999999997
259.867
417.08299999999997
36.733000000000004
405.55
443.2
343.283
-68.867
237.017
326.133
91.283
-278.733
385.08299999999997
351.2
268.41700000000003
-110.0
358.283
343.733
228.15
88.533
371.95
358.0
-146.317
202.933
344.017
63.0
-129.05
171.933
276.15
222.2
325.017
164.933
274.617
524.067
111.683
170.13299999999998
390.75
543.0
401.08299999999997
166.2
231.483
288.0
109.417
505.533
370.017
219.067
-147.65
112.333
227.15
292.33299999999997
273.55
-3.5330000000000013
554.817
572.867
48.083
290.267
393.08299999999997
358.33299999999997
242.55
114.333
354.883
392.4
91.35
134.667
308.41700000000003
336.867
190.21699999999998
308.8
493.08299999999997
453.733
423.217
125.067
586.15
193.267
410.75
-116.267
399.217
197.067
-63.71700000000001
310.067
366.35
228.333
577.55
420.733
412.35
292.267
671.35
118.267
407.15
324.067
-1.3170000000000073
309.33299999999997
665.883
442.267
587.683
-4.932999999999993
485.95
407.933
437.483
235.4
391.817
572.133
1.217000000000013
274.33299999999997
667.883
375.13300000000004
190.617
225.933
386.683
410.267
567.283
225.467
703.95
589.4
742.95
492.2
750.083
561.133
293.283
393.333
450.35
671.467
851.55
255.86700000000002
781.283
658.467
602.4169999999999
744.8
683.55
577.133
419.35
713.533
575.4169999999999
837.933
189.95
359.667
643.617
620.6669999999999
645.75
472.867
969.35
631.3330000000001
805.617
619.3330000000001
771.4169999999999
730.133
776.15
391.067
1081.683
553.3330000000001
649.0830000000001
578.467
925.95
612.2
785.35
686.867
699.883
954.8
878.483
762.533
715.617
967.867
742.95
532.867
1040.283
824.133
720.217
659.067
657.417
765.467
887.883
761.0
974.083
874.133
659.95
609.467
775.95
894.133
790.417
680.733
1023.55
584.733
850.483
563.667
782.083
672.2
857.617
945.8
832.35
571.067
888.283
1048.8
549.55
958.333
816.417
850.2
878.15
855.4
713.617
1076.667
1252.483
770.6
809.217
1386.067
1028.017
1231.533
620.15
800.533
1286.283
1119.6
1259.617
1341.133
889.883
845.267
978.883
943.733
1496.617
1301.733
790.55
1244.867
1145.617
1356.267
1394.017
1211.6
1140.683
1451.267
742.0830000000001
1008.0
1157.35
1323.867
1649.217
1597.533
1558.483
1490.6
1309.217
1401.4
1427.15
1324.6
945.2170000000001
1162.067
1499.55
1308.6
1568.883
1137.333
1643.083
1531.067
1643.617
1456.333
1609.883
1530.533
1128.417
1585.867
1447.483
1362.333
1299.617
1429.467
1415.35
1523.533
1432.35
1208.2
1529.817
1317.867
1299.083
1173.467
1653.483
1547.867
1486.55
1557.133
1667.75
1421.467
1393.883
1281.8
1540.083
1570.067
1447.95
1188.467
1689.483
1427.867
1464.083
1448.933
1609.083
1495.667
998.3499999999999
1440.667
1523.617
1590.8
1609.483
1788.933
1927.75
1731.533
1759.483
1733.733
1871.483
1926.8
1795.217
1873.267
1864.617
1881.2
2055.35
1887.8
2282.75
1726.8
1320.75
1575.533
1782.417
2079.8
1799.083
1907.667
2255.483
2065.333
2001.15
1917.933
2156.817
2217.0
2233.617
1943.2
2321.55
1996.933
1898.617
1772.2
1797.883
1722.267
2037.35
1372.667
1787.75
1905.6
2159.017
1814.667
2134.35
2019.8
2229.283
2049.133
2124.417
2184.2
2150.083
2073.2
2383.017
1950.4
2511.75
2246.6
2266.217
2176.267
2080.15
2290.6
2510.417
1891.0
2010.95
2318.533
2578.883
2272.6
2362.883
2104.8
2181.083
2044.8
2154.883
2282.467
2272.55
2572.333
2850.35
2165.267
2741.55
2721.267
2603.017
2483.867
2542.15
2400.933
2372.883
2664.067
2611.283
2407.867
2192.017
2314.2
2231.75
2222.2
2532.483
2434.867
2616.417
2823.267
2649.15
2791.333
3022.55
2762.133
3086.55
2921.2
3255.883
3012.133
2855.55
3088.733
3091.15
3005.333
2800.017
2961.933
2771.35
2833.467
2724.817
2884.267
2862.617
2643.667
2295.083
2553.133
2502.617
2513.267
2347.683
2284.133
2539.617
2289.133
2225.817
1907.7330000000002
2531.35
2079.0
2432.95
2476.467
2678.417
3164.2
2991.017
3289.6
3162.683
3349.467
3481.083
3085.533
3244.35
3191.333
2876.55
2814.933
3096.217
2966.867
3217.35
2750.133
3024.683
3105.2
3074.083
3235.4
3228.217
3268.8
3463.95
3395.8
3444.017
3439.6
3356.683
3046.467
3405.017
3460.333
3304.683
3571.6
3658.217
3508.8
3389.417
3080.0
3628.417
3486.333
3830.35
4139.8
4240.817
4606.4
4607.017
4463.4
4397.817
4322.0
4434.483
4017.267
4592.883
4274.267
4442.083
4347.667
4576.95
4063.8
4234.883
4372.067
4217.75
4246.733
4025.75
3756.533
4370.55
4499.133
4359.883
4555.4
4752.283
4724.4
4619.417
4353.4
4697.217
4621.133
4102.617
4303.8
4275.0830000000005
4504.2
4396.617
4668.333
4844.083
4573.2
4432.75
3881.067
4159.017
4247.133
4299.282999999999
4011.933
4449.617
4112.3330000000005
4152.483
3882.467
3808.35
3768.667
3673.683
3742.8
3794.683
3899.733
3698.283
3831.933
3560.283
3751.933
3908.217
4041.267
4349.083
4503.733
4654.817
4822.933
4586.417
4670.933
4213.95
4767.733
4571.483
4585.133
5153.417
4832.2
5552.617
5591.533
5555.35
5776.0
6393.283
5856.133
5995.55
5431.8
5599.15
5460.8
5037.55
4758.867
4821.75
4632.733
4455.217
4574.333
5087.683
4726.067
5040.617
5082.8
5611.55
5589.667
5707.817
5426.333
5251.017
5117.667
4716.083
4530.8
4599.217000000001
4179.2
4017.017
3848.133
3897.483
3829.133
3243.683
3567.2
3579.883
3253.2
2927.083
3686.6
3769.483
3914.0
4270.75
4009.4669999999996
4851.55
5121.8
5213.617
5045.933
5132.15
4882.867
4492.617
4648.333
4566.95
4758.867
4754.217
4599.6
5170.083
4824.733
5033.683
4890.267
5052.817
5017.133
4918.083
4375.467
4989.083
4852.867
4987.95
4916.533
4815.417
4858.733
4921.15
4909.8
5636.283
5703.667
5737.617
6003.467
6163.35
6246.933
6218.817
6046.733
6387.017
6181.2
6587.417
6212.467
6652.15
7117.0
6427.883
6671.467
6728.483
6486.133
6437.883
5669.333
5520.817
4916.267
4621.483
3636.933
3456.417
2900.867
2711.483
2713.333
3277.883
3585.333
3971.35
4552.8
4942.55
5216.667
5552.817
6004.467
6323.817
6788.133
6672.483
6656.0
6788.083
6179.667
6055.75
5705.933
5290.95
4473.2
4097.55
3772.533
3749.15
4104.467000000001
4321.817
4940.4
5894.217
6226.867
6488.817
7425.067
7688.95
7837.2
8270.817
7990.799999999999
8728.017
8787.866
9188.083
8930.8
8867.35
9335.8
9079.35
9101.134
9288.75
9123.4
9383.15
9152.8
9849.217
9668.0
9782.217
9574.0
10106.217
9924.667
9782.95
9895.934
10434.55
10194.134
10144.616
9894.134
10074.816
9581.0
9649.217
9829.066
9907.283
10344.866
10126.083
10220.733
10289.884
9932.934
9656.884
9425.667
9632.95
9908.934
10081.35
9964.2
10038.816
10002.667
9915.483
9828.134
9680.684
9671.2
9511.884
9612.066
10082.417
9814.533
10061.417
9706.0
9871.55
10069.934
9866.483
10243.066
10479.816
10430.4
10575.684
10687.333
10811.95
11150.866
11425.483
11216.333
11142.35
11029.533
10312.283
9756.866
9882.417
9822.134
9744.017
9633.467
10003.95
10270.6
10469.684
11142.733
11062.017
11717.934
11652.55
11703.2
11634.816
12103.8
11459.55
11610.8
12051.95
11539.0
11597.217
11820.533
11704.95
11535.4
12146.417
11669.267
12017.616
11952.667
11861.217
11582.0
11857.95
11693.0
11701.083
11070.8
11781.083
11596.2
11649.95
11191.4
11586.417
11991.134
12186.15
11855.733
12117.15
12217.934
11996.75
11989.267
11910.483
10825.467
11240.95
11316.066
11398.884
10878.733
11551.35
11359.866
11402.75
11111.134
11118.616
11483.066
11629.017
11527.6
11640.417
11375.134
11118.816
11111.6
10471.483
10732.467
11502.15
11280.866
11431.217
11857.4
12171.75
12247.2
12435.684
12071.533
12188.95
12325.2
12256.616
11781.733
11547.083
11001.934
11205.083
10421.8
11120.684
11348.2
11011.15
11043.934
11885.017
11845.4
11266.75
11307.533
12203.483
12402.866
12070.417
11884.8
11998.884
12088.4
11770.684
11694.866
11965.083
11761.066
12047.217
12382.467
12049.083
12336.934
12619.95
11706.2
11969.75
11795.4
11401.55
11647.4
10913.616
11201.2
11290.35
12297.2
12132.816
11967.866
11965.75
11494.733
11758.55
11731.134
12097.884
11758.934
11496.217
10928.533
10714.083
10341.333
9951.616
9856.134
9148.15
8980.733
9028.15
8980.467
9560.75
10000.667
11025.017
11716.866
13033.283
13174.2
14293.816
13407.6
12786.35
13293.733
13131.55
12905.934
13725.15
13894.733
14098.95
13916.733
13772.816
13100.733
12630.083
12214.8
12442.15
12403.267
13786.35
13204.467
13837.417
13931.467
14259.616
14321.0
13925.417
14684.267
14942.816
15611.467
15485.95
15616.066
15914.217
16314.0
15170.884
15412.333
14710.217
15120.333
15071.95
15560.934
14901.483
14682.267
14180.884
13946.333
14188.217
13879.667
12912.816
13847.8
13686.083
14630.134
14790.217
14853.667
15797.483
15384.2
14960.483
15350.267
15358.616
15096.4
15134.283
15397.2
15808.616
16282.6
16318.684
16010.866
16154.616
17900.867
16525.35
16630.268
16896.15
16243.066
16875.15
16846.934
17479.15
16845.066
16257.816
16598.866
16863.018
16720.199
16185.75
16087.533
17260.75
17749.467
17361.551
16639.732
17003.551
16793.666
16684.416
15765.4
16723.017
16514.0
16149.283
15435.533
16048.483
16352.134
16380.95
15908.733
17060.883
17124.268
16913.416
17266.0
17454.283
18255.467
17435.283
17198.867
17791.617
17403.801
17745.617
16756.4
17118.551
17888.666
17480.684
17596.4
17682.283
17163.801
17441.283
17903.533
18591.15
18330.732
18287.283
18526.666
18265.883
18745.0
19273.018
18789.4
18704.084
18280.334
18299.949
17749.4
18201.75
17792.467
18154.617
17484.533
16969.551
17243.4
17131.75
16820.268
17422.018
16937.934
17098.684
17282.867
17132.617
17329.0
17133.883
17699.467
18208.15
18646.867
17708.816
17833.6
17870.084
17236.801
18208.75
17779.334
18325.75
18303.934
18762.684
18754.732
18905.217
19192.334
18578.883
18112.133
19948.084
19192.867
19146.617
19440.934
19680.482
18333.801
19112.15
18303.4
19369.084
19083.066
18284.018
18914.732
19451.75
19140.666
19268.75
20364.066
19671.283
19005.199
18790.35
18550.934
18425.816
19033.4
19862.684
19650.066
20414.084
20565.0
20976.551
20477.666
20512.883
20967.801
20695.617
20727.0
20657.75
20819.533
21279.816
20843.934
21611.551
21359.199
21510.684
21979.867
21821.883
21770.732
21268.482
21393.732
21698.15
21230.867
21120.617
20908.934
21660.949
21300.533
22481.883
21618.334
21248.482
21753.6
21917.217
22689.467
22833.018
22955.199
22313.684
22545.801
21943.617
22124.732
21900.018
22369.334
22527.416
24590.0
22617.416
23668.732
24011.416
24224.467
23704.617
25094.867
24503.15
24808.533
25687.35
26445.4
25145.35
25743.133
25155.018
25453.0
27287.684
25574.533
25828.816
24909.334
24786.816
24965.867
25645.416
25532.533
26073.018
26925.334
26319.15
27156.533
27903.15
28622.133
28672.551
28851.066
29726.551
30463.133
29751.75
28253.199
29181.15
29402.467
28513.816
29203.0
29809.217
29872.4
29690.617
30139.934
30851.883
30068.867
31695.617
32484.732
32035.416
31445.268
32652.883
32413.801
32534.35
32190.066
32620.883
32788.801
32507.883
32572.268
32186.949
32456.801
33423.418
34289.465
34724.484
35136.266
36643.949
36904.199
36255.883
37009.398
37013.75
36742.734
36828.215
35720.465
36800.285
35914.133
35899.949
37635.332
38249.016
38581.801
38672.816
38866.535
39733.016
38736.199
39026.148
38424.934
38740.148
39038.668
38462.016
39281.934
40059.816
40490.332
40608.082
40806.668
41302.148
41272.867
40608.551
40949.668
40796.215
40900.801
40218.484
40844.867
40972.484
41210.066
41631.285
41135.668
40916.617
41130.602
41214.949
41285.668
41350.418
41696.0
41428.148
41621.934
41909.215
41623.734
40374.215
39735.801
37895.816
36310.0
35297.215
34950.668
34819.082
35390.398
35374.148
36813.0
38629.949
39197.266
39891.75
40052.332
40310.215
41324.133
42427.617
42088.133
42751.418
42798.332
42370.148
41498.066
41148.418
41438.535
42101.285
42463.133
42980.883
43744.734
44684.949
45250.266
45388.551
45533.0
44770.617
44522.535
43952.883
44361.535
44392.215
44400.734
44307.352
43560.801
43080.883
42883.734
42204.418
42307.602
42627.352
42404.734
44017.551
44277.602
44668.684
45339.465
45577.883
44547.199
44824.617
44416.801
44401.75
44787.465
45198.949
45723.133
46849.148
46686.0
47333.418
46752.0
46715.684
46225.0
45450.883
45640.535
45569.684
45728.668
45514.285
45831.066
46427.484
46767.602
46242.949
46382.602
47488.352
46945.066
47365.016
46649.0
47267.082
46612.0
45551.215
45040.602
44697.883
44597.668
44809.949
45175.332
45636.484
46911.801
46657.484
47547.934
46962.418
46958.199
46741.148
46242.199
45811.016
45369.465
44652.551
44793.668
44780.883
44538.133
44797.75
44767.867
44477.816
44504.465
44431.215
44547.934
45080.883
45530.801
45521.484
46089.867
46863.148
47133.734
47085.148
47424.266
47234.418
47141.0
46315.082
45781.867
45237.285
45566.867
45981.148
45712.867
46597.883
46967.199
47555.883
47857.867
47890.285
47842.266
48800.285
49159.199
49735.883
49829.602
49450.484
49307.332
49011.285
48973.133
48168.617
47958.734
48100.617
48105.668
47786.684
47612.398
46647.215
47267.734
46846.285
47310.133
47160.684
48126.199
48687.617
49374.0
49846.484
50158.066
49059.352
49154.465
48561.148
48597.801
48930.883
48584.133
48562.418
48156.332
48620.352
48993.734
48995.418
49245.332
49334.684
49881.398
50299.75
51236.398
50414.75
50170.398
49435.082
49429.266
48542.949
48527.066
48441.352
48137.199
48889.883
48992.332
47123.285
48333.199
48261.285
47817.266
48085.016
47787.266
47672.617
47962.801
48564.883
48924.801
49002.816
48845.0
49067.484
49891.934
49922.816
50238.398
49945.949
49325.668
47750.016
46082.066
45118.883
43434.332
41581.215
41054.801
41794.016
42948.332
45556.75
46291.066
45644.617
45628.465
45861.816
45287.734
45697.016
45150.734
44546.684
45588.535
46972.551
48013.398
47970.949
48435.867
48654.551
49133.668
50004.75
49481.602
49364.75
49440.398
48596.551
49087.066
49596.484
49626.934
49510.75
50327.602
50903.949
50847.668
50960.949
50171.934
49973.352
49572.199
49808.883
49484.199
48655.215
48440.668
47909.75
49077.398
49950.215
50758.266
50499.551
51138.535
52132.816
52473.199
51881.148
51371.066
51765.215
51074.801
50946.484
50269.934
50980.285
51621.465
50985.949
50692.535
50223.883
49078.535
48297.352
46607.465
45228.484
44848.066
44952.016
45396.0
45947.484
47305.602
47659.148
49060.801
49391.082
49446.133
50210.215
50425.668
50929.617
51038.332
51283.352
51819.0
52711.285
52007.734
51615.285
50679.801
50547.816
50327.535
50253.617
50278.266
50283.352
51020.734
52132.551
52199.867
52228.617
52231.332
52082.285
51787.734
51741.684
51745.266
50517.148
49871.602
49448.949
48719.535
47810.082
47286.602
47606.551
47974.133
48484.617
49007.465
49760.016
49893.199
49598.148
49456.066
49542.285
49242.332
48777.551
48955.867
49419.75
49968.934
50193.883
50224.734
50836.484
51359.867
51396.215
51453.934
51161.418
50976.801
50263.816
49401.332
48984.684
48048.133
46918.285
48324.465
48210.352
48597.199
48747.551
49501.535
49572.148
50027.535
49450.082
49541.332
49880.816
49329.734
49158.883
48906.602
48855.352
48460.066
47716.016
47210.535
47392.215
47403.066
46868.617
46177.133
46513.75
46355.668
46055.016
46081.535
46321.551
46714.133
46933.816
47405.934
47628.816
48086.734
47864.352
47611.199
48158.883
48063.465
46754.352
47525.0
47064.352
47064.266
47319.352
46623.266
46766.75
47734.199
47962.883
48345.867
48216.617
48317.801
48310.617
47945.668
48424.484
47894.668
47304.684
47222.934
47592.816
48105.602
48272.148
47446.668
47591.883
47522.465
47114.551
47416.0
47548.949
47412.535
47209.285
47395.465
47031.148
47236.734
46558.418
46221.602
46108.551
46081.133
46358.285
45905.465
46799.484
47111.801
47620.949
47005.668
47192.551
47173.133
47462.082
47366.133
47094.215
47273.066
47184.082
46993.934
46923.684
46975.465
46693.883
46171.867
46595.617
46721.199
46839.883
46768.867
47042.418
47038.199
46935.816
47327.398
47384.016
47592.734
46696.617
46171.602
46436.75
45854.867
45975.684
45698.668
46284.75
46828.734
46665.285
46562.465
46907.148
46756.734
47150.617
46992.398
47041.816
47428.535
47164.148
47126.867
47307.617
47385.066
47276.551
47086.867
46365.215
46534.398
45754.148
45934.668
46021.949
45890.668
45489.215
45637.266
45607.215
45555.199
45594.75
46041.602
45674.285
46265.801
46075.816
45887.332
45300.75
44858.066
44523.352
44635.934
44151.352
44253.332
43939.75
44589.398
44789.816
44828.133
44653.949
44301.199
45402.418
45727.332
46013.75
46049.867
46704.75
46878.332
46136.484
45852.398
45717.551
45634.066
44819.016
44939.602
45182.684
45134.934
45587.418
45496.0
45983.215
45911.734
45999.684
45795.199
46085.285
45721.332
45399.883
44845.066
45426.75
45542.535
44757.418
45651.199
45234.816
45596.0
45827.148
45246.535
45497.418
45106.535
44282.551
43750.668
44289.215
43991.465
43709.551
44181.332
44215.816
45290.602
44955.215
45735.266
45936.016
45555.133
45542.285
45909.133
46261.352
45698.133
45071.684
44849.199
44862.551
44276.266
44078.285
44023.199
44653.016
44683.398
44616.082
44579.668
45270.551
45346.066
44903.148
44635.934
44640.418
44165.199
43438.484
42963.535
42990.016
42887.801
42493.285
42866.133
43235.082
43808.199
44144.016
44303.734
44642.016
44851.934
45272.418
45227.398
45341.215
45129.867
44958.016
45439.801
44844.148
45283.602
45006.418
44490.133
45124.285
45017.0
45174.949
44840.332
44611.352
44548.199
44497.484
43918.535
44067.617
43731.934
43505.148
43897.266
43480.949
43331.668
43305.285
43175.668
43985.484
44280.867
43420.883
43541.066
44199.352
44069.801
43956.816
44478.332
43973.949
43595.602
43430.285
42707.734
43144.75
42255.801
42428.684
42360.0
42292.949
42895.934
42654.484
42966.734
42883.148
42845.133
43216.617
43133.133
43444.148
43378.133
42882.551
42947.668
43079.215
43300.465
42462.949
42785.398
42956.883
42972.465
42391.816
42868.066
43539.949
43164.668
42871.016
43680.867
43770.551
43694.867
43328.215
42897.266
43442.285
43025.734
43187.082
43134.066
42863.949
43058.734
42933.816
42695.465
43026.352
42798.867
42053.215
42225.398
42537.551
42224.801
41636.148
41612.332
41328.285
41149.0
40938.215
40540.398
41136.883
41162.801
40812.215
41792.535
41729.418
41985.734
41945.617
41639.734
42170.418
41921.602
41628.148
41102.0
41582.016
41755.668
40881.816
40021.398
39293.816
38466.398
37908.617
37118.332
36714.352
36135.602
35636.617
36895.535
37581.684
37629.398
38211.352
38986.066
40218.684
39900.066
40413.352
40201.535
40072.215
40294.734
39843.484
39666.465
39889.352
39804.066
39361.551
39504.734
39684.816
39831.199
39622.016
39361.199
39767.75
39466.398
39521.883
39289.934
39731.285
39673.668
39362.352
39999.332
39762.684
39575.266
39148.418
38902.0
38933.551
38812.133
38763.082
38897.066
38638.148
39039.867
39144.617
38903.535
39121.816
39639.133
39328.082
39034.199
39313.148
39530.266
39306.016
39455.398
39351.551
38923.734
38779.684
38662.332
38841.418
38708.867
37929.75
38316.801
38163.082
38426.867
38284.148
38072.0
38192.949
38336.668
38677.551
38174.602
38367.285
38646.066
38058.883
38350.133
38291.215
38187.266
37664.082
37769.066
37629.551
37703.066
37672.949
37612.398
37580.883
37526.066
36921.684
37247.602
36988.816
37317.867
36802.949
37185.801
37797.484
37425.332
37921.684
37847.535
37773.75
38185.867
37942.418
38022.266
38003.418
37926.734
38083.082
37958.133
38074.949
37834.266
38018.215
37818.867
38219.816
37578.867
37678.016
37466.133
37722.215
37824.535
37323.016
37206.066
37230.215
37285.133
37302.684
37362.332
37412.484
37549.934
37520.148
37399.668
37314.352
36921.535
36469.883
36379.066
36586.082
36041.133
35736.949
35879.066
36311.883
36254.465
35761.883
35805.934
36162.484
35963.867
35723.551
35309.668
35615.551
35439.0
34969.484
34552.668
34901.352
34932.465
34924.75
35211.465
35086.484
35130.199
34523.75
34715.398
34283.352
34181.934
33359.148
33221.266
33240.883
32752.533
32705.018
32031.4
32383.551
32058.732
31405.551
30635.066
30530.018
30589.133
30350.949
29746.867
30041.949
29943.133
30282.75
30354.732
30966.018
31446.133
32314.75
33081.535
33216.617
33395.0
33423.016
33651.867
33491.285
33055.668
33201.949
32881.867
33199.684
32955.066
33296.816
33411.332
33694.883
33639.801
33945.215
33804.398
34243.285
34032.734
33809.418
34132.332
34467.352
34196.465
33901.684
33655.332
33954.215
33844.332
33606.016
33572.801
33659.816
33732.535
34148.418
33283.066
33846.949
33777.398
33883.484
33709.801
33986.418
33722.801
33355.816
33316.332
33395.082
33581.602
32862.617
32735.467
32982.617
32754.467
32598.416
32824.4
32906.416
32624.268
32553.949
32261.801
32214.416
32244.0
32317.883
32222.4
32223.35
32175.533
32211.35
32118.666
31927.684
31869.4
31684.949
31132.334
31518.217
31027.801
31215.949
31126.6
31287.684
31109.199
31254.482
31235.801
31221.15
31591.467
31373.084
31648.199
31520.15
31733.199
31458.482
30977.199
31088.35
30859.133
30688.084
30919.0
30727.35
30758.133
30845.15
30735.533
31133.482
31680.133
31185.15
31735.867
31905.75
31655.533
31815.416
31460.268
31693.617
31891.467
32001.217
32206.0
32249.816
32686.867
32603.816
33031.734
33375.551
33724.199
33166.016
33034.465
33348.418
33923.535
33741.215
34233.332
34412.082
34813.734
34596.016
34761.934
34644.215
34309.465
33500.352
32400.801
31790.15
31513.066
31151.816
30878.6
30549.949
30657.0
30480.883
30409.334
30649.75
30524.467
30534.018
30502.268
30871.816
30584.0
30391.35
30100.268
30023.482
30300.334
29838.018
30115.133
29970.283
30245.666
30228.482
30357.066
30457.684
30632.533
30239.416
30358.4
30753.617
30572.133
29976.084
30328.867
30673.684
30468.867
30114.217
30400.6
30653.551
30051.133
30479.816
29750.4
30093.35
29750.199
29529.15
29627.732
29506.217
29636.533
29339.75
28844.0
29521.617
29607.533
29240.617
29220.6
29388.482
29188.533
29560.949
28980.732
29206.35
29257.268
29468.084
29408.199
29474.684
29302.066
29405.416
29542.6
29790.416
29334.666
28875.416
28907.268
29206.75
29370.801
29072.551
29227.268
29037.018
29271.133
28952.084
29005.199
29029.15
28951.268
28512.018
28275.6
28932.217
28708.934
28235.684
28133.066
28609.018
28216.4
28197.018
28245.199
28548.084
28255.133
27271.617
28057.4
28508.617
28108.199
28034.416
27613.934
27879.684
28007.4
28275.018
28151.199
28080.018
27787.0
27809.217
27788.533
27128.15
26997.801
26425.684
26694.666
26164.018
26673.066
26198.684
26287.0
27606.551
27438.934
27350.816
28035.467
27808.35
27886.0
27422.217
27226.533
27062.75
26999.801
26777.949
26850.066
26940.15
26984.867
26516.084
26795.199
27448.617
26975.4
26460.75
26777.467
27085.35
27154.533
26803.551
26930.801
27056.283
26656.732
26295.816
25943.934
26352.35
25910.066
25838.283
25405.199
25417.35
25457.133
24799.949
24243.467
24068.217
22544.6
21682.084
20882.801
20981.684
20991.467
21109.018
21344.801
22257.816
23183.867
23750.684
23811.467
24001.816
24686.934
25192.084
25126.934
24726.15
25181.666
25121.283
25240.6
25187.949
24817.801
24502.684
24367.732
24820.684
24695.6
24237.617
24959.066
24845.684
25047.0
25154.018
25035.467
25121.883
25112.199
24880.684
24974.4
25097.75
25295.066
24836.416
24861.533
25246.551
25330.334
25206.283
25284.467
25404.883
25365.066
25257.883
24763.533
25216.551
25127.801
24757.551
24568.801
24841.416
24977.066
24796.416
24364.199
24581.35
24946.199
24290.283
24960.801
25123.816
25048.467
25482.084
25202.334
25338.217
25305.467
25043.949
25169.0
25129.35
25056.0
24692.883
24759.801
24791.416
24839.533
24712.416
24765.133
25086.482
25068.533
24736.883
24513.133
24832.482
24783.533
24912.482
24472.801
24940.551
24810.4
24989.217
25031.801
25080.15
25010.666
24553.084
24254.268
24802.482
24683.199
24818.75
24415.867
24320.816
24414.4
24313.617
24686.867
24393.684
24361.533
23829.75
23855.6
23910.084
24244.867
23314.35
23583.199
23810.15
23822.133
23508.15
23368.066
23851.084
23791.199
23601.018
23690.732
23768.217
23995.0
23231.416
23489.467
23930.75
23965.732
23622.816
23475.066
23565.482
23809.0
23418.15
23334.4
23521.949
23449.066
22893.482
23154.0
23201.084
23011.6
22984.482
23130.467
22776.416
23550.934
22884.816
22779.334
22859.416
22866.0
22798.883
22201.0
22718.084
22782.533
22465.617
22159.4
22690.084
22534.133
22403.15
21908.199
22460.283
22398.867
22340.35
22357.066
21995.416
22255.934
22114.684
21671.334
21927.15
21755.801
21751.283
21256.199
21692.482
21619.467
20930.482
20593.6
21377.084
21103.867
21000.617
20799.6
21117.816
20998.199
20636.949
20527.867
21182.816
20923.867
20729.617
20538.867
21026.15
20612.666
20420.35
20331.268
20989.15
20681.334
20462.949
20416.934
20579.551
20247.268
19851.482
19561.066
20043.416
20110.133
20021.15
20311.6
20460.35
20327.533
19754.949
20374.199
20159.684
20048.801
20010.949
19948.533
19835.018
20013.6
19521.35
19411.4
18652.35
17795.666
16987.949
16183.934
15737.417
15499.533
15462.684
15512.2
16498.55
17080.801
17318.283
17815.732
18137.883
18199.732
18328.949
18226.4
18330.551
17777.133
17784.883
17041.6
18082.018
18038.334
17837.617
17778.666
18195.084
18438.199
18620.018
18336.867
18761.018
18974.867
18632.949
18754.801
19101.684
19082.268
19069.883
19234.732
19366.35
19341.533
19106.217
18787.801
19696.482
19467.801
19452.084
19037.801
19728.35
19888.467
19617.75
19857.467
19820.75
19377.268
19597.684
19224.133
19832.35
19712.732
19601.217
19533.199
19563.283
19797.801
19355.018
19902.334
19875.018
19927.334
19889.816
19481.934
20186.684
20159.666
19722.416
19907.6
20588.482
20313.066
20067.35
20536.934
20813.482
20415.467
20168.217
20233.801
19874.217
20091.199
19571.883
19712.6
20059.816
19960.732
19977.084
20437.0
20086.75
20260.066
19572.416
19444.732
20377.551
20152.867
20028.018
20131.4
19944.482
20028.801
20145.75
19812.6
19816.416
19842.133
19794.684
19755.199
19930.217
19561.732
19657.416
19515.0
19895.084
19636.066
19762.482
19675.732
20127.551
19700.801
19758.75
19680.0
19929.217
20158.467
20187.75
20053.0
19993.35
19817.934
19766.75
19971.334
20097.551
20242.732
20248.283
19858.6
20516.018
20334.133
20262.949
19797.666
20335.15
20218.0
20027.684
19924.334
19985.084
20133.334
20292.75
20130.334
20236.018
19923.867
20060.949
20226.268
19964.084
20036.533
19944.617
19832.467
19918.15
20055.666
19811.084
19690.533
19793.217
20083.867
19087.482
19905.801
19899.816
19798.4
19087.75
19467.467
19808.883
19928.732
19743.15
19834.801
19765.283
19907.867
19617.684
19493.934
19886.15
19624.666
19720.018
19348.934
19588.684
19615.934
19293.883
19211.6
19521.018
19072.133
19113.75
18930.334
19266.416
19128.066
18809.084
19095.066
19051.617
18842.0
18960.35
19106.467
18949.35
18889.0
18653.416
18698.133
18987.283
18683.732
18840.018
18433.6
18511.816
18593.533
18457.617
18508.4
18374.15
18274.732
18207.018
18185.732
18435.551
18387.199
18314.084
17383.268
17645.482
17583.533
17408.35
16801.334
16743.15
16815.732
16427.75
15815.934
16360.35
16205.267
15321.083
15696.4
15620.95
15208.066
15364.35
14804.733
14945.083
14734.2
14513.616
14632.866
14853.816
14709.0
14891.083
13670.134
14427.283
14547.467
14050.017
14341.533
14559.95
14655.0
14375.684
14734.134
15003.35
15043.533
15237.816
15612.533
15598.684
15421.866
15552.15
15289.2
15264.083
15464.733
15446.95
14889.934
15333.017
15182.2
14842.616
14247.866
14621.616
14366.4
14088.083
13972.733
13860.616
13916.333
13715.684
13613.134
14008.884
13994.2
13847.75
13837.533
13987.35
13789.2
13719.15
13612.4
14050.217
13853.733
13539.483
13980.6
14368.95
14105.667
13834.684
13984.8
13929.616
13992.533
13930.684
13814.733
13879.616
13627.667
13046.884
13622.134
13480.017
13603.934
13742.083
13258.134
13748.884
13664.4
12892.816
13190.6
13419.75
13248.333
13281.017
13579.467
13688.684
13642.866
13827.083
13771.733
13906.684
13744.467
13686.15
13369.066
13614.083
13690.667
13421.816
13422.934
13692.55
13666.533
13377.616
13867.8
13904.15
14037.866
13577.616
13802.467
13946.684
13904.333
14126.75
13388.066
13913.217
13757.2
14009.017
13553.467
14245.483
13949.533
14123.017
13725.2
14270.017
14213.533
13886.483
13668.6
13919.816
13634.333
13540.417
13780.467
13738.884
13542.866
13240.083
13193.134
13472.083
13609.6
13461.483
13613.8
13593.15
13433.6
13220.816
13435.0
13530.283
13369.267
13652.15
13045.934
13356.35
13629.134
13599.95
13281.2
13336.55
12880.8
12608.616
13005.8
12925.283
12982.733
12184.75
12728.733
13027.483
12875.4
12604.55
12918.733
13169.283
12756.667
12896.884
12739.4
12994.75
12615.733
12324.217
12347.533
12644.55
12558.134
12165.684
12455.6
12429.884
12555.667
12396.15
12456.0
12548.75
12398.533
12202.217
12402.667
12558.083
12488.0
12332.816
12665.066
12403.283
12496.2
12422.684
12198.066
12364.283
12365.4
12177.684
12063.866
12078.483
12189.4
11856.083
11788.2
12262.417
12265.4
11967.616
12021.134
12241.483
12226.0
11819.217
11883.267
12112.283
11872.2
11625.55
12055.4
12027.283
11793.0
12039.483
11811.134
11861.417
11783.066
11505.616
11156.2
11872.95
11513.866
11727.684
11549.134
11673.483
11454.733
11408.616
11220.8
11599.95
11449.4
11327.616
11093.134
11320.75
11394.533
11187.417
11152.066
11452.884
11404.467
10888.684
11048.066
11332.816
11295.866
10602.35
10798.8
11200.017
11158.267
11054.75
10739.333
11293.283
11153.934
11068.884
10819.934
10981.283
10818.333
10669.15
10812.866
10968.483
10769.6
10604.55
10675.8
11112.816
11109.0
10859.884
10613.733
10701.684
10818.333
10650.884
10461.2
10776.35
10717.066
10707.017
10340.267
10530.15
10626.467
10597.684
10411.6
10611.684
10386.0
10848.017
10129.934
10571.417
10509.0
10264.217
9839.134
10535.417
10510.733
10506.483
10195.8
10300.483
10153.066
10263.15
10360.934
10652.884
9876.6
10143.15
9938.267
10201.816
9531.667
9077.417
8366.934
8050.017
7146.867
6238.883
5562.6
4857.75
4051.2
3627.617
2937.667
3242.15
3136.8
2860.95
3087.6
4016.083
4236.6
4303.55
5354.667
5946.15
6243.933
6608.083
5945.867
6695.95
6278.8
6092.017
5713.933
5466.35
5544.467
5248.883
5015.0
5417.883
5493.533
5451.683
5269.467
6039.417
5807.867
5888.217
6501.4
6570.283
6818.2
6519.55
7030.467
7195.95
7206.733
7248.683
7503.533
7795.217
7856.267
7396.417
7666.733
8228.883
8261.733
7875.15
8351.733
8653.35
8789.267
8710.083
8745.066
9233.283
9199.134
8589.417
8700.733
9428.417
9500.866
9350.884
9080.467
9613.283
9398.8
9242.95
9226.866
9728.55
9494.467
8647.816
9507.733
9672.217
9748.866
9419.55
9206.2
9683.95
9611.6
9441.417
9354.2
9495.017
9615.866
9203.95
9020.4
9948.483
9530.267
9326.95
9336.267
9669.083
9578.533
9454.417
9431.8
9639.15
9610.533
9398.55
9350.0
9669.75
9634.533
9520.417
9404.934
9728.417
9665.934
9092.15
9288.267
9590.884
9509.934
9176.283
9093.6
9475.684
9338.333
9410.15
9156.4
9415.217
9556.8
9243.15
8773.333
9582.017
9462.467
9458.217
9278.8
9745.35
9503.533
9322.616
9099.2
9574.35
9349.2
8907.017
8755.733
9406.217
9308.934
9312.684
8711.333
9460.816
9312.2
9171.083
9257.8
9442.15
9405.6
9218.35
9132.533
9674.816
9464.467
8618.816
8952.2
9558.95
9329.533
9262.417
9148.4
9524.017
9426.333
8957.884
8769.0
9349.684
9187.467
9194.083
9011.8
9366.017
9325.733
9182.217
8714.333
9409.55
9330.866
9008.217
8641.667
9244.217
9374.6
9083.816
8987.267
9316.75
8967.333
8929.083
9039.667
9051.083
8960.6
8820.15
8662.8
9200.616
9040.467
8671.75
8604.866
9080.35
9183.934
8531.35
8581.934
9038.217
9002.333
9035.816
8776.866
8977.816
8907.6
8852.35
8543.533
9175.35
8898.467
8638.55
8620.134
8973.283
8879.533
8727.35
8206.0
8860.417
8788.934
8680.95
8160.532999999999
8936.55
8764.2
8260.017
8680.467
8742.95
8643.333
8267.884
8333.8
8508.816
8623.533
8354.417000000001
8331.267
8614.55
8384.8
8378.617
8135.867
8459.35
8494.0
8019.683
7951.067
8453.082999999999
8423.2
8123.083
8060.8
8133.217
8313.8
7845.483
7997.533
8061.417
8107.6
7926.883
7688.667
8292.483
8139.133
7713.217
7407.533
7987.15
8124.2
7929.483
7638.4
7968.817
7931.333
7272.35
7667.467
8089.95
7701.867
7585.217
7639.733
7858.75
7921.467
7514.483
7363.133
7786.683
7898.6
7729.217
7602.4
7905.35
7735.2
7435.883
7196.467
7797.817
7607.6
7856.617
7348.4
7842.95
7771.667
7275.283
7312.267
7784.283
7620.267
7421.217
7488.733
7765.417
7681.533
7267.883
7220.267
7809.483
7538.333
7396.15
7431.133
7662.283
7512.0
7111.217
6990.867
7356.35
7325.4
6811.217
6944.133
7420.55
7256.933
7397.483
7061.2
7437.083
7291.2
7507.217
7112.667
7324.817
7249.2
6871.35
6858.133
7322.483
7222.133
6737.083
6196.333
7173.217
7191.333
6745.017
6909.0
7176.35
6945.8
6793.483
6778.533
7106.55
6929.133
6735.217
6371.133
6978.017
7010.667
6284.283
6481.6
7014.483
6784.0
6542.683
6329.533
6913.417
6915.533
6825.283
6385.467
6977.15
6920.6
6838.483
6708.667
6908.617
6753.0
5557.683
6012.8
6817.017
6875.533
6475.817
6203.667
6752.15
6862.533
6208.95
6191.867
6639.75
6612.4
6143.283
6170.533
6643.55
6611.533
5998.017
5939.2
6502.217
6458.333
6186.95
6202.867
6435.483
6347.733
5907.217
6333.267
6409.083
6421.133
5924.483
6126.333
6510.15
6289.467
5820.417
5743.667
6335.283
6349.867
6188.683
5623.733
6411.083
6285.533
5598.883
5728.8
