282.367
61.5
-137.167
146.167
448.767
127.767
216.36700000000002
241.03300000000002
232.7
258.7
126.233
-171.233
201.5
215.567
16.9
-32.233000000000004
355.633
4.566999999999993
58.433
378.433
419.9
172.3
462.567
152.167
273.3
202.767
218.633
-119.9
196.5
200.7
324.3
25.099999999999994
287.033
189.36700000000002
239.433
17.167
558.033
479.9
84.9
-60.7
248.03300000000002
125.567
-12.566999999999993
176.233
197.767
236.233
142.5
231.63299999999998
212.767
240.5
-44.632999999999996
34.3
616.167
282.3
-13.099999999999994
-260.5
427.83299999999997
438.9
34.833
50.632999999999996
376.1
444.83299999999997
385.767
226.36700000000002
411.233
367.233
152.567
321.967
390.9
388.83299999999997
322.767
-139.96699999999998
439.967
287.9
32.43300000000001
76.9
373.033
188.7
137.9
70.033
287.3
491.767
191.1
67.033
228.63299999999998
350.16700000000003
23.967
3.9669999999999987
242.833
204.03300000000002
497.3
-2.8329999999999984
194.36700000000002
216.5
334.5
-65.7
201.1
261.433
189.433
95.833
406.967
367.83299999999997
-234.767
23.433000000000007
396.83299999999997
299.7
209.633
206.96699999999998
466.633
284.033
0.5
279.367
100.3
316.7
243.3
291.9
409.767
290.433
553.967
-228.167
321.9
366.567
105.767
365.967
382.16700000000003
453.83299999999997
255.433
98.567
342.967
241.1
-70.1
115.1
336.767
308.9
120.5
11.766999999999996
407.3
441.033
55.7
-245.433
343.3
326.433
79.967
130.36700000000002
270.567
420.233
326.16700000000003
39.56699999999999
288.1
328.433
-283.633
-137.3
303.433
205.167
161.03300000000002
-10.632999999999996
327.767
263.3
45.367000000000004
212.167
406.7
289.433
238.167
-105.433
449.433
409.433
429.16700000000003
148.7
487.5
279.967
151.433
337.233
412.1
84.1
356.367
-170.167
124.967
217.167
1.433000000000007
367.16700000000003
591.567
414.233
162.36700000000002
-86.633
490.567
148.9
439.433
31.299999999999997
394.367
359.1
311.3
387.633
520.9
351.567
424.5
305.1
327.16700000000003
227.96699999999998
385.9
-353.433
376.5
353.367
167.36700000000002
147.3
130.9
324.033
464.633
181.63299999999998
239.1
293.367
109.633
-197.1
270.567
390.633
458.367
183.5
384.83299999999997
306.5
37.7
-315.83299999999997
442.3
247.9
-72.233
24.566999999999993
262.7
191.03300000000002
-1012.233
-88.767
125.767
278.1
237.1
-72.433
558.5
403.5
254.03300000000002
71.167
256.433
230.567
-125.567
434.16700000000003
518.9
277.1
-191.167
35.033
311.83299999999997
325.83299999999997
-124.767
356.83299999999997
373.433
267.7
386.967
338.3
319.3
404.367
243.03300000000002
177.03300000000002
370.233
250.1
408.5
22.033
391.367
433.1
330.433
-66.233
221.167
318.233
75.033
-285.367
369.7
346.033
257.367
-115.3
353.433
334.83299999999997
212.7
82.967
350.3
350.83299999999997
-155.5
207.7
333.9
66.7
-148.167
158.567
260.7
209.3
303.83299999999997
176.03300000000002
256.9
519.3
92.367
169.567
374.9
535.9
380.9
159.96699999999998
220.833
277.7
92.167
507.033
347.033
215.833
-163.1
105.367
209.167
288.567
267.367
-8.832999999999998
541.967
569.433
32.3
285.767
374.9
350.367
229.567
103.9
340.5
395.767
73.367
134.7
290.9
339.3
183.567
306.567
474.633
450.7
402.9
124.767
574.167
197.3
398.16700000000003
-114.9
388.36699999999996
194.767
-71.43299999999999
306.7
355.967
232.833
556.033
416.5
409.033
298.3
664.833
110.233
406.033
321.767
-6.63300000000001
303.233
662.7
437.9
575.033
-16.967000000000013
476.36699999999996
402.967
421.567
237.567
374.9
569.7
-11.967000000000013
265.033
641.367
365.36699999999996
172.233
214.967
386.3
390.9
552.033
217.9
678.567
578.433
719.433
480.7
742.233
543.033
273.233
384.767
438.767
662.967
829.567
256.767
761.3
634.3
584.7
727.567
646.3
549.033
396.833
695.5
532.5
805.767
168.96699999999998
328.767
608.5
590.567
615.767
449.833
931.8330000000001
606.233
765.5
606.233
735.233
702.567
738.3
371.9
1060.833
515.033
613.033
552.1669999999999
880.767
572.3
750.5
657.233
650.9
936.9
839.9
724.167
676.567
942.633
691.567
511.833
991.7
789.3
682.767
615.967
603.3
720.1
836.1
709.3
930.3
837.9
618.033
572.033
736.433
844.967
735.3
627.433
969.167
541.5
803.167
530.5
734.9
632.9
812.767
902.767
774.367
512.167
836.7
1013.7
508.83299999999997
912.967
770.233
809.833
837.5
807.7
668.7
1019.3
1209.167
721.567
744.3
1319.7
967.033
1179.567
561.233
747.833
1217.833
1058.7
1190.833
1275.3
793.633
779.3
894.0329999999999
875.9670000000001
1400.233
1231.633
701.8330000000001
1170.633
1059.433
1280.167
1315.9
1138.367
1051.367
1398.967
673.7
949.567
1065.3
1240.167
1573.5
1529.167
1458.967
1401.367
1207.833
1320.567
1322.633
1228.9
854.0329999999999
1085.5
1413.767
1235.567
1487.967
1060.367
1551.1
1459.7
1555.3
1369.567
1528.367
1445.367
1034.633
1507.233
1369.633
1272.633
1200.567
1353.967
1314.967
1448.5
1343.433
1130.967
1461.033
1227.9
1201.033
1085.967
1549.1
1462.7
1377.9
1482.233
1567.033
1327.433
1287.767
1188.1
1452.3
1486.967
1364.967
1119.167
1597.233
1340.3
1379.7
1366.633
1513.9
1405.833
883.567
1341.633
1413.967
1482.9
1512.3
1700.767
1829.5
1652.5
1661.167
1637.433
1768.367
1822.7
1670.833
1755.7
1750.767
1764.5
1919.167
1778.833
2148.9
1644.567
1212.967
1465.5
1665.9
1966.767
1675.3
1786.9
2135.3
1942.167
1868.3
1796.967
2031.633
2089.633
2110.567
1824.433
2199.5
1875.233
1762.433
1657.167
1697.167
1617.367
1921.167
1275.433
1682.033
1811.5
2033.3
1688.433
2005.767
1912.433
2103.9
1917.567
1975.033
2055.433
2039.833
1939.633
2251.567
1819.567
2352.5
2128.167
2133.5
2044.567
1956.633
2146.3
2397.167
1751.7
1873.167
2173.7
2423.5
2153.833
2215.767
1982.633
2043.3
1934.233
2006.167
2152.367
2108.433
2430.633
2690.967
1999.5
2569.3
2550.433
2409.967
2330.5
2374.5
2255.633
2190.033
2500.7
2453.633
2253.033
2033.7669999999998
2153.633
2082.633
2062.233
2393.967
2273.967
2438.5
2645.167
2469.767
2608.833
2818.3
2578.1
2886.167
2725.167
3071.967
2829.633
2642.167
2890.3
2901.767
2804.567
2590.5
2752.967
2566.3
2656.7
2529.967
2712.9
2691.167
2470.433
2124.3
2401.9
2338.3
2350.833
2166.1
2108.633
2380.1
2129.033
2049.767
1762.233
2386.967
1945.967
2303.5
2288.433
2493.1
2982.5
2763.167
3072.633
2915.9
3092.367
3241.5
2858.1
3019.767
2981.567
2680.5
2618.767
2892.367
2746.033
2988.767
2555.567
2832.9
2900.967
2852.233
3034.833
2987.5
3037.433
3215.033
3156.3
3182.633
3207.367
3102.833
2824.633
3166.1
3214.367
3067.3
3311.033
3389.167
3248.033
3133.1
2847.7
3364.567
3246.433
3556.567
3842.7
3935.967
4283.367
4289.7
4119.3
4056.233
4004.567
4120.367
3712.833
4271.767
3947.567
4092.1
4023.5
4246.567
3760.567
3929.1
4063.967
3904.5
3944.7
3742.167
3449.633
4051.1
4162.9
4018.767
4213.1
4379.167
4374.033
4246.1
4010.367
4363.3
4299.7
3757.233
3991.5
3941.3
4172.767
4026.367
4288.9
4472.567
4210.767
4082.967
3553.567
3808.567
3937.7
3969.567
3698.1
4110.233
3777.1
3824.433
3581.833
3532.833
3477.367
3390.433
3457.7
3481.833
3602.567
3382.633
3528.233
3272.367
3460.567
3600.433
3700.367
3996.767
4168.032999999999
4265.233
4436.3
4220.9
4322.233
3880.367
4411.1669999999995
4202.3
4217.633
4739.833
4444.033
5147.3
5152.5
5072.767
5300.833
5870.033
5370.967
5485.167
4945.433
5116.367
5037.767
4613.1
4363.7
4431.633
4270.633
4078.7
4193.833
4700.1
4324.433
4606.3
4650.433
5151.033
5107.633
5244.967
4971.167
4830.367
4686.033
4307.767
4151.032999999999
4238.367
3845.633
3706.7
3543.3
3606.167
3544.367
2974.033
3314.033
3313.967
2972.233
2654.5
3419.5
3481.367
3597.033
3889.767
3654.567
4460.032999999999
4686.367
4782.1
4593.833
4696.233
4484.633
4108.367
4251.5
4168.367
4365.233
4335.633
4169.167
4734.3
4408.233
4569.767
4451.167
4625.233
4583.167
4493.7
3962.367
4549.833
4421.567
4567.767
4509.3
4399.767
4448.9
4492.567
4504.033
5177.3
5223.5
5233.1
5461.3
5642.633
5705.767
5677.167
5507.7
5853.767
5606.5
6003.967
5614.3
6063.033
6499.167
5813.567
6040.3
6111.767
5896.7
5861.033
5137.433
5027.3
4467.7
4209.1669999999995
3319.167
3157.967
2644.3
2459.3
2474.367
3005.9
3290.167
3628.167
4139.1669999999995
4500.167
4729.7
5021.967
5471.433
5759.3
6171.7
6048.633
6007.433
6201.1
5613.033
5485.033
5208.567
4826.5
4067.3
3745.967
3438.767
3408.433
3784.3
3949.9
4495.833
5370.3
5651.367
5865.167
6751.233
6979.5
7102.3
7501.633
7225.167
7934.833
7955.567
8363.832999999999
8076.633
8026.233
8475.3
8216.767
8241.3
8423.633
8247.366
8526.5
8304.167
8968.7
8781.5
8867.967
8638.9
9142.634
9007.7
8855.767
8916.833
9482.9
9234.033
9186.566
8970.366
9090.167
8653.7
8696.7
8890.434
8970.1
9415.767
9144.167
9248.634
9303.5
8998.767
8710.9
8509.366
8715.3
8975.566
9116.767
9048.967
9045.767
9032.5
8982.5
8862.833
8763.9
8732.967
8583.5
8665.167
9141.7
8895.033
9090.833
8737.7
8918.767
9138.033
8890.167
9295.833
9461.566
9442.167
9533.033
9658.9
9738.634
10056.566
10310.434
10131.9
10049.3
9984.233
9342.033
8784.033
8968.1
8909.1
8832.3
8751.634
9062.7
9298.434
9442.3
10066.9
9977.5
10578.833
10523.366
10577.7
10542.1
10961.233
10330.833
10448.967
10872.5
10415.9
10456.033
10624.5
10573.7
10419.9
11030.033
10510.833
10827.233
10807.233
10660.233
10412.167
10680.167
10520.634
10530.566
9973.7
10619.233
10459.366
10441.5
10047.033
10422.1
10802.3
11006.033
10651.233
10913.167
10997.033
10751.167
10762.3
10706.167
9719.3
10155.5
10181.566
10269.767
9762.967
10405.566
10232.366
10291.967
9999.5
9999.366
10330.434
10473.634
10403.9
10490.767
10243.767
9982.5
9980.634
9378.5
9652.634
10351.5
10116.233
10269.233
10645.566
10951.033
11013.1
11222.366
10850.3
10968.3
11124.1
11049.434
10614.366
10410.3
9925.033
10093.7
9349.5
10003.634
10244.434
9903.033
9864.566
10689.167
10671.033
10129.1
10176.033
10978.233
11172.767
10865.9
10665.366
10798.3
10856.167
10591.767
10532.9
10785.767
10568.3
10854.967
11154.033
10840.9
11108.767
11370.1
10481.833
10737.833
10600.7
10201.3
10501.366
9782.233
10034.366
10060.967
11033.833
10926.767
10759.967
10770.033
10297.833
10572.9
10554.033
10868.833
10573.434
10336.366
9783.967
9606.9
9311.033
8904.967
8843.7
8220.5
8109.767
8126.5
8109.167
8593.566
9005.3
9923.167
10537.434
11653.366
11812.167
12792.167
11976.967
11438.833
11928.033
11770.033
11628.767
12356.967
12457.767
12668.634
12507.5
12410.1
11754.1
11357.566
11017.566
11210.033
11147.967
12409.767
11850.3
12449.9
12509.9
12814.366
12854.366
12488.1
13225.767
13400.3
14011.967
13883.167
14021.033
14274.634
14638.167
13609.434
13813.233
13214.1
13515.033
13499.366
13890.634
13389.167
13167.033
12710.767
12510.7
12747.3
12450.5
11564.9
12431.967
12274.3
13055.9
13228.5
13309.1
14190.167
13785.233
13440.1
13765.767
13802.5
13541.434
13543.7
13754.3
14176.5
14621.9
14649.366
14336.967
14452.767
16049.767
14813.566
14878.767
15107.7
14512.233
15115.7
15059.967
15671.167
15112.967
14548.366
14857.434
15104.3
14993.366
14477.366
14376.634
15467.7
15923.1
15527.5
14890.434
15259.634
15046.3
14895.967
14079.033
14986.833
14837.366
14443.3
13795.1
14379.033
14682.233
14671.167
14253.767
15281.033
15301.167
15108.233
15466.634
15609.634
16352.566
15610.233
15393.167
15983.033
15531.434
15858.233
14986.9
15323.167
16042.967
15614.167
15757.767
15792.566
15379.566
15608.1
16028.434
16681.233
16378.634
16341.566
16523.633
16352.3
16819.699
17276.232
16820.967
16774.768
16328.233
16360.9
15842.3
16309.7
15924.7
16257.233
15607.167
15203.167
15429.366
15331.566
15037.167
15605.033
15151.7
15269.233
15388.566
15322.1
15434.167
15246.767
15836.1
16311.167
16685.3
15799.233
15911.833
15990.634
15422.1
16232.366
15854.033
16415.3
16412.167
16799.434
16801.367
16955.566
17196.699
16629.233
16194.434000000001
17833.768
17187.232
17093.768
17329.699
17594.5
16360.366
17098.301
16352.366999999998
17358.232
17092.566
16346.767
16889.768
17406.768
17106.967
17218.699
18171.1
17652.768
17002.166
16784.9
16590.9
16428.833
17003.1
17704.566
17540.1
18236.566
18386.434
18762.434
18277.166
18334.566
18762.301
18508.166
18485.434
18502.699
18580.033
18986.768
18601.5
19354.967
19092.434
19213.633
19652.967
19470.166
19456.967
18963.367
19127.834
19407.9
18975.967
18841.232
18672.9
19349.1
19028.9
20053.834
19285.033
18923.834
19416.033
19551.834
20278.768
20388.434
20442.633
19875.633
20171.834
19647.367
19762.834
19529.166
19953.699
20129.967
21926.033
20246.834
21138.166
21484.232
21677.232
21118.1
22394.434
21868.699
22195.5
22949.834
23661.1
22417.1
23010.033
22461.768
22706.566
24372.367
22840.1
23046.967
22188.699
22134.834
22268.033
22895.5
22791.232
23257.967
24045.633
23470.967
24252.9
24947.967
25588.9
25609.1
25789.9
26575.967
27269.1
26577.967
25240.5
26120.033
26262.566
25504.633
26051.434
26669.166
26689.232
26484.768
26979.232
27617.367
26830.5
28393.166
29060.834
28706.301
28073.834
29184.232
28950.768
29064.967
28787.033
29165.834
29327.166
29074.301
29119.768
28739.967
28990.367
29862.699
30674.1
31056.566
31393.1
32779.967000000004
33058.633
32410.699
33112.434
33132.834
32906.168
32913.166
31923.633
32916.232
32092.5
32065.033
33666.5
34236.035
34524.367
34623.633
34817.699
35565.766
34669.633
34927.234
34353.035
34661.633
34941.102
34403.633
35121.699
35900.035
36214.898
36362.234
36531.699
36939.965
36947.566
36372.832
36653.566
36524.699
36651.898
35974.035
36597.898
36660.035
36864.035
37275.832
36781.566
36652.168
36863.035
36923.766
36956.699
37041.965
37397.102
37144.367
37319.832
37533.832
37360.5
36197.699
35625.102
33941.102
32534.5
31668.166
31255.834
31197.9
31678.5
31633.768
32988.768
34603.766
35082.5
35734.898
35839.234
36156.633
37074.633
38016.367
37646.699
38359.766
38309.301
37993.102
37146.367
36852.965
37144.102
37728.766
38038.367
38531.035
39161.102
40061.965
40564.168
40668.102
40780.832
40078.234
39890.168
39456.699
39734.5
39797.5
39755.168
39741.301
38988.633
38607.898
38364.699
37812.633
37856.832
38233.102
37947.367
39434.102
39708.102
39993.699
40622.102
40844.965
39921.5
40178.234
39824.234
39845.832
40154.434
40542.832
40956.168
41983.832
41877.699
42411.301
41944.367
41919.633
41462.168
40747.766
40917.766
40828.5
41003.168
40760.234
41086.102
41665.168
41950.168
41482.766
41569.5
42619.234
42081.035
42468.766
41772.633
42424.699
41812.434
40884.301
40376.367
40008.965
39887.832
40170.965
40511.566
40896.965
42086.699
41767.766
42619.367
42068.168
42122.566
41866.898
41481.766
41115.035
40688.5
39980.898
40134.898
40141.699
39917.5
40185.699
40100.035
39800.035
39930.367
39819.898
39914.234
40384.234
40875.965
40829.633
41341.766
42083.832
42277.168
42213.301
42598.102
42346.367
42269.566
41489.965
41043.832
40550.699
40860.168
41248.633
40946.898
41787.766
42110.102
42719.035
43005.699
42986.5
42923.301
43810.766
44138.5
44682.898
44798.965
44400.168
44229.367
43926.766
43920.832
43244.5
43016.633
43154.5
43184.035
42825.699
42765.5
41794.234
42386.035
42015.699
42384.699
42233.234
43168.434
43688.633
44377.301
44710.832
45042.234
44032.566
44124.168
43570.965
43651.102
43944.898
43592.5
43585.168
43240.832
43622.633
43992.898
44014.234
44177.301
44186.168
44729.898
45200.301
46078.766
45248.301
45056.168
44367.5
44340.566
43587.102
43533.5
43487.102
43196.5
43909.168
43985.168
42126.633
43349.168
43272.898
42922.965
43107.832
42847.566
42727.035
43020.035
43577.301
43915.832
43913.766
43831.434
44013.766
44746.965
44758.898
45136.035
44810.566
44284.766
42824.434
41255.035
40417.898
38897.234
37186.898
36725.832
37456.898
38477.633
40825.434
41453.5
40889.633
40917.367
41165.168
40567.965
41037.699
40448.234
39956.168
40939.102
42176.301
43072.5
42999.035
43426.832
43594.102
44146.832
44926.168
44423.301
44332.699
44393.035
43570.367
44071.5
44571.035
44566.766
44411.234
45250.434
45674.633
45672.434
45769.898
44999.633
44806.035
44484.898
44754.898
44446.102
43680.898
43502.168
42979.301
44025.699
44843.102
45554.301
45283.301
45967.035
46888.898
47255.566
46650.102
46180.699
46511.633
45942.566
45808.367
45140.102
45806.965
46391.633
45849.168
45527.965
45149.168
44072.168
43369.766
41791.766
40546.633
40194.633
40295.035
40707.699
41229.301
42461.102
42715.832
44040.699
44352.699
44392.5
45114.965
45314.434
45723.434
45991.367
46089.301
46568.832
47415.367
46797.434
46377.898
45587.832
45389.367
45217.102
45137.633
45170.367
45168.832
45890.434
46939.965
46964.434
46959.234
46982.102
46842.898
46592.965
46578.699
46527.965
45428.035
44812.5
44388.102
43745.766
42948.168
42390.5
42726.168
43080.367
43522.898
43979.168
44694.102
44792.035
44531.5
44384.566
44569.234
44244.633
43880.633
43949.566
44397.035
44962.965
45101.699
45161.898
45704.434
46263.766
46201.301
46263.035
45996.234
45754.234
45117.566
44354.699
44014.234
43100.965
42096.566
43374.766
43309.633
43605.832
43814.633
44398.898
44540.434
44916.234
44358.5
44472.367
44791.035
44252.566
44134.5
43959.766
43851.102
43486.965
42852.898
42396.035
42524.832
42583.301
42098.234
41382.699
41718.766
41605.832
41315.766
41285.965
41556.832
41904.102
42121.898
42602.832
42771.832
43204.965
42956.898
42752.5
43291.699
43139.434
41882.035
42684.102
42204.301
42260.168
42496.035
41808.898
41948.898
42885.367
42971.898
43427.434
43256.301
43413.832
43367.699
42992.035
43525.898
43025.035
42474.234
42407.5
42708.434
43150.367
43334.5
42608.168
42747.168
42660.832
42242.633
42524.832
42646.766
42562.035
42332.102
42570.434
42188.5
42442.965
41771.766
41502.699
41391.898
41348.699
41605.766
41121.566
42018.035
42262.5
42782.102
42103.766
42288.168
42306.301
42644.102
42467.832
42257.234
42419.367
42391.234
42157.766
42148.898
42229.234
41869.766
41400.699
41811.234
41962.898
42029.832
42011.766
42165.168
42188.898
42061.766
42458.434
42502.102
42770.234
41905.566
41456.5
41693.301
41130.367
41240.035
40981.434
41574.5
42022.898
41909.699
41775.633
42064.102
41979.301
42347.168
42132.566
42203.367
42512.766
42352.035
42276.766
42496.102
42532.102
42409.102
42237.434
41546.234
41787.367
40983.301
41214.102
41297.832
41170.234
40831.168
40993.832
40920.102
40895.168
40910.699
41304.102
40880.301
41548.367
41280.102
41166.633
40666.367
40291.699
39903.766
40092.633
39694.766
39719.699
39343.234
39991.301
40194.367
40224.5
40028.766
39714.035
40721.965
41000.898
41269.434
41316.832
41916.965
42092.898
41403.566
41224.367
41015.234
41011.367
40216.102
40263.102
40539.367
40548.234
40891.367
40831.168
41290.898
41164.832
41261.832
41080.367
41362.367
41001.766
40731.234
40173.898
40803.301
40894.898
40079.035
40926.434
40598.5
40958.766
41149.102
40653.633
40894.832
40471.566
39679.102
39257.5
39696.832
39469.766
39223.301
39586.965
39600.832
40724.832
40384.168
41055.566
41219.832
40880.566
40860.434
41197.5
41531.234
41044.699
40473.832
40285.234
40247.168
39749.168
39539.766
39484.367
40103.5
40208.832
40091.434
40045.965
40684.633
40705.5
40332.367
40091.633
40051.898
39608.035
39004.102
38507.434
38584.965
38529.699
38142.234
38467.367
38799.168
39399.566
39654.434
39764.699
40051.965
40301.367
40649.832
40579.168
40723.234
40517.434
40344.699
40870.566
40274.234
40741.434
40391.301
39993.102
40553.965
40394.898
40624.633
40269.5
40090.633
40022.102
39967.633
39403.898
39567.434
39304.301
39058.699
39418.633
39055.301
38848.035
38835.633
38712.566
39485.035
39779.234
38971.434
39147.633
39665.5
39593.832
39397.633
39951.5
39464.832
39152.898
39036.168
38248.301
38751.898
37916.699
38076.102
38016.035
37982.832
38519.035
38290.234
38619.301
38446.699
38410.699
38778.633
38727.965
39010.898
38949.168
38475.367
38531.699
38721.434
38897.301
38043.434
38395.566
38567.367
38603.367
37977.699
38451.766
39079.766
38697.168
38395.566
39215.766
39299.434
39149.965
38897.898
38476.168
39015.699
38533.832
38729.367
38705.5
38447.102
38625.035
38471.699
38259.234
38603.301
38312.965
37650.035
37828.434
38077.5
37908.434
37263.301
37281.766
36956.102
36864.5
36699.699
36270.566
36871.699
36927.965
36547.102
37484.965
37368.5
37581.566
37545.434
37336.434
37825.766
37619.699
37267.035
36775.367
37239.965
37423.301
36692.633
35865.102
35181.898
34468.699
33919.102
33288.633
32879.301
32341.5
31842.5
33015.633
33619.168
33648.965
34225.301
34848.168
35988.699
35722.301
36211.234
36018.434
35949.434
36128.367
35649.434
35506.301
35694.102
35682.367
35240.434
35386.766
35536.832
35740.566
35474.035
35173.367
35646.301
35373.234
35380.434
35204.168
35587.699
35524.766
35232.434
35792.699
35628.035
35423.035
35081.367
34825.234
34842.633
34738.633
34679.301
34862.434
34599.301
34985.035
35056.633
34826.367
35022.102
35493.699
35227.699
34985.699
35211.168
35384.633
35223.898
35350.699
35286.301
34850.102
34651.633
34574.301
34777.965
34659.367
33903.898
34288.035
34229.699
34430.367
34262.633
34101.766
34196.5
34330.301
34626.5
34120.699
34364.301
34641.566
34061.5
34348.898
34315.633
34241.102
33667.234
33807.035
33689.301
33758.301
33816.434
33735.102
33635.965
33594.234
33001.566
33358.898
33115.234
33430.234
32945.766
33300.168
33886.234
33556.5
33961.301
33920.434
33782.898
34235.035
33998.168
34053.035
34039.699
33954.566
34137.965
33952.5
34102.633
33879.832
34070.965
33825.367
34276.566
33644.633
33728.566
33502.434
33767.832
33934.434
33381.832
33227.965
33367.766
33377.234
33363.102
33395.168
33490.301
33602.234
33545.566
33484.102
33412.965
33006.766
32627.5
32537.166
32713.232
32250.1
31960.633
32045.768
32480.301
32419.232
32006.301
32024.1
32373.1
32159.232
31861.033
31580.768
31879.633
31687.967
31335.033
30891.166
31177.301
31233.633
31246.834
31513.1
31384.033
31360.166
30825.834
31037.9
30673.166
30560.232
29778.434
29674.9
29734.834
29299.1
29284.434
28619.232
28966.033
28657.301
28062.434
27356.166
27234.834
27347.232
27156.033
26539.699
26858.5
26777.1
27024.232
27087.566
27686.9
28096.5
28857.033
29615.033
29713.1
29863.033
29889.699
30106.367
29945.768
29558.967
29701.967
29428.967
29678.367
29430.834
29777.232
29861.834
30150.232
30083.301
30301.232
30199.566
30607.1
30491.967
30235.033
30473.232
30792.967
30539.967
30305.434
30054.9
30389.9
30293.301
30047.434
30038.434
30090.301
30131.367
30488.166
29731.367
30247.033
30240.033
30264.566
30050.232
30411.9
30161.033
29738.5
29751.033
29900.232
30050.367
29345.166
29282.967
29482.566
29223.367
29136.834
29341.834
29458.1
29159.434
29029.367
28807.834
28779.301
28800.434
28872.768
28808.699
28824.1
28742.768
28767.434
28667.232
28526.033
28500.166
28342.367
27791.1
28185.967
27719.367
27853.166
27822.9
27946.633
27726.033
27906.5
27808.434
27849.166
28261.633
27980.967
28304.301
28143.5
28357.5
28146.367
27665.699
27826.967
27652.166
27471.834
27695.367
27560.5
27562.232
27551.1
27457.434
27892.166
28381.699
27884.566
28426.166
28531.232
28332.566
28463.033
28136.834
28319.834
28523.834
28616.033
28844.834
28870.166
29272.166
29163.967
29518.1
29828.367
30148.232
29628.232
29477.967
29791.434
30312.301
30147.434
30623.633
30806.633
31133.633
30926.1
31077.768
30959.633
30728.033
29954.5
28933.566
28391.301
28131.633
27810.5
27533.967
27311.768
27354.434
27221.033
27109.633
27308.834
27233.768
27224.1
27198.166
27546.434
27286.768
27138.232
26826.301
26840.367
27028.9
26587.633
26902.033
26767.768
27012.033
26974.301
27043.166
27154.768
27372.367
26962.434
27121.768
27482.566
27260.1
26748.166
27042.166
27409.834
27224.699
26817.768
27121.232
27399.033
26805.633
27182.566
26508.434
26823.1
26547.232
26313.834
26500.566
26350.5
26392.768
26145.434
25653.367
26334.768
26417.633
26039.232
26076.166
26206.566
26047.9
26362.5
25841.633
26031.033
26113.699
26217.1
26225.1
26371.232
26102.834
26230.232
26407.166
26617.301
26152.434
25764.301
25759.566
26037.699
26164.9
25852.967
26031.834
25842.434
26083.033
25855.301
25831.699
25852.633
25818.967
25396.1
25202.9
25822.967
25574.967
25172.5
25090.166
25470.9
25117.633
25122.5
25158.768
25452.967
25189.367
24163.9
24974.232
25420.967
25018.367
24958.1
24609.434
24882.967
24905.9
25222.232
25117.301
25026.301
24728.699
24771.1
24785.166
24190.699
24051.166
23519.9
23764.834
23330.633
23785.9
23269.768
23349.967
24641.566
24425.434
24365.699
24991.434
24785.768
24853.301
24415.967
24249.301
24085.9
24071.1
23870.5
23916.566
24039.1
24016.434
23616.967
23833.768
24439.5
24041.9
23504.834
23834.301
24098.768
24167.699
23824.566
24001.699
24135.367
23777.633
23458.967
23078.367
23520.9
23112.967
23051.699
22625.1
22617.834
22664.633
22014.301
21596.232
21461.232
20081.633
19369.9
18561.633
18743.633
18745.232
18839.967
19056.301
19816.166
20690.834
21160.166
21162.566
21372.434
22034.301
22461.5
22363.367
22014.699
22506.9
22394.367
22449.5
22497.768
22115.232
21743.301
21637.566
22084.232
21979.699
21514.633
22209.166
22105.633
22277.301
22386.232
22263.166
22357.9
22369.5
22104.633
22210.232
22303.232
22480.434
22051.9
22042.5
22451.699
22548.166
22416.033
22466.5
22614.301
22615.9
22448.434
21974.5
22411.033
22388.699
22056.699
21837.768
22122.232
22269.367
22051.166
21633.699
21840.5
22165.1
21559.967
22219.1
22371.9
22295.834
22691.5
22453.367
22528.633
22498.033
22279.5
22427.166
22340.232
22277.768
21949.1
22056.633
22079.967
22137.566
22043.566
22087.232
22329.1
22321.434
22011.566
21823.768
22081.1
21978.633
22147.1
21729.768
22237.633
22074.566
22213.232
22245.834
22321.566
22307.166
21808.301
21532.301
22106.699
21956.5
22119.301
21722.633
21654.1
21729.768
21578.566
21994.768
21745.033
21702.033
21140.768
21156.5
21281.301
21550.301
20701.834
20963.301
21197.566
21179.768
20942.5
20823.033
21247.9
21171.1
20904.633
21050.9
21152.367
21315.367
20654.367
20835.768
21308.967
21356.301
20971.367
20855.232
20980.434
21234.1
20809.232
20790.834
20923.566
20879.1
20342.9
20603.834
20630.367
20414.967
20431.434
20543.768
20245.9
20990.967
20349.768
20248.301
20341.5
20369.1
20254.166
19736.967
20227.699
20266.166
19937.232
19673.232
20164.633
20048.033
19958.1
19451.633
19967.5
19958.1
19880.699
19921.834
19537.768
19841.566
19683.967
19267.834
19512.166
19378.367
19342.367
18869.633
19308.5
19211.834
18582.367
18262.768
19040.633
18829.166
18669.232
18521.768
18779.301
18632.1
18307.834
18221.699
18868.367
18618.768
18423.699
18277.5
18767.033
18314.834
18124.834
18027.033
18675.699
18433.166
18191.9
18136.768
18322.566
18014.834
17613.768
17344.232
17824.301
17907.434
17809.434
18113.5
18222.566
18092.967
17507.367
18154.232
17936.967
17838.967
17797.834
17730.232
17655.5
17802.566
17324.1
17294.834
16685.167
15970.366
15280.233
14585.366
14177.634
14042.634
14012.767
13941.9
14850.967
15345.634
15536.167
15979.033
16268.566
16306.1
16425.3
16333.634
16451.233
15918.366
15954.366
15187.967
16257.767
16198.167
15980.3
15876.566
16264.1
16474.434
16623.9
16346.633000000002
16731.033
16958.967
16596.699
16695.768
17056.1
17064.5
17033.434
17165.967
17282.768
17226.9
17048.232
16666.5
17602.5
17330.633
17259.967
16898.301
17566.434
17690.166
17451.033
17668.301
17687.967
17246.1
17413.967
17086.699
17663.166
17519.633
17426.699
17352.5
17374.5
17582.768
17176.967
17739.768
17707.9
17721.768
17652.1
17254.1
17991.301
17911.1
17501.699
17663.9
18354.1
18057.834
17798.834
18263.699
18515.301
18142.566
17912.301
18018.633
17688.5
17869.367
17356.633
17501.967
17842.434
17728.5
17757.033
18197.301
17840.166
17974.033
17354.033
17245.033
18123.768
17922.967
17757.367
17895.232
17727.434
17831.434
17908.434
17586.633
17669.5
17611.033
17567.633
17542.232
17691.1
17378.699
17472.1
17335.033
17725.434
17412.967
17571.166
17523.5
17916.633
17551.5
17553.566
17489.566
17724.699
17994.033
17956.166
17805.768
17754.9
17646.166
17512.166
17742.699
17903.633
18004.367
17995.166
17632.9
18257.967
18085.5
18051.5
17553.232
18106.967
18004.768
17788.9
17674.566
17758.699
17901.301
18024.1
17939.367
18026.768
17732.166
17830.699
18006.967
17726.834
17852.566
17704.166
17544.9
17693.9
17791.633
17529.633
17481.301
17610.1
17833.633
16943.367
17651.033
17724.967
17637.033
16963.232
17306.834
17640.434
17727.633
17568.5
17594.5
17557.1
17660.9
17396.5
17284.033
17680.633
17442.967
17503.633
17193.633
17424.301
17470.367
17160.5
17060.633
17359.1
16977.301
16980.301
16844.166
17175.633
17006.367
16650.9
17001.834
16986.033
16749.434
16877.566
17025.633
16827.633
16795.166
16568.768
16626.768
16905.434
16611.834
16719.033
16365.434
16446.5
16509.167
16396.634
16458.833
16291.634
16230.967
16198.566
16160.634
16405.167
16360.033
16303.566
15379.7
15706.634
15657.767
15486.634
14931.833
14902.566
14969.434
14605.366
14025.634
14574.434
14411.833
13598.434
13977.833
13892.167
13539.566
13710.167
13157.833
13278.033
13155.1
12887.434
13023.434
13246.833
13112.767
13307.634
12068.634
12812.767
12937.833
12455.033
12755.833
12976.967
13064.634
12761.434
13150.634
13372.634
13389.366
13552.233
13927.1
13933.767
13719.566
13802.9
13581.1
13569.967
13774.434
13728.5
13211.634
13647.233
13515.434
13218.033
12636.167
13034.3
12796.233
12501.5
12415.634
12322.634
12375.366
12205.1
12064.634
12461.167
12433.634
12269.634
12303.167
12439.5
12276.634
12163.967
12117.3
12511.167
12344.767
11986.967
12445.167
12779.634
12618.1
12270.5
12435.634
12396.5
12440.833
12375.767
12297.233
12352.434
12108.033
11536.634
12138.3
11989.9
12106.5
12201.566
11756.233
12216.967
12113.167
11381.7
11739.167
11918.033
11783.3
11811.967
12079.233
12189.9
12178.3
12350.167
12284.033
12397.434
12229.833
12184.634
11886.3
12122.9
12227.1
11920.3
11914.7
12195.233
12143.167
11900.833
12324.833
12384.434
12521.967
12048.566
12273.167
12420.5
12357.566
12556.167
11870.233
12390.833
12275.967
12429.7
12023.833
12688.767
12419.233
12576.566
12160.9
12724.767
12661.1
12305.833
12155.167
12371.5
12135.3
12039.634
12284.1
12207.566
12061.033
11711.5
11708.9
11994.833
12123.167
11996.5
12149.3
12097.033
11942.634
11730.7
11969.434
12042.967
11916.767
12207.434
11567.9
11866.033
12144.634
12113.1
11794.3
11879.1
11442.767
11140.5
11632.3
11514.434
11586.233
10765.5
11333.9
11630.3
11471.167
11178.366
11528.767
11753.033
11348.9
11472.233
11330.3
11565.566
11231.1
10973.967
10930.7
11278.7
11232.833
10805.434
11085.233
11062.833
11200.434
11046.967
11092.634
11166.434
11000.3
10841.7
11055.1
11190.634
11117.9
10961.9
11284.366
11004.967
11141.033
11023.9
10838.9
11012.9
11007.233
10808.1
10720.233
10775.167
10844.1
10557.566
10439.033
10904.634
10916.7
10625.634
10671.7
10910.366
10925.233
10505.767
10557.767
10777.5
10554.233
10337.833
10745.167
10734.1
10499.7
10741.767
10510.434
10579.967
10515.167
10234.233
9861.366
10576.9
10244.3
10463.167
10272.634
10357.566
10195.7
10118.634
9966.967
10325.967
10205.833
10107.233
9841.767
10110.7
10141.833
9954.566
9944.167
10190.5
10172.167
9622.967
9823.5
10134.167
10086.434
9376.967
9584.967
9967.434
9953.9
9836.5
9521.167
10079.233
9963.3
9865.233
9614.833
9780.5
9600.5
9470.167
9619.7
9769.3
9583.7
9418.167
9476.233
9904.7
9888.1
9680.566
9403.634
9543.634
9650.5
9471.167
9293.767
9617.167
9538.1
9502.5
9190.967
9375.634
9491.5
9424.434
9280.7
9470.033
9276.9
9674.767
8990.366
9428.833
9354.1
9131.366
8699.7
9413.767
9355.833
9399.233
9059.833
9163.033
9013.3
9157.366
9230.434
9528.9
8740.1
9028.167
8828.5
9117.566
8530.967
8096.1
7500.033
7305.433
6518.967
5712.033
5163.033
4566.9
3849.1
3480.9
2812.7
3133.767
3044.033
2761.9
2974.3
3839.9
4037.167
4006.367
4966.167
5479.033
5756.033
6064.3
5396.233
6144.3
5772.233
5622.3
5277.5
5091.367
5171.5
4865.367
4630.833
5025.9
5089.967
5078.233
4834.7
5586.1
5356.367
5391.9
5996.167
6045.833
6259.3
5944.7
6438.7
6588.5
6567.833
6559.033
6803.233
7081.767
7134.3
6652.3
6915.433
7435.567
7455.233
7019.967
7510.1
7784.033
7925.167
7798.167
7823.3
8297.1
8251.832999999999
7652.1
7774.833
8466.367
8566.832999999999
8355.633
8118.633
8607.9
8441.832999999999
8254.434
8231.167
8713.3
8533.5
7641.9
8516.7
8661.1
8780.767
8419.434
8219.9
8691.366
8600.767
8408.967
8321.833
8466.233
8582.634
8171.032999999999
8010.233
8925.5
8495.7
8307.5
8310.167000000001
8670.233
8546.5
8426.033
8402.233
8619.366
8562.1
8384.9
8355.434
8639.634
8629.366
8510.167
8372.033
8682.233
8627.7
8056.032999999999
8268.3
8586.7
8467.1
8147.967000000001
8067.567
8469.567
8325.9
8432.633
8150.1
8413.433
8534.233
8232.167000000001
7783.567
8590.167000000001
8452.767
8431.832999999999
8255.033
8729.3
8494.7
8309.167000000001
8100.1
8582.5
8331.033
7928.633
7778.7
8430.9
8353.832999999999
8364.367
7776.3
8445.967
8334.3
8185.433
8278.633
8462.167000000001
8401.367
8222.5
8150.367
8643.3
8456.9
7604.9
7980.3
8551.433
8321.367
8295.7
8163.9
8545.433
8421.033
7980.833
7788.233
8343.7
8196.832999999999
8180.433
8051.5
8392.767
8344.033
8210.233
7712.367
8407.3
8367.033
7991.9
7646.833
8251.433
8409.1
8092.233
8035.767
8348.967
7998.5
7943.567
8083.3
8095.367
8017.1
7874.367
7672.433
8268.967
8087.633
7709.967
7662.9
8094.1
8254.832999999999
7544.9
7639.7
8102.033
8064.233
8088.967
7853.033
8053.233
7962.5
7883.3
7598.9
8226.167000000001
7993.167
7701.3
7685.9
8055.233
7978.567
7798.967
7281.7
7928.1
7896.1
7761.433
7258.367
8011.767
7839.5
7356.767
7762.233
7823.5
7781.367
7329.033
7464.3
7613.633
7723.1
7468.367
7455.633
7721.433
7505.967
7472.833
7275.7
7568.7
7622.633
7149.1
7095.233
7570.633
7562.833
7252.567
7197.1
7258.3
7465.9
6996.833
7173.567
7198.433
7265.833
7091.5
6881.433
7422.9
7285.833
6904.367
6572.5
7140.433
7330.9
7109.633
6827.167
7149.7
7140.233
6431.633
6833.033
7268.233
6917.633
6759.567
6824.167
7061.167
7077.1
6707.567
6570.767
6984.967
7070.233
6893.033
6829.9
7131.633
6944.233
6648.233
6376.633
7002.5
6815.5
7054.1
6559.833
7041.233
6963.5
6452.833
6531.1
7000.7
6826.967
6632.567
6697.9
6976.433
6914.9
6466.233
6444.433
7035.833
6775.767
6629.3
6678.633
6896.433
6752.033
6322.767
6220.3
6610.167
6541.7
6052.367
6186.767
6679.233
6512.9
6651.7
6323.7
6705.767
6561.033
6744.167
6365.367
6585.967
6515.567
6141.767
6141.7
6596.233
6451.833
6014.633
5496.433
6433.7
6476.633
6031.967
6207.767
6456.567
6254.033
6074.367
6065.367
6407.767
6227.233
6016.767
5674.1
6261.7
6318.167
5587.1
5764.433
6315.233
6101.5
5832.633
5624.9
6229.5
6198.433
6125.367
5696.5
6268.567
6211.7
6143.567
6002.167
6222.3
6083.5
4844.567
5349.1
6101.3
6207.367
5818.833
5564.3
6047.433
6199.3
5516.367
5553.633
5968.833
5962.3
5470.967
5512.233
6002.033
5958.433
5299.9
5303.233
5864.767
5810.433
5547.633
5550.9
5810.3
5728.9
5296.3
5695.033
5776.3
5787.5
5270.5
5516.9
5876.7
5672.7
5234.367
5139.9
5685.5
5725.1
5556.633
4999.633
5813.033
5676.967
4997.9
5107.1
