280.033
68.25
-143.1
151.78300000000002
447.83299999999997
135.25
206.367
238.317
232.03300000000002
248.983
119.167
-166.683
203.833
212.917
15.966999999999999
-36.016999999999996
347.967
3.8499999999999943
64.1
361.783
415.16700000000003
188.583
465.967
149.65
278.1
202.45
223.5
-128.55
196.167
196.78300000000002
328.967
26.583
276.9
194.11700000000002
238.03300000000002
13.183000000000007
557.833
478.58299999999997
90.367
-68.883
233.5
125.783
-6.900000000000006
185.78300000000002
197.3
232.85
144.233
224.517
212.5
238.45
-39.167
48.382999999999996
608.833
281.91700000000003
-21.299999999999997
-264.817
427.567
439.91700000000003
31.099999999999994
37.31699999999999
370.233
438.58299999999997
376.83299999999997
234.78300000000002
415.433
371.317
156.3
318.983
388.567
396.383
324.1
-144.683
437.567
277.317
30.5
84.183
376.767
186.45
142.96699999999998
71.517
297.7
492.65
197.767
66.517
226.767
344.65
28.632999999999996
9.316999999999993
239.833
191.11700000000002
493.033
0.18300000000000693
179.36700000000002
218.38299999999998
340.5
-67.417
182.5
262.58299999999997
194.833
90.25
409.367
361.183
-226.833
29.717
401.16700000000003
306.983
212.433
202.78300000000002
461.967
284.983
1.8329999999999984
273.983
98.233
318.05
243.567
276.517
409.3
279.58299999999997
554.033
-230.28300000000002
323.433
365.783
98.033
360.45
377.033
455.05
252.9
99.917
338.033
246.38299999999998
-61.900000000000006
104.117
329.16700000000003
304.85
124.1
7.117000000000004
409.83299999999997
439.783
58.5
-242.083
354.233
320.983
78.767
141.25
264.767
424.783
332.83299999999997
42.650000000000006
291.1
328.383
-283.83299999999997
-143.61700000000002
303.567
205.38299999999998
163.9
-1.8829999999999956
324.83299999999997
271.65
49.833
222.25
407.633
300.117
243.167
-110.75
452.567
410.983
434.367
152.183
481.3
274.717
157.233
336.58299999999997
398.033
76.85
359.367
-168.683
134.233
229.25
4.900000000000006
361.25
586.633
423.517
169.3
-92.083
495.7
155.583
452.767
24.516999999999996
392.233
367.783
314.433
389.85
521.433
352.25
424.233
306.983
327.233
226.517
378.83299999999997
-356.017
380.567
355.05
164.3
141.317
134.433
319.05
462.3
173.71699999999998
242.03300000000002
305.983
111.9
-199.683
274.233
382.05
462.433
192.45
386.567
306.717
46.833
-315.017
439.16700000000003
230.78300000000002
-68.033
9.917000000000002
263.567
189.583
-1006.233
-88.483
112.033
272.65
240.567
-67.883
558.033
404.383
253.9
63.25
263.7
234.983
-117.967
417.45
517.7
272.117
-194.63299999999998
31.983000000000004
307.967
324.517
-120.9
345.383
376.233
257.58299999999997
392.967
342.91700000000003
323.233
408.45
239.233
184.183
372.567
246.25
402.633
25.917
393.83299999999997
436.383
339.16700000000003
-78.217
218.36700000000002
315.58299999999997
81.233
-281.75
363.033
344.45
255.833
-124.683
344.233
339.45
212.233
82.183
363.967
349.45
-163.167
204.11700000000002
336.433
63.05
-157.1
160.517
260.367
210.45
307.967
172.517
262.3
520.85
98.167
164.25
377.3
532.85
384.1
161.71699999999998
218.833
279.05
96.567
495.91700000000003
348.567
208.583
-148.767
110.983
203.5
290.517
260.233
-15.216999999999999
541.567
559.383
26.833
292.58299999999997
372.16700000000003
348.65
230.767
97.117
337.16700000000003
390.58299999999997
83.3
124.517
294.16700000000003
325.117
184.167
305.58299999999997
474.1
442.05
404.967
108.917
564.567
192.717
391.83299999999997
-123.94999999999999
379.1
189.917
-77.36699999999999
303.983
343.5
213.05
551.9
400.983
382.83299999999997
277.45
652.833
101.11699999999999
395.033
302.717
-15.567000000000007
285.25
643.3
433.91700000000003
558.233
-19.150000000000006
465.83299999999997
386.38300000000004
402.36699999999996
216.517
361.433
537.85
-27.967000000000013
257.91700000000003
624.7
346.183
147.967
190.917
365.767
369.983
526.767
204.05
660.9
562.317
710.833
460.85
719.1
529.517
246.767
351.917
407.367
630.117
796.5
229.45
722.9
610.45
553.367
693.783
623.3
518.717
367.767
664.5830000000001
492.967
767.85
130.63299999999998
303.717
580.1669999999999
563.983
574.967
415.317
894.967
582.517
739.1
559.717
697.8330000000001
674.983
692.367
337.717
1028.167
494.383
586.8330000000001
521.25
853.1669999999999
539.85
719.8330000000001
620.717
613.967
880.517
800.1
688.117
635.433
897.05
647.1669999999999
466.983
957.967
752.05
646.567
581.9169999999999
572.9
679.65
792.9
673.25
899.967
800.783
585.7
524.717
684.367
812.317
684.367
585.85
920.967
495.51700000000005
740.233
488.717
690.567
592.783
768.033
863.25
749.9
481.11699999999996
804.9
976.05
457.1
881.317
737.567
770.183
799.5
768.05
620.7
981.983
1165.967
692.05
703.167
1297.45
918.833
1136.717
505.967
705.583
1172.567
1010.25
1147.167
1222.517
756.367
727.25
850.767
815.65
1346.3
1187.25
655.967
1137.317
1022.767
1237.85
1267.3
1104.317
1019.833
1345.783
625.367
909.917
1023.633
1201.45
1518.967
1466.65
1408.3
1346.25
1154.9
1265.583
1273.233
1190.117
810.9000000000001
1031.517
1369.567
1194.517
1438.9
997.25
1508.367
1415.25
1508.367
1327.65
1476.1
1398.317
992.8330000000001
1456.25
1318.7
1227.05
1155.9
1295.917
1289.9
1390.317
1299.9
1075.85
1405.167
1185.717
1169.5
1037.85
1499.233
1408.783
1338.833
1431.117
1518.3
1278.517
1234.033
1160.717
1406.767
1451.517
1323.367
1070.25
1565.1
1297.383
1350.967
1335.05
1481.5
1367.85
857.5
1299.383
1377.3
1448.85
1461.567
1668.183
1788.567
1597.917
1613.033
1584.45
1721.233
1773.917
1644.9
1723.25
1700.9
1720.717
1886.9
1727.65
2111.9
1584.05
1174.5
1424.117
1632.967
1917.717
1644.5
1729.917
2090.567
1882.25
1820.033
1755.383
1981.967
2042.45
2058.767
1780.783
2146.367
1844.583
1716.967
1608.25
1645.367
1577.25
1878.767
1241.65
1650.367
1762.717
1997.1
1646.317
1972.567
1842.85
2050.367
1870.117
1948.167
2014.45
1985.767
1909.45
2212.967
1783.25
2326.9
2060.117
2092.7
2002.183
1900.367
2105.85
2334.433
1711.85
1822.567
2131.783
2372.767
2101.85
2178.167
1929.317
1999.433
1878.783
1976.167
2105.717
2064.367
2382.183
2635.967
1927.717
2522.367
2496.383
2377.1
2274.983
2335.567
2201.117
2148.433
2461.25
2407.167
2203.45
1979.967
2112.05
2039.1
2020.783
2340.1
2224.65
2374.567
2592.917
2408.7
2557.65
2770.033
2518.85
2827.1
2677.65
3001.433
2758.317
2605.3
2847.717
2830.033
2752.65
2555.1
2697.25
2514.5
2587.317
2462.833
2640.05
2633.1
2428.917
2082.033
2363.05
2289.233
2309.383
2123.7
2075.117
2337.7
2086.717
2018.367
1724.317
2331.833
1891.517
2239.3
2259.85
2440.3
2941.783
2716.3
3004.983
2859.1
3036.717
3170.967
2788.783
2957.167
2907.317
2634.7
2560.05
2832.433
2694.85
2941.633
2504.85
2755.433
2822.183
2795.767
2958.317
2934.9
2981.183
3144.3
3099.917
3134.433
3138.983
3037.633
2753.05
3101.233
3155.583
2991.567
3245.717
3321.5
3178.25
3074.767
2773.717
3300.567
3181.783
3470.5
3772.183
3847.167
4215.65
4184.8330000000005
4045.45
3970.433
3926.45
4006.567
3599.783
4183.367
3866.983
4010.9
3943.783
4170.633
3674.983
3829.3
3963.317
3807.033
3855.383
3644.567
3376.117
3973.367
4073.85
3946.5
4133.117
4290.8330000000005
4289.583
4176.233
3899.05
4265.8330000000005
4199.183
3674.5
3877.25
3845.233
4089.517
3950.967
4192.45
4382.233
4109.317
3984.5
3461.85
3730.233
3836.583
3870.033
3612.583
4026.9
3701.917
3738.833
3509.517
3445.5
3414.45
3297.033
3366.05
3405.9
3517.983
3301.7
3453.717
3185.633
3374.383
3503.9
3612.25
3915.5
4082.783
4191.5
4363.25
4136.5
4223.782999999999
3778.633
4312.517
4115.9
4109.983
4666.1
4344.383
5009.833
5059.25
4956.367
5183.983
5754.5
5247.517
5383.767
4868.117
5014.3
4912.45
4508.767
4265.383
4318.967000000001
4183.5830000000005
3980.767
4092.65
4604.767
4247.117
4498.633
4540.317
5016.167
5003.183
5143.633
4880.183
4714.3
4582.85
4224.5
4087.317
4143.967000000001
3753.783
3617.767
3473.25
3530.1
3490.717
2888.5
3241.383
3238.7
2907.517
2565.7
3347.117
3388.233
3514.783
3833.833
3545.583
4366.1669999999995
4603.65
4664.367
4502.783
4610.233
4374.85
4027.5
4171.317
4095.233
4295.317
4250.233
4086.7830000000004
4635.1
4315.85
4474.567
4372.583
4555.9
4497.917
4410.967
3870.383
4460.167
4337.183
4475.3
4409.183
4292.9
4338.85
4377.7
4384.583
5077.833
5104.983
5100.433
5363.717
5515.967
5597.05
5579.9
5381.783
5732.567
5514.383
5887.167
5504.517
5954.033
6358.917
5685.5
5922.117
6012.433
5791.317
5757.3
5043.383
4923.833
4377.783
4134.633
3226.05
3075.167
2583.05
2389.033
2394.65
2932.3
3205.317
3545.033
4066.45
4391.3
4628.383
4925.033
5342.517
5643.367
6045.317
5935.833
5913.183
6058.7
5502.183
5385.833
5117.983
4729.567
3967.583
3648.433
3351.25
3334.367
3671.85
3835.967
4391.85
5238.567
5539.05
5754.767
6595.983
6836.767
6941.517
7359.033
7062.383
7764.7
7838.517
8224.633
7930.317
7864.1
8303.85
8038.9
8088.85
8263.167000000001
8109.783
8338.1
8154.85
8787.5
8622.316
8702.9
8496.45
8991.7
8836.983
8678.634
8757.517
9289.3
9050.783
9002.3
8784.184
8935.1
8484.25
8565.5
8745.25
8802.434
9246.65
8984.566
9078.983
9156.967
8811.85
8541.5
8325.583
8543.033
8803.25
8969.167
8874.65
8861.634
8894.116
8831.967
8683.316
8616.566
8588.316
8416.7
8502.25
8954.033
8694.384
8888.3
8604.783
8723.833
8946.717
8726.434
9131.917
9279.1
9253.116
9415.967
9465.783
9556.967
9889.316
10136.634
9935.783
9877.366
9794.184
9151.366
8627.05
8759.967
8706.184
8669.233
8543.25
8864.767
9099.783
9224.566
9857.85
9779.167
10401.05
10311.967
10363.517
10321.167
10761.917
10115.366
10261.116
10689.7
10194.85
10267.566
10467.583
10411.1
10238.583
10826.3
10306.184
10644.5
10596.717
10514.566
10216.05
10476.434
10348.517
10384.233
9774.583
10438.634
10266.184
10253.967
9839.917
10236.033
10602.05
10787.1
10449.316
10713.7
10795.184
10583.1
10606.65
10519.634
9520.983
9989.566
9996.05
10098.366
9622.65
10232.967
10043.184
10134.967
9829.116
9833.366
10180.85
10283.033
10236.316
10335.1
10063.45
9832.767
9814.316
9208.9
9483.583
10172.767
9936.583
10104.767
10452.116
10750.366
10838.85
11024.167
10658.717
10803.767
10913.583
10833.9
10415.917
10229.1
9745.783
9916.1
9180.85
9851.566
10053.316
9720.767
9722.917
10511.7
10499.05
9958.233
9997.05
10792.967
10991.384
10706.634
10497.184
10601.9
10687.05
10433.366
10340.917
10605.233
10399.85
10645.7
10962.983
10634.634
10880.783
11177.833
10288.517
10549.7
10383.583
10011.1
10324.25
9590.434
9888.783
9881.033
10854.517
10781.167
10588.983
10580.767
10106.384
10389.833
10364.583
10697.233
10371.384
10142.634
9584.384
9468.5
9132.05
8799.833
8710.717
8084.233
7958.583
7976.033
7958.517
8450.3
8853.917
9743.5
10353.783
11459.233
11569.517
12582.233
11767.05
11232.767
11695.316
11567.5
11368.25
12124.566
12217.517
12439.967
12292.05
12202.1
11566.65
11127.366
10777.65
11016.833
10913.717
12198.3
11634.316
12257.233
12308.384
12609.7
12667.717
12313.233
13038.783
13193.967
13804.184
13678.634
13789.917
14047.566
14404.783
13376.3
13602.717
12973.5
13281.65
13292.033
13668.65
13137.9
12916.917
12505.3
12269.45
12553.5
12275.85
11369.634
12236.717
12085.7
12871.717
13053.3
13092.917
13964.233
13618.384
13232.9
13535.65
13563.167
13387.783
13336.7
13525.717
13942.233
14378.316
14408.5
14064.116
14194.033
15787.717
14577.167
14622.517
14846.7
14251.05
14853.434
14792.25
15440.366
14842.316
14333.9
14609.65
14865.7
14762.384
14228.033
14144.65
15201.233
15669.65
15295.967
14705.517
15051.366
14822.316
14688.9
13856.316
14747.1
14624.717
14232.833
13596.45
14177.033
14428.316
14434.5
14037.583
15055.7
15057.85
14852.9
15201.384
15373.167
16072.85
15410.5
15180.45
15752.233
15322.45
15660.3
14797.116
15101.967
15832.05
15390.9
15548.05
15552.366
15157.983
15349.566
15793.983
16424.9
16152.384
16102.833
16285.184
16129.767
16536.316
16988.768
16570.184
16525.5
16100.917
16104.634
15616.717
16036.233
15674.717
16046.434
15395.184
14987.1
15227.983
15087.167
14805.184
15416.5
14918.05
15005.366
15148.517
15103.167
15192.65
15050.7
15602.85
16093.1
16444.45
15605.833
15657.45
15759.233
15160.184
15998.3
15651.85
16190.967
16173.717
16542.634
16523.65
16681.1
16930.584
16371.566
15928.717
17565.367
16936.117
16869.768
17079.383
17355.033
16163.384
16843.232
16124.116
17146.166
16854.384
16127.833
16694.916
17143.232
16881.65
16985.633
17929.85
17350.5
16772.117
16545.3
16342.25
16268.233
16793.65
17425.367
17360.982
18026.967
18140.316
18499.232
18017.982
18092.9
18481.982
18214.301
18232.316
18212.5
18356.916
18718.768
18356.184
19070.633
18848.383
18976.367
19416.65
19241.166
19200.65
18747.566
18861.184
19140.5
18743.184
18598.434
18412.85
19063.232
18796.449
19774.232
19034.783
18660.633
19180.051
19284.5
19980.184
20071.9
20169.85
19582.232
19842.916
19325.967
19512.65
19250.768
19668.783
19873.367
21662.717
19984.301
20883.916
21172.301
21386.051
20805.566
22121.316
21558.1
21882.25
22618.699
23300.65
22152.367
22668.383
22135.166
22390.85
24041.699
22557.717
22705.5
21873.717
21837.566
21959.518
22597.301
22460.85
22957.9
23719.584
23119.768
23911.584
24589.699
25253.316
25269.566
25447.783
26221.301
26893.051
26230.834
24925.051
25729.301
25912.449
25140.232
25713.85
26348.1
26383.184
26158.9
26667.383
27297.566
26593.717
28073.633
28708.982
28348.834
27727.85
28839.566
28660.982
28722.033
28425.383
28813.768
28914.717
28679.699
28739.65
28363.5
28631.65
29523.367
30259.316
30664.367
31025.117
32399.768
32627.518
32052.768
32738.051
32765.5
32446.449
32513.768
31527.518
32533.699
31698.051
31693.967
33281.516
33834.566
34134.383
34199.367
34404.316
35111.5
34292.648
34541.832
33952.449
34254.301
34516.316
33991.367
34716.984
35449.367
35785.051
35942.367
36066.582
36513.699
36554.785
35965.035
36284.785
36058.699
36160.383
35504.434
36096.184
36226.434
36399.051
36812.965
36314.918
36187.035
36366.582
36443.367
36491.051
36567.965
36897.25
36613.965
36771.785
37049.301
36792.449
35707.965
35132.582
33453.965
32111.25
31105.9
30790.717
30725.367
31211.449
31159.033
32483.25
34077.5
34634.316
35216.766
35461.051
35668.234
36570.785
37601.301
37213.316
37898.766
37911.449
37543.5
36765.852
36493.898
36747.984
37346.234
37643.25
38093.766
38797.852
39676.699
40159.516
40256.234
40368.582
39613.766
39448.648
38913.168
39268.25
39368.898
39321.184
39277.234
38568.184
38136.898
37909.918
37409.035
37439.648
37779.367
37531.918
38976.035
39208.25
39519.5
40191.316
40452.5
39546.184
39762.965
39375.785
39399.301
39764.051
40101.832
40550.852
41581.898
41459.051
42033.566
41539.383
41535.633
41068.984
40303.301
40511.582
40468.965
40641.852
40395.301
40630.648
41207.434
41500.383
41033.035
41170.852
42218.898
41640.051
42068.766
41339.316
41960.234
41392.852
40444.301
39982.715
39537.434
39422.852
39749.102
40029.449
40464.965
41628.051
41343.898
42142.316
41622.234
41703.852
41480.633
40963.316
40636.234
40275.785
39531.168
39771.582
39725.5
39470.582
39660.965
39633.516
39383.434
39530.316
39356.699
39530.117
39992.832
40440.051
40388.766
40918.383
41644.367
41835.852
41854.832
42180.25
41901.234
41870.383
41079.566
40674.516
40176.566
40463.184
40874.434
40591.25
41455.965
41733.117
42337.898
42578.516
42581.633
42525.449
43367.168
43719.449
44272.367
44325.648
43999.301
43827.184
43523.633
43564.852
42788.766
42597.582
42755.102
42751.715
42405.102
42302.383
41409.699
41999.852
41555.234
41990.984
41907.234
42815.715
43320.766
43911.648
44312.102
44606.582
43633.633
43780.984
43201.102
43243.449
43571.102
43264.785
43202.035
42858.648
43213.301
43606.25
43602.367
43814.383
43840.5
44353.449
44838.566
45606.984
44870.102
44689.852
43993.5
43987.051
43193.566
43231.516
43082.301
42815.516
43496.367
43606.316
41752.168
43003.449
42879.699
42532.918
42734.234
42450.117
42337.301
42609.984
43213.699
43521.715
43540.234
43429.25
43594.566
44349.051
44401.102
44715.715
44390.102
43878.25
42460.367
40924.715
40040.766
38520.051
36874.168
36343.715
37085.434
38072.117
40459.766
41112.184
40497.301
40569.715
40758.102
40208.316
40640.367
40102.785
39559.699
40510.715
41709.035
42743.918
42598.832
43073.051
43233.035
43767.117
44561.5
44090.184
43930.434
43983.984
43213.234
43665.449
44138.301
44171.051
44008.766
44912.25
45287.234
45299.785
45384.633
44651.117
44481.566
44168.117
44387.5
44080.648
43307.301
43117.449
42609.5
43663.582
44474.699
45234.648
44942.965
45557.051
46504.5
46840.449
46286.234
45865.648
46183.699
45613.582
45425.566
44778.648
45483.102
46013.852
45480.168
45241.316
44852.566
43752.582
43100.168
41483.383
40270.234
39844.184
39968.035
40332.316
40926.832
42139.316
42337.035
43722.715
44031.102
44048.117
44730.832
44933.582
45379.035
45618.25
45732.633
46233.25
47063.434
46401.715
46046.168
45191.918
45061.566
44902.516
44792.898
44807.25
44800.234
45527.051
46587.301
46631.918
46653.566
46622.25
46516.367
46205.316
46247.766
46225.582
45080.898
44504.852
44070.566
43428.184
42596.633
42111.715
42404.5
42716.051
43173.898
43644.516
44348.168
44424.852
44217.633
44063.117
44178.898
43895.117
43490.367
43660.582
44056.633
44608.918
44781.301
44805.715
45295.699
45878.852
45815.234
45895.852
45677.699
45472.785
44778.168
44008.648
43658.566
42804.051
41722.566
43028.25
42917.699
43250.516
43455.301
44105.383
44177.699
44634.316
44023.699
44111.785
44491.234
43982.984
43814.566
43649.516
43578.367
43215.051
42568.301
42078.785
42187.434
42265.852
41765.301
41105.449
41365.035
41226.25
41010.633
40971.117
41254.234
41590.449
41771.5
42314.316
42462.5
42878.785
42663.301
42420.648
42927.699
42835.785
41646.301
42349.715
41977.367
42020.316
42198.5
41555.449
41701.168
42523.25
42715.766
43144.25
43024.168
43118.184
43087.168
42762.715
43215.301
42729.852
42170.234
42108.715
42417.168
42880.785
43058.035
42309.715
42462.301
42362.051
41962.367
42169.25
42357.5
42241.516
42001.434
42226.984
41920.566
42100.785
41502.898
41271.648
41132.898
41070.582
41309.898
40897.516
41805.168
41974.918
42528.035
41845.648
42039.168
42074.984
42316.699
42212.785
41951.965
42122.715
42071.633
41867.648
41859.301
41951.117
41578.699
41066.785
41554.633
41643.316
41744.234
41675.582
41899.566
41872.785
41790.898
42219.184
42222.367
42465.984
41609.234
41152.449
41442.367
40873.984
40973.367
40695.383
41304.566
41784.785
41634.898
41456.852
41814.566
41723.516
42061.434
41873.383
41925.5
42338.852
42057.699
42000.984
42219.434
42247.785
42176.168
42014.918
41259.434
41514.25
40720.234
41009.316
40996.168
40914.449
40578.965
40684.582
40655.965
40569.984
40638.633
41006.184
40645.898
41273.715
41025.035
40958.516
40422.633
40011.918
39645.5
39851.984
39397.965
39455.785
39093.5
39691.449
39917.965
39935.184
39805.434
39423.516
40508.766
40716.051
40981.566
41086.852
41641.898
41832.25
41175.699
40953.648
40797.699
40737.785
39898.633
40065.582
40301.965
40279.25
40623.699
40547.582
41010.168
40940.051
41057.168
40841.715
41152.301
40787.383
40531.832
39930.383
40589.102
40698.984
39848.5
40757.449
40370.766
40707.516
40883.5
40399.117
40674.035
40243.918
39462.102
38974.516
39500.5
39241.184
38928.965
39382.25
39378.699
40421.051
40143.633
40775.25
40977.168
40654.984
40630.898
40941.852
41325.898
40784.449
40220.965
40070.383
40028.434
39503.648
39334.367
39294.785
39876.898
39951.051
39907.035
39796.25
40475.102
40484.715
40052.965
39855.449
39849.5
39440.785
38769.168
38313.852
38341.102
38361.918
37938.301
38283.984
38634.566
39186.852
39446.766
39522.648
39923.168
40129.184
40456.102
40352.316
40552.168
40330.117
40117.699
40714.516
40057.035
40523.117
40201.832
39725.582
40288.234
40242.25
40366.832
40016.984
39872.898
39793.051
39773.766
39219.715
39385.832
39090.715
38890.301
39167.582
38834.832
38658.918
38617.035
38503.383
39302.234
39581.648
38733.434
38889.316
39481.301
39347.449
39237.566
39705.516
39257.832
38935.516
38778.367
38044.852
38567.898
37709.117
37912.633
37802.449
37757.301
38328.117
38101.301
38371.715
38295.566
38265.582
38595.566
38529.582
38809.566
38758.383
38263.168
38282.449
38525.566
38692.051
37853.367
38192.184
38371.301
38338.117
37805.367
38235.918
38876.434
38465.918
38206.102
38985.117
39090.965
38960.582
38624.5
38272.582
38793.566
38305.852
38531.168
38480.449
38210.965
38425.582
38266.898
38030.383
38388.766
38139.25
37453.234
37666.516
37927.035
37714.918
37065.5
37125.383
36855.367
36662.449
36502.102
36085.316
36668.832
36714.117
36337.965
37265.582
37163.102
37427.316
37355.5
37060.648
37528.234
37398.852
37045.699
36538.383
37014.965
37203.582
36436.102
35660.051
34913.699
34260.25
33682.566
33065.582
32685.1
32096.184
31630.633
32780.25
33401.699
33409.785
33949.766
34686.984
35822.5
35506.582
35969.367
35788.715
35715.5
35951.449
35462.699
35308.582
35516.832
35470.715
35084.434
35159.449
35333.766
35470.918
35292.766
34989.051
35415.102
35135.516
35201.234
34957.918
35368.832
35366.316
35015.168
35575.449
35408.699
35215.316
34816.301
34612.184
34646.699
34504.051
34404.5
34620.184
34432.766
34788.648
34828.832
34652.25
34843.832
35307.852
35027.633
34730.582
35051.766
35141.383
35032.102
35193.852
35098.965
34641.516
34457.766
34398.852
34573.367
34476.785
33743.301
34105.051
34004.898
34234.449
34023.898
33907.984
34015.699
34178.785
34462.633
33975.648
34165.102
34456.25
33865.234
34201.184
34167.766
34081.25
33505.566
33629.25
33499.832
33594.25
33601.434
33554.117
33465.832
33410.117
32894.5
33183.918
32980.834
33261.582
32757.301
33091.117
33686.168
33352.648
33755.566
33753.25
33616.898
34002.184
33809.898
33877.117
33904.168
33758.516
33985.168
33781.918
33949.168
33683.117
33936.633
33651.516
34077.367
33456.449
33545.965
33344.051
33592.301
33735.648
33281.102
33112.785
33223.434
33209.117
33193.367
33271.316
33350.434
33421.316
33359.102
33311.785
33254.301
32906.648
32469.301
32371.316
32585.768
32078.717
31814.967
31885.316
32335.166
32231.518
31829.033
31859.184
32187.1
32036.051
31707.1
31477.117
31737.967
31527.383
31155.434
30694.982
31060.367
31107.25
31089.699
31348.449
31210.232
31264.117
30699.566
30866.717
30494.301
30433.184
29654.033
29542.584
29540.633
29140.184
29123.768
28464.449
28869.1
28553.518
27947.1
27231.584
27055.834
27206.316
27040.768
26469.65
26705.834
26651.25
26897.232
26993.982
27552.566
27933.316
28677.967
29403.584
29550.033
29666.316
29733.768
29980.85
29769.367
29426.783
29457.967
29292.65
29567.5
29308.717
29625.9
29690.184
30005.232
29916.65
30144.566
30085.783
30479.367
30333.316
30085.367
30322.184
30668.834
30388.783
30132.967
29913.117
30248.834
30137.85
29894.033
29820.783
29954.967
29976.584
30350.5
29593.25
30132.768
30109.584
30145.566
29932.982
30159.768
29987.916
29638.768
29622.518
29734.166
29911.85
29219.699
29086.717
29333.301
29091.316
29000.768
29171.85
29291.166
29034.916
28915.367
28637.518
28626.834
28632.383
28783.434
28697.85
28639.166
28558.518
28609.9
28510.449
28380.1
28365.982
28200.301
27689.916
28048.1
27608.316
27702.566
27674.65
27819.834
27614.518
27712.699
27669.117
27732.367
28073.916
27838.967
28194.584
28004.033
28225.449
28008.768
27507.584
27674.9
27499.184
27344.834
27549.383
27441.633
27430.916
27429.967
27339.449
27726.699
28207.051
27790.834
28293.383
28419.1
28153.117
28304.5
27985.518
28217.9
28329.449
28546.633
28638.051
28752.834
29140.783
28974.166
29354.316
29710.633
29981.184
29473.5
29338.184
29635.967
30165.916
29967.768
30440.85
30602.9
30963.051
30753.1
30918.65
30815.566
30543.25
29866.033
28776.25
28290.301
27971.584
27674.5
27425.383
27173.301
27181.518
27083.166
26951.584
27173.1
27097.717
27063.633
27081.383
27431.967
27147.916
27028.1
26685.383
26673.633
26898.449
26476.232
26773.383
26613.9
26885.584
26841.834
26940.117
27072.633
27244.85
26822.699
26979.117
27334.768
27162.717
26626.9
26924.85
27259.367
27091.051
26677.1
26981.584
27224.633
26662.383
27042.9
26422.316
26709.699
26390.65
26158.367
26334.316
26206.232
26278.117
25989.9
25552.316
26174.1
26279.449
25938.367
25947.449
26097.834
25893.584
26279.967
25730.85
25894.5
25958.518
26058.434
26084.117
26191.699
25981.783
26056.033
26190.449
26433.1
26041.25
25590.566
25641.982
25903.301
26023.982
25728.699
25832.717
25758.967
25945.783
25713.566
25723.184
25786.633
25695.117
25294.434
25057.449
25685.232
25452.25
25029.9
24883.316
25367.166
24998.117
24990.768
25067.65
25318.1
25030.051
24034.5
24832.383
25289.301
24834.584
24791.301
24393.717
24693.033
24766.25
25070.699
24961.518
24854.033
24613.783
24642.166
24623.717
24087.834
23901.717
23353.699
23656.117
23183.301
23605.584
23118.768
23241.85
24485.699
24275.449
24264.566
24877.65
24706.834
24752.518
24307.1
24113.518
23956.768
23961.85
23715.9
23751.85
23839.033
23895.184
23486.699
23700.85
24337.301
23878.449
23348.033
23693.783
23971.699
24064.65
23696.566
23851.117
23967.367
23622.584
23305.301
22946.717
23350.768
22975.982
22871.1
22498.316
22463.5
22533.65
21909.367
21409.051
21301.166
19927.584
19235.633
18443.982
18581.367
18587.316
18650.633
18898.051
19679.301
20485.916
20980.434
21013.85
21221.166
21819.316
22334.9
22218.184
21852.166
22357.25
22233.434
22329.25
22323.9
21983.717
21651.768
21502.25
21958.232
21842.518
21417.166
22078.584
21990.166
22205.717
22281.967
22139.449
22271.9
22219.25
21974.633
22096.65
22222.367
22401.184
21942.5
21937.383
22350.033
22406.449
22302.834
22380.717
22490.834
22478.117
22359.033
21876.65
22325.9
22273.051
21957.967
21728.916
22001.5
22162.25
21966.232
21498.584
21750.367
22064.65
21447.1
22078.051
22244.5
22207.982
22587.768
22336.783
22433.367
22415.783
22170.1
22307.916
22237.566
22162.25
21864.033
21892.65
21956.232
22008.051
21903.768
22000.518
22182.367
22244.316
21922.434
21645.383
21952.434
21908.916
22060.699
21642.184
22143.699
21961.783
22101.5
22147.184
22237.768
22141.85
21716.033
21407.117
21999.367
21847.117
21997.834
21607.051
21529.1
21622.25
21529.434
21850.518
21597.834
21575.518
21028.9
21086.449
21172.301
21440.051
20552.1
20871.65
21072.699
21104.584
20830.9
20704.916
21097.1
21080.383
20813.5
20986.25
21041.566
21235.65
20517.367
20762.117
21196.434
21271.051
20886.434
20734.65
20906.633
21089.051
20700.232
20691.584
20853.033
20756.184
20246.566
20521.717
20516.301
20310.916
20331.5
20419.916
20153.033
20882.25
20233.166
20135.717
20231.232
20327.982
20173.5
19618.449
20102.9
20152.383
19858.566
19573.383
20057.1
19931.449
19854.768
19333.916
19906.834
19860.383
19760.5
19832.449
19480.301
19719.383
19616.033
19167.783
19414.699
19265.65
19276.232
18763.184
19214.834
19121.65
18504.967
18184.518
18942.967
18746.584
18565.768
18431.316
18674.367
18520.584
18240.434
18149.518
18783.033
18505.783
18328.434
18184.717
18649.699
18218.783
18058.834
17959.051
18577.1
18313.65
18087.768
18066.584
18250.033
17929.584
17542.033
17256.717
17756.699
17793.717
17752.1
18007.982
18140.9
18016.518
17411.033
18038.783
17825.834
17751.584
17722.301
17618.383
17515.367
17711.916
17253.5
17203.449
16664.5
15935.184
15234.7
14543.517
14126.434
14047.65
13959.566
13932.45
14820.9
15292.917
15474.1
15912.783
16190.5
16236.917
16337.233
16262.316
16399.033
15880.116
15875.566
15165.45
16198.566
16124.384
15891.767
15820.184
16216.7
16462.384
16568.967
16271.717
16705.434
16891.584
16546.699
16596.184
16987.232
16957.316
16948.834
17074.783
17174.566
17179.85
16938.1
16579.449
17477.5
17228.584
17210.9
16813.783
17465.367
17579.584
17326.166
17535.383
17610.566
17169.518
17317.166
16954.783
17524.9
17409.316
17308.9
17256.117
17293.566
17473.117
17057.033
17607.051
17560.434
17621.518
17551.434
17165.916
17854.033
17806.717
17392.434
17565.117
18219.967
17968.316
17679.699
18164.982
18408.5
18078.117
17830.699
17921.65
17602.967
17770.383
17231.967
17421.783
17716.633
17639.85
17627.1
18051.85
17762.232
17876.85
17256.5
17092.717
17962.367
17820.184
17607.633
17792.117
17636.9
17705.85
17839.9
17472.85
17583.566
17514.25
17486.967
17415.518
17597.166
17257.383
17377.033
17243.184
17631.633
17335.982
17466.9
17432.449
17815.699
17443.85
17480.633
17376.717
17608.301
17871.051
17842.166
17722.117
17645.699
17530.65
17411.834
17659.916
17812.768
17922.85
17898.033
17519.783
18128.033
17981.783
17914.566
17456.449
18012.1
17898.783
17684.768
17582.85
17696.5
17783.051
17940.434
17821.518
17948.166
17622.584
17716.301
17926.783
17644.768
17761.518
17623.301
17465.783
17577.5
17710.051
17443.5
17425.051
17511.434
17776.051
16849.834
17586.117
17624.434
17527.449
16841.5
17218.25
17550.033
17636.25
17468.367
17514.449
17477.5
17608.783
17324.367
17230.383
17610.633
17352.383
17401.301
17098.184
17364.9
17364.117
17071.5
17002.117
17291.434
16910.184
16946.9
16692.051
17078.566
16944.916
16628.633
16902.184
16908.633
16680.518
16784.566
16930.584
16757.033
16707.051
16493.5
16505.25
16805.434
16485.449
16633.301
16277.583
16362.033
16466.116
16314.634
16404.25
16217.366
16148.45
16067.233
16084.717
16288.033
16245.85
16208.033
15330.384
15620.7
15561.45
15396.434
14844.05
14777.634
14834.583
14523.767
13894.45
14433.1
14276.917
13451.634
13888.783
13769.7
13422.717
13566.967
13039.917
13193.434
13042.384
12729.967
12900.583
13135.7
12962.316
13149.566
11934.05
12697.566
12806.65
12327.566
12641.05
12858.033
12932.116
12652.233
13038.45
13249.1
13285.184
13453.366
13838.316
13799.634
13638.65
13741.1
13564.717
13495.366
13663.517
13671.967
13141.983
13580.833
13452.65
13120.3
12573.25
12928.566
12713.717
12417.566
12344.184
12228.967
12280.983
12106.167
11966.25
12358.9
12353.116
12223.1
12210.184
12348.3
12180.983
12104.767
11952.316
12406.566
12237.783
11909.767
12354.384
12705.167
12465.583
12195.1
12355.85
12316.7
12362.384
12309.5
12181.583
12274.033
12020.983
11461.9
12037.384
11881.233
12003.25
12116.233
11646.517
12147.033
12024.583
11300.9
11621.05
11867.3
11703.517
11723.1
11988.116
12090.833
12079.583
12266.033
12180.717
12283.833
12123.917
12094.967
11792.517
12039.3
12121.85
11836.434
11837.65
12123.434
12080.717
11804.167
12246.316
12293.233
12437.384
11981.566
12193.717
12338.366
12272.316
12507.033
11807.316
12298.833
12189.116
12353.7
11956.116
12615.833
12346.316
12508.634
12121.316
12644.1
12578.384
12273.967
12076.917
12334.1
12080.583
12004.1
12201.917
12137.634
11997.25
11674.434
11648.116
11924.5
12052.384
11928.033
12107.783
12059.5
11883.85
11668.033
11908.116
11986.5
11869.05
12129.033
11520.983
11837.434
12102.384
12066.233
11781.983
11811.767
11401.783
11098.767
11562.116
11437.3
11532.116
10727.767
11260.05
11557.833
11431.184
11147.833
11451.85
11713.7
11302.717
11439.566
11291.05
11528.833
11179.316
10938.566
10869.184
11234.033
11179.316
10738.167
11038.184
10997.767
11175.65
10984.7
11038.517
11141.3
11008.583
10800.5
11027.05
11156.1
11081.65
10898.5
11273.583
10963.833
11107.983
11001.366
10800.85
10989.634
10963.85
10796.233
10672.25
10724.033
10809.45
10514.9
10406.717
10917.1
10875.917
10597.5
10681.65
10852.434
10910.717
10473.033
10533.316
10740.7
10553.983
10329.033
10745.917
10690.3
10464.917
10689.033
10481.783
10538.167
10472.583
10194.767
9846.25
10537.233
10223.316
10422.3
10247.917
10349.767
10163.65
10148.634
9939.384
10292.634
10171.85
10085.1
9800.116
10077.566
10133.316
9943.566
9913.184
10159.434
10145.583
9608.366
9810.184
10090.167
10071.783
9380.5
9590.583
9955.767
9916.65
9804.634
9493.116
10036.033
9917.05
9840.033
9600.65
9749.767
9597.517
9468.366
9600.45
9745.366
9562.783
9404.366
9484.384
9911.767
9872.45
9662.033
9388.116
9500.967
9631.717
9472.1
9282.45
9609.7
9504.917
9477.366
9181.717
9378.434
9461.85
9413.566
9233.583
9444.167
9270.517
9658.434
8960.184
9402.634
9316.983
9101.366
8684.45
9403.833
9368.65
9395.566
9074.85
9138.767
8995.517
9130.167
9249.384
9529.634
8756.384
9006.434
8823.25
9099.1
8507.717
8098.567
7533.317
7309.767
6541.45
5744.367
5198.183
4622.633
3882.85
3524.833
2868.917
3180.9
3083.117
2814.9
3003.25
3883.9
4065.917
4030.7
4988.45
5502.033
5781.117
6082.833
5430.983
6180.1
5799.583
5671.9
5337.983
5134.567
5211.917
4918.033
4681.783
5059.9
5144.25
5078.7
4880.183
5595.7
5389.717
5418.7
6034.383
6055.033
6296.383
5976.033
6461.05
6614.433
6579.183
6565.233
6828.517
7108.967
7135.583
6674.433
6928.65
7440.367
7456.317
7001.033
7512.583
7752.433
7895.517
7807.633
7817.983
8287.433
8252.25
7671.233
7757.717
8472.167000000001
8559.45
8349.3
8096.983
8596.767
8434.917000000001
8234.5
8205.517
8720.7
8489.517
7644.833
8520.184
8659.767
8721.517
8398.233
8190.116
8696.5
8626.717
8423.167
8312.917
8460.9
8604.85
8160.233
8020.25
8905.9
8510.517
8319.633
8321.983
8656.7
8577.184
8407.7
8393.717
8584.233
8558.316
8377.3
8351.65
8658.833
8622.316
8489.366
8378.65
8694.3
8629.717
8065.8330000000005
8262.116
8583.833
8503.184
8117.1
8076.717000000001
8474.033
8338.582999999999
8392.967
8141.917
8404.033
8534.983
8240.3
7798.317
8568.233
8450.917000000001
8434.1
8261.184
8753.633
8485.05
8302.633
8104.9169999999995
8568.7
8381.65
7924.367
7768.25
8418.832999999999
8368.117
8340.967
7767.317
8447.567
8318.85
8179.7
8255.65
8454.1
8419.917000000001
8207.9
8113.983
8681.1
8443.717
7614.5
7977.45
8556.3
8303.582999999999
8296.433
8166.25
8530.167000000001
8424.582999999999
7984.367
7807.45
8358.967
8218.717
8197.367
8068.917
8381.233
8344.45
8200.9
7739.25
8428.567
8348.65
8000.9
7699.65
8286.5
8429.717
8094.033
8025.05
8360.367
8016.117
7964.367
8091.717
8109.233
8021.317
7869.367
7700.717
8239.233
8108.783
7722.5
7656.783
8132.633
8256.45
7564.3
7647.85
8115.167
8056.45
8090.1
7838.317
8046.433
7959.983
7904.1
7608.917
8220.233
7998.983
7706.5
7688.05
8054.633
7973.05
7811.633
7301.383
7946.567
7884.117
7764.833
7261.183
8038.567
7838.983
7339.3
7774.65
7816.5
7764.117
7338.367
7439.85
7613.1
7744.983
7479.367
7457.383
7736.9
7524.583
7490.833
7284.65
7589.967
7617.583
7159.433
7108.383
7598.7
7551.783
7255.1
7195.25
7264.3
7460.783
7010.033
7189.383
7233.5
7281.717
7094.367
6877.65
7435.367
7301.983
6926.1
6611.117
7141.833
7331.117
7134.833
6839.45
7170.967
7140.583
6458.5
6863.65
7272.433
6937.85
6778.5
6840.717
7068.233
7077.317
6721.633
6588.783
6977.7
7101.117
6902.167
6797.183
7148.967
6927.583
6654.367
6392.783
7012.7
6833.383
7046.633
6570.983
7047.7
6988.45
6462.767
6537.117
7007.7
6847.783
6628.1
6721.517
6973.367
6923.783
6488.3
6449.383
7038.367
6770.583
6655.967
6703.05
6928.1
6783.983
6331.433
6265.05
6628.9
6573.517
6075.567
6194.25
6668.5
6525.383
6671.567
6343.25
6701.3
6548.517
6778.3
6388.917
6602.5
6523.25
6182.833
6143.25
6617.567
6489.983
6025.167
5517.117
6458.367
6495.117
6042.233
6223.117
6473.967
6262.65
6097.5
6070.783
6441.767
6227.45
6044.9
5718.583
6278.633
6345.383
5621.033
5802.783
6363.367
6124.583
5869.1
5656.117
6252.1
6236.717
6131.833
5723.517
6304.1
6232.783
6167.567
6024.117
6237.1
6097.983
4865.1
5372.717
6135.1
6222.917
5834.967
5574.383
6081.367
6226.783
5557.033
5554.583
5995.033
5976.25
5484.967
5521.65
6016.3
5981.05
5342.833
5349.117
5870.3
5835.783
5584.233
5582.383
5808.033
5743.183
5331.833
5722.05
5795.167
5838.383
5305.1
5541.183
5913.3
5696.65
5219.5
5144.05
5730.033
5761.65
5577.833
5048.983
5809.367
5689.65
5014.3
5156.717
