272.567
72.033
-137.5
156.1
456.967
138.03300000000002
200.633
245.167
240.167
260.3
127.967
-163.96699999999998
209.5
205.233
20.299999999999997
-23.766999999999996
354.9
1.5
63.56699999999999
367.433
422.633
190.36700000000002
465.233
151.3
288.9
206.63299999999998
228.1
-118.567
195.833
200.1
328.633
24.5
280.5
194.5
237.767
25.967
564.567
477.367
98.3
-53.56699999999999
243.167
129.03300000000002
-18.099999999999994
187.233
205.7
239.567
147.63299999999998
230.96699999999998
218.167
244.63299999999998
-36.5
42.632999999999996
613.833
278.16700000000003
-8.700000000000003
-249.96699999999998
437.3
444.633
40.5
51.766999999999996
381.9
436.7
394.5
232.03300000000002
424.233
368.567
162.567
321.9
399.633
404.83299999999997
329.567
-137.433
446.16700000000003
294.9
35.56699999999999
82.567
385.5
190.7
142.433
75.233
296.433
494.7
195.3
72.9
237.3
355.5
28.766999999999996
12.433000000000007
249.63299999999998
206.9
489.9
3.299999999999997
183.36700000000002
219.567
344.567
-54.367000000000004
203.767
261.433
190.1
104.9
413.9
371.1
-224.03300000000002
35.43300000000001
412.767
313.567
216.767
212.36700000000002
471.9
293.3
6.700000000000003
269.5
111.833
328.83299999999997
253.5
278.233
410.5
284.5
550.367
-223.63299999999998
334.3
374.83299999999997
113.233
363.367
389.767
464.567
255.167
106.833
346.967
249.96699999999998
-58.7
109.7
343.967
315.233
133.9
18.433000000000007
415.033
450.16700000000003
68.233
-235.63299999999998
354.767
322.367
84.567
138.03300000000002
279.233
425.233
336.567
43.43300000000001
301.967
329.9
-277.3
-139.03300000000002
315.567
219.833
162.233
-8.099999999999994
331.767
270.033
61.56699999999999
220.167
407.033
300.7
253.167
-100.767
453.16700000000003
414.5
442.233
157.36700000000002
484.9
280.5
160.3
339.16700000000003
406.433
84.567
381.3
-160.7
140.167
231.567
10.099999999999994
359.5
591.967
428.367
166.567
-80.633
490.3
154.9
453.7
31.833
388.567
360.367
316.16700000000003
386.233
527.833
352.16700000000003
425.633
310.967
342.767
227.03300000000002
382.3
-345.033
396.633
360.767
168.9
147.63299999999998
140.03300000000002
325.83299999999997
470.367
176.767
253.433
295.1
125.233
-196.433
280.3
399.433
470.7
201.767
389.9
306.967
55.900000000000006
-318.367
447.83299999999997
242.833
-56.7
25.700000000000003
264.633
189.63299999999998
-1002.9
-85.567
124.833
273.233
244.7
-65.967
566.033
406.367
259.033
71.167
266.1
233.1
-112.833
426.1
527.1
282.16700000000003
-187.233
45.3
310.233
325.367
-108.167
355.16700000000003
380.16700000000003
264.3
403.367
355.767
335.033
409.1
245.63299999999998
183.03300000000002
378.233
257.1
408.367
30.566999999999993
399.233
440.433
334.16700000000003
-72.633
223.9
319.9
86.633
-271.5
368.633
347.367
259.567
-126.967
349.83299999999997
338.767
219.63299999999998
83.1
374.5
352.033
-156.833
210.7
340.5
74.767
-155.833
164.9
269.16700000000003
223.63299999999998
323.367
171.833
270.83299999999997
524.9
95.633
174.7
378.633
543.833
389.233
168.9
222.167
281.83299999999997
105.3
500.16700000000003
355.767
210.1
-155.167
106.433
218.36700000000002
302.967
269.033
-0.9000000000000057
543.433
563.9
32.43300000000001
282.767
370.967
352.3
233.3
106.567
340.567
399.633
86.033
137.767
298.3
334.9
180.567
312.233
484.3
439.9
410.367
122.567
565.433
194.367
395.033
-119.167
375.5
198.9
-78.233
294.567
340.567
220.167
554.9
405.1
386.567
287.033
654.833
102.5
396.233
307.233
-27.766999999999996
300.433
648.633
429.5
559.1
-10.63300000000001
463.83299999999997
389.767
407.033
206.833
372.567
554.1
-19.099999999999994
248.833
630.5
361.1
167.1
201.167
370.36699999999996
376.16700000000003
541.433
191.9
681.433
568.967
704.367
464.83299999999997
719.833
534.7
253.033
367.433
417.367
640.1669999999999
808.567
225.96699999999998
736.7
620.1
564.3
702.1669999999999
626.767
538.767
384.3
676.3
517.7
793.633
140.89999999999998
315.233
598.433
581.3
596.967
428.9
916.433
596.367
741.9
582.033
722.3
676.1669999999999
720.5
338.1
1029.9
493.1
605.967
533.1669999999999
884.8330000000001
559.367
730.767
633.033
643.033
907.767
821.1669999999999
710.967
654.167
908.633
676.8330000000001
489.367
977.233
778.7
661.767
606.9
605.3
714.567
816.633
695.567
922.433
818.033
604.233
550.7
707.833
829.633
716.833
607.567
949.833
525.3
777.633
517.633
713.567
615.367
795.1
887.567
776.167
518.367
820.833
1000.5
483.9
914.3
763.233
805.5
823.5
805.1
661.833
1020.167
1194.5
721.967
742.367
1325.167
972.033
1165.7
549.633
750.633
1217.567
1053.433
1195.7
1274.433
805.9
775.433
900.5
867.7
1417.3
1232.3
713.567
1183.633
1074.7
1289.9
1329.1
1155.833
1068.9
1401.767
692.567
959.7
1094.567
1259.367
1582.167
1527.433
1462.7
1424.367
1234.833
1326.3
1355.367
1249.833
869.8330000000001
1102.367
1432.7
1254.367
1517.833
1078.233
1579.9
1476.433
1572.567
1387.233
1545.1
1476.767
1065.033
1536.167
1393.967
1301.833
1234.567
1387.633
1347.233
1474.967
1370.1
1154.7
1481.633
1251.433
1234.367
1127.567
1590.367
1479.367
1433.433
1503.567
1610.367
1355.7
1331.233
1250.033
1486.1
1525.367
1396.433
1145.433
1640.567
1369.233
1417.5
1415.233
1558.633
1460.233
935.633
1397.5
1458.7
1549.967
1552.1
1748.567
1880.033
1688.1
1720.167
1676.967
1814.967
1891.033
1737.833
1826.167
1807.7
1828.433
2000.767
1858.5
2209.633
1692.3
1271.5
1540.5
1731.167
2032.367
1740.767
1842.033
2206.167
2014.167
1942.033
1862.1
2098.433
2166.767
2171.767
1898.3
2267.167
1967.3
1842.5
1726.233
1763.1
1682.567
1986.567
1351.967
1731.567
1873.1
2111.567
1773.9
2082.633
1985.9
2177.7
1991.9
2057.233
2144.033
2120.7
2019.967
2338.567
1909.5
2443.767
2199.3
2221.033
2132.1
2039.767
2219.1
2475.833
1849.7
1966.433
2277.367
2507.567
2245.967
2303.167
2062.967
2138.3
2032.5
2101.833
2240.5
2213.567
2531.433
2794.567
2097.833
2685.567
2660.967
2547.767
2443.3
2478.167
2357.633
2306.233
2609.3
2557.1
2346.967
2135.167
2279.167
2185.567
2151.033
2487.3
2367.1
2548.833
2764.767
2586.1
2725.967
2926.233
2691.033
3025.433
2865.967
3202.7
2978.767
2788.767
3035.967
3039.033
2924.633
2741.433
2882.1
2691.3
2760.9
2646.633
2831.233
2799.3
2562.367
2236.633
2508.167
2429.5
2464.167
2286.167
2217.433
2487.567
2232.833
2163.9
1854.5
2463.3
2034.1
2365.233
2401.967
2618.633
3076.1
2914.633
3200.033
3073.967
3249.167
3381.967
2997.367
3165.167
3113.3
2816.233
2733.7
3026.167
2872.233
3132.633
2698.1
2955.633
3018.167
2983.633
3170.233
3135.633
3186.7
3362.7
3304.1
3349.033
3341.433
3245.1
2961.767
3318.3
3369.5
3196.833
3461.433
3571.3
3415.367
3283.5
2996.5
3515.967
3414.967
3743.3
4012.7
4127.567
4489.567
4482.967000000001
4326.3
4260.967000000001
4202.233
4307.3
3888.767
4464.233
4144.767
4302.7
4215.367
4452.5
3965.567
4110.5
4258.433
4098.7
4132.7
3904.1
3646.5
4254.1
4350.3
4208.367
4420.433
4605.9
4593.033
4465.767
4216.767
4556.633
4486.433
3958.167
4180.967000000001
4128.1669999999995
4370.1
4265.9
4508.967
4698.033
4416.3
4289.967
3771.367
4001.767
4121.1669999999995
4154.7
3879.167
4293.3
3978.033
3999.233
3778.7
3683.9
3653.833
3559.1
3638.433
3663.167
3785.1
3564.167
3695.167
3436.3
3633.1
3785.1
3886.3
4184.567
4375.3
4490.167
4665.167
4466.833
4531.3
4085.033
4634.767
4415.9
4439.3
4969.233
4682.167
5376.567
5409.833
5366.233
5584.7
6158.9
5658.233
5787.3
5238.7
5418.233
5287.1
4870.633
4585.3
4634.7
4481.7
4282.833
4431.5
4913.233
4557.9
4841.567
4926.7
5415.033
5391.633
5516.567
5256.367
5077.233
4950.3
4553.433
4391.3
4443.032999999999
4021.833
3867.767
3725.367
3778.967
3696.433
3107.167
3442.633
3447.033
3114.767
2782.633
3564.367
3630.367
3766.967
4095.767
3858.633
4679.5
4935.967
5046.833
4881.033
4972.767
4719.367
4335.167
4492.967
4409.433
4603.9
4587.9
4413.3
4973.9
4637.633
4822.967
4724.567
4892.167
4828.033
4735.3
4196.9
4801.967
4683.5
4830.367
4748.433
4622.833
4661.3
4726.633
4721.567
5439.367
5493.9
5486.967
5771.033
5966.433
6030.767
5999.167
5827.233
6150.3
5937.833
6324.967
5955.3
6413.167
6869.633
6158.967
6419.233
6473.9
6246.367
6208.567
5443.5
5318.433
4745.633
4453.433
3503.767
3299.633
2760.567
2576.433
2581.5
3131.3
3420.9
3809.033
4342.767
4730.967
5008.967
5308.833
5760.033
6102.767
6518.1
6381.767
6383.1
6507.233
5946.167
5814.833
5468.967
5072.567
4265.767
3937.367
3601.967
3555.967
3947.9
4118.1669999999995
4728.1
5640.233
5958.767
6211.3
7108.167
7389.767
7501.833
7936.033
7663.433
8381.7
8424.1
8833.5
8568.967
8495.434
8953.033
8709.434
8752.767
8904.3
8774.967
9021.967
8785.967
9461.5
9304.167
9387.033
9189.033
9680.167
9536.634
9373.5
9474.233
10018.967
9771.3
9697.5
9500.9
9640.7
9166.9
9227.033
9413.7
9504.1
9931.167
9687.634
9815.767
9871.634
9541.366
9236.033
9021.767
9204.233
9515.767
9651.033
9567.1
9585.167
9606.366
9527.233
9403.634
9269.566
9244.833
9061.566
9203.3
9596.5
9400.767
9587.634
9278.167
9410.3
9641.5
9406.634
9829.767
9996.5
10026.5
10127.167
10208.833
10316.967
10659.833
10878.566
10714.3
10639.967
10585.434
9849.366
9284.3
9431.767
9376.634
9287.3
9182.767
9539.366
9788.9
9965.3
10613.767
10564.233
11183.634
11145.634
11162.9
11142.967
11587.566
10937.233
11055.9
11506.9
11038.9
11073.7
11317.167
11224.566
11040.767
11674.967
11192.1
11485.767
11427.967
11332.967
11058.5
11303.233
11174.233
11244.9
10561.233
11241.967
11069.233
11078.434
10658.366
11035.1
11416.167
11632.366
11267.167
11537.033
11616.3
11390.3
11422.033
11342.033
10294.967
10731.167
10797.566
10847.3
10357.634
11001.566
10870.366
10880.634
10572.3
10577.767
10952.3
11076.434
11011.233
11097.167
10840.434
10596.434
10600.566
9967.566
10245.5
10953.1
10773.7
10899.967
11284.833
11596.3
11686.233
11848.7
11502.3
11609.233
11756.634
11715.967
11241.634
10998.033
10513.5
10694.7
9912.566
10596.434
10833.634
10484.634
10509.767
11327.833
11308.033
10732.767
10784.634
11643.967
11847.767
11523.9
11308.233
11420.1
11550.767
11223.366
11137.3
11416.634
11201.434
11482.167
11756.233
11451.833
11715.967
11991.9
11093.434
11377.9
11222.767
10824.566
11123.5
10351.033
10650.434
10714.833
11716.833
11587.9
11419.5
11425.7
10935.1
11172.366
11142.566
11488.7
11162.7
10929.833
10327.634
10160.7
9815.566
9437.9
9361.033
8699.566
8565.9
8593.967
8552.167
9085.434
9529.3
10478.033
11125.366
12340.9
12494.967
13556.967
12718.566
12118.833
12596.7
12457.634
12235.566
13006.233
13178.233
13389.7
13252.033
13065.434
12461.5
11939.5
11592.233
11815.1
11732.033
13075.5
12515.167
13161.833
13249.167
13591.566
13613.167
13237.967
14018.967
14215.7
14860.167
14691.434
14848.566
15108.9
15476.3
14431.634
14625.3
13953.634
14283.1
14299.167
14724.967
14106.767
13863.9
13439.3
13211.967
13467.634
13175.233
12264.167
13198.967
13022.7
13905.366
14060.566
14102.5
15046.967
14647.167
14264.167
14569.167
14591.967
14348.233
14334.1
14583.634
14979.5
15432.1
15487.7
15129.1
15265.967
16953.033
15635.5
15703.3
15972.5
15337.3
15957.833
15940.434
16562.434
15961.366
15379.233
15714.967
15967.167
15840.566
15327.967
15257.1
16372.9
16836.768
16503.3
15808.167
16163.7
15958.833
15815.9
14961.967
15873.1
15682.167
15339.634
14631.9
15205.167
15508.634
15503.434
15076.767
16142.767
16176.634
15967.1
16329.3
16519.634
17334.566
16533.1
16327.233
16939.967
16471.9
16852.434
15883.434
16263.767
17027.566
16555.768
16691.5
16735.301
16273.833
16458.366
16946.434
17602.166
17316.166
17277.367
17524.699
17297.967
17736.1
18254.434
17792.699
17713.5
17289.5
17300.367
16767.566
17227.699
16839.699
17195.699
16544.1
16042.033
16292.366
16229.634
15923.767
16541.634
16043.1
16163.5
16287.768
16208.167
16309.833
16169.233
16739.768
17238.633
17642.967
16712.767
16848.967
16917.1
16295.366
17197.033
16804.232
17358.566
17333.166
17726.768
17722.033
17864.566
18145.699
17538.5
17107.834
18836.834
18151.367
18099.367
18350.9
18609.367
17345.033
18091.232
17363.967
18374.1
18062.5
17275.166
17861.699
18415.834
18079.367
18198.967
19256.633
18611.166
17983.566
17781.699
17519.834
17433.232
18004.5
18769.9
18567.834
19294.033
19430.367
19867.566
19345.9
19346.768
19798.033
19559.768
19547.301
19520.5
19633.9
20095.1
19696.699
20467.5
20203.699
20322.5
20813.699
20673.033
20614.967
20076.166
20192.5
20519.633
20113.699
19966.967
19748.9
20474.166
20123.834
21250.367
20394.166
20005.367
20485.9
20656.566
21383.367
21528.367
21626.434
21006.232
21252.834
20706.834
20877.633
20641.232
21104.834
21257.566
23194.967
21362.166
22383.768
22685.232
22872.566
22321.834
23693.1
23115.166
23424.434
24197.768
24930.033
23671.434
24228.166
23683.633
23982.301
25733.9
24087.166
24269.434
23398.9
23357.967
23510.033
24191.033
24041.5
24557.434
25338.768
24801.5
25616.834
26290.9
27011.232
26992.1
27207.033
28040.367
28773.967
28009.301
26665.633
27499.633
27724.834
26934.1
27568.967
28169.768
28254.232
28020.301
28536.768
29189.633
28460.9
30025.301
30725.033
30274.166
29704.434
30847.5
30682.033
30721.566
30375.699
30822.699
30933.699
30627.699
30747.9
30307.166
30626.834
31526.633
32302.5
32721.1
33087.168
34559.699
34768.965
34223.168
34946.766
34913.035
34641.832
34700.633
33703.234
34718.434
33837.5
33817.633
35496.965
36089.102
36464.234
36530.566
36702.5
37523.102
36606.832
36865.102
36315.301
36596.367
36814.633
36284.234
37058.434
37808.566
38181.5
38287.699
38498.699
38964.434
38957.367
38285.633
38612.367
38444.5
38567.566
37840.566
38475.301
38577.367
38783.832
39235.699
38711.434
38494.633
38792.699
38824.898
38926.234
38962.035
39308.766
39003.367
39164.832
39445.301
39159.434
38007.367
37406.102
35617.234
34147.168
33140.367
32730.9
32737.967
33188.766
33170.035
34557.234
36282.633
36869.5
37541.367
37716.965
37970.898
38973.633
40037.699
39651.367
40353.035
40414.566
40044.5
39242.234
38875.5
39175.234
39824.301
40171.234
40629.301
41259.234
42188.566
42757.367
42887.5
42957.5
42153.301
41958.832
41471.168
41776.168
41855.5
41877.234
41810.5
41034.633
40580.102
40326.367
39826.168
39826.965
40170.301
39947.898
41495.965
41736.367
42060.234
42795.766
42993.832
42095.766
42329.965
41855.367
41964.898
42277.633
42649.434
43117.898
44213.168
44070.367
44716.699
44181.766
44200.234
43699.699
42848.5
43084.168
43024.5
43231.832
42965.434
43281.699
43855.965
44167.766
43673.965
43763.102
44836.965
44246.367
44711.633
43979.5
44581.5
43979.699
42955.301
42444.168
42072.5
41938.168
42198.566
42539.566
43015.633
44197.234
43921.566
44737.234
44200.965
44284.234
44030.699
43473.301
43137.434
42702.168
42007.367
42188.699
42200.766
41908.301
42148.5
42146.102
41900.035
41926.633
41817.168
41905.102
42465.434
42945.367
42927.102
43479.301
44175.898
44455.699
44425.168
44783.301
44526.699
44434.766
43598.766
43141.367
42640.766
42954.234
43408.832
43154.168
43998.566
44335.5
44924.102
45280.766
45249.168
45153.766
46010.965
46383.898
46956.965
47094.832
46691.102
46449.234
46239.832
46168.832
45400.102
45173.699
45323.102
45346.898
45013.5
44881.5
43929.832
44504.5
44137.234
44608.234
44447.898
45372.832
45888.168
46602.566
47008.566
47348.367
46308.367
46432.633
45847.766
45886.168
46262.633
45834.566
45845.035
45424.965
45835.434
46255.898
46240.566
46423.035
46538.965
47023.965
47497.5
48381.102
47539.766
47372.168
46616.898
46663.168
45857.102
45840.234
45650.234
45429.699
46083.766
46233.699
44367.898
45550.434
45442.102
45044.5
45261.367
45018.102
44866.367
45132.367
45789.5
46116.301
46095.367
46007.633
46169.434
46941.965
47008.766
47371.766
47014.898
46439.434
45011.699
43325.965
42443.699
40839.168
39101.898
38529.965
39237.832
40327.898
42801.566
43563.965
42910.301
42899.434
43168.832
42585.898
43002.102
42438.035
41915.766
42880.5
44204.965
45250.766
45159.699
45622.168
45791.301
46313.832
47172.832
46620.367
46515.566
46601.898
45765.566
46185.434
46724.699
46708.5
46591.699
47419.832
47905.566
47892.168
47982.566
47192.633
47061.766
46685.301
46901.102
46603.633
45849.898
45599.766
45044.566
46116.766
47002.633
47758.965
47515.035
48193.699
49088.168
49481.566
48903.102
48447.434
48853.234
48237.898
48039.168
47387.301
48089.434
48675.766
48121.566
47849.367
47436.367
46293.301
45547.301
43908.434
42673.965
42236.035
42295.633
42746.898
43275.434
44548.898
44834.234
46225.566
46527.699
46559.898
47302.766
47519.035
48002.898
48188.434
48303.301
48803.898
49681.633
49063.102
48613.766
47720.434
47636.965
47436.832
47325.832
47375.566
47332.5
48123.965
49160.367
49216.633
49224.168
49228.965
49106.434
48855.633
48773.434
48787.832
47642.434
46981.965
46589.234
45897.898
44985.367
44525.301
44810.965
45141.898
45628.367
46096.898
46823.5
46912.699
46712.965
46461.234
46675.301
46308.301
45917.035
46032.699
46477.168
47039.434
47210.633
47297.832
47838.5
48369.766
48300.367
48439.434
48131.434
47910.301
47283.367
46493.898
46107.633
45132.5
44044.633
45398.832
45309.168
45661.566
45838.234
46548.832
46637.766
47016.633
46456.168
46531.234
46915.367
46391.102
46250.965
46025.633
45932.633
45647.766
44887.898
44401.898
44555.035
44567.766
44083.633
43395.699
43702.699
43565.898
43311.898
43315.832
43536.566
43873.633
44074.766
44572.633
44760.965
45272.5
45002.898
44718.234
45269.766
45180.5
43935.566
44683.367
44274.5
44286.5
44514.766
43879.965
44001.5
44860.699
45052.434
45490.766
45381.699
45461.965
45381.898
45097.566
45628.102
45111.566
44491.566
44413.168
44806.898
45240.301
45411.035
44639.035
44794.434
44678.566
44235.766
44547.566
44636.102
44566.633
44294.699
44476.234
44208.168
44389.965
43808.965
43545.566
43374.234
43360.434
43596.367
43134.5
43991.898
44251.168
44792.102
44169.5
44361.766
44368.5
44644.633
44501.965
44266.035
44433.102
44314.367
44150.566
44138.5
44156.5
43795.168
43367.301
43738.633
43870.301
44040.301
43925.5
44157.434
44151.434
44009.301
44476.766
44450.234
44715.301
43824.699
43435.434
43653.965
43080.168
43122.035
42881.633
43481.234
44040.699
43869.367
43721.367
44035.898
43934.965
44275.965
44113.102
44204.898
44499.168
44270.898
44252.301
44410.168
44493.102
44395.832
44237.301
43497.035
43750.5
42894.699
43131.832
43172.832
43047.168
42716.766
42855.234
42804.832
42703.965
42786.633
43195.168
42805.168
43406.102
43183.766
43144.766
42556.898
42106.699
41749.633
41899.633
41484.898
41457.699
41153.633
41819.035
42015.035
42062.766
41882.234
41539.102
42587.102
42835.633
43114.965
43211.898
43788.168
43988.434
43329.699
43056.301
42919.367
42856.367
42041.168
42110.699
42376.234
42409.102
42719.633
42685.832
43162.699
43106.832
43201.168
43002.5
43214.168
42913.234
42661.035
42107.234
42695.566
42807.898
41946.234
42874.367
42480.898
42812.699
42986.5
42505.898
42792.832
42383.234
41510.699
41077.965
41490.832
41268.367
40991.766
41431.168
41412.301
42471.102
42170.434
42857.898
43084.766
42740.633
42698.633
43066.234
43421.898
42870.832
42348.234
42111.5
42103.168
41520.035
41373.633
41310.566
41888.766
41973.766
41885.832
41884.633
42511.5
42564.102
42151.301
41858.898
41917.301
41446.367
40785.168
40294.898
40342.367
40232.301
39884.566
40242.434
40570.5
41167.367
41449.434
41549.965
41914.367
42134.566
42491.5
42414.566
42553.5
42363.367
42209.035
42713.5
42072.5
42576.898
42260.5
41739.5
42372.898
42229.633
42344.168
42047.367
41891.234
41743.035
41766.102
41138.832
41324.766
41040.434
40797.035
41099.434
40735.367
40574.301
40567.832
40482.367
41198.301
41533.699
40684.566
40840.035
41396.102
41284.102
41186.168
41653.434
41235.168
40874.102
40757.633
39918.633
40439.898
39638.035
39796.434
39651.766
39629.434
40237.766
39981.633
40289.367
40193.766
40170.699
40478.434
40408.766
40675.102
40627.766
40160.234
40242.699
40462.965
40602.898
39757.301
40093.234
40249.234
40291.566
39650.367
40179.035
40782.566
40380.898
40118.898
40949.035
41001.234
40844.301
40512.301
40154.301
40747.367
40225.301
40360.766
40378.367
40154.5
40249.168
40189.5
39973.898
40286.766
39986.234
39350.965
39519.965
39814.367
39609.234
38922.832
38939.035
38676.566
38519.234
38342.367
37919.766
38489.234
38554.301
38160.102
39187.234
39052.102
39325.301
39238.5
38938.301
39440.965
39265.633
38896.965
38371.234
38890.5
39070.699
38223.766
37448.301
36648.234
35969.035
35369.832
34702.234
34330.832
33707.699
33218.965
34442.633
35030.965
35092.5
35652.434
36376.699
37596.234
37304.301
37695.832
37558.168
37516.035
37680.367
37243.832
37093.566
37240.168
37219.367
36823.633
36901.965
37028.965
37228.168
37028.234
36741.168
37159.035
36933.566
36943.102
36767.566
37175.566
37089.102
36733.367
37337.633
37157.102
36979.035
36548.035
36258.766
36342.566
36216.035
36167.566
36300.301
36126.633
36473.168
36554.898
36335.168
36555.766
37060.035
36732.965
36452.566
36698.301
36831.301
36678.898
36873.5
36741.168
36354.898
36180.566
36089.367
36293.168
36140.168
35434.766
35782.633
35617.766
35866.234
35677.633
35580.766
35656.367
35782.766
36124.832
35629.566
35884.766
36104.566
35507.168
35867.965
35810.102
35712.035
35158.234
35200.367
35171.965
35211.832
35259.566
35157.965
35068.965
35097.699
34455.434
34737.168
34580.5
34851.566
34330.633
34752.5
35325.367
34939.434
35350.898
35365.434
35247.5
35638.633
35450.301
35529.898
35491.035
35431.699
35605.699
35386.035
35555.035
35288.035
35510.234
35272.301
35676.898
35050.5
35212.102
34912.699
35162.234
35305.766
34848.766
34739.699
34775.434
34785.168
34789.699
34856.035
34929.301
35075.898
34984.566
34914.965
34810.035
34401.566
34003.301
33917.898
34157.566
33592.898
33309.566
33476.367
33848.5
33869.367
33301.301
33398.234
33737.434
33576.699
33242.301
32939.832
33245.898
33058.367
32617.166
32154.768
32523.232
32590.768
32534.699
32824.301
32716.699
32742.768
32157.9
32365.967
31977.301
31871.566
31076.633
31019.9
31027.5
30563.301
30538.434
29869.5
30216.5
29873.301
29308.9
28508.5
28385.301
28484.699
28325.301
27750.232
28005.834
27903.967
28197.699
28270.566
28864.367
29261.434
30053.566
30845.5
31012.967
31148.768
31222.434
31412.5
31219.5
30852.1
30975.5
30674.301
30981.232
30726.232
31048.434
31103.367
31397.5
31376.768
31598.9
31484.566
31935.9
31817.301
31484.1
31810.834
32132.232
31857.301
31584.633
31335.166
31666.566
31583.5
31308.434
31253.1
31356.699
31401.166
31788.834
31013.166
31524.9
31479.5
31553.699
31381.768
31688.834
31433.033
31045.768
31012.5
31104.566
31331.566
30568.166
30475.1
30710.699
30456.699
30368.232
30579.967
30701.166
30389.5
30243.232
30038.1
29991.9
30033.5
30084.1
30023.967
30015.834
29930.834
29981.5
29846.1
29720.967
29740.367
29545.301
28980.166
29353.699
28897.166
29052.5
28980.768
29133.967
28891.166
29007.9
29011.633
29058.033
29375.5
29151.768
29457.768
29335.232
29531.5
29293.768
28806.699
28929.967
28766.301
28596.566
28833.1
28651.967
28633.367
28714.5
28550.5
28973.768
29502.033
29004.1
29571.5
29724.834
29477.166
29605.166
29267.9
29512.699
29673.5
29801.768
29994.699
30061.434
30469.1
30339.301
30714.033
31066.1
31348.301
30860.967
30709.967
31070.566
31579.1
31364.232
31854.1
32027.232
32434.768
32223.232
32365.5
32231.1
31943.232
31183.633
30157.434
29565.434
29314.434
28934.232
28699.166
28427.1
28494.633
28296.367
28256.834
28455.967
28343.301
28357.301
28341.9
28712.566
28415.033
28300.633
27931.301
27927.9
28161.699
27694.967
28015.367
27886.834
28089.768
28068.566
28180.1
28243.166
28489.1
28110.699
28247.633
28596.1
28372.367
27818.5
28175.633
28526.9
28354.301
27925.967
28187.566
28484.1
27885.5
28277.166
27651.232
27962.5
27592.166
27368.1
27509.633
27406.566
27510.5
27224.1
26737.434
27387.434
27505.5
27125.367
27159.367
27312.434
27087.5
27453.967
26866.232
27080.967
27147.967
27281.967
27300.967
27421.232
27185.232
27301.633
27402.367
27660.301
27244.566
26781.301
26832.1
27088.033
27223.434
26955.232
27063.566
26947.232
27143.232
26923.768
26883.768
26910.166
26848.633
26457.434
26237.5
26861.232
26641.633
26130.967
26092.768
26482.232
26141.566
26149.633
26203.633
26504.033
26190.566
25200.367
25985.367
26424.367
26023.768
25933.367
25582.033
25835.1
25933.232
26143.633
26120.768
26049.834
25735.566
25773.633
25799.699
25168.166
24989.9
24477.967
24693.566
24262.699
24687.232
24210.834
24304.834
25633.566
25403.166
25386.5
25984.9
25815.768
25842.301
25427.367
25211.967
25016.566
25074.301
24815.5
24835.434
24959.5
24943.166
24558.633
24819.301
25443.768
24970.367
24452.301
24750.967
25089.768
25133.699
24850.434
24919.967
25054.033
24694.967
24380.1
24017.699
24405.434
23989.566
23872.566
23482.633
23450.033
23509.9
22849.232
22387.301
22254.301
20788.166
20075.768
19258.166
19396.1
19353.232
19485.434
19669.5
20506.834
21389.166
21904.166
21968.301
22200.232
22860.232
23341.967
23210.967
22901.699
23342.5
23285.033
23343.5
23389.301
22955.301
22649.9
22517.166
22966.834
22817.5
22445.434
23069.166
22989.5
23195.033
23293.834
23206.834
23267.834
23249.699
22982.9
23114.232
23173.834
23372.033
22966.768
22949.434
23297.232
23425.301
23312.367
23350.834
23513.768
23510.232
23396.434
22855.166
23332.768
23290.166
22944.232
22738.566
22987.033
23143.301
22944.566
22490.033
22748.9
23045.301
22457.768
23109.633
23242.434
23189.633
23607.232
23342.5
23427.967
23413.5
23186.633
23294.1
23219.566
23198.1
22867.166
22930.1
22952.1
23032.033
22867.033
22992.033
23192.633
23189.699
22876.699
22701.834
22968.434
22874.633
23032.434
22606.166
23102.768
22932.301
23114.967
23160.768
23236.166
23175.301
22668.232
22410.434
22975.768
22850.5
23007.232
22578.699
22568.434
22585.1
22443.5
22800.301
22558.967
22572.033
21987.033
22056.768
22103.166
22418.367
21577.301
21800.166
22026.434
22033.5
21772.1
21626.1
22032.434
21998.301
21751.834
21888.367
22000.9
22182.834
21434.232
21661.967
22158.5
22211.434
21848.566
21699.9
21825.434
22004.232
21624.367
21625.5
21780.367
21663.566
21100.232
21426.5
21389.633
21247.434
21194.434
21384.834
21043.9
21764.9
21151.301
21016.566
21179.633
21171.566
21066.566
20508.5
20980.566
21068.1
20742.566
20475.301
20968.1
20825.834
20695.367
20232.434
20768.033
20711.232
20631.166
20670.967
20342.434
20619.434
20445.232
20008.367
20301.1
20108.232
20147.768
19603.9
20054.166
19978.633
19374.633
18981.301
19763.301
19555.967
19389.566
19251.566
19510.699
19360.834
19024.834
18974.633
19606.967
19295.967
19144.301
18973.699
19470.967
19039.834
18874.967
18751.434
19366.367
19129.166
18899.834
18859.834
19024.1
18728.967
18326.768
18009.967
18521.1
18583.633
18490.566
18797.434
18907.566
18783.367
18197.434
18865.5
18626.434
18508.5
18473.1
18397.367
18348.232
18488.633
17993.9
17949.9
17266.699
16559.167
15831.5
15107.434
14659.033
14490.833
14446.9
14461.634
15354.566
15868.566
16060.767
16531.767
16855.301
16880.166
16988.9
16902.967
17016.033
16509.834
16473.767
15774.1
16842.301
16767.5
16532.166
16458.699
16854.5
17080.434
17223.301
16975.1
17357.834
17619.1
17238.232
17325.033
17703.5
17660.367
17648.301
17770.434
17909.768
17903.9
17647.5
17302.768
18181.033
17972.967
17941.434
17537.566
18195.232
18308.633
18102.033
18290.9
18334.301
17862.232
18059.166
17698.834
18248.232
18166.033
18051.633
17956.301
18009.434
18220.5
17809.699
18334.967
18298.5
18381.5
18358.232
17917.033
18607.566
18619.566
18152.834
18297.232
18988.699
18728.434
18446.166
18970.434
19152.166
18822.232
18557.301
18706.5
18335.1
18519.232
18045.967
18176.967
18487.5
18390.1
18398.434
18833.699
18483.367
18633.033
18039.768
17870.768
18765.768
18573.566
18441.967
18540.1
18391.301
18453.566
18533.301
18266.434
18294.301
18286.566
18249.967
18173.033
18354.699
18004.033
18113.768
17963.633
18337.768
18072.834
18227.232
18149.768
18574.633
18113.566
18192.367
18110.434
18346.166
18622.967
18618.434
18499.699
18389.967
18276.5
18171.633
18394.033
18521.633
18672.1
18677.768
18273.5
18912.434
18769.633
18734.367
18219.967
18747.967
18642.301
18444.834
18331.166
18436.1
18538.301
18701.301
18537.9
18666.434
18389.434
18466.834
18695.566
18393.9
18483.232
18358.166
18243.033
18323.5
18466.166
18203.1
18157.5
18272.367
18508.834
17570.9
18361.232
18372.1
18298.166
17557.232
17950.434
18275.967
18372.9
18206.566
18259.1
18204.1
18355.5
18071.5
17941.301
18355.566
18098.633
18165.166
17840.1
18045.699
18102.367
17818.166
17722.301
18007.232
17594.166
17591.232
17424.166
17769.967
17657.1
17317.9
17623.367
17627.566
17349.434
17531.9
17648.566
17465.566
17391.967
17205.5
17235.301
17519.1
17213.5
17337.566
16992.9
17033.633
17108.699
16996.967
17086.166
16900.232
16870.166
16810.434
16741.301
16965.834
16911.566
16864.9
15983.366
16266.833
16173.967
16018.3
15433.5
15381.366
15439.833
15042.033
14446.1
15009.233
14843.767
14023.434
14440.634
14338.7
13968.5
14125.767
13599.566
13722.033
13561.7
13300.767
13409.5
13650.366
13502.5
13700.1
12468.634
13253.3
13339.233
12841.634
13192.1
13366.566
13466.1
13173.167
13587.5
13828.033
13852.366
14007.7
14398.434
14370.167
14211.3
14301.634
14098.033
14069.233
14252.9
14204.3
13665.1
14126.1
13972.1
13665.634
13071.5
13451.233
13232.833
12889.167
12865.566
12692.566
12787.833
12595.167
12488.833
12842.366
12866.967
12701.366
12728.634
12853.634
12661.366
12561.233
12477.634
12887.033
12728.566
12372.7
12847.833
13188.233
12965.1
12652.833
12843.566
12791.833
12851.5
12790.967
12684.634
12726.9
12499.9
11949.5
12497.167
12359.3
12501.5
12594.9
12112.767
12636.033
12533.033
11807.1
12102.167
12318.5
12161.3
12219.566
12454.434
12575.566
12549.366
12732.167
12653.434
12795.5
12598.5
12593.366
12281.1
12499.3
12617.634
12302.7
12327.767
12591.434
12555.434
12242.5
12739.9
12759.967
12921.366
12469.767
12678.233
12824.167
12778.233
12978.7
12280.033
12778.167
12668.833
12827.1
12437.7
13142.967
12859.5
12981.767
12620.033
13176.767
13085.833
12751.967
12581.033
12804.167
12561.566
12452.033
12689.7
12627.767
12486.767
12173.7
12165.833
12386.566
12548.833
12398.566
12565.833
12540.767
12385.167
12158.9
12377.434
12449.967
12323.9
12612.634
11999.566
12326.634
12568.767
12546.7
12250.1
12282.366
11847.767
11557.767
12046.5
11901.634
12004.434
11169.634
11727.566
12013.833
11896.5
11588.434
11905.566
12141.1
11751.3
11892.566
11708.767
11981.7
11624.033
11368.833
11333.566
11668.833
11610.767
11195.3
11464.434
11455.634
11620.7
11426.9
11484.167
11565.967
11408.634
11238.366
11464.833
11594.366
11515.5
11358.634
11703.967
11445.566
11510.767
11425.634
11257.1
11426.967
11389.7
11222.7
11080.9
11161.7
11232.5
10944.033
10841.3
11305.7
11321.767
11019.233
11077.9
11306.033
11292.434
10884.634
10953.634
11180.1
10944.566
10715.233
11133.634
11086.634
10878.767
11121.434
10903.9
10967.566
10885.366
10626.3
10269.634
10939.434
10620.767
10829.767
10628.566
10749.967
10557.9
10514.033
10366.233
10713.967
10556.033
10455.7
10203.033
10457.233
10508.767
10318.167
10285.033
10563.233
10547.366
10012.767
10209.033
10478.967
10441.366
9745.566
9914.5
10329.967
10326.167
10190.833
9868.1
10400.566
10305.566
10232.833
9973.9
10118.9
9932.566
9816.767
9987.5
10155.833
9953.033
9789.5
9826.767
10242.233
10257.566
10042.833
9768.167
9845.634
9992.233
9802.033
9671.566
9971.634
9876.1
9868.167
9538.7
9707.967
9826.3
9787.9
9589.967
9794.767
9596.967
10014.967
9331.967
9766.566
9685.1
9470.3
9051.967
9766.033
9693.233
9707.7
9396.434
9509.634
9360.033
9454.967
9576.167
9858.3
9083.566
9376.5
9167.033
9423.366
8828.167
8411.634
7750.3
7532.1
6717.7
5905.833
5289.567
4653.033
3927.767
3516.167
2844.967
3148.833
3067.3
2784.033
3007.167
3888.5
4089.7
4076.1000000000004
5068.3
5620.167
5904.567
6220.967
5568.767
6326.433
5946.7
5785.233
5430.833
5204.567
5280.1
4998.433
4761.767
5133.033
5210.3
5168.7
4972.967
5719.033
5488.833
5534.7
6167.367
6192.433
6440.033
6111.033
6631.5
6771.633
6742.9
6755.767
7024.5
7295.633
7317.767
6870.233
7100.1
7657.5
7683.833
7248.7
7747.1
8027.367
8171.033
8064.233
8100.433
8558.633
8522.1
7938.5
8060.700000000001
8749.634
8837.233
8660.833
8391.5
8891.566
8734.167
8532.7
8534.833
9003.634
8794.7
7952.1
8804.566
8948.167
9049.833
8684.434
8489.9
8998.566
8910.634
8736.967
8637.566
8782.634
8881.366
8470.7
8325.233
9216.1
8814.1
8624.833
8653.566
8953.233
8849.233
8742.767
8689.366
8904.033
8855.5
8688.767
8666.5
8983.833
8941.967
8791.366
8675.5
9029.9
8935.366
8354.566
8573.566
8908.167
8796.634
8452.7
8380.7
8765.167
8656.967
8682.033
8466.033
8739.634
8836.634
8535.167
8101.233
8869.167
8764.033
8745.434
8567.9
9072.434
8782.366
8616.1
8387.566
8869.366
8636.167
8223.033
8080.1
8720.1
8637.9
8654.434
8062.5
8751.634
8606.9
8478.634
8550.167
8752.5
8707.5
8506.3
8442.5
8941.3
8769.967
7906.5
8282.9
8846.634
8631.167
8604.5
8449.033
8841.434
8740.366
8285.233
8089.700000000001
8654.033
8488.033
8483.7
8361.5
8650.167
8629.566
8497.566
8028.1669999999995
8716.434
8633.167
8295.167
7990.032999999999
8573.967
8693.767
8405.366
8325.033
8658.233
8273.233
8226.1
8372.433
8369.7
8293.167000000001
8166.233
7986.3
8565.3
8400.167000000001
8006.1
7950.367
8405.167000000001
8561.233
7857.233
7938.167
8409.367
8310.367
8367.832999999999
8138.833
8333.5
8249.7
8191.9
7873.167
8511.832999999999
8288.5
7986.5
7965.1
8332.167000000001
8249.767
8071.167
7602.567
8220.9
8157.367
8034.767
7529.433
8303.967
8103.567
7626.833
8050.9
8097.367
8018.167
7593.1
7704.1
7864.633
8005.167
7718.233
7723.367
7990.567
7764.567
7765.7
7535.1
7846.767
7877.233
7420.433
7351.367
7834.033
7801.7
7520.567
7480.567
7534.033
7715.633
7264.3
7429.767
7467.1
7513.767
7366.967
7143.7
7703.567
7556.433
7173.767
6823.833
7402.367
7584.033
7377.633
7079.767
7411.367
7360.233
6692.967
7116.167
7524.167
7171.3
6981.5
7064.233
7300.9
7340.367
6952.767
6826.233
7230.833
7323.5
7156.767
7037.3
7390.3
7157.5
6896.7
6624.5
7253.567
7054.567
7291.167
6789.367
7257.767
7205.233
6701.233
6780.033
7247.033
7088.833
6877.233
6935.567
7206.833
7139.167
6732.3
6674.367
7267.9
7011.033
6870.233
6913.967
7138.5
6994.233
6573.367
6491.767
6826.3
6793.7
6300.9
6408.967
6893.567
6739.1
6910.233
6559.167
6917.1
6767.367
6989.633
6583.833
6816.5
6736.767
6387.7
6369.167
6807.5
6700.633
6234.033
5710.633
6659.567
6702.5
6231.633
6443.033
6676.967
6459.433
6315.767
6275.567
6646.3
6439.633
6259.033
5932.633
6497.1
6560.967
5815.367
5974.7
6542.233
6337.1
6057.9
5852.833
6456.7
6415.633
6343.167
5934.5
6495.9
6420.167
6369.5
6244.033
6445.9
6316.033
5078.367
5582.567
6336.033
6401.433
6023.1
5765.433
6267.5
6419.033
5781.967
5772.833
6191.633
6166.033
5676.367
5722.167
6197.167
6169.167
5527.567
5524.633
6075.633
6027.1
5758.233
5775.433
6010.1
5919.833
5506.033
5888.1
5982.233
5997.567
5467.9
5717.5
6087.7
5869.567
5409.233
5324.433
5911.1
5927.633
5745.433
5228.3
5975.5
5870.5
5172.167
5317.1
