265.35
68.9
-148.05
154.1
442.75
136.9
205.617
243.433
228.683
252.167
119.75
-168.36700000000002
204.35
214.9
18.217
-32.233000000000004
354.683
1.8329999999999984
59.417
361.3
417.683
178.96699999999998
457.55
147.233
272.35
206.7
216.883
-121.567
193.017
204.433
312.683
11.700000000000003
272.15
208.36700000000002
236.817
23.566999999999993
559.017
480.033
86.75
-56.167
240.61700000000002
126.5
-14.316999999999993
190.167
200.61700000000002
233.833
140.88299999999998
222.1
214.61700000000002
246.9
-39.516999999999996
28.033
610.283
273.3
-14.25
-262.5
420.017
441.7
30.882999999999996
41.233000000000004
376.483
431.3
382.883
235.96699999999998
416.483
368.367
146.55
319.433
391.483
393.433
319.75
-142.767
434.017
280.16700000000003
29.549999999999997
87.1
373.55
181.9
139.55
68.833
286.617
503.3
196.683
65.9
235.017
350.233
27.617000000000004
4.766999999999996
238.28300000000002
200.7
490.217
4.966999999999999
173.55
216.9
345.15
-60.967
186.15
252.03300000000002
191.35
85.033
403.95
361.5
-231.85
25.632999999999996
398.283
300.9
217.75
206.767
469.817
284.033
-4.917000000000002
265.9
102.683
335.9
248.55
275.367
404.95
289.1
536.75
-237.433
323.283
363.767
95.683
363.1
378.75
447.633
244.883
97.1
344.683
247.5
-71.717
112.833
338.35
306.433
127.083
8.766999999999996
417.483
440.5
57.81699999999999
-236.833
352.883
320.9
86.083
137.03300000000002
269.08299999999997
422.1
329.55
43.033
295.41700000000003
330.1
-278.65
-131.3
298.683
207.1
159.483
-7.966999999999999
330.35
263.233
46.283
218.96699999999998
396.217
302.3
241.083
-110.767
443.41700000000003
405.567
423.08299999999997
156.03300000000002
484.483
274.433
159.483
333.967
405.217
72.5
366.217
-165.96699999999998
138.61700000000002
229.567
4.882999999999996
368.567
569.95
420.967
162.61700000000002
-88.433
499.41700000000003
154.9
453.08299999999997
24.367000000000004
398.483
363.7
312.35
384.16700000000003
529.683
350.16700000000003
424.95
299.633
337.75
231.96699999999998
379.017
-351.033
384.15
352.16700000000003
170.35
140.167
122.817
319.367
463.617
179.5
239.21699999999998
304.033
123.017
-193.1
273.683
385.033
460.683
183.36700000000002
384.55
302.967
42.882999999999996
-319.16700000000003
432.55
243.1
-70.917
17.967
262.35
192.567
-1002.117
-99.7
125.15
266.967
235.083
-62.56699999999999
559.217
395.83299999999997
259.08299999999997
64.833
260.41700000000003
218.5
-114.517
419.9
525.017
272.433
-195.183
36.167
304.217
316.5
-118.65
346.967
376.217
255.167
394.283
341.033
326.883
404.433
234.083
183.9
374.283
252.03300000000002
402.817
24.967
391.15
427.567
338.017
-70.1
222.017
310.433
76.417
-287.7
367.883
345.7
259.617
-125.433
341.95
330.433
214.28300000000002
74.5
361.683
353.83299999999997
-157.583
199.833
332.283
71.033
-147.85
154.233
259.08299999999997
209.433
308.75
167.3
258.75
524.633
86.75
174.03300000000002
380.483
535.433
389.017
170.567
223.35
284.9
87.217
491.633
349.217
213.63299999999998
-155.78300000000002
110.567
213.28300000000002
296.433
257.41700000000003
-13.900000000000006
534.817
558.9
32.882999999999996
287.9
379.483
350.16700000000003
227.417
110.3
337.817
385.5
76.083
133.03300000000002
294.617
322.233
179.083
306.233
476.817
446.1
404.617
112.767
570.283
186.1
400.217
-118.5
376.883
195.5
-81.05000000000001
306.83299999999997
360.15
216.567
563.35
406.36699999999996
394.75
280.433
654.483
108.63300000000001
398.55
307.63300000000004
-20.182999999999993
299.63300000000004
659.217
432.7
554.483
-19.900000000000006
465.95
389.36699999999996
408.41700000000003
214.767
366.283
549.167
-22.516999999999996
256.967
634.883
362.3
162.817
197.367
370.41700000000003
377.967
530.95
204.633
671.283
571.767
712.35
471.3
722.817
525.3
256.017
363.5
418.083
631.433
806.817
227.83300000000003
738.883
619.1
561.283
713.367
629.017
536.1669999999999
386.883
670.567
519.0830000000001
780.9
139.61700000000002
310.767
587.4169999999999
568.767
588.95
429.833
921.017
584.1
737.4169999999999
581.567
712.817
677.5
713.15
340.833
1030.417
504.367
593.35
531.8330000000001
876.883
558.3
732.483
639.633
634.4169999999999
901.1
813.217
703.167
663.617
905.5
675.55
476.567
975.15
758.033
667.15
592.8330000000001
602.883
700.367
813.0830000000001
692.9
924.683
811.833
584.35
539.367
713.75
825.9
705.75
599.633
942.15
517.033
768.483
499.033
706.683
604.5
782.483
882.167
757.617
504.433
808.35
992.567
478.35
905.033
747.817
788.967
812.75
791.433
647.283
995.767
1182.15
705.3
712.283
1315.1
937.483
1152.3
536.15
736.7
1199.35
1036.033
1159.683
1253.9
783.95
748.1
872.683
844.7
1382.15
1216.167
685.75
1149.833
1050.883
1266.633
1289.95
1124.7
1033.95
1384.433
660.883
930.633
1063.15
1226.433
1560.883
1497.367
1435.617
1381.567
1185.95
1300.767
1314.95
1213.767
839.1500000000001
1072.633
1399.217
1224.367
1467.55
1039.3
1538.75
1438.5
1543.883
1369.767
1501.883
1430.9
1032.017
1497.167
1350.883
1260.767
1197.283
1310.233
1317.217
1431.1
1333.083
1124.033
1442.35
1219.967
1182.95
1085.433
1537.95
1447.7
1379.75
1452.633
1559.95
1311.433
1279.617
1187.833
1448.483
1479.367
1351.417
1100.433
1595.95
1337.1
1376.35
1370.9
1519.083
1412.833
896.2170000000001
1341.233
1414.283
1490.633
1511.883
1691.9
1819.417
1636.1
1654.217
1635.5
1758.017
1841.033
1677.483
1752.233
1749.55
1756.1
1925.417
1777.233
2140.35
1639.1
1200.017
1456.633
1666.75
1971.967
1697.35
1788.233
2139.017
1938.033
1865.217
1800.433
2034.217
2078.5
2097.95
1826.167
2199.283
1877.5
1768.017
1656.767
1694.55
1620.5
1933.55
1278.833
1663.15
1793.233
2043.55
1693.433
2014.017
1900.167
2099.083
1903.767
1971.883
2045.3
2033.417
1939.3
2257.15
1818.233
2359.483
2113.367
2133.15
2045.433
1957.617
2148.967
2370.217
1757.5
1871.75
2184.633
2423.283
2155.433
2225.483
1984.633
2034.683
1929.5
2013.95
2136.367
2106.617
2426.433
2689.017
1997.3000000000002
2573.55
2557.567
2415.283
2331.367
2365.75
2244.967
2205.683
2500.433
2442.483
2256.3
2036.8829999999998
2166.1
2096.15
2068.233
2403.35
2287.5
2434.417
2649.567
2459.617
2625.833
2812.683
2572.233
2881.483
2733.5
3071.683
2828.1
2661.75
2896.033
2899.217
2789.033
2602.15
2758.3
2578.283
2668.633
2527.817
2702.567
2673.217
2470.3
2131.217
2390.833
2346.883
2356.633
2176.817
2119.7
2381.75
2136.7
2061.617
1766.9
2365.15
1926.233
2295.883
2280.433
2492.017
2979.233
2771.683
3072.7
2919.95
3099.7
3240.15
2845.967
3027.683
2985.833
2687.883
2607.033
2890.817
2739.767
2996.617
2562.9
2822.95
2871.3
2851.617
3018.767
2976.083
3025.967
3218.017
3143.567
3209.417
3193.833
3096.817
2823.167
3150.617
3202.9
3044.483
3299.833
3373.883
3249.767
3123.883
2834.033
3371.95
3235.167
3542.35
3839.967
3937.95
4293.767
4271.4169999999995
4124.032999999999
4057.283
4000.967
4089.283
3691.967
4239.817
3937.233
4098.617
4007.233
4241.35
3742.9
3899.15
4057.833
3871.817
3917.233
3712.95
3434.967
4042.483
4151.9
3998.217
4193.7
4359.55
4348.167
4250.95
4000.3
4329.0830000000005
4282.1
3743.817
3967.3
3932.817
4159.1669999999995
4027.55
4273.833
4479.483
4214.967000000001
4079.55
3547.1
3816.217
3904.3
3965.217
3673.3
4099.0830000000005
3791.767
3804.817
3579.167
3506.35
3464.9
3374.35
3450.767
3474.55
3592.367
3371.15
3510.433
3260.217
3452.7
3572.55
3697.5
3973.617
4145.1
4258.95
4425.8330000000005
4216.55
4298.567
3880.683
4407.233
4185.817
4191.767
4727.75
4412.033
5115.617
5138.433
5042.017
5288.967
5872.217
5370.7
5469.75
4965.433
5117.683
5006.1
4608.283
4357.1
4399.417
4262.767
4044.617
4179.7
4670.75
4299.9
4578.817
4651.633
5138.217
5119.767
5247.75
4983.033
4802.417
4670.1
4300.55
4167.367
4230.483
3811.233
3685.417
3548.767
3608.75
3520.833
2943.75
3277.767
3287.75
2947.1
2620.15
3379.1
3441.083
3579.233
3868.55
3615.233
4439.95
4699.233
4744.283
4610.367
4690.417
4449.167
4086.35
4245.567
4157.282999999999
4369.1
4353.95
4163.567
4714.617
4389.5
4578.417
4454.5
4633.283
4572.833
4493.75
3960.1000000000004
4544.35
4405.9
4554.083
4482.9
4382.217
4416.1
4453.083
4454.633
5147.817
5201.5
5205.617
5440.633
5633.283
5695.033
5673.883
5506.967
5834.55
5592.433
6004.017
5622.3
6054.683
6501.633
5807.083
6031.833
6109.617
5903.1
5872.483
5147.3
5020.75
4463.967
4199.483
3287.7
3118.883
2614.7
2439.283
2443.5
2974.75
3251.567
3597.75
4113.567
4487.083
4708.367
4997.483
5452.967
5729.217
6159.5
6031.35
6032.033
6157.617
5604.9
5471.817
5174.367
4808.35
4025.167
3723.017
3402.567
3371.95
3732.1
3896.35
4451.367
5330.15
5629.7
5853.15
6711.167
6966.35
7078.967
7486.683
7190.033
7909.217
7940.033
8334.15
8077.167
8012.883
8457.567
8207.883
8251.832999999999
8400.417000000001
8237.3
8518.616
8301.033
8945.083
8773.7
8865.283
8647.033
9164.816
8980.967
8836.884
8897.7
9438.884
9213.1
9148.616
8928.434
9098.017
8631.7
8709.55
8895.434
8973.217
9385.7
9145.75
9251.033
9310.35
8969.3
8692.283
8466.366
8679.884
8937.167
9125.217
9014.5
9025.35
9057.9
8953.884
8830.3
8753.483
8743.1
8563.55
8658.967
9108.283
8853.634
9059.15
8744.167
8852.217
9123.967
8878.15
9296.5
9445.283
9427.767
9542.483
9601.5
9725.616
10057.5
10310.483
10095.833
10026.55
9956.566
9295.95
8754.833
8919.75
8839.3
8779.35
8674.967
8974.616
9230.5
9385.55
10008.833
9946.417
10559.7
10493.15
10519.967
10497.816
10952.9
10282.884
10445.5
10840.417
10383.233
10409.217
10648.1
10569.55
10373.634
10999.75
10479.167
10806.417
10762.967
10682.35
10400.033
10665.884
10538.233
10531.017
9945.9
10618.55
10424.9
10427.083
10003.566
10412.017
10754.5
10967.95
10621.634
10902.417
10999.5
10742.283
10765.1
10682.15
9695.1
10122.15
10167.434
10241.55
9765.9
10382.35
10205.833
10265.884
9977.233
9953.884
10303.833
10455.616
10371.833
10466.417
10222.233
9984.684
9970.3
9355.55
9638.634
10336.35
10116.233
10264.417
10628.9
10919.75
11011.233
11185.15
10848.7
10946.483
11069.366
11012.95
10597.634
10380.083
9883.1
10060.75
9331.833
9990.15
10199.566
9851.884
9854.967
10652.35
10647.434
10100.684
10127.967
10973.816
11134.833
10861.684
10665.967
10777.55
10855.233
10573.684
10492.033
10734.884
10557.7
10831.684
11109.833
10829.684
11048.566
11338.15
10436.634
10713.75
10575.5
10174.55
10445.434
9723.417
10018.434
10035.483
11003.366
10922.15
10732.767
10736.95
10278.9
10552.95
10491.833
10871.75
10508.5
10310.684
9746.233
9578.483
9258.566
8898.483
8827.5
8213.417000000001
8074.567
8083.55
8059.7
8560.75
8976.767
9906.75
10489.1
11636.15
11764.566
12784.616
11965.033
11403.884
11850.767
11720.417
11529.434
12302.684
12377.033
12610.217
12440.233
12333.55
11710.033
11262.15
10912.5
11154.35
11063.566
12331.35
11801.3
12422.884
12483.767
12770.55
12849.967
12477.35
13201.9
13360.884
13962.033
13865.217
14005.9
14235.95
14589.1
13571.75
13761.033
13186.95
13488.3
13429.15
13878.033
13310.816
13113.3
12640.083
12470.233
12680.684
12433.033
11547.95
12400.233
12263.55
13104.634
13232.95
13283.634
14168.95
13785.833
13426.884
13750.566
13737.017
13508.566
13498.217
13694.967
14118.417
14563.233
14586.75
14267.167
14394.017
16021.634
14751.55
14824.033
15051.884
14460.167
15058.616
14999.366
15657.15
15065.566
14532.15
14835.5
15064.816
14909.967
14414.884
14345.7
15455.083
15884.434
15503.616
14909.167
15242.017
15030.566
14899.15
14041.9
14976.017
14782.167
14466.483
13760.967
14366.017
14629.233
14626.35
14195.233
15253.816
15258.634
15017.083
15378.3
15571.217
16293.7
15589.217
15350.1
15947.017
15531.3
15861.283
14957.1
15326.884
16065.366
15575.283
15723.9
15764.95
15344.033
15539.75
15970.967
16621.884
16336.1
16321.884
16491.834
16322.75
16749.768
17207.883
16797.9
16703.15
16281.3
16306.55
15793.1
16318.483
15853.1
16206.15
15561.767
15181.55
15385.7
15273.75
15004.167
15574.483
15115.3
15270.816
15339.566
15312.083
15395.767
15234.35
15773.767
16284.417
16618.9
15783.55
15854.167
15938.417
15380.233
16189.083
15827.434
16379.15
16361.7
16709.816
16726.9
16882.55
17124.768
16568.417
16133.767
17752.482
17148.768
17049.15
17298.367
17562.35
16358.7
17067.15
16314.099999999999
17331.883
17039.033
16259.15
16856.301
17330.416
17063.834
17172.217
18123.232
17554.617
16955.699
16782.217
16533.566
16407.816
16975.633
17654.018
17543.834
18204.482
18349.5
18709.018
18230.166
18315.75
18674.232
18454.416
18441.699
18423.949
18517.768
18960.816
18559.633
19293.883
19042.1
19187.482
19605.367
19473.617
19409.301
18909.35
19084.033
19347.084
18927.834
18806.883
18607.033
19286.018
19023.367
20011.883
19240.9
18860.283
19340.301
19490.018
20197.566
20307.551
20389.033
19821.283
20079.232
19553.018
19723.033
19451.75
19845.9
20093.416
21885.9
20185.883
21094.1
21435.416
21578.232
21094.35
22380.367
21802.482
22126.9
22860.617
23542.033
22382.416
22921.166
22372.217
22681.434
24308.217
22815.434
22963.416
22098.301
22031.416
22187.301
22847.684
22699.768
23221.283
23927.967
23399.617
24168.367
24851.35
25514.699
25516.75
25682.699
26449.018
27186.566
26533.217
25171.967
25999.816
26157.1
25425.883
25976.301
26602.551
26656.768
26455.018
26939.434
27552.75
26836.1
28307.35
29016.699
28539.217
28042.1
29092.482
28956.834
28968.816
28729.232
29071.75
29225.768
28974.35
29048.566
28601.018
28944.967
29801.283
30602.633
30993.217
31265.367
32699.018
32927.699
32379.416
33055.9
33053.551
32775.699
32850.416
31864.434
32858.416
32017.301
31972.883
33589.434
34167.75
34445.965
34505.082
34719.898
35482.883
34583.5
34866.148
34294.633
34566.484
34855.898
34291.484
35071.035
35796.285
36126.898
36259.418
36434.234
36866.883
36891.434
36275.484
36539.168
36395.215
36545.035
35860.684
36449.566
36534.418
36707.234
37153.016
36677.566
36544.082
36727.035
36750.215
36817.367
36893.883
37264.766
36927.016
37143.5
37358.418
37116.168
35928.684
35427.367
33748.617
32355.834
31381.217
31011.434
30918.018
31419.434
31382.617
32722.5
34407.816
34958.168
35579.883
35712.699
35994.816
36896.102
37923.883
37542.168
38194.484
38223.434
37840.148
37081.434
36784.148
37060.566
37672.883
38003.434
38421.285
39085.434
39960.148
40504.965
40632.949
40691.832
39933.352
39796.168
39296.684
39620.832
39673.215
39651.035
39596.285
38947.168
38497.617
38263.633
37688.148
37772.434
38029.215
37870.434
39277.352
39502.965
39850.352
40565.367
40750.617
39911.633
40102.684
39682.035
39747.418
40071.234
40459.285
40916.633
41954.684
41763.434
42373.016
41851.035
41857.484
41374.234
40614.148
40836.766
40776.418
40941.898
40731.148
40997.301
41544.352
41880.766
41410.082
41473.5
42581.215
41986.633
42439.75
41649.832
42330.016
41704.434
40807.617
40267.434
39887.949
39850.035
40030.949
40353.102
40766.215
41976.832
41705.016
42509.301
41984.617
42033.301
41806.949
41381.434
41009.551
40600.434
39869.551
40062.234
40038.082
39767.5
40006.617
39975.566
39738.148
39864.5
39677.418
39825.965
40348.215
40786.168
40715.484
41290.898
41970.816
42237.5
42123.551
42480.766
42259.949
42184.699
41486.352
40959.699
40503.082
40754.965
41166.75
40880.301
41717.551
42053.566
42685.082
42932.234
42950.418
42888.102
43730.949
44032.234
44647.949
44699.566
44363.285
44183.035
43889.352
43857.234
43183.684
42918.832
43052.418
43142.898
42722.883
42642.766
41744.148
42314.434
41917.082
42368.5
42243.082
43132.367
43642.352
44229.566
44669.883
44978.965
43937.816
44111.168
43594.75
43562.301
43948.883
43562.566
43534.816
43167.102
43582.551
43921.898
43915.418
44151.434
44210.148
44662.5
45168.617
46010.898
45132.352
45027.766
44328.617
44307.035
43514.484
43524.832
43384.617
43114.301
43783.215
43961.168
42091.617
43321.965
43251.148
42830.965
43027.418
42760.566
42632.684
42903.965
43494.75
43842.168
43916.418
43725.965
43915.551
44649.633
44691.883
44996.168
44746.883
44164.035
42749.684
41191.168
40309.148
38799.301
37111.816
36581.035
37306.148
38349.168
40747.684
41391.766
40782.215
40802.965
41048.684
40453.633
40875.484
40320.566
39834.883
40792.566
42054.617
42986.234
42909.883
43404.633
43558.285
44054.234
44896.75
44387.234
44235.418
44291.234
43490.617
43993.234
44476.617
44488.5
44300.75
45154.832
45604.684
45613.965
45642.883
44981.035
44815.016
44419.766
44683.883
44335.566
43625.617
43371.832
42939.285
43958.699
44730.285
45482.234
45214.75
45880.168
46778.816
47149.566
46537.816
46115.367
46549.082
45864.102
45722.551
45092.102
45741.75
46346.965
45773.016
45517.965
45130.551
43987.5
43379.082
41740.898
40531.883
40128.168
40230.016
40636.898
41171.484
42448.633
42630.816
44006.301
44317.816
44332.699
45032.418
45246.898
45699.418
45884.5
46030.285
46500.566
47395.016
46718.5
46294.816
45480.898
45344.215
45234.766
45078.215
45032.102
45131.148
45838.5
46831.418
46898.301
46904.75
46906.168
46780.816
46536.168
46481.883
46532.566
45324.551
44714.102
44384.082
43695.699
42853.75
42361.234
42642.016
43036.434
43436.352
43913.5
44595.883
44731.035
44473.148
44297.766
44460.215
44172.367
43806.082
43849.234
44308.352
44862.566
44983.75
45046.566
45617.082
46124.766
46113.082
46195.301
45918.352
45694.301
45094.883
44285.633
43938.352
43071.965
41977.75
43249.5
43198.684
43487.766
43691.684
44361.898
44502.684
44852.766
44274.551
44361.367
44753.215
44223.832
44055.551
43893.965
43786.816
43474.898
42785.285
42329.566
42447.75
42487.168
42005.418
41317.367
41653.816
41499.699
41222.617
41226.102
41522.75
41791.832
42016.215
42510.766
42674.016
43169.168
42848.082
42681.766
43154.285
43071.965
41867.75
42650.5
42180.016
42232.168
42409.082
41811.102
41913.418
42823.699
42944.75
43400.168
43281.352
43367.367
43312.082
42952.633
43485.551
42942.699
42400.816
42350.766
42651.949
43153.965
43294.75
42517.102
42682.418
42627.168
42143.75
42450.832
42616.148
42444.102
42232.949
42425.234
42164.949
42362.965
41685.484
41455.832
41342.148
41310.168
41520.75
41108.102
41960.617
42259.367
42778.617
42090.434
42266.215
42330.168
42524.215
42416.566
42210.285
42375.633
42323.016
42080.434
42099.285
42143.434
41801.285
41312.5
41703.484
41865.168
41968.816
41911.5
42134.148
42134.965
42003.949
42406.102
42437.285
42690.434
41813.816
41390.898
41636.352
41088.566
41191.484
40944.102
41497.016
41958.832
41811.484
41684.301
41999.285
41949.367
42230.148
42071.633
42154.684
42475.898
42253.883
42233.367
42400.418
42443.434
42392.883
42207.234
41438.418
41699.234
40899.418
41155.234
41240.082
41132.566
40751.883
40951.5
40884.75
40792.102
40813.617
41201.035
40859.082
41458.566
41207.484
41147.965
40605.617
40205.434
39846.352
40000.566
39624.215
39602.102
39334.816
39940.633
40123.617
40150.434
39946.016
39647.234
40692.484
40926.102
41203.816
41255.5
41833.148
42019.035
41344.816
41146.434
40901.148
40930.102
40156.75
40258.832
40470.617
40451.301
40792.949
40776.168
41232.883
41145.566
41215.816
41005.035
41301.484
40947.633
40670.215
40194.566
40751.883
40884.699
40043.949
40898.898
40554.215
40897.301
41026.75
40593.367
40787.016
40433.5
39603.484
39183.965
39628.75
39453.434
39118.684
39586.766
39538.285
40602.301
40282.352
40988.5
41184.816
40871.965
40778.148
41149.633
41517.883
40952.301
40436.75
40268.367
40230.418
39711.832
39552.75
39481.434
40051.418
40077.102
40047.418
39972.898
40599.75
40671.633
40295.285
40012.832
40052.617
39586.633
38961.551
38480.367
38512.148
38490.832
38099.883
38443.5
38779.285
39352.234
39629.949
39721.898
40032.148
40263.566
40612.016
40583.035
40701.949
40485.5
40313.949
40778.5
40212.949
40621.832
40340.75
39902.965
40520.148
40392.633
40580.082
40172.965
40040.484
39961.633
39973.016
39368.5
39549.484
39224.035
39048.551
39346.5
38985.148
38825.5
38813.883
38640.301
39458.352
39678.5
38879.016
39039.434
39667.016
39515.5
39386.617
39900.832
39430.484
39058.367
38955.082
38186.766
38662.016
37879.234
38067.816
37965.766
37897.215
38455.566
38194.082
38506.633
38436.082
38382.301
38721.082
38682.035
38930.551
38902.965
38361.883
38454.633
38639.816
38811.898
37992.082
38321.832
38514.148
38509.234
37869.684
38395.234
39035.082
38646.434
38356.016
39108.965
39261.617
39147.367
38784.016
38376.965
38957.215
38492.035
38636.215
38682.102
38339.418
38490.367
38390.352
38195.301
38479.75
38280.168
37599.285
37798.566
38043.617
37826.035
37218.082
37253.367
36968.883
36858.434
36715.016
36211.832
36776.617
36848.434
36463.484
37436.898
37333.75
37581.434
37487.215
37232.168
37735.418
37547.699
37177.215
36687.898
37171.082
37360.5
36566.684
35777.301
35078.082
34377.5
33830.484
33141.168
32811.35
32256.232
31740.018
32897.699
33480.684
33572.699
34082.082
34803.766
35908.949
35668.035
36058.148
35936.301
35825.684
36031.102
35590.75
35477.566
35668.352
35572.699
35184.816
35276.566
35430.684
35587.168
35431.285
35125.367
35523.215
35261.5
35299.949
35101.367
35515.148
35502.633
35148.684
35668.301
35549.082
35349.832
34935.215
34702.102
34780.551
34616.234
34577.75
34717.234
34529.617
34897.301
34944.285
34805.301
34959.352
35418.898
35098.215
34867.434
35127.352
35267.898
35104.016
35226.434
35138.418
34726.035
34568.617
34475.367
34702.352
34568.234
33838.418
34248.766
34125.684
34343.301
34146.418
34045.566
34128.484
34242.168
34547.082
34091.168
34275.285
34548.633
33991.816
34284.367
34219.484
34212.633
33590.484
33678.234
33650.016
33679.367
33762.418
33640.766
33535.484
33566.367
32976.418
33234.234
33042.551
33333.367
32872.082
33236.301
33799.148
33494.168
33887.148
33859.102
33743.484
34156.168
33861.082
33932.367
33969.949
33894.965
34085.684
33880.566
34031.285
33742.898
34029.617
33771.766
34198.082
33515.301
33689.016
33429.5
33659.484
33770.965
33348.816
33194.102
33299.352
33353.168
33266.082
33331.168
33437.484
33541.301
33480.551
33428.035
33341.684
32927.234
32544.949
32451.566
32651.816
32159.566
31859.15
32013.166
32443.15
32372.566
31917.018
31963.768
32269.283
32086.5
31796.816
31508.301
31834.482
31656.699
31263.35
30765.967
31105.217
31202.301
31139.35
31415.232
31310.883
31370.768
30760.283
30998.633
30602.35
30516.834
29763.084
29623.967
29670.217
29219.301
29218.684
28522.768
28927.949
28623.9
27987.018
27279.967
27180.35
27281.967
27094.617
26523.9
26772.949
26687.768
26973.283
27070.967
27604.883
28014.232
28732.949
29513.834
29597.75
29757.633
29800.283
30077.9
29902.35
29484.1
29591.617
29370.5
29613.217
29364.033
29712.018
29752.768
30071.416
29982.301
30181.15
30110.566
30563.283
30410.232
30142.482
30444.699
30731.816
30497.301
30200.416
29973.166
30361.084
30190.5
29976.217
29907.967
30002.949
30049.834
30404.416
29659.232
30133.416
30154.967
30174.684
30052.5
30271.551
30031.834
29680.816
29676.633
29833.482
29980.232
29274.816
29193.5
29405.883
29097.9
29038.217
29269.566
29319.283
29064.699
28975.75
28705.434
28681.084
28698.834
28774.416
28737.232
28718.217
28660.9
28642.949
28588.699
28438.15
28484.9
28253.816
27705.232
28124.551
27637.834
27776.018
27746.434
27895.283
27650.033
27810.551
27752.033
27737.416
28144.033
27904.949
28249.834
28059.482
28260.633
28074.018
27568.1
27693.949
27527.301
27444.617
27651.633
27521.816
27467.834
27488.084
27388.166
27776.949
28292.033
27785.35
28329.1
28440.816
28221.633
28349.482
28070.768
28263.35
28453.768
28542.084
28719.301
28784.816
29200.5
29060.018
29409.1
29737.35
30088.033
29489.15
29405.967
29740.617
30215.434
30040.75
30530.033
30669.482
31062.367
30836.883
30952.033
30863.217
30601.367
29862.75
28857.967
28356.482
28012.566
27677.551
27480.633
27209.949
27262.834
27120.416
26984.699
27222.551
27137.768
27187.949
27110.9
27461.551
27208.367
27069.15
26767.566
26723.551
26948.033
26480.35
26835.834
26680.551
26904.699
26869.35
26960.232
27026.283
27306.699
26895.617
27028.566
27390.883
27184.566
26649.084
26956.699
27288.416
27129.699
26731.416
26994.367
27275.75
26699.967
27091.949
26435.033
26751.684
26451.768
26211.35
26360.768
26237.684
26337.768
26030.75
25562.768
26220.949
26361.301
25965.883
25981.699
26138.75
25944.1
26291.816
25773.367
25930.018
26009.834
26135.084
26140.434
26262.283
26015.967
26093.283
26227.434
26475.084
26047.566
25648.15
25708.033
25964.684
26064.9
25747.018
25915.301
25782.617
26003.232
25697.15
25728.434
25767.551
25698.1
25331.416
25063.768
25701.75
25487.367
25053.084
24966.9
25420.816
25011.834
25002.084
25089.768
25363.684
25058.9
24092.551
24865.566
25294.15
24891.834
24824.15
24461.301
24716.018
24811.5
25063.217
25011.166
24901.283
24598.232
24669.018
24658.166
24065.15
23928.1
23397.883
23656.033
23217.684
23634.633
23117.75
23231.1
24501.75
24299.434
24280.949
24918.5
24702.15
24742.768
24300.283
24156.834
23982.816
24009.768
23734.084
23800.834
23901.883
23926.5
23496.084
23711.967
24383.15
23899.967
23403.617
23704.967
24009.684
24063.1
23728.883
23873.232
23992.883
23613.9
23318.949
22975.434
23397.684
22945.232
22902.416
22451.566
22487.949
22503.9
21891.617
21397.699
21286.217
19925.633
19169.416
18400.9
18578.018
18541.166
18642.084
18864.166
19661.15
20488.033
20965.482
21019.166
21247.15
21870.9
22320.883
22198.301
21879.217
22348.768
22253.084
22358.967
22348.482
21968.5
21647.551
21528.9
21986.949
21856.9
21412.551
22094.9
22010.617
22211.1
22304.75
22144.9
22276.684
22239.9
21978.883
22102.434
22223.883
22388.5
21985.816
21941.834
22369.75
22412.1
22289.416
22369.1
22488.551
22493.699
22395.551
21876.633
22345.75
22273.768
21948.75
21766.033
21984.482
22144.5
21948.75
21522.367
21757.816
22077.434
21474.35
22129.166
22243.217
22187.768
22597.551
22332.768
22455.15
22404.633
22179.949
22337.768
22266.35
22200.367
21843.816
21940.834
21930.283
22027.699
21918.551
22015.434
22173.949
22215.434
21915.084
21714.9
22012.416
21878.699
22057.084
21638.566
22155.551
21950.367
22159.482
22146.033
22252.883
22174.699
21684.416
21432.367
21990.35
21815.367
22057.617
21618.834
21554.949
21656.367
21536.15
21882.967
21625.283
21584.9
21063.15
21085.834
21197.15
21481.232
20585.084
20875.566
21099.217
21097.166
20881.949
20704.232
21123.816
21065.633
20831.15
21007.9
21023.217
21260.166
20507.283
20746.5
21200.816
21230.9
20927.75
20803.1
20905.15
21082.834
20683.15
20709.834
20840.084
20768.9
20206.018
20501.699
20503.35
20355.967
20313.949
20453.033
20133.551
20840.033
20240.816
20135.566
20255.75
20294.699
20150.551
19621.967
20117.949
20165.633
19850.217
19599.033
20070.35
19948.699
19835.217
19323.434
19903.551
19874.566
19770.551
19843.1
19471.35
19739.033
19592.416
19184.967
19452.684
19281.633
19279.816
18782.699
19217.084
19104.1
18502.684
18166.768
18938.283
18713.033
18540.283
18442.967
18667.15
18545.9
18199.816
18124.232
18796.684
18489.9
18350.15
18197.1
18646.816
18228.367
18047.15
17976.033
18551.018
18310.699
18099.883
18063.834
18232.018
17910.1
17547.416
17244.434
17716.684
17803.232
17754.617
17984.166
18122.551
18004.834
17425.217
18062.434
17856.551
17743.768
17726.75
17648.9
17560.217
17713.768
17235.15
17210.834
16647.816
15936.233
15263.083
14550.566
14149.95
14004.833
13954.884
13933.967
14805.217
15295.967
15467.684
15898.3
16215.75
16279.967
16373.684
16243.967
16394.55
15854.434
15893.75
15167.566
16196.75
16139.033
15879.75
15803.1
16187.483
16442.7
16559.35
16275.5
16677.949
16873.633
16550.684
16637.1
16958.283
16969.566
16940.816
17055.633
17196.883
17155.834
16933.816
16566.434
17472.35
17224.232
17195.15
16770.434
17457.416
17582.9
17342.949
17548.1
17588.35
17113.033
17286.883
16946.967
17497.617
17397.967
17322.551
17206.768
17222.75
17494.166
17020.35
17600.232
17536.75
17608.633
17549.75
17165.566
17842.816
17781.301
17400.684
17550.633
18238.416
17937.232
17663.416
18177.232
18393.949
18040.301
17801.75
17936.967
17564.084
17726.967
17240.482
17387.9
17693.217
17602.434
17576.018
18048.9
17745.15
17867.9
17251.617
17093.768
17990.551
17810.834
17635.084
17785.301
17623.35
17723.166
17819.084
17523.033
17577.617
17554.9
17432.482
17425.033
17616.084
17268.033
17369.617
17201.967
17590.684
17330.232
17436.15
17436.367
17804.684
17404.9
17470.75
17372.1
17617.15
17861.1
17852.75
17700.5
17654.15
17533.166
17417.883
17635.5
17770.482
17902.033
17881.75
17502.232
18140.15
17991.166
17936.684
17442.768
18008.75
17898.834
17671.883
17563.834
17665.416
17788.434
17921.551
17819.301
17905.684
17609.768
17699.416
17940.301
17605.949
17730.967
17620.018
17447.834
17564.35
17724.033
17445.949
17380.367
17499.283
17796.768
16839.617
17572.9
17600.75
17528.566
16843.018
17222.1
17513.018
17594.166
17483.617
17526.166
17445.15
17599.566
17314.551
17212.1
17590.416
17362.699
17407.35
17105.834
17320.617
17362.9
17081.217
16933.434
17272.084
16885.232
16886.018
16730.834
17072.883
16961.232
16613.75
16897.033
16932.283
16636.232
16776.482
16950.434
16763.617
16723.699
16449.482
16506.232
16813.217
16509.5
16625.816
16289.833
16358.083
16427.3
16296.283
16374.566
16200.884
16142.833
16094.55
16050.033
16294.417
16254.5
16191.483
15309.3
15609.083
15536.9
15390.083
14823.434
14744.417
14801.033
14444.75
13858.3
14396.75
14276.3
13440.616
13855.7
13758.684
13412.366
13550.884
13021.634
13169.75
13018.233
12761.816
12895.366
13094.35
12961.7
13144.95
11922.7
12701.616
12751.566
12314.884
12614.566
12847.55
12932.5
12642.283
13051.233
13212.15
13262.9
13447.15
13803.9
13783.55
13636.366
13732.35
13494.634
13481.017
13702.967
13672.15
13117.366
13563.55
13430.9
13136.684
12515.167
12906.684
12700.366
12400.75
12305.5
12177.95
12267.434
12098.616
11935.9
12342.217
12360.566
12211.083
12213.9
12328.35
12138.233
12068.75
11962.233
12411.684
12206.767
11873.417
12313.9
12667.616
12490.033
12195.816
12344.434
12277.083
12320.167
12251.283
12173.233
12259.283
11994.7
11457.217
11999.5
11874.55
12040.7
12109.017
11625.7
12136.417
12003.233
11263.283
11603.5
11813.75
11680.5
11733.884
11966.833
12067.884
12065.7
12215.017
12137.634
12278.616
12097.033
12042.017
11748.5
12001.217
12145.5
11815.283
11818.366
12095.217
12058.233
11789.017
12271.167
12289.55
12408.033
11963.217
12191.167
12335.55
12289.434
12475.75
11785.434
12288.884
12155.833
12322.217
11943.833
12616.35
12351.566
12494.217
12084.5
12623.217
12594.366
12273.283
12061.366
12282.217
12074.7
11949.15
12222.1
12118.884
11995.1
11667.15
11665.3
11878.217
12047.9
11883.483
12067.5
12055.35
11865.434
11664.55
11872.033
11967.816
11831.566
12103.616
11505.366
11847.816
12111.7
12067.816
11756.3
11797.017
11391.434
11098.15
11539.7
11436.616
11516.833
10722.95
11254.7
11527.75
11423.7
11089.75
11462.634
11685.55
11272.434
11430.75
11256.3
11519.083
11149.634
10906.816
10884.9
11206.217
11172.366
10732.417
11028.434
10972.35
11170.5
10953.483
11030.434
11121.884
10963.833
10758.75
11018.366
11160.55
11061.9
10866.816
11242.634
10971.95
11053.1
10984.75
10797.233
10974.083
10971.9
10780.217
10653.833
10735.35
10823.9
10493.816
10407.7
10890.95
10867.833
10580.083
10640.967
10887.15
10874.5
10449.95
10516.9
10745.75
10518.767
10284.75
10704.7
10681.35
10456.833
10676.35
10474.1
10536.884
10449.767
10168.95
9832.167
10534.55
10179.566
10400.55
10226.033
10334.884
10136.767
10102.616
9931.634
10274.884
10149.7
10065.75
9781.1
10071.684
10122.233
9928.083
9889.233
10142.816
10158.5
9608.35
9806.7
10070.217
10043.434
9352.75
9523.5
9947.217
9927.366
9804.483
9478.967
10003.417
9924.434
9814.75
9592.7
9746.017
9551.3
9417.15
9582.833
9748.95
9537.167
9379.616
9441.1
9856.55
9878.167
9649.55
9372.9
9485.283
9610.434
9448.884
9280.1
9573.35
9473.967
9477.95
9158.967
9351.417
9451.366
9411.35
9235.1
9418.283
9249.9
9647.684
8942.5
9394.217
9307.033
9110.75
8689.5
9401.35
9340.233
9362.95
9033.434
9149.417
8981.9
9112.75
9209.366
9511.417
8733.833
8999.083
8798.033
9060.55
8483.566
8125.55
7509.7
7318.75
6539.233
5749.35
5193.7
4622.283
3896.167
3536.417
2869.7
3186.683
3088.367
2810.15
3020.433
3898.217
4067.9
4037.2169999999996
4978.033
5489.417
5799.633
6092.417
5424.7
6171.817
5802.967
5650.683
5336.233
5139.617
5203.967
4898.883
4685.967
5058.95
5132.033
5077.017
4863.633
5600.55
5379.833
5430.35
6011.367
6072.95
6304.3
5960.617
6440.033
6624.217
6581.367
6567.55
6832.233
7100.683
7134.967
6640.95
6878.5
7445.75
7435.833
7019.95
7518.767
7779.217
7908.167
7779.15
7799.9
8273.283
8222.567
7630.883
7757.1
8441.483
8551.233
8327.883
8089.633
8588.883
8419.7
8204.683
8222.833
8689.15
8490.9
7620.417
8482.433
8643.483
8740.832999999999
8364.217
8185.8330000000005
8664.15
8592.967
8403.884
8282.3
8449.417
8576.7
8155.017
7979.1
8892.417
8490.233
8280.55
8320.767
8668.283
8532.767
8397.217
8363.434
8575.616
8526.366
8350.017
8310.366
8634.15
8611.767
8469.75
8336.7
8668.684
8597.366
8044.15
8237.434
8568.15
8482.5
8116.483
8065.5
8479.483
8322.3
8360.617
8140.9
8392.283
8510.5
8226.75
7759.3
8540.817
8437.9
8418.283
8237.033
8743.417000000001
8458.033
8262.483
8063.967
8550.55
8346.167000000001
7891.617
7769.633
8377.75
8351.5
8336.283
7727.233
8437.082999999999
8293.9
8155.083
8244.767
8454.817
8402.167000000001
8209.017
8127.767
8638.217
8449.1
7581.483
7952.833
8529.35
8307.567
8293.55
8133.1
8519.017
8404.767
7941.083
7785.167
8332.417000000001
8195.167000000001
8190.017
8022.833
8358.417000000001
8349.233
8163.017
7740.5
8385.082999999999
8333.3
8000.017
7682.3
8262.35
8388.633
8097.55
8036.967
8354.217
7984.567
7918.817
8079.833
8083.017
8001.033
7842.817
7662.7
8253.883
8059.633
7721.35
7661.233
8108.15
8254.3
7539.35
7634.633
8090.617
8039.167
8061.55
7825.767
8020.95
7937.367
7883.683
7568.967
8200.683
7977.367
7701.55
7676.633
8033.817
7960.833
7765.483
7315.967
7924.083
7863.167
7736.417
7252.9
8007.417
7825.033
7334.017
7746.1
7826.483
7728.033
7307.15
7447.5
7578.35
7732.833
7456.683
7436.367
7729.817
7506.233
7460.35
7268.767
7565.95
7598.633
7126.617
7105.967
7558.15
7549.967
7239.017
7216.167
7252.817
7452.7
6985.55
7145.167
7206.683
7258.9
7075.283
6850.233
7425.95
7286.167
6894.883
6568.9
7142.017
7303.567
7097.617
6815.3
7158.483
7127.967
6420.617
6842.7
7278.75
6882.967
6731.75
6807.633
7041.55
7098.233
6709.483
6565.433
6981.217
7090.833
6901.483
6785.567
7128.083
6914.833
6630.017
6378.233
6994.483
6832.3
7069.017
6525.7
7038.017
6961.7
6454.15
6507.967
6991.817
6832.167
6606.483
6711.833
6969.483
6904.233
6485.55
6442.9
7027.217
6779.433
6644.15
6678.633
6912.75
6774.233
6340.75
6232.967
6585.817
6545.3
6053.55
6191.233
6666.083
6491.7
6647.683
6340.833
6692.95
6531.5
6734.35
6386.033
6578.883
6495.433
6145.15
6155.433
6604.817
6493.433
6004.083
5486.233
6436.483
6458.567
6009.617
6211.967
6473.083
6261.433
6088.417
6060.233
6410.817
6239.7
6048.417
5693.167
6270.55
6323.3
5593.35
5769.567
6325.083
6110.367
5862.95
5640.433
6224.417
6219.3
6130.817
5711.3
6286.817
6204.7
6146.15
6012.5
6223.683
6082.9
4845.683
5356.9
6114.883
6199.033
5821.083
5558.567
6050.55
6200.767
5549.683
5547.367
5970.817
5957.233
5461.217
5514.767
5984.483
5955.367
5312.15
5312.167
5862.817
5840.3
5542.817
5553.633
5770.95
5713.5
5303.617
5710.367
5782.95
5804.833
5280.95
5517.9
5897.75
5671.1
5211.083
5114.433
5731.417
5735.767
5575.75
5018.567
5793.417
5679.167
4981.483
5122.567
