272.85
78.683
-128.88299999999998
152.617
453.05
135.483
212.25
231.883
239.917
262.683
113.717
-169.183
212.183
212.417
17.450000000000003
-37.783
350.05
-1.3829999999999956
67.117
364.75
423.45
180.017
468.85
165.417
290.25
196.55
225.65
-130.45
201.583
205.417
327.117
22.816999999999993
293.717
198.15
234.25
28.483000000000004
559.717
472.15
94.65
-61.382999999999996
258.983
123.083
-14.016999999999996
187.817
199.11700000000002
235.28300000000002
144.917
229.483
223.45
244.683
-40.150000000000006
43.083
613.05
283.08299999999997
-15.816999999999993
-264.383
428.25
438.883
33.650000000000006
43.417
372.85
435.75
382.25
229.817
413.117
374.883
151.517
326.08299999999997
392.383
387.883
326.117
-149.25
444.58299999999997
290.15
39.849999999999994
79.017
382.317
191.95
138.71699999999998
73.55
294.65
493.95
201.45
65.95
235.11700000000002
340.75
32.25
14.75
240.317
207.28300000000002
499.91700000000003
-0.7169999999999987
176.38299999999998
215.75
342.05
-66.583
199.583
248.75
200.517
90.35
412.383
359.55
-233.083
26.75
399.05
309.35
225.583
207.417
457.383
285.483
3.7830000000000013
271.95
104.117
320.55
246.183
286.883
409.25
293.283
551.717
-229.05
325.183
369.08299999999997
101.717
359.15
386.85
462.41700000000003
253.25
100.683
344.317
246.083
-71.883
109.683
334.183
309.41700000000003
130.11700000000002
9.016999999999996
414.317
442.41700000000003
48.849999999999994
-237.85
361.117
318.75
90.05
136.017
269.183
419.617
333.45
38.150000000000006
287.85
326.617
-276.95
-140.11700000000002
307.25
203.61700000000002
165.317
-10.25
336.85
269.95
43.516999999999996
217.083
393.58299999999997
287.217
251.85
-109.183
461.05
409.817
434.383
160.417
489.183
283.41700000000003
153.78300000000002
336.883
395.65
72.217
367.783
-162.65
132.517
225.61700000000002
4.049999999999997
365.75
593.383
418.817
161.38299999999998
-85.183
497.85
153.417
448.85
17.083
387.85
360.283
314.383
385.75
522.583
356.35
428.117
307.75
339.183
230.683
389.91700000000003
-351.45
392.45
355.08299999999997
175.05
139.55
146.183
328.483
466.183
174.95
237.917
305.483
119.383
-192.983
278.783
382.08299999999997
461.91700000000003
188.417
383.717
308.283
43.31699999999999
-318.517
435.05
236.21699999999998
-59.95
18.016999999999996
265.983
183.15
-1000.75
-95.517
123.317
265.55
243.45
-63.31699999999999
574.383
406.55
262.717
63.150000000000006
264.517
220.683
-104.817
428.683
527.317
284.617
-184.417
40.217
307.65
319.883
-110.217
347.41700000000003
378.85
260.08299999999997
398.717
337.817
329.91700000000003
405.15
240.71699999999998
185.61700000000002
366.58299999999997
247.28300000000002
403.91700000000003
18.549999999999997
399.517
435.35
331.85
-72.517
224.45
315.817
70.783
-284.58299999999997
373.517
342.75
256.517
-129.45
350.383
331.017
210.583
80.75
363.85
356.41700000000003
-155.683
205.95
330.25
72.083
-153.817
154.75
265.983
218.28300000000002
314.58299999999997
166.55
262.45
523.283
90.183
176.35
387.317
535.083
383.183
155.15
229.583
290.08299999999997
90.717
502.75
358.317
209.417
-151.28300000000002
105.217
213.11700000000002
290.15
270.45
-12.783000000000001
541.05
564.617
32.382999999999996
284.15
379.983
352.217
237.78300000000002
102.75
342.05
385.883
86.317
135.95
296.517
340.483
195.25
303.55
480.383
446.817
421.58299999999997
116.217
574.983
190.95
404.05
-118.65
388.183
193.483
-66.483
314.08299999999997
363.58299999999997
230.283
553.383
417.55
401.65
292.017
667.783
105.68299999999999
407.45
314.75
-10.217000000000013
310.217
659.317
435.817
569.05
-10.25
467.517
398.35
423.783
230.417
378.38300000000004
553.617
-16.083
269.217
641.117
363.017
174.117
210.283
387.45
384.75
542.317
214.35
675.25
579.817
721.583
478.75
727.783
536.95
263.45
382.15
429.117
650.483
814.717
244.41699999999997
748.783
635.0830000000001
583.117
716.4169999999999
644.65
543.0830000000001
392.65
676.017
529.117
797.817
147.85000000000002
321.683
602.383
592.683
613.25
441.817
925.5830000000001
587.283
749.183
596.017
731.45
687.4169999999999
718.65
357.55
1037.917
508.55
612.383
545.017
879.317
561.617
743.317
639.283
654.25
919.683
826.65
718.483
671.25
919.15
685.717
481.883
988.85
790.617
678.85
611.0830000000001
606.25
711.55
826.317
694.083
930.05
821.217
612.917
565.15
714.917
830.95
725.983
610.35
963.117
522.817
786.917
517.283
714.85
622.417
797.117
880.217
784.05
522.883
821.45
1001.483
488.98299999999995
900.017
753.05
793.683
820.983
803.35
642.85
1003.15
1197.25
703.883
726.983
1316.083
949.183
1155.017
535.45
745.95
1213.583
1046.483
1185.383
1265.483
794.983
761.15
896.383
861.817
1386.85
1218.083
692.25
1167.083
1053.783
1282.217
1316.583
1139.417
1042.917
1385.083
659.983
946.683
1066.25
1249.15
1564.85
1509.083
1451.183
1402.217
1192.183
1304.217
1318.65
1222.483
857.117
1070.217
1417.583
1228.55
1483.183
1052.617
1556.783
1446.417
1546.45
1373.95
1505.783
1443.817
1032.65
1504.017
1352.45
1270.617
1203.65
1331.35
1325.717
1442.617
1344.983
1125.75
1440.183
1226.217
1197.117
1083.617
1549.25
1446.95
1375.783
1455.15
1562.117
1318.35
1291.583
1201.55
1457.85
1482.217
1357.717
1104.817
1601.783
1339.683
1380.383
1368.75
1531.317
1406.95
904.6500000000001
1355.55
1426.25
1497.883
1502.65
1699.483
1827.25
1628.683
1654.383
1624.15
1759.517
1830.75
1679.583
1764.35
1744.117
1770.217
1939.117
1786.017
2155.383
1642.683
1216.783
1483.283
1685.05
1969.817
1683.783
1782.017
2133.783
1951.683
1869.317
1790.617
2026.183
2093.283
2113.717
1837.817
2202.783
1886.15
1748.05
1645.083
1703.317
1615.483
1921.65
1266.217
1679.183
1805.55
2038.117
1707.283
2002.05
1902.617
2101.917
1912.55
1993.983
2057.417
2022.383
1953.217
2263.25
1828.417
2353.583
2120.083
2133.717
2045.217
1962.85
2152.017
2379.383
1751.217
1867.917
2182.617
2423.85
2137.55
2223.25
1966.283
2044.383
1915.483
2003.917
2147.55
2109.45
2433.75
2685.717
1983.417
2570.783
2537.217
2420.45
2337.75
2379.85
2255.55
2201.717
2516.417
2437.45
2249.683
2044.783
2159.483
2085.85
2067.283
2394.25
2280.817
2438.65
2633.883
2458.983
2599.55
2814.183
2547.283
2890.85
2719.683
3056.383
2808.683
2654.25
2874.283
2885.917
2780.75
2591.317
2748.283
2563.917
2656.883
2515.85
2695.417
2659.983
2456.55
2130.117
2390.417
2324.783
2341.617
2166.183
2102.75
2367.583
2114.95
2040.783
1761.95
2368.25
1948.617
2277.05
2302.883
2485.383
2984.35
2760.85
3068.817
2898.45
3087.417
3222.917
2841.35
3024.517
2978.15
2674.583
2598.883
2890.45
2747.35
2991.117
2560.017
2824.65
2872.95
2843.317
3015.817
2965.917
3044.617
3211.25
3148.417
3200.917
3186.283
3093.517
2802.55
3145.117
3205.617
3030.983
3289.817
3379.517
3231.683
3122.45
2828.55
3339.117
3220.95
3539.983
3807.283
3894.583
4261.0830000000005
4253.117
4106.883
4034.45
3970.217
4072.85
3680.75
4248.117
3929.217
4081.85
3980.75
4231.183
3730.35
3887.183
4021.95
3859.117
3913.35
3702.183
3422.217
4016.25
4121.55
3985.383
4172.617
4355.85
4346.15
4220.85
3979.1499999999996
4329.383
4254.483
3729.917
3961.15
3898.983
4155.4169999999995
4006.05
4244.683
4438.45
4166.483
4046.383
3519.883
3787.05
3877.083
3930.517
3653.15
4072.45
3760.217
3792.65
3573.15
3500.117
3436.817
3348.25
3419.683
3463.717
3597.417
3351.983
3497.083
3244.117
3442.283
3551.25
3675.15
3967.85
4109.0830000000005
4251.05
4394.4169999999995
4198.9169999999995
4262.0830000000005
3840.917
4362.683
4145.45
4165.95
4696.05
4398.683
5090.05
5092.483
5043.183
5244.35
5832.183
5308.75
5457.05
4908.15
5093.783
4981.15
4576.317
4328.417
4373.517
4240.282999999999
4024.65
4143.95
4649.517
4270.217
4568.05
4612.35
5086.317
5062.35
5206.25
4945.35
4773.85
4642.017
4271.517
4119.15
4204.5830000000005
3811.15
3663.45
3514.883
3579.983
3506.217
2936.583
3274.35
3265.917
2939.35
2619.25
3380.75
3436.383
3560.683
3863.65
3574.95
4412.05
4649.15
4728.517
4576.683
4655.383
4433.683
4054.183
4200.483
4142.05
4340.217000000001
4307.517
4134.017
4696.517
4351.95
4539.183
4414.817
4584.317
4548.083
4463.583
3923.55
4515.45
4354.95
4522.583
4456.95
4372.717
4390.35
4440.25
4433.017
5127.183
5160.217
5145.183
5405.083
5587.45
5656.75
5630.25
5446.883
5785.317
5547.083
5966.45
5554.683
5993.517
6441.083
5747.317
5985.817
6066.45
5856.15
5806.317
5117.817
4985.25
4443.15
4173.317
3265.883
3124.383
2597.55
2426.05
2425.417
2981.45
3250.15
3593.05
4098.483
4444.583
4671.083
4970.45
5414.483
5694.25
6104.283
5983.25
5970.617
6118.517
5549.483
5432.45
5132.817
4776.317
3995.95
3699.65
3405.217
3368.517
3732.35
3887.05
4449.617
5297.317
5601.017
5807.45
6652.75
6911.783
7008.217
7430.317
7144.817
7843.717
7872.217
8275.383
7983.55
7951.183
8381.15
8138.583
8164.217
8319.317
8151.217
8437.316
8215.283
8861.783
8708.483
8792.25
8557.95
9058.583
8916.217
8731.783
8848.884
9350.717
9137.417
9069.116
8881.083
9035.316
8568.017
8644.45
8821.35
8872.583
9322.017
9068.85
9177.15
9201.184
8898.616
8595.583
8388.884
8617.116
8880.017
9050.25
8919.417
8948.05
8937.616
8877.25
8757.884
8685.25
8668.75
8484.384
8578.017
9035.116
8802.417
9033.25
8673.616
8831.783
9057.417
8808.917
9187.017
9361.517
9362.95
9461.316
9528.684
9633.85
9962.017
10192.316
10034.75
9944.783
9873.417
9238.384
8699.217
8859.116
8795.816
8710.717
8610.483
8925.583
9176.217
9307.583
9948.417
9872.917
10487.417
10414.85
10457.283
10448.25
10839.083
10204.983
10353.95
10790.85
10308.417
10322.65
10531.35
10454.85
10306.55
10877.517
10378.35
10686.717
10642.083
10571.917
10306.616
10569.116
10407.95
10468.184
9872.35
10502.917
10360.083
10328.384
9950.75
10321.717
10668.75
10889.783
10569.95
10805.783
10890.616
10673.25
10661.35
10614.783
9601.017
10050.983
10088.483
10180.783
9701.417
10306.983
10142.35
10200.85
9898.816
9870.517
10227.684
10348.65
10301.017
10366.85
10113.083
9879.783
9870.017
9263.583
9528.483
10261.184
10007.35
10149.517
10514.417
10853.316
10906.684
11078.517
10728.816
10889.45
10982.417
10926.316
10483.684
10292.05
9792.95
10016.45
9232.283
9922.316
10114.417
9772.917
9802.816
10602.717
10564.217
10016.917
10041.616
10864.05
11072.55
10772.717
10556.217
10673.65
10754.616
10480.184
10414.684
10683.517
10481.55
10773.65
11048.483
10736.917
10984.75
11285.384
10387.75
10656.517
10503.15
10140.316
10380.35
9671.917
9945.15
9970.384
10917.017
10796.917
10647.75
10628.45
10185.483
10459.65
10432.55
10805.783
10440.15
10256.184
9682.083
9560.25
9236.616
8859.517
8785.017
8152.983
8018.35
8049.783
8030.683
8519.45
8904.55
9846.583
10437.884
11540.917
11698.15
12694.25
11871.684
11342.25
11804.816
11656.65
11493.95
12241.316
12341.35
12556.45
12382.35
12264.25
11653.95
11195.85
10842.75
11107.184
11028.684
12262.583
11741.417
12292.25
12384.75
12679.45
12715.017
12354.65
13067.684
13258.517
13877.75
13759.384
13889.283
14152.65
14498.75
13482.917
13700.217
13103.184
13448.75
13422.184
13815.483
13289.65
13047.884
12617.316
12397.283
12641.45
12334.217
11453.583
12314.15
12157.783
12988.616
13127.917
13170.083
14044.917
13662.55
13320.517
13636.684
13689.85
13453.283
13439.05
13631.55
14082.25
14493.75
14533.25
14214.417
14373.116
15928.35
14728.65
14796.15
14998.917
14407.217
14994.384
14973.417
15570.917
14993.95
14483.85
14775.483
15033.45
14868.884
14352.783
14266.95
15339.45
15765.816
15447.717
14747.083
15129.25
14886.483
14765.783
13935.017
14821.983
14726.017
14389.65
13687.217
14291.583
14582.95
14533.25
14159.017
15172.184
15193.75
14956.717
15319.75
15485.517
16205.684
15441.583
15214.017
15847.65
15377.55
15705.517
14829.35
15205.116
15928.35
15473.517
15644.217
15678.85
15271.417
15482.583
15927.15
16557.25
16293.083
16232.783
16444.15
16285.583
16649.416
17098.383
16672.75
16613.25
16225.35
16239.316
15748.616
16198.517
15771.884
16131.917
15497.684
15081.783
15333.95
15223.917
14928.884
15535.917
15022.684
15186.917
15267.55
15252.316
15330.75
15193.917
15736.684
16221.45
16585.95
15730.45
15788.616
15859.316
15273.55
16151.717
15733.616
16304.983
16321.95
16676.25
16670.018
16849.717
17070.883
16525.25
16050.684
17701.518
17107.816
17002.316
17246.617
17460.584
16274.616
16983.916
16247.35
17238.85
16954.684
16260.116
16803.816
17287.982
16988.551
17123.184
18029.15
17477.982
16904.15
16703.116
16470.616
16351.05
16903.217
17548.117
17480.482
18108.117
18276.482
18655.184
18192.75
18260.783
18620.75
18384.117
18357.018
18377.982
18470.018
18883.117
18512.416
19242.783
19001.217
19027.051
19481.684
19368.717
19304.416
18807.85
18959.482
19300.184
18880.084
18705.982
18562.35
19230.184
18966.018
19951.449
19203.15
18880.25
19350.949
19489.184
20197.482
20321.916
20360.482
19781.117
20035.15
19539.184
19653.084
19437.717
19829.617
20038.982
21823.482
20150.449
21041.217
21354.383
21548.217
21010.65
22301.35
21747.982
22071.217
22831.783
23518.15
22378.117
22905.617
22316.65
22647.617
24281.051
22778.684
22919.584
22079.482
22055.449
22145.15
22820.65
22713.684
23181.584
23960.75
23343.85
24165.75
24826.383
25479.75
25501.051
25687.15
26420.449
27096.416
26463.117
25112.684
25971.383
26169.084
25394.383
25928.018
26531.85
26533.816
26345.717
26845.883
27432.982
26751.416
28203.982
28867.35
28453.051
27879.551
29047.85
28885.35
28899.982
28639.283
28998.117
29156.416
28965.117
29017.883
28580.584
28912.15
29788.65
30593.416
30979.717
31262.883
32710.982
32900.617
32297.65
33023.018
33001.782999999996
32798.35
32803.449
31848.084
32819.383
32020.084
31919.916
33552.016
34126.852
34397.551
34432.184
34625.285
35435.25
34559.551
34818.715
34243.148
34536.715
34839.418
34239.785
35011.215
35757.449
36113.551
36165.852
36390.949
36857.918
36844.016
36269.051
36584.285
36430.25
36563.352
35886.516
36505.082
36618.316
36793.484
37234.383
36702.816
36514.316
36727.418
36854.449
36888.617
36963.852
37255.418
36984.785
37154.551
37433.516
37168.285
36061.449
35479.215
33792.117
32416.949
31480.65
31120.35
31037.25
31568.482
31504.051
32811.949
34447.715
34976.816
35620.582
35737.883
36043.184
36947.551
37930.648
37516.75
38236.582
38174.148
37810.516
36988.617
36732.582
36965.816
37581.316
37863.016
38428.648
39023.883
39903.582
40492.75
40618.785
40739.883
39954.715
39803.352
39302.516
39611.418
39763.184
39688.684
39662.785
38988.352
38565.918
38351.551
37746.117
37788.352
38170.25
37892.551
39392.449
39613.215
39954.516
40560.684
40841.648
39891.75
40110.648
39714.484
39727.449
40092.352
40438.051
40904.684
41961.648
41772.75
42389.918
41866.617
41841.516
41419.352
40642.516
40829.883
40761.051
40953.883
40688.117
41017.551
41600.383
41876.883
41385.383
41504.816
42589.25
42029.148
42460.316
41729.684
42355.852
41827.016
40859.785
40351.484
39971.715
39903.215
40209.184
40488.148
40910.918
42088.684
41820.316
42627.484
42138.582
42144.816
41976.051
41378.883
41127.117
40660.949
39971.25
40142.418
40187.785
39905.883
40161.449
40127.684
39810.316
39932.949
39750.785
39907.016
40397.785
40856.352
40799.383
41273.352
41966.516
42303.883
42182.648
42551.684
42350.852
42263.352
41495.984
41009.148
40491.984
40847.883
41201.383
40916.352
41759.984
42106.016
42675.184
43008.215
42921.582
42884.551
43803.383
44078.684
44728.383
44755.617
44417.516
44262.285
44001.117
43992.016
43273.852
43042.285
43195.582
43159.285
42846.117
42733.551
41794.516
42393.949
42007.051
42405.285
42333.25
43184.148
43689.852
44341.617
44752.785
45037.75
44055.383
44141.949
43586.785
43618.082
43990.449
43627.082
43587.316
43187.484
43621.984
44034.949
44015.582
44218.148
44265.785
44784.016
45228.852
46071.082
45257.648
45087.75
44361.316
44413.215
43610.516
43605.684
43535.918
43219.352
43901.516
44008.684
42187.984
43443.883
43324.051
42990.551
43183.184
42877.883
42750.117
43035.949
43667.852
43938.551
44012.715
43867.684
44024.383
44812.352
44903.383
45214.883
44926.918
44319.082
42937.984
41366.551
40529.918
38960.684
37242.785
36770.883
37478.383
38535.883
40906.852
41584.285
40943.316
41036.285
41206.516
40634.285
41074.582
40489.883
40004.316
40935.75
42173.316
43175.949
43125.117
43510.016
43715.582
44175.148
45030.648
44498.082
44402.516
44473.148
43640.184
44162.617
44652.25
44642.949
44499.785
45373.617
45769.383
45782.148
45865.648
45107.082
44969.449
44614.949
44900.715
44528.816
43835.117
43591.883
43052.648
44136.148
44912.984
45679.816
45405.582
46057.75
46970.648
47333.883
46733.449
46315.816
46681.516
45974.148
45860.785
45191.148
45830.715
46468.285
45926.715
45621.016
45255.25
44167.617
43450.984
41851.949
40679.117
40251.082
40384.184
40803.617
41368.383
42590.418
42815.582
44159.551
44452.516
44502.949
45218.25
45408.684
45921.785
46077.75
46170.516
46720.285
47641.715
46917.617
46524.852
45704.949
45543.984
45370.949
45276.316
45278.75
45306.918
46019.148
47069.316
47054.816
47074.051
47125.684
47008.648
46753.215
46661.918
46740.016
45558.582
44937.148
44493.582
43889.949
43026.715
42498.684
42917.582
43208.949
43692.648
44140.148
44826.25
44925.75
44708.25
44527.082
44710.582
44407.418
43975.383
44114.949
44552.852
45123.016
45251.516
45321.75
45888.184
46425.418
46390.582
46487.016
46134.648
45973.418
45389.316
44515.082
44218.449
43243.617
42229.449
43551.082
43484.051
43785.617
43999.316
44636.75
44723.316
45162.617
44535.984
44615.285
44940.918
44401.949
44354.383
44147.684
44025.984
43691.484
42982.516
42524.148
42659.449
42729.551
42236.582
41613.148
41951.117
41805.016
41473.918
41465.016
41764.918
42088.617
42310.184
42734.617
42916.648
43425.285
43134.785
42920.816
43402.383
43275.949
42074.785
42814.883
42417.984
42486.816
42658.582
42023.551
42119.117
42980.684
43196.785
43644.75
43499.25
43607.551
43528.449
43204.883
43716.785
43180.883
42640.449
42547.949
42891.984
43343.418
43526.117
42814.215
42963.449
42835.883
42359.715
42689.215
42841.918
42702.816
42512.051
42651.551
42347.918
42595.484
41956.117
41723.883
41576.785
41546.016
41773.582
41364.285
42182.582
42503.082
43001.648
42306.484
42488.117
42490.016
42826.25
42660.418
42428.648
42623.418
42568.316
42319.949
42356.715
42423.082
42082.715
41578.016
42000.648
42117.684
42234.383
42225.082
42389.117
42408.75
42250.785
42710.617
42704.316
42974.883
42146.051
41615.684
41887.117
41330.75
41328.051
41223.816
41760.117
42259.484
42114.984
41990.484
42265.715
42261.949
42496.383
42349.75
42428.184
42776.148
42599.516
42547.75
42708.785
42757.617
42650.316
42488.949
41812.918
42058.352
41178.316
41479.352
41480.984
41406.016
41089.785
41208.684
41202.516
41080.418
41162.117
41533.418
41135.184
41730.285
41516.785
41506.418
40944.316
40573.418
40118.918
40322.082
39901.918
39905.352
39613.715
40203.285
40378.582
40483.949
40322.25
39953.684
40999.648
41212.352
41506.184
41586.285
42124.715
42366.148
41630.184
41437.551
41270.25
41248.418
40366.852
40524.352
40761.184
40775.883
41103.984
41051.352
41516.051
41429.551
41538.715
41298.484
41545.449
41269.684
40942.852
40408.082
41004.316
41103.016
40316.25
41222.551
40796.383
41180.148
41349.648
40817.082
41168.918
40742.883
39931.582
39471.816
39929.984
39755.883
39411.984
39828.551
39904.25
40923.484
40620.715
41327.684
41512.516
41189.551
41079.051
41488.551
41812.648
41300.949
40727.316
40473.484
40521.449
39983.285
39751.918
39746.684
40353.785
40381.617
40347.383
40318.484
40941.184
40970.816
40595.852
40332.684
40381.449
39950.352
39233.918
38732.883
38786.918
38789.949
38392.984
38740.617
39051.852
39638.148
39924.918
40045.883
40333.184
40546.016
40932.582
40860.082
41019.051
40781.148
40643.984
41154.551
40556.516
41037.285
40757.184
40299.816
40803.25
40710.816
40889.648
40542.484
40323.383
40281.285
40277.051
39745.016
39845.785
39563.148
39401.582
39711.617
39371.316
39172.484
39153.383
38995.551
39774.117
40101.082
39242.117
39378.75
40024.051
39865.352
39787.051
40229.016
39805.785
39406.684
39365.051
38559.684
39002.648
38232.285
38402.715
38294.617
38251.184
38836.285
38590.117
38866.148
38791.184
38718.215
39041.852
38971.285
39304.051
39205.215
38744.184
38778.082
38997.785
39176.883
38287.383
38667.082
38813.984
38825.949
38261.918
38738.75
39410.715
39020.418
38697.918
39487.016
39616.785
39466.684
39140.383
38762.551
39309.516
38825.617
39044.715
38947.617
38679.383
38874.883
38787.648
38517.949
38866.582
38616.484
37932.449
38091.551
38423.852
38196.148
37563.918
37570.148
37293.051
37124.949
36972.715
36529.816
37156.852
37183.75
36778.984
37746.418
37650.785
37938.484
37850.449
37542.949
38054.984
37865.883
37563.918
37037.215
37527.715
37674.551
36875.117
36099.75
35384.715
34697.352
34124.582
33478.684
33105.65
32564.018
32046.383
33247.148
33825.715
33855.352
34387.383
35170.352
36250.648
36021.016
36419.918
36242.215
36167.449
36341.016
35920.117
35787.684
35989.648
35915.484
35490.582
35636.082
35746.117
35932.016
35750.648
35429.684
35832.051
35605.75
35623.984
35413.75
35827.383
35799.418
35498.184
36043.816
35866.051
35698.617
35271.648
35033.75
35096.449
34971.285
34943.449
35058.484
34894.051
35250.215
35312.785
35114.148
35352.785
35784.215
35494.984
35205.082
35494.785
35626.551
35481.117
35639.418
35543.449
35092.082
34912.117
34867.418
35050.449
34911.418
34180.785
34572.816
34434.582
34679.75
34507.582
34371.352
34525.648
34616.484
34909.648
34381.816
34623.383
34881.949
34273.785
34637.484
34561.316
34494.75
33949.184
34059.617
33948.316
34021.285
34094.984
33976.883
33882.25
33928.883
33268.648
33607.684
33423.449
33654.684
33217.785
33579.082
34134.715
33786.285
34252.184
34204.352
34108.785
34483.484
34282.516
34294.148
34325.383
34255.816
34460.184
34219.684
34420.918
34173.949
34369.715
34141.418
34616.715
33933.949
34060.25
33782.75
34047.715
34148.883
33687.25
33578.883
33643.051
33657.352
33650.852
33696.949
33771.051
33877.285
33806.715
33753.949
33744.316
33343.352
32908.717000000004
32798.352
33042.85
32552.084
32173.117
32315.75
32793.584
32697.684
32271.117
32304.084
32640.65
32436.883
32171.184
31883.684
32143.584
31997.416
31585.316
31111.482
31458.518
31550.75
31489.65
31777.949
31666.982
31691.75
31119.117
31314.684
30906.383
30837.217
30074.383
29928.75
29976.316
29505.482
29498.184
28843.551
29210.65
28895.482
28306.449
27588.75
27466.25
27571.217
27402.383
26812.018
27066.85
26986.75
27264.25
27326.551
27932.25
28314.416
29083.051
29832.283
29928.916
30095.15
30103.65
30371.35
30200.449
29836.018
29929.117
29656.416
29941.584
29700.949
30019.982
30062.551
30358.449
30314.949
30517.25
30464.949
30924.25
30772.416
30501.85
30783.816
31088.783
30828.35
30555.717
30344.617
30641.717
30589.75
30319.717
30292.416
30362.717
30333.018
30756.25
29974.482
30516.518
30488.949
30534.65
30360.883
30619.584
30373.684
30062.051
29985.551
30149.584
30316.949
29596.25
29515.283
29710.25
29460.217
29386.717
29560.949
29691.717
29386.084
29306.051
29041.018
29004.65
29030.684
29099.518
29052.883
29073.916
28968.883
28992.584
28894.617
28809.65
28757.75
28597.449
27998.416
28457.85
27958.217
28098.051
28077.75
28225.584
28015.816
28135.051
28076.084
28065.051
28453.283
28242.584
28574.684
28409.449
28600.084
28395.717
27919.482
28098.316
27893.75
27744.184
27928.816
27865.051
27844.949
27804.584
27710.018
28126.584
28644.217
28150.717
28707.217
28812.584
28574.482
28708.518
28398.018
28628.117
28753.416
28876.717
29106.883
29139.25
29509.084
29409.584
29794.084
30104.783
30400.684
29861.383
29774.018
30095.117
30624.217
30369.316
30888.018
31012.184
31438.15
31186.518
31374.283
31242.982
30971.75
30237.982
29212.75
28696.051
28335.217
28092.449
27846.416
27567.65
27563.283
27483.916
27356.084
27598.117
27499.883
27509.184
27457.084
27788.783
27561.283
27387.316
27070.816
27045.184
27238.883
26856.916
27105.35
26990.25
27245.416
27204.449
27352.617
27358.25
27589.283
27246.717
27379.283
27722.383
27482.018
26972.316
27291.482
27634.316
27480.084
27040.783
27355.617
27621.184
27039.816
27456.584
26728.15
27121.85
26777.084
26545.383
26698.15
26546.518
26656.15
26391.051
25886.416
26531.783
26679.416
26297.051
26273.684
26482.65
26257.416
26623.316
26094.617
26263.584
26323.416
26456.717
26485.35
26595.383
26331.617
26412.65
26597.617
26795.518
26360.551
25945.117
25965.949
26286.518
26398.551
26101.117
26259.949
26130.383
26342.816
26062.916
26046.35
26123.584
26082.217
25605.117
25383.883
26034.65
25819.084
25366.117
25286.35
25700.117
25313.416
25340.184
25414.283
25676.383
25341.482
24371.051
25173.816
25609.584
25194.018
25167.85
24770.084
25001.25
25097.816
25363.383
25322.883
25236.518
24903.684
24959.117
24966.816
24423.051
24217.949
23713.184
23979.482
23504.717
23963.283
23471.518
23539.084
24867.783
24619.684
24611.518
25183.684
25025.65
25124.35
24647.117
24429.684
24253.916
24316.75
24041.383
24108.551
24227.584
24191.883
23805.449
24067.15
24691.383
24225.816
23704.449
24020.75
24304.117
24377.416
24069.316
24189.551
24355.65
23923.084
23643.184
23253.617
23667.184
23250.35
23177.982
22751.15
22797.117
22876.217
22204.449
21750.283
21571.584
20208.551
19489.916
18691.75
18863.184
18876.949
18938.916
19157.416
19929.117
20770.35
21281.051
21356.551
21560.85
22156.217
22640.051
22540.684
22166.316
22669.35
22561.65
22688.084
22671.383
22279.482
21959.051
21796.416
22280.051
22126.018
21734.051
22421.283
22282.85
22495.551
22563.916
22472.018
22575.783
22579.75
22292.051
22441.217
22527.783
22726.35
22244.316
22254.416
22650.65
22741.75
22629.85
22689.551
22837.383
22783.75
22687.316
22159.35
22648.184
22560.75
22240.449
22049.416
22308.518
22437.684
22254.449
21844.416
22090.783
22402.35
21765.584
22434.949
22579.65
22480.15
22905.117
22619.084
22744.518
22670.617
22466.717
22648.35
22595.316
22485.883
22186.65
22229.283
22273.916
22319.15
22229.184
22273.15
22490.982
22511.482
22228.383
21974.35
22289.518
22164.617
22359.184
21948.816
22425.717
22240.816
22436.117
22440.35
22568.449
22458.084
21969.383
21732.617
22278.916
22146.084
22355.783
21887.949
21844.584
21917.283
21788.316
22137.949
21913.051
21894.883
21331.117
21365.949
21448.783
21761.482
20853.717
21143.617
21406.25
21420.617
21138.916
21023.217
21447.584
21352.283
21124.316
21267.617
21354.383
21604.816
20816.717
21054.883
21526.916
21540.883
21208.051
21090.35
21205.982
21398.35
21005.717
20965.018
21120.85
21060.684
20508.449
20807.551
20822.584
20610.617
20594.449
20725.283
20415.85
21148.883
20513.518
20416.018
20531.25
20558.35
20407.717
19896.018
20402.783
20424.35
20156.449
19868.283
20364.783
20233.883
20107.117
19596.816
20161.584
20127.883
20061.316
20115.75
19736.449
20029.018
19851.184
19414.283
19704.518
19512.283
19561.65
19062.883
19494.916
19360.217
18761.982
18401.15
19192.316
19003.35
18796.982
18682.75
18984.916
18831.35
18442.051
18417.217
19028.25
18757.15
18584.316
18439.35
18913.25
18499.482
18300.25
18196.949
18823.117
18609.816
18319.982
18341.018
18502.783
18194.75
17816.383
17495.416
17980.85
18090.416
17980.916
18244.018
18386.383
18230.482
17653.518
18302.617
18112.717
18003.416
17982.584
17912.883
17795.383
17955.883
17513.184
17474.283
16860.983
16179.283
15478.85
14766.95
14348.384
14227.417
14216.384
14172.483
15028.917
15531.283
15709.783
16155.35
16421.384
16481.417
16616.05
16500.684
16643.05
16109.15
16145.65
15417.483
16456.316
16388.417
16149.05
16065.75
16459.983
16660.15
16829.518
16524.551
16917.25
17148.15
16786.316
16895.283
17234.518
17231.816
17203.25
17344.684
17469.117
17439.35
17187.916
16797.551
17729.982
17483.551
17467.916
17053.084
17692.383
17853.551
17598.383
17806.684
17812.117
17356.551
17571.65
17186.617
17810.783
17676.482
17548.518
17517.482
17494.916
17745.75
17296.916
17841.018
17829.184
17874.416
17814.518
17402.283
18106.117
18108.217
17646.518
17795.816
18417.982
18219.551
17967.65
18457.551
18628.518
18321.084
18059.25
18184.35
17840.85
17996.217
17528.584
17672.883
17983.383
17862.482
17903.717
18342.217
17986.85
18139.883
17519.383
17330.283
18292.184
18075.883
17935.518
18081.75
17894.65
17951.482
18084.65
17745.217
17788.916
17779.883
17741.717
17683.35
17824.85
17511.816
17599.717
17460.684
17837.051
17639.482
17699.117
17674.551
18098.85
17661.018
17725.117
17639.084
17859.051
18118.883
18117.518
17998.816
17923.383
17813.617
17671.518
17911.482
18052.25
18147.482
18130.449
17785.551
18412.584
18220.35
18206.65
17694.217
18234.982
18164.283
17948.316
17814.283
17928.25
18056.482
18157.584
18093.816
18188.916
17869.35
17983.449
18177.15
17887.65
17986.084
17874.316
17713.084
17828.316
17947.018
17687.051
17644.482
17763.65
18030.35
17102.25
17822.35
17890.25
17793.084
17103.584
17476.217
17779.316
17895.949
17715.717
17782.283
17716.783
17860.684
17562.184
17462.551
17834.449
17576.949
17669.117
17368.416
17581.982
17631.416
17280.65
17202.35
17552.982
17163.75
17143.25
17000.084
17335.85
17186.15
16844.449
17154.816
17167.85
16894.084
17047.25
17185.15
16996.85
16968.551
16738.051
16754.883
17050.518
16729.75
16873.85
16509.018
16600.184
16683.083
16559.05
16625.417
16470.583
16379.35
16339.25
16314.684
16527.45
16501.283
16450.917
15560.884
15856.384
15769.616
15596.917
15024.35
14983.25
15066.083
14678.05
14091.684
14645.384
14491.55
13650.65
14045.816
13955.983
13624.684
13773.116
13235.75
13400.316
13212.816
12951.316
13075.684
13311.45
13182.616
13350.184
12130.816
12899.717
12971.083
12512.25
12813.35
13047.983
13128.283
12825.983
13232.616
13455.917
13489.15
13659.316
14044.95
14014.65
13843.55
13925.717
13745.15
13717.783
13892.483
13853.05
13354.017
13754.717
13631.483
13330.583
12746.217
13094.384
12879.616
12593.05
12504.217
12375.85
12467.483
12300.517
12146.017
12540.85
12524.217
12372.917
12383.217
12518.85
12357.75
12235.184
12162.884
12596.517
12408.55
12093.384
12516.417
12863.917
12656.083
12385.583
12540.55
12498.65
12544.483
12476.717
12338.35
12409.05
12201.616
11648.25
12172.017
12058.384
12197.75
12293.917
11809.417
12346.45
12199.35
11481.316
11800.616
12007.983
11867.017
11907.983
12151.95
12267.316
12253.884
12432.65
12326.884
12470.316
12298.55
12265.316
11957.217
12217.05
12310.283
12009.783
12025.15
12259.184
12254.616
11987.384
12426.684
12488.517
12602.816
12161.05
12376.217
12509.384
12446.55
12660.517
11979.35
12498.517
12372.417
12532.116
12126.083
12812.316
12519.283
12686.517
12314.816
12822.783
12766.884
12449.583
12250.884
12505.65
12235.616
12161.583
12401.083
12316.517
12163.616
11852.25
11829.616
12110.517
12249.55
12107.116
12255.15
12226.184
12061.95
11860.517
12088.083
12175.316
12049.417
12314.517
11698.95
12032.05
12288.816
12234.184
11953.417
11984.25
11552.417
11294.783
11725.017
11633.384
11704.15
10885.517
11452.283
11728.783
11596.816
11309.05
11644.884
11854.45
11450.217
11591.983
11447.483
11680.517
11337.684
11085.184
11077.283
11381.65
11344.684
10934.983
11208.017
11181.25
11338.483
11158.184
11221.017
11298.717
11145.35
10953.25
11180.017
11324.65
11207.15
11063.184
11435.15
11146.517
11247.55
11149.25
10968.017
11150.65
11142.483
10976.184
10830.884
10899.717
10991.083
10681.517
10576.15
11059.65
11044.017
10741.65
10798.483
11054.783
11046.283
10624.517
10704.95
10892.45
10672.684
10474.917
10882.15
10833.65
10636.35
10874.917
10620.35
10676.65
10648.95
10376.717
9985.95
10721.05
10375.75
10585.65
10386.217
10508.116
10296.017
10279.583
10127.083
10453.983
10311.083
10232.184
9972.283
10242.783
10253.95
10083.583
10047.35
10322.583
10320.417
9760.45
9960.017
10257.184
10204.884
9514.05
9696.684
10116.65
10070.95
9979.583
9622.217
10185.717
10073.75
10010.717
9753.816
9890.583
9742.017
9576.65
9746.283
9891.184
9705.55
9549.65
9598.017
10045.85
10022.217
9819.783
9508.95
9654.983
9762.483
9579.184
9420.283
9761.45
9654.95
9634.25
9300.483
9498.05
9575.884
9540.517
9385.417
9582.917
9388.616
9800.65
9074.083
9530.917
9456.483
9236.384
8811.483
9542.184
9495.15
9508.717
9175.816
9294.983
9137.15
9267.85
9371.884
9661.717
8855.816
9164.45
8969.616
9223.85
8656.483
8227.65
7622.483
7432.65
6654.083
5861.517
5301.55
4710.85
3985.217
3606.383
2950.083
3258.517
3179.683
2899.117
3093.817
3994.85
4177.683
4142.583
5094.15
5623.517
5893.683
6228.65
5551.883
6319.183
5915.15
5770.45
5425.283
5231.517
5318.35
5019.05
4810.017
5170.317
5245.617
5200.383
4997.95
5721.183
5496.683
5515.717
6159.083
6159.383
6415.283
6078.583
6579.95
6724.117
6702.95
6716.45
6951.617
7217.05
7234.35
6761.383
7032.417
7580.183
7581.483
7150.183
7642.817
7914.117
8034.417
7924.717
7955.817
8389.317
8391.483
7773.85
7907.017
8586.917
8686.083
8472.317
8195.417
8737.517
8562.75
8344.316
8362.55
8847.583
8618.35
7761.316000000001
8632.75
8773.583
8844.217
8535.384
8323.616
8819.85
8731.884
8553.05
8467.616
8603.583
8697.083
8286.184
8124.483
9046.517
8627.95
8430.184
8442.616
8755.917
8670.816
8536.85
8518.884
8737.184
8671.017
8488.316
8464.95
8769.45
8746.684
8631.25
8507.017
8832.05
8758.283
8172.9169999999995
8379.083
8702.917
8605.816
8265.717
8195.75
8600.25
8475.75
8514.517
8280.95
8553.917
8655.816
8375.45
7899.0830000000005
8683.316
8565.283
8558.65
8391.017
8860.717
8611.816
8415.45
8181.217000000001
8692.25
8494.616
8051.917
7887.283
8546.582999999999
8479.883
8491.582999999999
7888.95
8574.05
8442.95
8287.25
8359.283
8553.783
8532.017
8337.05
8257.417
8777.517
8576.483
7760.049999999999
8100.483
8679.983
8425.217
8438.517
8275.75
8672.582999999999
8558.683
8096.25
7906.083
8457.45
8318.017
8305.65
8170.283
8517.717
8457.483
8315.65
7875.617
8556.717
8474.283
8150.183
7794.95
8396.45
8554.483
8214.317
8151.683
8498.65
8092.283
8079.583
8192.55
8216.783
8127.417
7976.25
7797.817
8374.717
8202.217
7845.917
7798.283
8237.383
8355.483
7664.25
7765.15
8251.65
8157.417
8198.783
7951.75
8171.983
8068.883
8010.45
7740.083
8335.45
8102.883
7824.317
7808.483
8168.117
8061.417
7901.25
7397.95
8052.917
7997.55
7880.65
7362.75
8140.983
7932.683
7436.117
7864.483
7949.65
7862.817
7472.783
7547.683
7711.117
7842.95
7583.317
7571.083
7854.117
7616.95
7583.317
7366.217
7697.517
7720.683
7235.117
7212.217
7687.183
7659.617
7368.65
7313.15
7357.317
7570.083
7105.65
7262.55
7358.85
7388.55
7204.517
6983.95
7564.583
7398.817
7026.383
6695.75
7249.183
7405.017
7219.517
6926.417
7265.717
7233.35
6543.783
6947.817
7398.917
7016.083
6861.583
6929.083
7151.583
7186.883
6804.583
6671.15
7079.383
7186.35
7031.383
6891.083
7225.983
7022.483
6748.183
6467.817
7106.383
6910.15
7155.917
6659.75
7128.517
7066.35
6555.917
6630.283
7096.583
6913.55
6732.783
6788.95
7072.45
7000.15
6590.05
6536.95
7153.85
6880.483
6743.517
6765.483
7008.05
6871.483
6443.85
6348.817
6717.317
6676.417
6171.783
6284.35
6768.45
6590.017
6774.117
6421.617
6796.05
6651.15
6866.783
6474.883
6698.183
6616.75
6248.717
6233.95
6688.65
6568.55
6121.583
5581.95
6538.783
6587.35
6136.317
6305.55
6551.383
6337.483
6191.25
6158.15
6509.717
6311.017
6142.583
5781.483
6375.85
6410.483
5712.517
5878.417
6429.45
6219.75
5965.65
5737.017
6342.117
6313.55
6234.45
5804.55
6395.317
6299.15
6239.65
6114.683
6329.65
6187.15
4958.783
5452.55
6243.117
6282.883
5916.65
5644.683
6170.65
6277.75
5630.983
5639.283
6073.25
6035.683
5570.917
5607.417
6079.183
6061.417
5403.117
5413.283
5968.517
5909.55
5647.65
5644.417
5901.983
5822.75
5389.183
5787.15
5863.183
5892.75
5390.383
5625.95
5973.917
5778.617
5318.317
5226.683
5804.783
5794.883
5663.117
5111.883
5903.383
5757.883
5093.717
5215.55
