272.733
74.35
-125.733
156.61700000000002
450.067
135.817
212.333
237.683
238.933
254.75
117.8
-163.25
218.6
208.28300000000002
30.533
-35.783
356.867
2.683000000000007
64.4
372.683
423.0
188.21699999999998
466.4
155.55
286.267
196.817
225.2
-117.517
205.333
205.017
330.6
29.349999999999994
289.8
202.88299999999998
236.867
15.882999999999996
563.2
476.15
100.267
-62.05
248.6
139.35
-3.6670000000000016
177.817
206.933
240.417
143.733
238.15
219.4
248.35
-44.733000000000004
41.483000000000004
617.6
283.75
-14.867000000000004
-254.983
429.067
442.617
34.867000000000004
40.81699999999999
384.467
441.217
387.733
233.683
418.2
367.817
160.8
318.817
396.6
399.017
322.4
-142.183
457.067
279.15
39.533
65.417
382.0
190.417
145.933
68.15
308.6
502.483
207.2
66.35
240.2
351.683
40.93300000000001
14.816999999999993
246.933
211.017
503.33299999999997
-0.5169999999999959
183.733
216.15
346.933
-67.517
200.4
249.017
192.6
92.817
421.733
359.217
-221.267
32.083
406.467
303.217
224.8
214.88299999999998
473.267
289.883
12.599999999999994
277.617
106.533
320.15
260.267
278.217
410.33299999999997
287.08299999999997
558.267
-227.317
331.33299999999997
367.95
114.933
363.08299999999997
397.33299999999997
459.41700000000003
252.733
102.417
352.067
250.017
-58.132999999999996
109.55
340.8
314.483
139.267
8.75
416.33299999999997
438.883
62.0
-233.71699999999998
358.933
315.95
89.067
145.88299999999998
279.33299999999997
421.283
336.467
40.016999999999996
297.33299999999997
331.55
-276.0
-138.517
312.66700000000003
203.28300000000002
179.733
-10.716999999999999
341.2
260.35
62.132999999999996
222.417
403.467
294.883
260.33299999999997
-110.383
456.267
408.017
426.8
153.88299999999998
496.267
275.95
160.86700000000002
339.617
410.4
78.35
382.0
-165.45
148.933
231.61700000000002
3.733000000000004
358.08299999999997
591.533
421.08299999999997
173.4
-73.25
500.267
143.817
461.2
21.683000000000007
396.267
358.95
321.133
393.35
526.867
350.55
425.33299999999997
309.55
339.533
227.35
391.867
-350.05
403.533
352.95
184.933
137.75
148.8
336.35
475.133
176.683
254.333
300.883
115.133
-197.25
277.66700000000003
380.683
480.66700000000003
191.95
394.733
309.35
49.667
-317.717
446.933
241.21699999999998
-58.733000000000004
16.617000000000004
266.933
198.483
-1003.733
-91.583
135.067
275.683
255.267
-60.117000000000004
570.8
404.883
264.467
69.683
266.867
229.35
-105.0
429.617
533.6
276.95
-180.667
38.349999999999994
312.4
323.017
-114.267
356.75
384.33299999999997
266.217
395.66700000000003
337.617
337.067
415.217
245.53300000000002
184.083
383.733
260.283
422.267
28.150000000000006
401.733
434.55
345.467
-70.917
240.86700000000002
310.35
81.867
-279.317
378.867
344.15
256.867
-118.25
350.733
333.483
223.6
76.817
373.0
368.75
-150.333
199.75
339.8
76.817
-136.267
162.61700000000002
269.133
208.083
317.0
170.35
270.8
531.083
102.667
168.817
376.933
524.683
397.2
165.75
223.267
283.95
100.267
491.617
363.6
210.35
-147.46699999999998
113.083
212.333
296.683
267.067
-7.25
545.8
559.617
43.266999999999996
289.217
389.133
352.35
236.667
105.817
345.267
394.15
93.667
130.61700000000002
299.66700000000003
332.95
189.0
313.55
478.33299999999997
444.483
413.6
122.683
572.467
179.083
400.66700000000003
-126.983
391.733
190.35
-66.13300000000001
304.55
361.267
209.483
559.333
404.15
394.6
277.55
652.4
106.68299999999999
403.733
304.017
-9.800000000000011
289.08299999999997
653.2
421.217
566.2
-23.05000000000001
460.933
378.75
411.467
214.883
366.33299999999997
545.15
-33.266999999999996
252.417
629.733
361.15
168.0
194.217
375.33299999999997
372.817
545.267
199.417
677.867
557.75
721.467
463.817
718.2
521.817
247.467
364.15
417.933
638.817
808.267
224.35000000000002
741.3330000000001
609.15
572.8
696.4169999999999
642.2
526.483
371.867
665.283
525.267
786.55
149.8
304.017
597.8
566.217
590.6669999999999
432.017
909.4
582.35
746.467
576.35
722.8
689.95
722.467
337.55
1041.0
493.283
606.3330000000001
536.0830000000001
880.533
553.617
744.4
630.017
650.867
912.283
823.4
711.55
653.2
906.55
682.133
481.35
991.8
765.683
669.267
605.55
599.8
700.883
825.3330000000001
694.95
930.533
818.483
609.133
553.15
727.533
822.683
723.733
607.083
953.133
517.483
785.667
507.75
718.133
616.483
806.8
876.35
768.533
511.41700000000003
822.533
1005.35
492.20000000000005
910.35
766.533
799.083
832.867
806.55
662.8
1008.283
1205.733
712.417
739.733
1319.483
954.333
1181.483
549.133
743.083
1220.667
1043.417
1191.133
1270.15
816.133
774.75
907.3330000000001
872.2170000000001
1406.533
1235.95
713.5999999999999
1181.017
1078.733
1287.417
1336.4
1151.217
1065.733
1407.35
688.133
967.817
1087.6
1265.15
1583.733
1533.417
1474.8
1410.95
1242.4
1326.15
1350.267
1244.883
883.0
1101.683
1444.667
1248.817
1506.733
1073.217
1563.8
1469.15
1591.8
1390.083
1540.667
1462.217
1068.533
1534.15
1389.933
1291.75
1236.867
1371.95
1354.6
1473.283
1372.6
1152.283
1488.733
1261.15
1245.333
1128.817
1587.733
1477.483
1434.733
1512.083
1610.867
1365.683
1348.0
1229.083
1484.333
1512.883
1399.0
1148.15
1640.0
1374.083
1426.333
1404.75
1569.2
1451.083
944.133
1384.817
1470.2
1538.017
1566.0
1763.55
1868.4
1687.083
1722.8
1688.817
1818.6
1878.083
1745.2
1819.75
1824.333
1830.95
2012.667
1827.283
2226.933
1699.683
1272.067
1534.15
1737.933
2015.35
1749.267
1846.417
2187.267
2001.417
1934.533
1859.283
2109.2
2149.217
2183.533
1902.95
2263.267
1950.083
1849.267
1719.55
1762.067
1684.55
1985.6
1331.017
1742.067
1874.55
2120.867
1774.617
2093.6
1984.55
2183.133
1982.617
2064.333
2130.283
2108.2
2023.95
2338.067
1897.95
2435.067
2206.283
2216.8
2137.35
2050.4
2230.483
2472.0
1838.217
1959.133
2284.15
2524.533
2233.15
2307.533
2055.817
2135.133
2022.55
2094.8
2245.683
2215.333
2531.95
2800.133
2094.883
2680.267
2658.75
2538.133
2432.483
2484.4
2359.75
2313.933
2602.483
2551.8
2361.55
2147.267
2270.617
2189.933
2155.283
2486.867
2375.283
2550.467
2745.483
2588.133
2727.75
2942.8
2693.417
3009.0
2859.617
3197.4
2936.817
2790.267
3027.817
3039.2
2931.95
2743.133
2874.417
2703.333
2780.817
2659.267
2826.417
2804.867
2596.417
2237.133
2510.75
2452.4
2458.883
2290.0
2225.55
2483.467
2234.817
2142.0
1852.817
2481.733
2031.15
2379.6
2398.883
2606.333
3090.483
2906.267
3212.417
3085.067
3244.217
3395.467
3002.017
3172.333
3098.883
2812.867
2732.017
3026.667
2883.817
3120.933
2689.95
2965.133
3011.283
2989.0
3169.483
3134.667
3180.75
3377.333
3314.817
3365.067
3367.683
3261.533
2976.483
3320.0
3360.417
3223.4
3484.15
3550.4
3428.15
3286.933
2998.017
3536.6
3410.55
3743.2
4003.083
4134.467000000001
4494.217000000001
4503.133
4336.017
4273.267
4194.417
4312.2
3898.95
4481.267
4159.617
4317.933
4229.15
4459.6669999999995
3964.017
4103.467000000001
4253.35
4093.133
4127.0830000000005
3913.133
3638.617
4233.6
4379.15
4207.867
4444.55
4609.133
4597.35
4487.733
4232.683
4560.2
4495.75
3967.0
4170.683
4147.6669999999995
4371.282999999999
4257.0
4512.017
4687.267
4433.017
4307.2
3757.883
4008.933
4126.0830000000005
4177.2
3901.95
4316.3330000000005
3984.017
4010.333
3772.283
3696.267
3646.217
3582.333
3628.817
3664.6
3794.15
3567.667
3701.883
3444.267
3634.417
3774.333
3897.15
4202.467000000001
4379.15
4510.333
4660.083
4460.067
4526.683
4088.867
4634.083
4431.533
4432.617
4986.667
4675.217
5385.4
5401.883
5354.533
5603.55
6174.467
5663.55
5799.0
5235.817
5399.667
5297.483
4857.533
4610.417
4653.867
4486.083
4303.6
4414.35
4914.2
4555.017
4852.2
4894.417
5420.733
5410.483
5553.4
5250.35
5067.867
4950.617
4556.0
4382.683
4457.4
4044.283
3884.467
3739.15
3775.267
3709.75
3138.2
3459.35
3456.4
3117.017
2806.067
3560.417
3635.0
3763.883
4099.267
3849.3500000000004
4688.067
4940.817
5028.8
4878.483
4965.733
4724.417
4350.2
4477.017
4395.6
4605.083
4599.933
4431.017
5003.333
4646.15
4822.867
4732.817
4889.2
4840.15
4756.0
4209.15
4798.533
4676.017
4829.733
4752.95
4648.0
4656.083
4730.533
4731.083
5465.4
5496.617
5510.133
5790.483
5972.6
6004.75
6014.867
5835.683
6167.533
5938.95
6373.0
5950.617
6425.867
6874.017
6168.667
6399.617
6496.2
6255.683
6222.533
5463.883
5344.133
4731.283
4453.0
3503.883
3313.133
2764.283
2584.067
2578.083
3152.2
3433.75
3809.0
4360.15
4740.133
5009.283
5308.333
5771.483
6089.2
6524.083
6420.067
6376.483
6524.533
5954.15
5839.867
5483.017
5079.733
4283.083
3933.733
3607.217
3575.467
3940.817
4141.867
4728.95
5650.067
5987.417
6242.933
7124.95
7405.467
7525.883
7963.867
7675.15
8404.267
8433.55
8848.6
8567.417
8526.934
8958.816
8701.134
8767.684
8924.866
8765.15
9014.134
8801.55
9482.6
9302.15
9412.0
9203.15
9714.134
9531.417
9416.134
9483.55
10030.934
9799.684
9709.6
9501.017
9653.8
9185.75
9244.533
9417.55
9530.6
9953.083
9694.6
9825.884
9904.866
9539.35
9256.333
9038.616
9234.667
9531.483
9689.667
9622.283
9611.6
9605.217
9520.134
9400.55
9279.934
9290.95
9122.533
9180.35
9628.8
9400.283
9604.934
9283.75
9420.667
9651.217
9419.533
9834.75
10033.134
10036.217
10171.066
10229.884
10366.533
10678.816
10952.733
10753.15
10659.8
10566.15
9863.134
9363.483
9477.134
9398.217
9314.4
9230.283
9575.866
9792.884
10000.267
10679.616
10569.866
11217.417
11113.333
11188.083
11178.866
11600.417
10962.467
11099.283
11552.467
11034.884
11097.934
11321.816
11223.4
11066.616
11698.134
11207.616
11537.066
11466.75
11380.934
11065.55
11353.0
11173.017
11222.533
10594.35
11281.533
11085.816
11105.066
10703.95
11058.134
11449.417
11652.934
11305.816
11571.533
11668.75
11445.667
11445.55
11384.6
10335.816
10771.2
10821.55
10879.866
10395.15
11032.6
10894.483
10915.467
10615.35
10593.066
10953.483
11124.066
11023.017
11117.467
10849.15
10633.134
10601.95
9971.2
10258.884
10989.934
10768.483
10929.6
11315.884
11666.0
11711.417
11913.533
11557.15
11659.866
11801.483
11728.333
11263.483
11061.667
10561.816
10732.333
9941.017
10617.2
10858.083
10530.0
10531.283
11368.066
11327.017
10761.533
10804.616
11680.333
11875.616
11547.333
11343.684
11491.8
11575.75
11267.134
11155.75
11429.6
11206.017
11489.8
11792.884
11482.066
11729.95
12040.467
11113.35
11408.467
11233.884
10864.4
11162.816
10371.467
10661.217
10711.267
11734.816
11614.8
11423.684
11458.333
10963.616
11216.8
11216.616
11524.066
11203.017
10980.134
10395.083
10187.2
9844.417
9448.733
9380.55
8720.066
8579.417000000001
8603.267
8569.217
9118.134
9560.283
10518.866
11194.017
12373.667
12523.884
13577.6
12767.884
12167.4
12622.75
12473.533
12263.283
13073.533
13207.75
13405.134
13264.283
13140.667
12500.15
12006.934
11624.283
11845.6
11798.95
13105.8
12566.55
13207.333
13287.283
13605.066
13673.283
13330.134
14042.417
14257.0
14878.417
14749.8
14911.55
15187.333
15506.35
14444.467
14665.616
14003.8
14364.483
14345.866
14786.017
14170.866
13926.417
13502.134
13258.217
13511.4
13244.75
12298.733
13198.217
13067.733
13950.884
14098.6
14150.616
15099.134
14693.616
14287.267
14621.483
14659.467
14387.35
14376.2
14612.55
15011.866
15474.417
15527.134
15189.884
15326.733
16996.35
15711.866
15778.15
16022.6
15426.616
16032.333
15977.55
16624.267
15977.684
15449.4
15775.083
16010.467
15907.35
15379.066
15308.55
16422.667
16938.283
16571.801
15838.616
16214.2
16008.15
15869.2
15014.417
15896.333
15749.417
15409.066
14707.483
15281.2
15562.95
15557.733
15147.083
16223.6
16226.35
16002.134
16440.217
16574.199
17373.217
16592.533
16414.483
17015.666
16543.949
16954.199
15952.95
16290.066
17088.084
16628.732
16773.551
16804.0
16288.816
16570.134
16979.684
17685.334
17391.416
17343.199
17542.482
17385.801
17818.551
18307.934
17881.617
17785.199
17359.35
17362.268
16844.883
17291.867
16910.949
17272.4
16597.684
16129.934
16383.35
16272.733
15948.35
16553.134
16075.616
16239.134
16337.75
16267.667
16408.483
16256.065999999999
16825.75
17308.732
17701.482
16801.666
16897.217
16978.732
16348.95
17257.133
16881.018
17450.4
17415.084
17803.199
17781.75
17945.533
18227.883
17623.133
17161.084
18911.801
18255.684
18170.533
18447.684
18712.6
17419.684
18195.133
17402.018
18462.268
18116.949
17364.268
17967.75
18465.066
18175.018
18254.867
19294.883
18689.467
18038.684
17830.334
17603.816
17455.732
18091.816
18795.732
18669.816
19406.0
19501.482
19962.867
19401.617
19469.334
19841.018
19602.533
19645.084
19587.732
19708.816
20181.133
19788.416
20503.0
20278.018
20440.6
20920.018
20722.801
20684.949
20180.467
20323.684
20606.6
20183.416
20024.133
19832.617
20538.199
20234.217
21274.4
20454.617
20105.334
20634.018
20727.867
21498.15
21604.533
21671.482
21095.268
21347.283
20785.934
20951.883
20749.934
21175.684
21348.666
23302.949
21487.0
22442.15
22779.0
22993.283
22463.199
23779.283
23171.533
23518.949
24305.268
25041.15
23806.6
24359.482
23789.268
24064.416
25863.732
24200.883
24431.6
23507.551
23459.0
23590.551
24268.199
24115.283
24669.334
25485.15
24898.801
25721.684
26393.934
27143.283
27163.732
27308.217
28167.934
28872.15
28176.133
26731.35
27649.666
27821.416
27049.268
27672.416
28312.6
28339.35
28178.467
28655.283
29338.4
28592.084
30156.467
30839.883
30448.0
29855.883
31015.732
30806.217
30828.199
30503.816
30869.334
31017.283
30800.533
30904.883
30474.934
30773.283
31691.199
32492.551
32855.934
33249.285
34725.066
34959.684
34354.0
35057.016
35100.668
34829.215
34839.465
33873.484
34873.734
33998.148
33939.066
35667.684
36318.934
36607.082
36684.133
36865.418
37714.266
36774.215
37019.398
36465.215
36776.398
36993.215
36456.465
37241.816
37991.465
38381.148
38513.668
38690.75
39137.133
39156.215
38479.602
38779.215
38657.668
38719.418
38011.199
38670.148
38816.332
38984.016
39395.133
38883.883
38726.934
38944.148
39007.668
39029.617
39137.398
39506.148
39223.934
39415.285
39722.801
39351.082
38201.867
37594.148
35803.266
34374.418
33325.266
32939.684
32876.268
33359.082
33339.934
34742.551
36517.602
37044.352
37703.066
37925.484
38169.602
39188.418
40207.465
39822.75
40585.934
40604.684
40231.332
39467.215
39101.266
39411.148
40010.0
40296.684
40842.934
41550.418
42401.465
43027.816
43066.066
43168.883
42315.133
42179.016
41639.535
41965.215
42043.066
42058.75
41956.266
41251.949
40781.934
40586.082
39965.867
40009.816
40363.934
40122.352
41655.934
41930.75
42249.535
42974.016
43222.133
42280.684
42509.199
42095.418
42109.398
42479.684
42866.801
43396.285
44437.668
44313.684
44888.066
44429.949
44376.066
43928.684
43088.668
43278.617
43253.465
43450.418
43130.535
43483.082
44051.602
44362.816
43897.801
43997.215
45074.066
44495.75
44921.066
44187.352
44786.133
44159.285
43151.266
42631.816
42249.398
42168.617
42415.332
42762.883
43155.602
44424.215
44163.066
44994.016
44423.133
44474.75
44200.398
43741.816
43417.602
42908.484
42238.398
42388.75
42449.332
42113.816
42365.934
42290.883
42050.133
42169.949
42033.398
42160.148
42665.465
43214.816
43149.465
43712.816
44440.602
44689.285
44616.0
44983.75
44756.668
44701.418
43857.199
43407.816
42827.066
43155.082
43600.867
43336.418
44200.867
44563.484
45184.668
45474.617
45477.398
45344.352
46273.734
46604.082
47206.734
47312.352
46903.398
46745.352
46445.934
46424.285
45675.199
45431.418
45564.734
45568.949
45235.133
45127.215
44204.668
44777.418
44372.602
44810.684
44676.668
45604.883
46197.867
46793.215
47244.398
47583.551
46553.066
46654.016
46073.266
46080.816
46493.602
46113.75
46073.332
45646.617
46085.465
46514.016
46492.668
46727.016
46800.266
47263.082
47742.535
48612.551
47786.066
47605.617
46886.0
46875.75
46078.066
46015.816
45945.535
45619.215
46333.066
46423.418
44625.199
45813.551
45641.867
45331.215
45496.266
45244.215
45134.801
45375.816
45994.535
46319.484
46364.734
46226.617
46433.066
47197.551
47247.535
47593.484
47270.199
46741.352
45228.0
43537.016
42638.465
41052.883
39278.867
38750.883
39467.266
40596.816
43095.734
43788.082
43155.0
43177.949
43397.133
42871.215
43282.0
42709.484
42143.066
43156.484
44435.801
45480.016
45402.398
45849.215
46022.602
46593.949
47462.465
46887.949
46769.535
46853.816
46014.867
46498.684
46950.668
47025.551
46857.199
47683.75
48180.867
48221.949
48307.801
47489.551
47318.602
46992.082
47185.668
46859.75
46059.934
45856.484
45347.133
46417.75
47288.133
48059.215
47769.398
48463.551
49376.398
49779.148
49141.266
48717.082
49150.668
48454.016
48338.801
47639.949
48373.668
48952.617
48406.734
48088.883
47655.867
46500.016
45849.398
44169.352
42870.734
42459.684
42535.332
42949.684
43520.332
44826.215
45066.535
46479.551
46802.332
46875.484
47591.734
47790.484
48280.668
48416.215
48616.199
49096.883
50051.066
49291.148
48873.332
48009.285
47892.266
47766.285
47619.801
47648.551
47649.398
48377.883
49462.0
49453.484
49480.535
49472.215
49380.266
49135.285
49051.266
49079.148
47883.535
47250.215
46855.801
46146.285
45242.867
44760.949
45116.801
45389.617
45880.465
46364.551
47063.734
47219.617
46997.199
46760.617
46957.734
46598.684
46156.934
46315.617
46774.199
47381.148
47497.734
47525.883
48154.934
48679.215
48624.332
48695.215
48447.867
48237.75
47567.332
46726.883
46361.398
45411.484
44315.465
45677.883
45552.0
45943.816
46098.133
46750.285
46941.801
47332.75
46762.0
46843.883
47227.133
46629.285
46575.734
46321.418
46245.332
45859.016
45144.734
44671.551
44804.266
44857.082
44336.133
43641.418
43991.734
43835.016
43528.867
43527.484
43807.398
44167.617
44334.266
44872.684
45057.199
45497.016
45275.867
45045.484
45527.867
45452.75
44234.867
44945.684
44618.734
44608.082
44817.668
44155.75
44261.465
45171.551
45362.801
45834.684
45671.133
45794.684
45715.668
45361.148
45895.801
45289.551
44765.535
44699.215
45059.0
45490.617
45681.066
44888.684
45078.668
44967.816
44522.199
44858.148
44971.465
44813.949
44583.535
44824.816
44499.465
44689.148
44085.867
43769.082
43647.535
43623.215
43890.398
43417.082
44332.266
44579.352
45105.332
44397.148
44626.332
44671.617
44920.199
44818.484
44532.801
44751.816
44668.332
44431.949
44382.066
44475.082
44135.867
43658.684
44051.066
44170.285
44252.266
44267.816
44426.867
44424.352
44318.465
44763.883
44738.332
45008.816
44168.133
43710.285
43942.867
43374.484
43464.133
43201.285
43750.602
44313.484
44171.398
44000.016
44365.934
44254.883
44574.465
44417.016
44447.199
44783.883
44569.535
44542.617
44692.602
44810.949
44701.199
44513.016
43775.801
43985.816
43120.602
43400.816
43452.398
43340.551
43004.734
43104.816
43060.332
43020.484
43066.934
43460.551
43085.066
43723.551
43510.867
43411.617
42854.734
42396.617
42037.465
42145.016
41776.934
41774.285
41452.465
42058.883
42304.332
42313.551
42131.066
41797.418
42902.535
43125.883
43430.066
43529.016
44100.0
44265.816
43548.199
43352.949
43224.602
43142.285
42260.867
42401.215
42667.602
42718.617
43024.465
42967.285
43488.266
43388.617
43524.0
43295.215
43525.465
43207.148
42901.535
42365.016
42993.398
43092.148
42253.867
43192.684
42750.066
43155.285
43345.535
42770.418
43067.266
42638.418
41817.668
41397.148
41805.734
41536.883
41264.668
41699.684
41739.0
42744.816
42476.0
43161.684
43358.332
43040.082
42990.0
43355.75
43673.867
43175.883
42627.0
42368.016
42399.801
41854.949
41622.535
41568.684
42155.602
42211.148
42178.0
42101.75
42743.867
42771.148
42367.066
42179.082
42183.398
41737.484
41091.133
40584.148
40635.266
40554.551
40189.332
40542.215
40858.0
41423.215
41762.465
41887.684
42190.734
42373.883
42820.133
42759.215
42883.734
42646.016
42470.801
43038.75
42376.398
42845.016
42549.867
42029.816
42618.332
42484.75
42701.266
42317.551
42155.066
42108.418
42069.0
41446.484
41606.801
41310.352
41113.066
41390.684
41059.465
40861.352
40836.535
40721.617
41543.801
41779.352
40970.734
41122.016
41748.133
41626.352
41512.332
42012.285
41479.867
41154.75
41016.734
40230.617
40762.867
39890.082
40084.867
39957.484
39958.266
40501.816
40263.734
40589.082
40501.602
40405.285
40785.668
40671.816
40997.734
40980.082
40468.668
40552.75
40747.867
40886.551
40009.0
40362.484
40544.867
40583.082
39953.535
40443.016
41083.668
40698.816
40433.801
41261.418
41301.535
41249.816
40877.867
40426.352
41053.066
40565.949
40703.398
40697.082
40438.734
40568.617
40418.867
40222.684
40626.668
40318.352
39615.867
39827.082
40107.066
39865.949
39251.465
39204.617
38979.934
38825.285
38566.801
38183.551
38796.0
38813.551
38422.066
39381.617
39341.867
39602.551
39529.465
39245.949
39751.734
39523.352
39193.133
38717.215
39146.266
39335.484
38551.0
37701.016
36934.398
36185.684
35639.668
34957.816
34582.0
33946.148
33455.535
34622.883
35273.934
35346.082
35885.266
36660.082
37819.199
37536.551
38032.266
37808.082
37799.535
37926.617
37481.734
37357.684
37547.734
37490.016
37089.398
37212.148
37338.199
37546.551
37279.535
37053.551
37448.602
37185.684
37220.0
36999.352
37411.066
37358.016
36995.535
37633.352
37403.801
37227.484
36820.465
36553.816
36605.199
36497.285
36452.332
36570.949
36394.465
36744.352
36799.199
36592.484
36806.0
37290.75
36961.133
36712.082
36968.199
37157.148
36947.199
37088.816
37046.668
36588.484
36408.332
36324.285
36516.332
36454.551
35661.0
36018.75
35894.934
36185.082
35970.867
35819.883
35949.934
36059.148
36363.801
35906.949
36118.0
36438.551
35792.066
36103.082
36027.668
35960.75
35395.332
35512.215
35441.734
35495.684
35523.668
35469.215
35324.867
35351.215
34762.465
35000.617
34825.734
35096.75
34628.066
34992.082
35596.734
35256.285
35682.0
35661.484
35529.465
35961.148
35724.0
35803.285
35781.199
35679.949
35897.332
35676.352
35824.867
35538.484
35821.398
35559.215
35979.465
35348.883
35465.066
35204.352
35436.465
35571.215
35134.398
34984.418
35072.066
35094.352
35061.332
35124.816
35223.535
35313.75
35267.734
35145.617
35120.266
34752.285
34287.266
34149.285
34406.0
33871.949
33569.867
33716.215
34144.266
34093.883
33593.266
33673.75
34032.133
33841.082
33537.266
33231.352
33504.668
33283.816
32923.066
32410.416
32793.4
32832.617
32801.0
33060.082
32965.066
32993.018
32432.732
32641.084
32217.0
32126.018
31358.268
31172.617
31269.0
30778.949
30750.066
30068.949
30452.867
30160.35
29536.0
28774.217
28669.066
28727.684
28551.0
27926.15
28201.133
28132.416
28395.199
28467.084
29111.533
29474.35
30332.4
31098.551
31204.334
31382.084
31444.533
31652.416
31466.533
31104.482
31219.467
30918.15
31197.6
30965.084
31315.199
31340.551
31681.867
31609.482
31879.732
31751.617
32168.4
32090.75
31794.334
32059.949
32378.0
32097.482
31846.666
31603.084
31933.199
31819.684
31596.467
31541.018
31621.666
31657.816
32024.533
31268.75
31786.199
31795.482
31798.334
31620.018
31923.6
31693.283
31294.334
31267.084
31415.801
31610.35
30878.4
30742.617
30980.533
30681.684
30662.732
30789.816
30904.0
30626.816
30516.199
30282.551
30231.867
30258.482
30329.334
30290.551
30228.467
30166.883
30195.4
30105.283
29953.666
29932.617
29775.268
29186.15
29591.133
29112.949
29251.6
29246.217
29395.268
29169.551
29314.666
29263.816
29292.934
29637.416
29404.6
29762.482
29563.199
29758.15
29536.0
29061.816
29165.533
28950.416
28852.732
29067.15
28944.732
28892.883
28944.199
28802.684
29235.867
29730.15
29307.732
29823.684
29943.133
29680.084
29867.867
29527.084
29812.533
29929.416
30039.6
30225.883
30306.467
30720.416
30592.533
30945.416
31341.732
31620.816
31107.4
30996.949
31314.0
31815.75
31641.533
32114.283
32296.533
32656.551
32489.4
32585.018
32475.6
32239.617
31473.533
30402.75
29850.268
29529.684
29165.133
28929.949
28662.533
28709.75
28564.934
28454.15
28678.801
28581.617
28613.533
28544.684
28903.268
28656.684
28513.199
28173.684
28179.801
28342.217
27891.0
28234.482
28122.533
28339.217
28331.334
28447.883
28518.467
28718.551
28275.334
28511.416
28810.533
28622.684
28058.199
28371.551
28763.334
28558.416
28196.066
28458.949
28722.934
28136.551
28556.6
27842.949
28196.666
27847.217
27610.533
27782.617
27663.801
27686.35
27456.6
26977.75
27646.666
27699.75
27381.066
27415.617
27546.867
27343.684
27695.732
27154.217
27329.334
27385.883
27527.066
27529.416
27657.467
27401.617
27511.268
27672.416
27879.0
27471.482
27085.666
27073.283
27287.732
27484.816
27182.066
27313.084
27176.867
27384.949
27108.4
27104.15
27153.6
27116.084
26643.867
26437.617
27125.666
26877.482
26372.732
26267.018
26744.666
26347.551
26361.801
26448.084
26699.066
26378.018
25441.199
26177.816
26635.666
26255.551
26164.4
25778.35
26048.199
26125.084
26427.666
26343.949
26241.6
25941.15
26013.533
25950.883
25391.801
25214.551
24604.0
24977.883
24429.4
24907.617
24424.6
24548.949
25850.0
25603.482
25556.867
26224.684
26041.934
26090.217
25654.133
25443.816
25238.6
25264.15
24992.0
25089.084
25157.533
25144.617
24802.0
24992.684
25689.4
25205.949
24673.666
24991.816
25265.732
25349.217
25016.6
25175.217
25293.133
24909.883
24574.334
24224.816
24632.732
24203.416
24103.066
23696.816
23658.934
23715.949
23066.268
22589.018
22434.533
20977.15
20246.268
19423.283
19530.0
19539.416
19625.934
19861.684
20711.133
21591.416
22118.934
22160.551
22406.334
23037.482
23516.6
23438.084
23114.533
23542.35
23450.732
23542.084
23559.467
23175.482
22866.334
22704.883
23176.666
23035.551
22606.334
23303.551
23142.0
23399.883
23502.0
23352.217
23503.666
23485.949
23227.199
23294.684
23422.732
23587.949
23159.732
23146.084
23586.934
23642.018
23535.732
23595.617
23752.334
23691.35
23574.732
23042.816
23539.533
23473.949
23135.467
22951.217
23164.6
23320.35
23166.467
22718.684
22946.867
23255.217
22645.0
23301.883
23483.268
23395.551
23805.334
23543.75
23646.666
23588.018
23342.199
23495.617
23467.732
23398.084
23060.0
23109.217
23198.6
23207.35
23084.4
23178.283
23399.268
23390.883
23145.732
22872.816
23165.467
23056.084
23224.801
22788.15
23330.268
23126.551
23358.934
23340.416
23424.6
23343.816
22898.0
22571.018
23183.133
23017.949
23197.467
22775.416
22686.066
22800.684
22663.666
23008.949
22779.467
22782.883
22208.467
22252.816
22330.268
22579.883
21684.066
22001.551
22203.801
22214.283
21960.6
21807.75
22272.334
22169.283
22012.199
22101.416
22189.4
22397.283
21657.666
21870.883
22361.6
22369.75
22039.801
21919.75
22006.6
22208.551
21811.334
21798.217
21964.732
21882.617
21314.867
21595.15
21598.6
21442.816
21396.0
21544.283
21202.334
21985.75
21325.199
21212.217
21381.268
21349.75
21269.533
20689.482
21160.6
21244.35
20883.533
20650.217
21146.199
21029.084
20890.732
20380.883
20947.268
20903.949
20853.334
20880.482
20510.666
20784.416
20647.801
20173.482
20475.666
20285.018
20295.666
19782.883
20198.867
20150.684
19540.4
19174.482
19936.6
19758.018
19546.533
19415.084
19682.6
19561.684
19206.268
19106.684
19800.867
19468.482
19296.867
19141.684
19631.4
19200.15
19041.732
18935.684
19557.334
19320.551
19046.268
19011.551
19192.6
18909.084
18513.6
18190.084
18660.268
18764.816
18690.867
18949.617
19104.4
18957.35
18362.732
19006.75
18795.6
18679.018
18666.467
18578.283
18498.867
18655.416
18168.801
18111.949
17473.732
16712.483
15994.4
15242.884
14769.934
14662.35
14626.733
14567.35
15489.066
16010.884
16219.866
16673.084
17009.4
17050.217
17162.133
17077.416
17209.533
16665.018
16662.133
15922.551
17006.467
16926.15
16677.334
16627.75
17030.801
17251.35
17402.268
17105.75
17518.934
17752.684
17377.801
17479.617
17830.533
17818.283
17816.666
17943.684
18112.066
18025.883
17805.334
17459.084
18397.0
18098.617
18106.133
17698.816
18383.533
18443.551
18264.867
18449.551
18455.732
18025.684
18228.533
17850.617
18445.6
18334.283
18198.0
18108.217
18138.066
18375.816
17984.867
18509.35
18495.666
18514.949
18506.533
18063.35
18763.4
18758.551
18307.6
18469.816
19184.467
18883.949
18617.867
19151.617
19348.268
19014.883
18749.666
18848.75
18566.867
18676.018
18179.334
18340.416
18649.066
18576.617
18580.732
18997.883
18683.801
18798.217
18176.801
17998.617
18955.533
18732.217
18578.268
18694.482
18552.066
18631.15
18721.4
18399.084
18480.268
18426.551
18407.934
18328.283
18507.732
18194.949
18300.4
18146.75
18529.467
18237.217
18374.199
18298.35
18701.801
18303.617
18398.732
18308.018
18527.4
18745.416
18797.0
18675.15
18552.0
18458.15
18316.533
18565.816
18743.934
18832.949
18846.934
18457.949
19088.6
18930.15
18870.801
18353.684
18954.666
18820.883
18622.0
18476.35
18588.6
18695.018
18836.133
18741.15
18826.6
18543.283
18660.732
18820.416
18569.268
18665.416
18529.133
18384.283
18545.934
18630.816
18368.0
18292.816
18428.6
18702.283
17719.666
18499.551
18493.666
18462.883
17743.268
18127.684
18451.0
18526.482
18380.867
18421.35
18389.533
18501.15
18223.934
18115.217
18500.867
18239.15
18316.4
18012.684
18231.533
18271.283
17951.533
17851.283
18214.666
17768.949
17800.066
17598.883
17974.467
17822.217
17502.6
17777.551
17783.268
17520.283
17671.199
17799.084
17626.801
17576.949
17376.934
17363.684
17698.867
17343.416
17481.934
17119.482
17207.4
17299.35
17143.533
17226.35
17071.533
16982.084
16946.801
16887.018
17132.133
17082.283
17067.066
16127.483
16435.4
16344.15
16171.667
15594.217
15521.467
15560.35
15199.0
14593.15
15123.4
14957.483
14160.6
14579.35
14438.2
14099.083
14237.467
13671.35
13835.2
13678.083
13416.4
13522.55
13775.866
13606.75
13796.8
12547.95
13343.267
13415.816
12945.667
13250.417
13511.333
13565.884
13292.134
13700.35
13927.866
13928.083
14133.8
14511.816
14506.533
14330.283
14441.667
14205.35
14171.533
14369.616
14364.066
13802.283
14269.733
14085.95
13783.533
13193.684
13526.8
13325.283
13030.134
12955.816
12795.533
12887.483
12678.134
12551.083
12979.667
12955.35
12813.533
12834.75
12923.4
12785.35
12686.934
12599.816
13035.267
12809.95
12497.134
12924.884
13318.733
13093.417
12773.134
12956.55
12899.066
12958.884
12890.8
12795.95
12869.467
12599.75
12026.533
12627.35
12459.733
12589.616
12706.866
12265.15
12756.467
12601.017
11901.733
12190.017
12425.8
12265.55
12314.2
12566.35
12684.267
12662.35
12837.667
12780.083
12901.866
12698.017
12679.267
12369.083
12618.2
12708.15
12418.6
12469.816
12686.333
12647.017
12387.0
12857.283
12897.866
13047.283
12587.533
12806.283
12958.866
12909.017
13091.066
12390.417
12923.733
12781.483
12949.934
12562.95
13249.8
12988.816
13124.467
12721.55
13295.467
13220.017
12891.4
12676.55
12923.0
12675.15
12570.333
12825.017
12757.4
12602.017
12275.0
12269.684
12495.267
12655.95
12512.066
12712.35
12643.4
12495.616
12278.0
12486.35
12584.6
12437.884
12747.667
12119.283
12432.8
12690.283
12673.6
12352.616
12399.0
11986.75
11721.8
12096.217
11989.667
12104.217
11294.4
11837.083
12125.467
11979.816
11714.267
12049.816
12269.533
11850.283
11999.467
11831.684
12087.333
11741.884
11481.8
11446.417
11777.134
11726.616
11298.066
11557.483
11573.733
11695.816
11515.2
11584.35
11694.866
11536.017
11324.066
11576.55
11683.866
11633.217
11469.467
11811.283
11537.0
11624.017
11535.866
11355.083
11543.066
11477.55
11336.2
11221.684
11282.6
11362.75
11072.4
10938.017
11425.6
11420.15
11135.733
11172.884
11428.467
11423.75
10999.4
11060.616
11260.0
11077.55
10818.4
11243.816
11192.134
11004.816
11227.533
11009.35
11084.134
11014.684
10728.2
10372.017
11067.134
10714.483
10924.6
10763.083
10860.0
10637.816
10603.8
10462.483
10800.333
10662.816
10545.134
10275.95
10568.467
10600.483
10410.8
10382.95
10643.267
10645.616
10122.134
10273.816
10578.8
10525.75
9840.934
10031.684
10456.533
10411.684
10296.6
9958.95
10529.667
10408.217
10336.8
10075.884
10235.4
10052.884
9932.0
10074.217
10247.6
10070.417
9868.134
9925.017
10357.866
10355.217
10122.733
9844.15
9965.533
10099.35
9966.934
9749.217
10073.267
9984.083
9944.0
9628.816
9837.134
9911.884
9878.6
9686.15
9885.733
9676.95
10113.6
9407.283
9877.866
9770.283
9541.0
9124.684
9834.733
9796.55
9808.333
9498.884
9576.667
9431.684
9552.733
9675.616
9951.134
9170.75
9442.467
9232.35
9501.0
8922.616
8478.667
7840.15
7621.667
6785.95
5953.0
5348.883
4699.133
3956.283
3561.667
2880.15
3207.667
3092.017
2836.533
3034.55
3936.667
4124.617
4131.533
5130.617
5676.067
5972.95
6285.4
5637.417
6392.667
6000.35
5841.0
5467.483
5272.333
5350.417
5018.467
4782.083
5202.8
5261.817
5249.867
5020.017
5753.467
5543.55
5582.733
6189.95
6253.133
6502.95
6195.933
6678.55
6835.2
6835.683
6835.2
7099.55
7378.067
7397.617
6957.267
7195.35
7714.533
7749.483
7307.933
7843.483
8104.467
8236.35
8149.733
8164.35
8624.6
8621.15
8019.532999999999
8125.950000000001
8847.267
8907.55
8746.667
8454.75
8995.134
8768.017
8619.866
8598.616
9117.533
8881.283
8047.4
8868.884
9036.8
9139.483
8808.733
8567.884
9080.866
8997.95
8818.667
8708.417
8873.6
8993.684
8551.8
8375.75
9320.333
8911.684
8712.4
8730.217
9046.866
8931.684
8803.267
8779.083
9000.066
8943.884
8772.134
8742.083
9059.533
9024.616
8874.866
8763.95
9084.0
9000.816
8466.4
8664.417
8988.2
8891.884
8547.667
8478.15
8876.4
8719.35
8781.733
8538.95
8794.533
8951.017
8630.866
8173.549999999999
8940.2
8842.884
8830.0
8644.217
9142.866
8866.483
8705.667
8476.217
8949.333
8729.017
8295.0
8173.884
8804.934
8723.816
8729.066
8142.950000000001
8826.533
8710.75
8576.8
8627.417
8805.8
8801.816
8610.066
8534.75
9033.866
8838.15
7993.467000000001
8350.417
8944.467
8695.616
8686.6
8521.283
8900.333
8803.417
8365.533
8171.15
8744.4
8583.75
8555.2
8432.483
8753.333
8691.884
8588.066
8102.282999999999
8786.667
8724.417
8387.866
8097.15
8630.0
8780.417
8469.4
8406.35
8733.134
8352.417000000001
8306.8
8453.883
8451.133
8378.017
8243.133
8065.0830000000005
8652.533
8457.017
8081.6
8021.483
8486.067
8635.816
7921.8
8022.017
8489.467
8403.35
8455.2
8185.883
8417.733
8332.283
8277.533
7955.683
8595.8
8351.75
8078.067
8021.55
8415.667000000001
8345.017
8163.733
7670.217
8320.267
8229.683
8125.4
7617.283
8373.067
8191.883
7691.733
8120.883
8193.867
8103.75
7698.6
7798.817
7946.867
8064.817
7811.133
7799.883
8060.467
7854.817
7841.2
7606.817
7912.733
7978.217
7472.933
7437.35
7924.133
7880.283
7601.333
7538.017
7593.8
7781.417
7316.667
7492.55
7543.533
7592.617
7411.2
7198.75
7768.133
7602.417
7241.2
6896.683
7475.4
7623.75
7441.667
7132.283
7504.6
7442.417
6749.667
7166.55
7592.867
7224.017
7071.867
7134.35
7356.067
7409.883
7037.4
6895.217
7296.867
7382.35
7212.6
7096.017
7438.933
7253.817
6948.6
6690.55
7305.6
7118.95
7366.533
6864.75
7360.133
7301.35
6771.467
6842.817
7286.6
7137.283
6946.333
7007.95
7281.4
7202.683
6803.0
6745.417
7338.2
7068.817
6937.2
6979.083
7223.733
7060.15
6647.467
6514.55
6900.733
6867.083
6340.333
6482.55
6953.533
6801.35
6973.4
6618.217
6983.867
6841.75
7057.0
6649.417
6893.933
6813.283
6447.4
6431.283
6868.733
6763.483
6306.667
5794.15
6720.333
6771.217
6324.333
6493.617
6733.867
6527.083
6372.133
6312.083
6691.267
6511.15
6329.4
5977.017
6546.933
6614.683
5886.133
6039.217
6597.6
6376.217
6122.733
5906.217
6511.267
6480.683
6411.667
5974.35
6565.467
6469.017
6413.467
6294.417
6498.8
6363.15
5142.8
5639.483
6400.133
6474.75
6094.6
5812.083
6342.867
6486.75
5824.267
5817.55
6271.6
6212.617
5777.067
5793.083
6261.333
6220.95
5580.0
5577.55
6135.933
6071.683
5816.333
5830.283
6060.6
5955.417
5571.533
5950.817
6066.933
6052.283
5550.267
5774.55
6154.467
5937.75
5470.2
5396.217
5972.933
5986.683
5839.8
5249.417
6048.6
5913.617
5245.067
5371.883
