269.517
81.35
-124.95
151.683
453.85
131.417
212.917
242.017
242.78300000000002
268.41700000000003
125.717
-172.317
209.71699999999998
218.75
27.450000000000003
-23.450000000000003
353.183
9.216999999999999
66.85
362.55
423.25
183.017
468.983
142.817
281.25
207.88299999999998
226.517
-128.71699999999998
206.983
203.75
331.25
26.349999999999994
278.85
192.683
240.25
26.816999999999993
554.317
480.95
91.183
-56.516999999999996
251.317
133.15
-0.21699999999999875
184.683
215.183
242.15
146.65
244.75
227.78300000000002
246.95
-31.549999999999997
49.68300000000001
618.317
284.55
-14.216999999999999
-252.583
441.317
441.883
42.382999999999996
40.349999999999994
380.183
440.883
390.45
234.28300000000002
425.91700000000003
365.483
160.65
314.15
397.117
391.283
327.91700000000003
-129.25
444.05
291.95
46.382999999999996
86.217
391.91700000000003
192.95
134.71699999999998
73.217
310.383
493.617
206.78300000000002
59.483000000000004
241.25
351.017
34.717
14.216999999999999
243.05
207.817
492.517
10.483000000000004
184.45
218.15
342.317
-61.983000000000004
200.917
257.017
204.71699999999998
93.95
422.383
365.683
-220.21699999999998
29.083
406.05
310.75
235.317
216.817
475.383
297.817
8.117000000000004
280.217
110.783
331.683
246.38299999999998
282.817
410.517
287.483
551.983
-223.583
330.517
373.683
112.25
364.617
394.983
454.883
271.05
101.95
350.183
250.017
-55.150000000000006
118.15
339.117
302.217
136.917
8.75
415.58299999999997
447.617
57.18300000000001
-245.517
360.783
324.483
94.05
141.61700000000002
278.317
428.35
344.983
48.81699999999999
304.117
325.817
-278.15
-139.78300000000002
313.58299999999997
213.28300000000002
171.78300000000002
-5.783000000000001
334.65
265.75
56.583
218.083
399.717
289.35
250.71699999999998
-106.383
460.983
407.41700000000003
429.783
160.28300000000002
493.65
277.683
165.917
342.683
404.117
79.95
376.717
-162.583
132.183
229.817
15.382999999999996
371.283
593.117
426.08299999999997
166.917
-80.917
501.983
149.95
461.45
30.683000000000007
401.45
362.883
318.717
384.08299999999997
524.983
352.617
430.91700000000003
301.08299999999997
341.317
219.21699999999998
384.717
-347.783
393.717
356.41700000000003
178.78300000000002
142.95
142.25
326.95
477.517
177.017
253.25
306.95
123.85
-198.45
280.517
395.55
466.983
195.483
394.05
317.017
44.983000000000004
-320.317
451.58299999999997
238.55
-55.417
15.283000000000001
270.25
190.017
-1003.15
-91.717
126.85
272.817
250.983
-60.783
565.717
400.883
270.45
73.483
264.45
232.21699999999998
-106.817
434.617
527.917
273.883
-183.61700000000002
41.75
311.717
323.483
-100.217
352.883
389.58299999999997
259.017
399.317
351.283
342.383
403.41700000000003
245.65
185.88299999999998
373.58299999999997
259.883
410.25
29.016999999999996
402.983
436.817
342.383
-73.317
231.45
326.08299999999997
82.317
-276.58299999999997
382.983
345.817
259.783
-119.45
356.183
342.55
227.78300000000002
76.75
360.983
348.483
-144.15
208.817
334.05
67.683
-138.61700000000002
161.75
277.117
216.75
320.45
162.083
273.25
523.683
97.583
173.55
380.517
538.017
389.25
169.28300000000002
235.583
279.08299999999997
103.383
496.017
354.983
213.35
-152.61700000000002
108.617
216.71699999999998
296.41700000000003
266.45
-5.049999999999997
535.517
561.483
30.983000000000004
284.41700000000003
373.58299999999997
343.08299999999997
236.85
98.817
345.25
394.017
85.45
130.61700000000002
299.783
325.817
181.317
297.683
476.183
444.35
408.383
102.683
570.85
183.017
385.317
-135.65
381.717
179.483
-84.617
282.217
346.05
207.617
537.183
390.617
381.25
261.283
634.583
79.81700000000001
378.717
295.283
-39.28299999999999
285.95
642.917
408.75
545.383
-38.44999999999999
441.183
360.15
392.517
197.083
348.517
521.95
-59.61699999999999
229.017
601.45
326.483
139.517
180.35
352.717
357.483
521.783
174.217
646.117
549.817
698.65
445.217
693.917
505.15
228.05
333.15
388.717
596.283
762.517
179.95
698.5830000000001
586.617
527.9169999999999
667.75
591.85
493.883
342.383
627.883
480.317
744.0830000000001
109.31700000000001
265.817
559.717
523.75
549.85
391.617
868.9169999999999
543.017
702.383
527.617
679.317
626.0830000000001
670.183
294.817
1000.9169999999999
453.083
559.65
492.15
837.9169999999999
518.55
693.783
585.283
602.5830000000001
847.55
747.383
645.15
591.783
858.4169999999999
626.85
430.417
927.85
714.15
612.25
544.217
555.517
649.683
763.85
637.4169999999999
859.717
752.4169999999999
548.05
492.61699999999996
642.65
764.95
658.717
532.15
883.65
452.01700000000005
716.983
451.41700000000003
660.183
554.75
736.05
820.083
703.717
446.683
757.05
945.683
438.91700000000003
851.283
702.117
745.95
765.85
738.417
602.717
937.417
1122.25
647.683
664.05
1235.35
885.05
1087.95
472.91700000000003
654.35
1122.583
966.417
1092.917
1177.817
711.517
678.35
798.317
762.217
1303.25
1130.817
607.317
1078.217
967.383
1180.75
1225.517
1051.35
953.717
1303.083
584.783
850.083
989.317
1146.083
1478.783
1417.417
1353.117
1303.817
1107.25
1199.683
1229.65
1118.083
762.7170000000001
977.1500000000001
1307.383
1126.283
1395.717
957.883
1450.183
1352.75
1461.583
1265.617
1415.65
1346.283
946.317
1409.35
1271.383
1178.683
1122.517
1253.883
1224.783
1342.75
1259.717
1022.683
1354.45
1138.817
1098.317
995.683
1465.317
1357.217
1297.183
1355.083
1473.583
1229.683
1211.983
1103.883
1384.517
1395.817
1280.05
1033.083
1528.05
1252.35
1313.583
1295.083
1438.917
1324.083
828.45
1273.35
1329.45
1410.55
1424.117
1606.55
1743.05
1557.283
1565.583
1541.95
1668.517
1737.75
1590.917
1667.083
1660.783
1668.283
1831.45
1680.083
2063.517
1532.617
1120.117
1379.617
1592.717
1886.017
1614.317
1691.283
2056.983
1857.683
1784.25
1693.083
1944.65
1995.283
2016.983
1740.75
2085.183
1779.483
1681.383
1577.083
1613.117
1551.617
1860.717
1214.083
1598.45
1722.217
1968.717
1597.15
1939.05
1817.217
2016.917
1833.35
1904.383
1974.083
1961.25
1867.083
2175.183
1742.883
2281.583
2022.017
2060.717
1977.217
1875.717
2070.75
2310.25
1681.217
1796.85
2108.483
2350.65
2051.15
2138.25
1909.217
1961.717
1848.617
1941.383
2075.883
2047.05
2341.95
2609.65
1904.4830000000002
2487.983
2457.683
2345.65
2241.217
2300.517
2162.55
2129.517
2434.217
2375.25
2188.817
1963.583
2095.817
2027.85
1990.283
2311.517
2195.617
2361.517
2554.15
2387.783
2521.75
2745.583
2485.883
2808.583
2637.417
2977.717
2742.083
2574.25
2799.083
2817.783
2719.95
2527.05
2671.35
2505.65
2583.217
2455.783
2648.017
2600.917
2383.883
2066.517
2333.683
2285.05
2279.217
2128.517
2053.75
2315.783
2071.217
2009.117
1712.483
2321.717
1886.95
2228.45
2240.55
2456.583
2894.617
2708.65
2994.483
2844.05
3022.75
3164.783
2772.817
2952.117
2919.75
2621.25
2543.75
2828.05
2688.95
2946.85
2506.75
2758.65
2820.883
2795.583
2965.617
2922.25
2958.417
3154.05
3097.15
3136.583
3129.35
3045.717
2749.883
3096.783
3161.817
2990.317
3246.083
3355.983
3184.217
3077.383
2782.55
3293.25
3165.283
3485.383
3764.017
3866.85
4215.282999999999
4201.383
4051.083
4002.45
3931.483
4028.317
3626.017
4196.782999999999
3866.217
4034.383
3946.15
4189.717000000001
3698.217
3848.983
3991.75
3824.583
3885.617
3652.117
3387.15
3992.317
4096.617
3951.917
4156.817
4318.25
4291.017
4193.317
3949.2169999999996
4293.05
4218.35
3692.917
3940.417
3890.117
4118.817
3989.717
4232.417
4429.783
4154.4169999999995
4029.717
3493.217
3773.517
3881.617
3909.317
3638.75
4057.25
3729.483
3758.317
3554.683
3484.183
3439.017
3358.05
3426.75
3453.45
3574.817
3345.717
3488.35
3240.45
3421.483
3563.383
3654.683
3969.183
4109.483
4234.85
4405.017
4211.5830000000005
4272.75
3828.983
4367.483
4167.45
4163.683
4700.183
4409.15
5090.117
5128.95
5030.25
5254.15
5845.717
5312.283
5463.917
4919.35
5078.317
4999.283
4585.917
4336.817
4393.383
4258.617
4049.183
4176.617
4672.25
4294.617
4574.917
4616.017
5118.117
5106.15
5227.917
4975.017
4803.65
4662.55
4300.25
4151.017
4237.65
3829.75
3681.983
3529.417
3590.183
3540.483
2946.517
3284.55
3287.783
2948.683
2633.983
3396.95
3458.85
3571.75
3885.317
3626.217
4456.983
4677.75
4766.317
4595.683
4711.583
4459.617
4109.5830000000005
4254.217000000001
4173.25
4360.483
4345.517
4189.017
4741.85
4403.217
4584.65
4465.75
4651.117
4598.817
4511.25
3953.1499999999996
4565.05
4422.483
4584.45
4494.817
4418.117
4424.55
4489.783
4493.883
5189.583
5224.083
5226.517
5475.217
5658.45
5728.817
5700.317
5538.883
5880.917
5651.417
6050.717
5636.883
6076.383
6516.283
5850.583
6085.15
6179.65
5940.217
5897.317
5163.817
5054.383
4506.017
4250.65
3323.883
3155.05
2654.217
2481.05
2467.683
3003.517
3278.217
3644.117
4166.483
4534.317
4746.75
5060.25
5499.883
5791.783
6199.817
6082.717
6085.55
6229.983
5669.217
5547.85
5242.55
4856.583
4093.95
3760.383
3458.083
3414.45
3786.817
3947.05
4529.683
5395.25
5710.083
5921.983
6802.217
7026.85
7174.55
7565.783
7279.75
7987.517
8055.683
8458.917000000001
8158.817
8115.317
8536.684
8317.85
8356.283
8503.717
8359.417
8595.917
8415.684
9055.05
8892.483
8993.384
8778.15
9270.45
9130.017
8990.45
9072.283
9591.583
9354.083
9283.85
9067.616
9221.184
8768.417
8845.983
9024.55
9095.05
9536.75
9294.05
9393.15
9426.384
9126.15
8834.116
8616.15
8823.65
9112.417
9266.05
9183.55
9178.517
9182.95
9121.316
8982.35
8917.384
8881.684
8711.25
8826.75
9280.184
9035.217
9226.783
8902.15
9048.384
9269.017
9043.85
9453.75
9627.184
9634.75
9707.85
9808.884
9901.45
10246.017
10502.05
10313.95
10237.116
10165.017
9481.184
8939.017
9109.783
9045.083
8955.116
8854.55
9193.917
9436.884
9595.184
10239.283
10169.717
10769.483
10714.65
10750.15
10722.783
11164.35
10533.783
10654.283
11098.917
10612.283
10651.85
10899.417
10791.316
10654.283
11253.583
10755.483
11085.116
11015.483
10908.384
10649.75
10906.384
10766.55
10789.517
10183.283
10844.184
10669.35
10666.184
10261.217
10667.85
11018.417
11215.917
10892.417
11165.45
11243.417
11038.517
11014.616
10944.116
9927.75
10377.65
10407.616
10486.116
10005.816
10664.783
10468.417
10549.116
10229.684
10205.85
10601.35
10734.517
10638.684
10740.65
10476.55
10270.983
10242.283
9617.983
9892.884
10634.184
10386.417
10519.583
10922.483
11223.25
11275.15
11501.45
11137.217
11247.45
11403.083
11322.05
10898.55
10697.717
10180.55
10346.316
9601.616
10267.316
10519.283
10169.85
10181.616
10978.717
10955.75
10396.316
10474.816
11285.717
11460.15
11169.583
10977.55
11121.316
11163.55
10898.45
10798.816
11068.05
10866.417
11136.45
11450.483
11126.05
11379.483
11663.983
10775.684
11044.316
10894.283
10528.983
10780.55
10091.85
10351.75
10369.983
11374.75
11239.917
11088.95
11096.983
10606.283
10880.25
10849.684
11207.184
10859.684
10641.116
10060.417
9909.85
9551.816
9198.316
9127.483
8463.517
8338.55
8353.45
8320.283
8862.517
9260.95
10209.517
10858.884
12030.583
12151.083
13219.983
12408.616
11833.316
12285.35
12152.384
11947.95
12717.783
12834.15
13083.517
12882.884
12794.65
12175.083
11657.316
11300.95
11585.517
11480.217
12800.184
12241.884
12858.717
12939.35
13265.983
13277.884
12910.717
13637.483
13859.184
14503.884
14371.517
14471.083
14783.116
15119.217
14068.917
14301.816
13658.517
13991.083
13964.983
14391.483
13830.583
13594.417
13146.65
12911.417
13171.85
12904.616
11975.116
12860.816
12698.184
13565.417
13742.583
13783.217
14690.717
14298.35
13901.25
14238.884
14290.85
14045.616
14017.983
14204.417
14664.184
15124.684
15175.917
14852.684
15001.517
16586.483
15323.85
15391.616
15669.783
15038.684
15647.85
15624.417
16233.517
15647.684
15089.783
15413.95
15655.384
15526.017
15010.45
14941.95
16068.45
16492.616
16163.917
15465.75
15837.25
15643.884
15495.65
14632.95
15549.65
15393.483
15045.517
14382.083
14968.917
15228.35
15211.717
14799.55
15838.917
15881.75
15671.85
16056.95
16198.517
16985.883
16221.517
16006.35
16603.316
16194.884
16514.518
15617.217
15962.316
16699.417
16270.184000000001
16429.55
16441.25
15973.684
16207.05
16644.018
17358.982
17032.018
16996.982
17202.018
17020.184
17466.018
17928.85
17513.816
17438.316
17042.816
17022.25
16518.684
16980.117
16596.283
16943.383
16237.616
15808.45
16049.35
15962.116
15660.616
16268.983
15777.35
15918.717
16053.75
15962.116
16072.95
15934.05
16490.684
16986.116
17376.416
16495.25
16586.35
16637.65
16077.75
16965.982
16578.084
17118.383
17110.35
17492.982
17509.617
17672.717
17921.35
17348.783
16875.883
18604.717
17950.816
17837.117
18125.018
18359.184
17124.35
17853.65
17093.816
18130.117
17805.816
17076.383
17647.816
18142.65
17867.816
17974.916
18992.684
18374.449
17772.617
17558.916
17297.883
17193.117
17772.35
18504.982
18368.617
19081.717
19218.15
19637.117
19110.684
19170.25
19598.15
19343.916
19318.949
19342.65
19423.217
19860.117
19495.283
20237.717
19962.949
20091.584
20607.217
20434.85
20383.217
19876.383
20035.15
20312.783
19909.35
19726.051
19569.217
20293.25
19930.084
21012.584
20209.617
19836.184
20331.75
20477.383
21210.949
21337.717
21439.084
20820.518
21109.35
20549.783
20725.084
20466.717
20882.416
21059.584
22999.949
21201.65
22113.551
22478.449
22665.551
22131.916
23510.35
22894.383
23249.35
24011.25
24765.482
23507.717
24086.018
23527.316
23793.617
25547.316
23935.084
24132.117
23222.15
23187.117
23363.15
23991.584
23863.35
24384.051
25192.283
24597.449
25394.684
26122.184
26846.084
26854.051
27049.75
27889.584
28586.816
27836.65
26461.482
27346.051
27558.084
26815.982
27351.217
28004.783
28017.217
27842.916
28310.883
28997.717
28261.482
29829.383
30480.35
30063.25
29474.75
30646.85
30449.35
30536.717
30232.816
30596.85
30743.35
30488.25
30600.816
30182.518
30475.018
31325.184
32155.35
32607.184
32938.082
34427.852
34692.551
34008.25
34754.352
34772.051
34522.215
34586.051
33545.082
34603.582
33724.285
33660.852
35390.016
35944.648
36259.484
36374.785
36546.082
37359.785
36505.148
36734.516
36111.883
36456.715
36740.551
36194.516
36969.883
37722.184
38115.418
38252.25
38429.684
38861.25
38870.551
38188.852
38569.418
38341.516
38492.816
37813.25
38441.352
38531.852
38744.551
39185.117
38718.75
38485.785
38693.551
38791.984
38919.352
38920.648
39275.816
39003.184
39200.082
39481.383
39180.285
38011.648
37407.684
35644.449
34164.016
33199.852
32815.684
32752.051
33260.551
33269.984
34613.684
36347.918
36949.816
37597.984
37770.285
38004.25
38978.215
40028.918
39718.617
40341.117
40423.684
40046.051
39254.148
38873.648
39160.016
39780.117
40114.551
40579.051
41312.617
42233.785
42779.484
42861.984
42992.617
42240.918
42061.949
41482.383
41856.484
41899.117
41928.484
41886.184
41159.082
40673.582
40467.484
39816.648
39934.352
40268.449
39984.75
41553.516
41896.684
42191.852
42835.551
43112.25
42178.484
42379.25
41945.684
41947.449
42369.215
42787.852
43232.551
44321.25
44192.418
44762.449
44267.949
44263.852
43795.75
42984.516
43224.883
43126.316
43314.949
43082.383
43350.148
43987.852
44312.75
43818.184
43914.617
45072.715
44422.684
44896.648
44092.949
44717.051
44157.75
43127.785
42653.016
42254.582
42195.082
42404.715
42718.285
43172.984
44401.082
44149.25
45001.75
44430.383
44414.949
44223.516
43750.418
43379.582
42932.617
42215.516
42429.551
42411.25
42105.816
42370.582
42377.949
42082.184
42196.617
42057.383
42170.551
42656.852
43124.551
43115.051
43649.148
44392.582
44665.285
44585.383
44929.883
44749.984
44692.418
43825.715
43334.352
42800.984
43155.148
43588.516
43266.285
44175.918
44535.816
45197.785
45473.551
45458.852
45385.016
46319.316
46645.484
47208.918
47356.352
46941.316
46758.551
46486.383
46497.082
45718.449
45480.883
45631.383
45637.082
45224.516
45182.684
44199.785
44815.75
44406.25
44869.285
44765.918
45704.215
46235.648
46876.617
47294.117
47647.949
46647.051
46681.551
46135.984
46143.684
46523.648
46197.016
46156.918
45762.148
46167.785
46619.684
46600.918
46796.684
46846.25
47332.285
47846.449
48737.816
47901.918
47744.352
47020.785
47013.148
46204.051
46204.016
46094.984
45802.215
46493.449
46579.418
44721.715
45978.285
45849.449
45476.484
45675.648
45427.285
45255.25
45551.285
46172.715
46516.484
46565.785
46401.484
46629.648
47398.082
47453.918
47780.082
47448.449
46913.148
45417.117
43787.617
42896.316
41296.215
39492.918
38933.082
39650.648
40817.949
43252.184
43985.551
43326.715
43407.75
43664.383
43048.016
43494.785
42913.484
42344.918
43374.016
44704.117
45727.082
45663.648
46085.016
46250.715
46797.816
47643.785
47130.816
47038.184
47044.148
46286.918
46741.215
47226.582
47225.816
47125.648
47983.285
48504.051
48446.016
48540.582
47764.082
47595.715
47237.816
47501.516
47149.684
46382.852
46135.883
45611.051
46743.684
47589.648
48330.285
48048.25
48776.016
49709.316
50102.352
49471.184
48979.148
49432.449
48761.082
48620.449
47961.816
48648.117
49215.617
48671.449
48405.082
47933.051
46816.352
46107.516
44439.215
43121.715
42714.75
42782.184
43278.148
43801.984
45119.75
45393.449
46756.148
47077.516
47188.418
47908.516
48082.949
48532.918
48745.484
48929.051
49488.082
50398.516
49694.016
49233.852
48379.148
48227.582
48077.215
47967.316
47914.215
47981.184
48720.75
49751.316
49850.816
49882.449
49848.816
49710.715
49514.082
49454.516
49446.418
48254.117
47620.684
47203.316
46487.684
45613.184
45075.617
45472.516
45775.949
46295.25
46709.418
47468.051
47554.285
47336.184
47175.484
47374.25
47011.816
46588.984
46694.148
47170.715
47710.684
47864.316
48015.285
48529.582
49116.484
49068.184
49135.684
48855.984
48644.617
47980.785
47186.949
46797.117
45863.883
44764.383
46119.215
46025.918
46418.082
46569.918
47278.883
47381.852
47775.816
47218.117
47300.418
47677.383
47126.883
46996.117
46796.75
46678.852
46281.684
45582.984
45137.816
45264.117
45270.418
44768.852
44106.418
44447.516
44276.016
44001.184
43984.215
44206.449
44611.215
44804.184
45321.484
45504.383
46036.148
45711.383
45528.75
46042.316
45933.215
44671.117
45468.484
45053.117
45024.551
45288.852
44568.75
44710.051
45607.215
45824.852
46256.215
46145.984
46246.883
46189.984
45862.684
46371.383
45832.082
45236.184
45162.352
45531.25
46021.016
46180.785
45355.082
45577.984
45434.418
45007.117
45286.215
45456.316
45340.949
45070.516
45288.148
44998.316
45192.75
44552.582
44269.484
44139.449
44122.617
44361.25
43870.148
44835.852
45102.016
45622.582
44991.551
45166.785
45134.148
45463.582
45342.617
45074.852
45211.75
45152.648
44956.551
44936.516
45044.082
44622.648
44160.484
44593.785
44721.016
44812.918
44793.949
44974.383
45021.082
44921.117
45328.418
45305.648
45591.016
44734.184
44235.484
44487.516
43914.617
44010.25
43791.352
44339.984
44831.75
44709.715
44565.684
44924.184
44802.883
45113.184
44942.082
45017.648
45393.484
45171.117
45091.418
45333.984
45396.816
45302.117
45131.816
44369.852
44615.484
43812.648
44050.617
44028.852
43951.617
43594.984
43718.484
43679.117
43615.418
43681.984
44076.816
43692.918
44333.082
44110.648
44061.684
43455.852
42986.148
42636.516
42788.016
42374.184
42347.484
42047.852
42690.949
42908.051
42976.016
42753.582
42401.617
43522.582
43824.285
44057.383
44149.352
44764.051
44954.352
44232.051
44027.016
43850.582
43816.285
42922.449
43073.75
43269.316
43273.215
43670.715
43592.684
44058.383
44019.215
44151.117
43945.016
44198.383
43846.082
43561.582
43038.816
43564.918
43720.816
42776.852
43794.016
43368.918
43744.684
43945.316
43414.816
43686.715
43262.352
42444.383
42012.082
42448.648
42242.617
41920.984
42328.816
42351.918
43422.082
43116.715
43830.949
44071.715
43718.148
43625.852
44024.082
44399.051
43848.816
43280.449
43005.617
42978.918
42438.352
42250.383
42204.082
42814.449
42873.684
42730.918
42790.484
43375.316
43445.285
43045.648
42781.484
42793.25
42358.883
41683.715
41217.816
41223.648
41193.285
40803.25
41121.215
41477.516
42116.016
42375.449
42526.949
42828.984
43076.418
43445.715
43421.418
43525.918
43280.617
43165.582
43626.148
43051.117
43463.883
43212.582
42790.418
43280.582
43224.684
43378.852
42959.75
42793.25
42759.016
42736.117
42121.551
42266.117
41985.082
41784.184
42122.484
41747.852
41532.082
41539.984
41378.285
42234.852
42482.148
41678.852
41804.75
42380.25
42295.418
42153.516
42694.148
42194.648
41853.484
41731.918
40974.816
41431.316
40554.352
40771.184
40683.352
40549.785
41189.418
40966.117
41361.352
41181.516
41141.684
41498.715
41417.148
41756.648
41669.215
41197.449
41247.352
41444.918
41618.148
40786.184
41114.215
41244.449
41317.352
40705.316
41191.617
41865.516
41421.617
41159.316
42011.352
42104.184
41962.215
41621.918
41213.551
41795.785
41343.551
41490.316
41470.016
41164.117
41376.016
41302.785
41002.75
41367.648
41113.016
40434.984
40600.082
40930.117
40652.285
40007.383
40027.352
39728.117
39574.215
39410.051
38945.418
39550.051
39558.684
39178.117
40200.082
40139.785
40357.684
40327.316
39993.883
40487.184
40289.215
39921.715
39396.617
39883.715
40050.215
39171.785
38387.082
37604.852
36822.148
36188.715
35552.883
35146.383
34513.148
34017.984
35194.082
35873.051
35931.215
36515.449
37262.148
38444.449
38233.551
38680.785
38507.352
38461.582
38652.352
38163.516
38003.684
38126.184
38079.75
37661.25
37834.016
37912.984
38137.551
37910.918
37703.082
38102.449
37850.148
37887.648
37705.551
38171.918
38061.148
37659.715
38284.484
38101.25
37896.016
37465.582
37211.082
37227.715
37105.484
37101.715
37249.617
37066.316
37417.352
37494.383
37320.551
37550.648
38040.684
37726.852
37453.617
37721.516
37918.148
37735.051
37890.016
37784.648
37325.949
37185.648
37057.148
37296.184
37158.418
36419.852
36787.285
36645.25
36909.215
36749.852
36588.285
36688.316
36829.883
37169.852
36684.949
36899.117
37175.285
36612.984
36878.148
36833.785
36710.285
36196.582
36274.285
36243.648
36248.75
36354.715
36192.148
36118.648
36151.418
35492.316
35852.883
35600.184
35868.285
35421.852
35801.617
36412.516
36022.617
36454.516
36449.816
36328.785
36776.617
36514.918
36557.551
36625.449
36494.75
36752.715
36540.148
36668.449
36410.285
36635.449
36410.949
36821.516
36148.75
36318.715
36032.684
36295.516
36436.617
35946.582
35809.418
35878.383
35893.617
35927.715
35977.352
36087.715
36138.617
36146.785
36085.016
35951.25
35570.148
35126.449
35045.816
35233.117
34696.148
34411.449
34517.016
34950.117
34926.816
34403.117
34489.949
34869.051
34615.215
34345.715
34042.418
34324.918
34121.016
33721.117
33234.551
33602.715
33622.883
33645.715
33928.484
33818.316
33850.352
33261.449
33457.418
33037.449
32930.684
32205.916
32003.416
32034.316
31577.018
31543.184
30882.018
31212.25
30889.416
30301.85
29525.35
29404.316
29481.217
29244.184
28649.15
28922.916
28846.883
29136.518
29217.949
29851.916
30255.283
31116.449
31909.617
32049.717
32222.018
32221.916
32453.551
32285.65
31896.482
31990.25
31729.75
32024.783
31757.949
32112.783
32183.684
32475.584
32429.617
32674.316
32582.816
33038.782999999996
32883.217000000004
32597.449
32931.282999999996
33226.184
32978.418
32650.783
32411.283
32789.717000000004
32643.684
32415.982
32343.15
32468.316
32472.084
32866.449
32116.482
32640.717
32602.684
32655.916
32488.35
32740.65
32465.15
32152.518
32121.283
32247.449
32408.816
31687.518
31565.482
31800.783
31521.35
31473.65
31654.551
31779.916
31457.617
31350.518
31115.75
31033.783
31089.883
31151.85
31142.551
31159.85
31011.816
31044.982
30938.949
30798.316
30769.883
30591.85
30041.883
30404.65
29929.15
30098.316
30029.35
30200.051
29963.816
30095.316
30022.617
30083.783
30432.617
30238.584
30573.75
30399.449
30646.217
30356.383
29865.883
29962.184
29781.684
29630.117
29807.018
29660.85
29670.816
29669.449
29625.684
30026.717
30521.551
30050.316
30590.35
30763.117
30524.15
30635.584
30349.15
30574.518
30734.75
30896.25
31052.949
31152.85
31548.217
31467.783
31812.35
32157.316
32527.15
31994.184
31825.35
32193.982
32734.482
32513.25
33026.416
33165.184
33622.016
33431.715
33533.082
33390.516
33127.883
32361.85
31262.35
30702.117
30367.949
30047.316
29787.816
29510.117
29545.482
29370.518
29324.684
29552.982
29454.283
29465.982
29397.949
29790.65
29517.416
29339.184
29007.816
29018.449
29180.551
28749.982
29114.15
28931.916
29186.416
29166.117
29294.084
29341.051
29582.283
29206.717
29396.551
29745.916
29510.15
28904.85
29258.084
29616.316
29484.949
29054.65
29353.35
29613.316
28987.084
29426.117
28742.551
29122.916
28725.949
28485.117
28591.883
28514.316
28628.283
28329.184
27843.15
28534.184
28590.084
28233.383
28248.018
28439.051
28204.684
28551.316
27993.482
28155.85
28267.949
28395.85
28412.75
28546.383
28294.15
28411.584
28530.217
28760.051
28324.018
27902.383
27930.482
28195.383
28345.35
28092.383
28218.617
28050.25
28241.883
28013.316
28002.15
28049.783
27984.416
27533.518
27284.482
27923.449
27686.482
27245.518
27106.482
27583.584
27191.551
27174.316
27254.084
27542.316
27160.283
26192.65
26967.617
27436.184
26963.949
26929.584
26576.018
26798.383
26885.482
27134.316
27156.684
27026.584
26732.217
26781.051
26785.816
26152.783
25978.75
25387.717
25707.35
25239.85
25647.883
25219.117
25324.883
26688.051
26436.15
26417.316
27070.949
26842.65
26922.217
26419.584
26232.35
26047.85
26035.217
25767.85
25825.949
25951.65
25985.684
25578.717
25872.084
26507.65
26032.416
25525.982
25839.217
26126.25
26177.482
25858.25
25992.883
26114.783
25737.482
25379.518
25019.816
25451.184
24993.416
24921.916
24496.883
24456.316
24509.15
23863.051
23302.283
23202.117
21765.018
20968.184
20133.883
20224.982
20242.283
20321.449
20528.684
21405.584
22324.684
22867.783
22939.084
23156.25
23834.35
24308.25
24250.617
23915.85
24346.617
24296.783
24334.416
24375.717
23982.416
23653.25
23526.15
23985.85
23843.551
23429.184
24096.883
23978.449
24207.684
24300.783
24190.35
24315.25
24297.018
24029.65
24139.15
24251.584
24447.482
23965.383
24017.283
24385.982
24466.883
24332.449
24424.75
24545.584
24572.617
24444.85
23926.551
24368.117
24313.75
23967.184
23751.084
24017.783
24180.949
23996.383
23534.35
23785.717
24131.551
23457.717
24149.684
24324.184
24227.084
24694.051
24382.283
24526.982
24500.551
24241.383
24419.217
24282.85
24227.883
23906.916
23979.217
23992.982
24103.816
23931.25
23999.482
24252.982
24241.35
23960.916
23731.482
24034.916
23896.084
24078.85
23646.482
24141.25
23993.949
24185.184
24203.35
24264.449
24215.816
23730.316
23453.816
24008.117
23864.084
24043.982
23627.283
23562.25
23655.684
23538.65
23867.949
23628.982
23630.75
23045.316
23096.816
23171.85
23448.883
22561.65
22830.217
23096.449
23045.617
22781.25
22659.15
23074.85
23055.018
22826.518
22951.283
23009.65
23228.75
22458.85
22701.15
23186.584
23221.816
22840.518
22718.15
22851.783
23030.482
22681.383
22643.684
22790.316
22720.283
22122.584
22424.617
22434.65
22261.883
22209.518
22359.35
22063.25
22826.35
22184.65
22046.617
22153.25
22205.617
22091.383
21481.15
22017.584
22060.617
21724.316
21475.35
21972.184
21830.416
21716.25
21188.551
21769.717
21717.551
21646.65
21666.684
21329.584
21584.551
21464.316
20978.35
21245.518
21075.75
21062.051
20582.35
20987.85
20928.35
20296.383
19948.617
20708.117
20502.816
20322.383
20189.75
20465.449
20317.816
19963.982
19876.018
20494.65
20256.816
20082.449
19928.949
20397.316
19976.684
19790.316
19683.416
20303.982
20070.084
19801.117
19771.084
19952.65
19613.416
19219.184
18925.883
19382.982
19512.816
19378.584
19700.816
19830.184
19698.35
19125.982
19754.75
19537.051
19438.75
19385.316
19387.283
19251.25
19436.816
18862.783
18803.084
18107.383
17284.816
16503.116
15727.816
15223.583
15046.95
14993.85
14980.816
15967.917
16541.75
16785.117
17257.684
17604.117
17633.217
17770.316
17643.75
17762.184
17241.15
17262.783
16511.617
17575.65
17508.416
17279.65
17229.482
17634.584
17847.949
17994.316
17724.883
18173.65
18413.35
18031.184
18105.018
18478.65
18520.15
18487.117
18635.684
18748.584
18721.949
18504.117
18131.617
19026.717
18773.482
18739.25
18332.551
18982.449
19172.883
18910.117
19082.35
19107.25
18641.217
18819.916
18462.816
19009.383
18933.684
18789.584
18707.617
18740.051
18988.217
18614.783
19169.684
19114.383
19148.283
19127.783
18690.816
19421.916
19436.949
18960.85
19184.75
19862.518
19611.217
19368.65
19905.283
20144.316
19773.416
19500.982
19639.084
19237.85
19413.551
18952.982
19073.084
19371.85
19248.283
19278.982
19682.551
19328.184
19451.416
18855.982
18682.416
19627.051
19431.482
19262.117
19397.684
19248.383
19298.084
19399.117
19059.482
19077.25
19117.217
19072.518
19026.018
19224.184
18855.084
18936.584
18824.018
19212.85
18938.018
19063.383
18989.018
19394.518
18986.684
19046.117
18972.018
19264.518
19481.684
19485.117
19395.883
19323.584
19187.482
19067.783
19310.482
19424.584
19546.883
19589.584
19189.949
19846.117
19680.35
19616.449
19105.617
19660.584
19535.684
19311.184
19255.482
19309.051
19481.018
19601.65
19501.949
19577.65
19303.551
19422.65
19599.416
19333.316
19431.482
19326.383
19158.15
19258.117
19376.283
19144.518
19079.949
19194.117
19445.551
18506.383
19262.482
19295.982
19188.217
18507.184
18906.283
19210.316
19305.283
19140.316
19185.217
19149.982
19296.816
19001.383
18853.15
19261.916
19031.551
19072.117
18777.949
19000.518
19035.75
18714.316
18622.217
18927.717
18544.551
18534.518
18336.75
18712.85
18574.883
18217.316
18544.35
18533.982
18281.084
18406.85
18530.551
18380.65
18325.883
18101.316
18111.75
18438.85
18110.084
18261.982
17880.416
17949.383
17995.949
17867.717
17932.283
17788.449
17686.482
17631.982
17570.283
17826.916
17790.283
17734.65
16782.949
17034.449
16910.217
16721.517
16093.083
15988.783
16001.017
15599.316
14978.684
15470.783
15326.95
14510.184
14901.55
14838.05
14431.684
14579.85
14054.417
14193.45
13990.217
13670.116
13826.15
14058.983
13907.35
14118.85
12836.017
13632.917
13695.684
13245.517
13593.417
13805.65
13887.483
13652.05
14073.616
14383.25
14401.15
14629.917
15076.283
15047.25
14875.95
15006.05
14778.083
14772.517
14944.15
14906.25
14331.95
14782.717
14599.15
14257.05
13645.283
13998.65
13719.35
13387.184
13316.95
13145.184
13222.483
13039.184
12962.35
13351.116
13338.55
13193.184
13195.616
13287.184
13168.483
13094.384
12942.35
13398.116
13187.55
12889.316
13332.217
13686.116
13457.616
13162.316
13327.55
13332.517
13356.483
13310.05
13201.217
13227.783
12978.217
12393.783
12937.083
12824.917
12969.816
13124.45
12655.616
13213.25
13049.884
12278.384
12587.283
12817.384
12640.884
12692.917
12960.083
13080.717
13074.95
13247.184
13181.55
13351.85
13143.283
13097.583
12787.55
13013.65
13123.417
12861.717
12854.95
13092.45
13065.55
12819.783
13293.75
13329.316
13497.75
13071.917
13266.816
13440.917
13417.15
13644.116
12931.417
13452.384
13276.083
13506.85
13084.884
13798.85
13502.816
13681.384
13301.283
13825.717
13755.684
13437.85
13205.95
13467.384
13228.95
13130.316
13366.083
13280.583
13174.684
12817.05
12770.616
13031.384
13172.884
13038.983
13205.616
13139.85
13018.816
12800.316
13036.616
13096.717
12991.283
13291.583
12661.017
12992.85
13266.017
13193.116
12913.15
12957.184
12511.35
12208.583
12675.816
12537.85
12630.15
11796.717
12374.816
12665.316
12528.75
12239.983
12569.55
12814.116
12421.55
12555.184
12390.017
12652.65
12250.217
12015.384
11972.417
12309.983
12273.217
11833.05
12139.55
12104.184
12272.283
12038.25
12117.75
12222.717
12056.483
11877.85
12108.684
12240.184
12178.616
12021.983
12393.483
12091.917
12170.884
12135.184
11904.217
12077.384
12032.083
11882.316
11771.884
11805.25
11906.95
11564.983
11500.283
11970.05
11990.283
11665.517
11693.083
11949.85
11973.283
11505.85
11573.283
11823.184
11576.15
11372.85
11781.684
11712.116
11502.283
11771.25
11531.283
11592.85
11519.35
11239.517
10906.884
11561.517
11220.15
11459.517
11273.083
11375.25
11185.816
11127.983
10958.017
11327.384
11196.55
11093.316
10799.55
11069.184
11106.816
10935.316
10866.884
11174.983
11144.017
10625.316
10802.816
11067.917
11040.083
10362.25
10533.15
10940.85
10912.75
10810.384
10476.083
11017.65
10890.816
10840.116
10565.017
10719.983
10560.083
10419.517
10591.083
10743.05
10538.15
10352.116
10417.217
10851.45
10843.816
10609.983
10357.217
10436.583
10595.884
10397.983
10218.816
10572.25
10460.616
10426.45
10103.55
10299.65
10406.616
10359.85
10197.017
10406.783
10177.283
10612.45
9868.55
10322.45
10232.684
10028.983
9624.483
10315.184
10262.15
10295.783
9963.616
10051.717
9914.483
10017.517
10136.483
10441.05
9645.95
9907.983
9709.217
9978.65
9326.483
8868.316
8211.483
7919.783
7020.35
6150.183
5464.35
4785.117
3975.017
3569.917
2883.283
3167.517
3066.15
2798.65
3012.483
3923.517
4153.483
4211.117
5235.95
5816.583
6126.283
6461.383
5820.883
6575.917
6166.95
6002.583
5610.483
5390.45
5446.55
5143.117
4913.75
5298.917
5377.55
5349.117
5159.617
5908.25
5674.817
5738.583
6381.35
6432.25
6697.217
6387.783
6886.283
7058.45
7057.683
7094.317
7358.883
7635.117
7681.283
7230.783
7497.483
8051.983
8080.75
7681.183
8180.95
8460.317
8591.15
8514.05
8554.017
9046.783
9003.816
8411.45
8557.816
9221.983
9344.884
9149.85
8885.35
9395.583
9208.217
9029.316
9026.017
9523.517
9301.217
8460.384
9328.017
9455.917
9538.616
9235.184
9023.884
9527.717
9425.616
9254.783
9172.616
9328.717
9422.55
8975.717
8847.95
9782.25
9340.684
9147.583
9168.95
9480.45
9378.816
9250.85
9229.217
9450.05
9394.55
9228.384
9189.95
9493.05
9470.55
9330.384
9222.884
9540.517
9474.217
8914.917
9113.283
9452.384
9324.35
8984.517
8902.75
9287.983
9150.15
9225.65
8974.616
9249.783
9370.95
9054.384
8629.55
9405.917
9283.816
9281.184
9102.95
9567.116
9311.15
9133.85
8904.55
9390.65
9173.684
8735.05
8592.816
9226.583
9161.884
9182.05
8576.017
9254.983
9116.083
9010.45
9065.75
9254.517
9237.283
9019.384
8984.417
9483.316
9274.35
8458.517
8769.083
9390.316
9139.283
9129.45
8958.217
9360.65
9236.483
8770.45
8598.95
9201.25
8994.95
8988.45
8863.417
9182.717
9152.017
9000.583
8573.35
9242.25
9139.483
8807.983
8498.217
9072.45
9209.283
8903.65
8830.083
9195.583
8774.15
8727.917
8877.884
8892.517
8806.483
8660.45
8480.75
9054.05
8856.217
8553.983
8450.35
8913.917
9056.884
8362.583
8439.75
8898.717
8829.017
8848.384
8617.684
8829.316
8748.55
8677.116
8359.417
9005.85
8758.35
8470.45
8440.816
8793.65
8720.35
8544.184
8073.884
8723.05
8612.75
8506.983
8003.15
8772.317
8577.75
8076.517
8484.15
8575.117
8480.283
8060.65
8157.883
8348.783
8453.283
8195.45
8153.017
8444.383
8217.082999999999
8206.85
8000.883
8311.05
8328.082999999999
7827.117
7806.883
8284.783
8243.417000000001
7957.45
7899.283
7959.25
8148.483
7672.85
7869.55
7901.917
7968.017
7773.517
7566.617
8137.183
7976.55
7592.517
7240.017
7817.05
7996.55
7810.65
7503.083
7854.05
7814.15
7132.45
7542.883
7945.517
7593.483
7437.917
7501.883
7739.717
7769.35
7392.25
7252.017
7653.85
7760.083
7568.717
7448.15
7768.117
7575.95
7291.183
7025.217
7630.317
7451.683
7690.05
7199.95
7689.183
7654.483
7105.717
7176.683
7661.917
7490.55
7303.117
7355.35
7634.917
7575.55
7141.85
7086.35
7705.183
7427.483
7290.183
7326.95
7564.45
7403.75
6989.583
6867.95
7240.05
7188.817
6678.917
6807.217
7257.717
7116.95
7293.65
6952.95
7291.25
7151.083
7361.85
6967.217
7208.383
7118.683
6779.383
6755.95
7206.517
7100.683
6594.85
6089.55
7042.383
7068.283
6609.117
6800.417
7037.783
6833.883
6675.65
6658.95
7018.183
6802.017
6640.117
6272.017
6869.05
6904.95
6190.85
6357.617
6911.183
6714.417
6449.25
6225.15
6822.917
6820.083
6719.783
6298.817
6899.517
6801.483
6754.917
6626.35
6824.983
6690.483
5463.85
5959.683
6702.383
6786.283
6384.85
6134.617
6640.717
6783.217
6120.85
6142.017
6547.917
6504.483
6038.85
6083.75
6560.517
6536.617
5902.717
5882.483
6412.65
6406.883
6105.25
6098.217
6339.317
6270.35
5828.517
6232.017
6322.517
6346.417
5820.517
6065.683
6435.05
6208.083
5735.117
5642.35
6233.717
6244.75
6081.917
5537.817
6318.25
6176.15
5512.85
5628.75
