267.91700000000003
65.467
-133.15
151.53300000000002
436.85
128.667
200.983
235.4
235.65
255.133
111.783
-177.6
204.71699999999998
204.067
26.183000000000007
-34.667
347.85
-7.066999999999993
51.85
362.66700000000003
414.58299999999997
172.933
458.983
154.933
277.91700000000003
201.267
219.25
-132.86700000000002
191.183
206.8
317.65
21.867000000000004
282.117
193.86700000000002
233.183
15.266999999999996
547.917
471.933
80.317
-58.266999999999996
240.983
126.6
-13.150000000000006
181.0
192.317
234.2
140.85
225.4
214.65
248.6
-44.882999999999996
44.867000000000004
608.45
270.8
-20.016999999999996
-263.867
431.317
437.267
24.583
42.06699999999999
375.383
429.133
376.05
225.2
406.517
366.66700000000003
146.317
315.067
390.517
383.2
325.65
-149.067
431.85
280.133
29.450000000000003
71.667
370.65
188.933
133.85
59.93300000000001
291.05
484.067
186.05
56.132999999999996
220.983
338.533
27.650000000000006
8.066999999999993
231.25
201.0
487.117
-6.066999999999993
183.517
211.067
339.58299999999997
-62.132999999999996
189.317
260.867
186.65
90.333
405.783
354.533
-246.21699999999998
21.200000000000003
397.183
300.733
221.85
202.067
456.58299999999997
283.733
-8.417000000000002
263.067
94.983
318.533
238.317
273.267
407.05
278.4
543.183
-232.0
312.317
365.733
103.117
358.067
379.183
447.467
252.517
97.4
338.717
242.333
-66.95
109.733
323.317
299.733
114.783
6.867000000000004
401.117
435.8
50.583
-243.667
348.717
309.133
77.583
128.067
263.58299999999997
416.733
334.65
32.533
290.117
316.733
-287.017
-139.0
297.85
203.667
157.583
-13.332999999999998
328.983
259.33299999999997
45.717
204.667
403.317
292.2
241.71699999999998
-110.667
447.25
406.133
420.85
151.2
479.783
275.533
153.917
336.867
395.117
70.667
356.45
-172.6
133.45
217.4
-9.417000000000002
355.2
575.383
421.067
155.583
-100.6
491.05
146.13299999999998
456.45
18.200000000000003
378.383
355.33299999999997
302.383
379.067
521.517
350.267
419.58299999999997
305.8
329.91700000000003
223.267
383.783
-355.867
388.25
347.66700000000003
172.917
140.6
122.317
314.4
462.91700000000003
165.86700000000002
246.65
292.133
109.45
-214.53300000000002
270.783
382.133
458.85
180.46699999999998
383.183
300.867
37.31699999999999
-318.133
436.317
232.6
-76.75
13.466999999999999
258.58299999999997
178.933
-1004.95
-105.6
121.65
263.067
241.183
-68.6
560.383
393.4
255.517
63.599999999999994
255.05
227.267
-117.683
419.867
514.45
266.467
-203.61700000000002
35.8
301.91700000000003
307.933
-115.75
341.467
382.45
256.067
382.05
340.2
316.45
402.267
238.583
173.2
368.05
243.067
399.983
13.799999999999997
390.317
425.733
328.717
-77.733
210.983
311.6
75.917
-293.8
366.85
341.4
245.517
-133.4
344.91700000000003
327.4
200.45
79.533
361.183
348.067
-162.483
201.667
325.91700000000003
66.067
-151.75
154.667
258.717
211.667
306.783
158.667
256.317
517.0
90.85
159.067
368.983
524.2
380.983
156.933
214.517
269.733
91.983
494.067
333.85
204.4
-156.88299999999998
97.667
202.517
275.533
250.45
-18.200000000000003
532.117
553.133
20.117000000000004
276.4
356.183
329.4
227.317
90.933
327.183
370.0
65.517
118.6
281.65
316.133
165.78300000000002
281.6
460.517
421.8
386.117
94.067
541.383
166.2
372.25
-154.86700000000002
353.317
161.4
-105.417
273.867
322.91700000000003
186.333
522.65
372.66700000000003
355.65
243.4
610.85
61.132999999999996
365.05
272.733
-60.617000000000004
252.46699999999998
614.05
381.66700000000003
514.717
-61.46700000000001
417.383
330.133
355.783
170.0
310.717
496.6
-87.35
201.0
565.317
288.6
95.18299999999999
134.267
311.783
322.66700000000003
476.983
152.933
611.65
512.867
652.85
404.067
659.65
453.2
187.25
287.0
336.717
540.933
718.65
128.6
652.917
521.333
473.25
613.067
538.65
443.2
281.45
574.867
422.983
689.467
54.783000000000015
211.6
485.65
466.2
484.783
320.933
810.517
478.933
632.65
455.8
603.517
566.4
593.317
228.66699999999997
921.917
388.067
497.85
430.667
774.317
451.733
623.183
507.6
504.25
755.0
652.717
559.6
496.183
757.933
536.85
348.0
845.05
634.133
534.317
472.667
464.25
557.6
670.9169999999999
546.933
772.983
665.533
454.05
387.0
549.183
648.933
536.717
423.0
769.9169999999999
351.6
618.45
355.533
558.9169999999999
449.067
629.5830000000001
708.267
600.05
342.933
654.9169999999999
843.3330000000001
327.117
750.2
596.117
637.267
675.5830000000001
619.733
475.117
834.067
1004.45
527.467
536.317
1112.267
753.317
965.133
322.717
515.533
985.05
803.6
933.917
998.333
539.25
505.067
614.65
588.2
1126.45
955.533
428.85
903.867
791.183
1019.067
1056.383
876.067
781.117
1127.2
404.91700000000003
686.8
800.05
963.733
1273.317
1216.8
1129.45
1081.267
864.65
985.333
1013.983
904.2
544.183
769.133
1112.45
940.067
1200.45
752.133
1244.517
1157.467
1246.45
1074.733
1204.383
1135.733
738.85
1188.733
1067.517
970.067
903.05
1038.8
1032.983
1148.733
1049.65
813.067
1157.517
930.067
885.583
763.5999999999999
1234.583
1118.933
1048.85
1128.067
1224.517
990.2
991.983
882.533
1152.65
1193.333
1078.383
836.467
1323.583
1059.0
1104.383
1087.2
1228.05
1107.133
605.05
1026.2
1087.717
1149.333
1182.25
1360.933
1476.383
1299.667
1313.05
1289.933
1419.517
1475.933
1329.983
1378.333
1367.783
1366.533
1543.85
1377.467
1766.317
1265.8
841.383
1118.733
1333.983
1606.333
1317.783
1408.733
1767.517
1558.8
1476.05
1409.8
1630.783
1672.4
1706.783
1428.4
1786.383
1479.733
1372.383
1287.533
1362.717
1295.333
1610.25
959.067
1345.583
1463.8
1682.25
1312.533
1621.383
1508.867
1705.783
1527.2
1602.45
1675.333
1657.65
1566.8
1863.65
1424.467
1958.05
1703.067
1743.583
1669.533
1557.317
1764.333
1989.317
1371.867
1480.317
1775.267
2010.517
1745.2
1828.65
1588.667
1656.25
1547.8
1631.917
1751.6
1698.917
1988.133
2237.383
1521.4
2104.983
2067.0
1967.117
1872.067
1943.25
1808.267
1758.317
2068.333
2005.383
1806.4
1611.25
1734.8
1687.317
1651.2
1963.65
1855.2
1991.983
2187.0
1984.983
2117.8
2324.717
2061.6
2375.917
2225.267
2536.917
2295.333
2128.85
2390.933
2383.117
2291.0
2100.65
2246.8
2077.383
2165.667
2033.25
2229.067
2222.717
2024.133
1722.983
1987.467
1929.183
1953.533
1781.25
1694.8
1972.383
1725.533
1674.85
1411.733
2036.583
1608.333
1923.517
1905.8
2051.117
2522.2
2270.45
2532.067
2355.783
2549.8
2683.25
2316.467
2501.85
2452.533
2213.783
2135.867
2430.117
2261.267
2516.983
2107.667
2359.517
2397.467
2364.983
2513.0
2466.583
2498.0
2648.183
2584.533
2654.45
2647.733
2564.917
2283.867
2610.183
2657.667
2496.317
2731.8
2825.65
2679.267
2575.183
2299.0
2802.917
2671.333
2958.783
3220.0
3256.05
3595.933
3575.717
3419.0
3373.45
3293.0
3417.317
3019.733
3570.65
3258.733
3426.317
3347.267
3579.117
3089.8
3264.117
3416.533
3273.517
3321.467
3090.05
2804.533
3402.583
3479.467
3336.717
3498.333
3660.45
3646.467
3505.317
3287.867
3651.983
3608.733
3089.85
3327.6
3305.65
3508.267
3355.85
3554.733
3749.583
3523.667
3392.717
2892.667
3191.05
3300.333
3365.583
3045.733
3471.783
3140.333
3230.117
3028.533
2978.117
2930.0
2830.183
2917.8
2929.517
3042.6
2834.717
2978.867
2757.65
2908.267
2989.783
3085.333
3357.183
3503.4
3580.25
3755.4
3561.65
3647.667
3236.717
3749.133
3519.45
3516.467
4031.583
3681.667
4374.983
4365.8
4244.117
4448.933
5019.317
4499.933
4668.05
4122.867
4330.317
4246.267
3895.983
3675.067
3760.583
3622.267
3414.983
3517.4
3989.65
3606.333
3868.383
3885.4
4349.85
4300.867
4473.9169999999995
4237.532999999999
4105.85
3973.533
3652.317
3529.4
3662.383
3255.733
3166.517
3036.333
3109.917
3070.667
2495.717
2840.667
2852.383
2513.333
2205.45
2960.667
2956.45
3068.467
3328.917
3024.467
3825.783
4016.2
4077.317
3915.333
3999.717
3809.267
3476.517
3616.4
3551.917
3740.8
3732.983
3532.0
4082.517
3755.733
3904.383
3806.333
3990.25
3923.2
3857.717
3313.667
3911.317
3744.333
3930.65
3856.733
3759.383
3797.4
3817.05
3792.667
4443.9169999999995
4463.8
4449.717
4656.467
4818.117
4894.267
4883.983
4726.333
5050.917
4794.8
5175.983
4746.2
5195.05
5593.667
4918.383
5141.533
5279.183
5077.0
5060.983
4396.933
4317.583
3806.333
3628.65
2791.8
2700.117
2241.867
2090.783
2100.6
2615.85
2842.133
3137.717
3592.467
3883.583
4038.0
4296.983
4694.6
4975.45
5309.133
5183.45
5182.4
5352.183
4830.933
4727.25
4495.467
4162.983
3471.067
3247.25
2966.467
2956.917
3280.133
3390.117
3889.0
4648.65
4844.6
5027.317
5816.4
6032.117
6115.467
6460.05
6188.133
6890.783
6860.4
7318.317
6983.467
6948.183
7331.933
7096.983
7137.133
7322.25
7142.8
7361.917
7177.333
7794.117
7579.4
7717.45
7469.2
7958.383
7808.667
7626.65
7705.267
8242.917000000001
7984.867
7971.45
7762.6
7933.65
7480.267
7582.717
7728.133
7825.983
8220.332999999999
7973.383
8057.067
8080.783
7832.067
7548.117
7341.733
7589.517
7823.067
8009.917
7843.467
7855.05
7862.333
7855.183
7664.2
7671.45
7639.867
7481.25
7554.2
7986.783
7767.2
7942.45
7661.867
7782.383
7970.867
7787.717
8170.067
8249.317
8271.067
8357.983
8429.0
8521.184
8814.6
9009.184
8856.934
8781.45
8744.2
8144.317
7658.8
7832.25
7772.4
7731.65
7641.067
7910.05
8123.4
8234.917000000001
8823.866
8772.583
9274.333
9215.717
9267.866
9256.517
9641.733
9002.25
9139.4
9580.717
9108.134
9170.783
9370.0
9336.184
9127.866
9730.384
9191.2
9544.583
9479.0
9416.517
9138.733
9416.05
9273.934
9326.717
8772.667
9369.116
9236.6
9171.85
8806.333
9213.05
9524.333
9714.917
9356.667
9634.184
9711.066
9533.517
9520.6
9441.517
8557.333
8981.717
9011.134
9111.384
8633.267
9207.917
9034.667
9136.116
8856.267
8822.184
9154.333
9307.983
9249.6
9302.583
9038.4
8851.583
8845.267
8275.717
8522.6
9218.05
8954.533
9086.65
9385.667
9717.116
9748.934
9979.517
9590.0
9758.85
9850.467
9826.717
9400.866
9295.917
8785.134
8991.25
8252.6
8912.05
9109.934
8765.65
8744.6
9522.983
9499.467
8967.05
9026.267
9757.184
9913.467
9662.517
9499.667
9611.25
9678.533
9454.583
9375.667
9600.25
9439.667
9696.717
9954.8
9635.85
9900.733
10150.783
9303.0
9592.184
9449.0
9070.05
9363.2
8713.517
8948.467
8927.517
9830.467
9781.717
9621.066
9585.05
9181.6
9459.384
9405.267
9766.917
9436.267
9240.05
8710.0
8607.983
8343.733
7989.917
7897.933
7376.917
7293.867
7280.45
7264.0
7702.517
8054.6
8925.184
9457.2
10427.983
10533.733
11472.85
10680.267
10244.783
10667.0
10543.316
10385.267
11079.25
11156.733
11371.983
11211.066
11128.45
10550.866
10135.116
9832.8
10092.85
9929.934
11117.184
10626.0
11200.783
11254.0
11517.917
11598.667
11220.717
11934.6
12046.517
12586.4
12507.05
12605.533
12862.25
13162.667
12266.116
12441.467
11913.384
12153.866
12143.983
12529.866
12050.316
11880.467
11453.983
11278.267
11529.184
11288.134
10403.316
11208.333
11075.583
11766.866
11977.05
11972.8
12826.116
12462.6
12141.65
12407.134
12471.85
12252.8
12211.05
12376.2
12781.116
13199.934
13254.65
12921.4
13072.717
14539.134
13437.05
13444.733
13646.917
13087.066
13654.384
13604.667
14205.384
13691.066
13202.983
13489.066
13691.983
13556.533
13087.316
12992.267
14024.517
14440.733
14078.983
13484.066
13843.45
13626.667
13492.116
12691.733
13589.45
13478.667
13130.85
12520.333
13084.316
13323.8
13335.45
12913.267
13896.917
13887.8
13646.85
14027.866
14194.116
14815.2
14220.983
13971.4
14582.384
14124.934
14391.583
13619.066
13974.583
14639.2
14162.116
14345.333
14390.25
14004.2
14208.184
14599.6
15193.65
14915.866
14902.917
15042.134
14933.45
15298.934
15727.45
15327.8
15298.384
14939.267
14929.583
14418.333
14914.517
14503.8
14847.05
14214.2
13864.517
14100.4
14012.116
13719.866
14298.917
13839.934
13932.384
13989.467
14025.983
14088.667
13931.184
14477.066
14932.983
15297.4
14471.717
14544.934
14610.85
14081.267
14873.45
14498.467
15060.116
15051.934
15361.983
15355.6
15522.316
15761.2
15260.717
14790.6
16293.65
15757.733
15689.05
15881.533
16134.316
15034.0
15696.384
14975.066
15914.316
15679.8
15016.917
15509.267
15981.316
15678.533
15845.05
16674.334
16143.116
15602.333
15424.85
15217.866
15130.184
15602.6
16220.650000000001
16179.4
16773.65
16900.801
17245.518
16813.732
16889.783
17249.6
17000.783
16989.133
17009.518
17106.533
17452.051
17103.4
17782.117
17582.6
17668.65
18087.133
17952.449
17881.199
17436.717
17607.934
17885.518
17468.467
17308.184
17223.133
17846.982
17576.0
18501.85
17810.467
17482.65
17909.334
18051.518
18713.4
18784.117
18854.6
18319.316
18586.867
18101.916
18212.0
18043.584
18353.4
18624.916
20256.334
18747.25
19532.066
19873.584
20014.133
19465.184
20744.334
20184.449
20521.4
21188.916
21833.6
20712.783
21253.467
20755.85
21031.801
22565.65
21175.6
21272.117
20515.867
20493.449
20561.268
21207.051
21062.666
21559.117
22238.467
21727.584
22426.867
23099.383
23708.867
23729.85
23892.133
24621.316
25324.066
24665.25
23389.732
24198.383
24357.732
23660.449
24162.334
24762.051
24726.133
24581.717
25021.666
25603.449
24924.334
26347.584
26946.199
26576.383
26023.467
27058.383
26923.732
26957.717
26707.6
27070.518
27201.467
26967.584
27064.199
26638.916
26947.533
27787.783
28499.0
28851.117
29140.066
30521.449
30744.801
30166.184
30852.199
30876.316
30597.934
30612.982
29694.268
30645.117
29868.467
29783.85
31355.268
31895.25
32162.934
32253.982
32411.6
33150.785
32313.732
32613.518
32025.801
32355.184
32597.934
32024.916
32772.934
33441.852
33778.199
33926.117
34154.602
34501.117
34524.734
33985.051
34279.398
34121.184
34235.465
33652.449
34163.668
34293.648
34487.0
34887.516
34427.668
34336.25
34437.332
34506.852
34587.0
34681.918
35004.266
34688.051
34872.066
35161.852
34853.734
33776.383
33298.266
31688.184
30408.0
29512.783
29146.6
29103.916
29566.732
29551.85
30834.6
32354.584
32873.934
33466.184
33567.734
33848.449
34724.867
35656.316
35277.0
35946.449
35963.867
35605.449
34812.867
34563.184
34866.668
35385.715
35682.465
36121.715
36792.801
37618.383
38130.602
38267.852
38344.867
37604.582
37478.602
36999.051
37340.934
37394.383
37376.332
37405.051
36691.332
36321.051
36072.066
35558.316
35604.602
35971.383
35772.867
37100.25
37357.199
37618.051
38330.801
38543.516
37625.867
37858.852
37414.332
37543.25
37850.066
38226.316
38592.266
39575.383
39421.332
40036.25
39533.332
39547.715
39119.133
38404.051
38627.668
38529.051
38723.0
38446.449
38777.465
39293.184
39590.398
39107.648
39258.266
40290.918
39731.133
40138.785
39410.398
40038.648
39521.266
38627.984
38091.199
37718.117
37660.934
37956.918
38222.801
38692.582
39769.602
39480.516
40335.332
39834.516
39852.465
39633.051
39159.801
38863.383
38493.934
37769.051
37965.332
37969.918
37715.266
37955.984
37923.066
37611.984
37763.465
37635.648
37695.535
38248.117
38693.199
38645.316
39083.398
39775.383
40022.465
39970.383
40298.668
40069.516
39976.0
39256.785
38790.602
38304.051
38634.535
39019.051
38748.199
39603.648
39880.199
40479.25
40749.0
40707.184
40669.266
41469.449
41783.133
42381.648
42439.199
42143.516
41920.535
41700.918
41717.465
41016.383
40810.934
40940.316
40971.867
40566.051
40527.266
39674.918
40204.266
39847.984
40267.734
40132.852
41053.668
41564.516
42119.465
42488.316
42840.066
41844.25
41952.801
41477.25
41482.668
41737.785
41455.867
41520.25
41069.734
41505.785
41820.934
41843.918
42053.133
42110.516
42600.535
43056.449
43821.0
43065.184
42901.734
42325.25
42268.934
41506.918
41510.668
41428.383
41118.734
41782.715
41949.199
40161.648
41335.133
41235.852
40890.934
41087.184
40821.0
40702.918
40927.602
41558.852
41891.332
41924.918
41807.398
41982.25
42703.734
42744.648
43052.535
42759.516
42275.0
40869.184
39390.734
38565.785
37097.734
35472.449
34985.133
35658.316
36631.734
38942.785
39588.602
39030.582
39045.0
39280.184
38718.801
39140.25
38616.934
38114.984
38994.734
40183.051
41152.801
41103.582
41490.734
41722.051
42177.266
42973.449
42491.801
42388.582
42443.266
41649.785
42160.066
42582.785
42666.668
42425.117
43293.668
43712.316
43728.465
43762.648
43074.266
42958.383
42628.066
42886.582
42525.934
41799.184
41595.266
41141.785
42145.934
42971.449
43605.867
43347.316
43983.465
44907.582
45239.668
44691.117
44247.0
44624.852
43991.602
43886.449
43199.801
43895.25
44435.734
43916.648
43678.0
43340.25
42212.133
41581.383
39974.535
38926.785
38490.199
38577.25
38985.867
39495.184
40738.867
40933.117
42208.465
42509.918
42582.266
43216.785
43427.332
43922.383
44083.398
44230.25
44700.332
45558.648
44910.199
44531.516
43706.867
43572.516
43426.199
43315.582
43359.0
43390.051
44043.0
45095.715
45097.398
45100.648
45077.266
45027.516
44729.199
44714.984
44727.535
43597.785
43051.867
42634.852
41961.867
41200.449
40744.801
41034.25
41360.398
41751.449
42244.801
42911.785
43044.668
42773.449
42661.266
42833.184
42511.867
42170.516
42213.668
42723.582
43218.066
43388.184
43389.0
43942.984
44509.398
44434.715
44496.602
44222.449
44083.0
43453.785
42698.199
42394.715
41500.266
40482.918
41806.199
41599.984
41943.867
42150.715
42783.668
42873.715
43263.801
42729.449
42777.266
43155.117
42662.133
42526.383
42348.266
42324.648
41893.934
41262.785
40789.199
40915.918
41037.332
40529.785
39866.266
40243.516
40081.199
39773.648
39738.266
40032.316
40318.602
40558.516
40972.602
41217.582
41630.066
41338.984
41220.934
41685.785
41551.398
40420.852
41135.332
40736.516
40761.0
41010.316
40334.133
40466.184
41283.066
41481.316
41876.398
41738.582
41876.465
41823.715
41512.602
41968.383
41483.602
40997.852
40905.668
41209.852
41684.398
41852.117
41107.668
41257.316
41206.867
40716.785
41069.398
41196.582
41064.535
40835.316
41002.465
40755.852
40937.602
40377.918
40111.801
40014.715
39959.266
40188.852
39741.867
40601.383
40892.398
41382.852
40756.266
40902.117
40952.867
41194.051
41067.398
40845.715
41030.465
40991.25
40763.734
40782.449
40802.465
40454.918
39977.801
40425.984
40565.867
40663.25
40570.801
40773.449
40802.332
40719.918
41083.934
41138.918
41397.602
40594.051
40117.266
40393.918
39816.535
39897.984
39679.867
40226.316
40721.066
40554.516
40458.535
40745.117
40685.398
40951.117
40812.668
40904.648
41208.0
41028.25
41009.535
41174.582
41201.332
41141.918
40976.535
40275.582
40495.535
39703.25
39988.199
39992.918
39934.867
39590.852
39656.801
39693.516
39596.398
39617.648
40007.332
39682.715
40205.465
40014.648
40041.934
39468.715
39045.535
38660.984
38859.602
38500.516
38495.668
38138.051
38765.465
38976.449
38997.266
38817.449
38465.934
39514.516
39722.266
40023.918
40121.133
40654.852
40887.535
40177.383
39981.734
39828.184
39786.465
38979.051
39094.266
39375.715
39295.0
39631.316
39643.398
40045.25
39964.668
40079.516
39864.398
40143.516
39840.266
39528.117
39003.332
39648.582
39711.867
38902.316
39787.266
39406.449
39724.535
39924.051
39451.465
39711.051
39280.465
38539.184
38074.602
38562.051
38322.199
38009.984
38447.801
38457.984
39514.734
39195.582
39907.066
40056.582
39738.332
39675.25
40042.066
40325.051
39852.465
39271.648
39097.867
39118.184
38591.332
38369.383
38372.934
38902.648
38954.602
38943.852
38802.602
39433.184
39528.0
39108.383
38920.0
38934.25
38495.867
37842.852
37389.801
37447.715
37439.668
37096.25
37387.266
37758.184
38248.266
38529.984
38610.602
38927.852
39162.734
39519.184
39438.398
39551.648
39360.398
39189.715
39754.535
39060.449
39549.801
39298.117
38820.934
39405.582
39278.734
39437.918
39078.668
38963.852
38850.934
38914.648
38336.867
38482.184
38192.535
38059.582
38297.199
37992.25
37777.066
37768.316
37648.0
38429.184
38695.801
37882.715
38010.934
38622.316
38515.199
38419.25
38869.0
38398.648
38094.602
37965.852
37207.465
37696.648
36874.801
37115.383
36998.199
36958.582
37497.0
37287.051
37584.801
37536.984
37435.535
37756.715
37708.332
38043.449
37954.734
37509.785
37536.465
37752.184
37913.266
37111.715
37449.535
37601.449
37637.465
37035.715
37509.266
38155.449
37748.465
37494.316
38272.734
38393.918
38269.734
37944.25
37560.066
38097.984
37657.266
37843.117
37801.734
37529.117
37709.465
37570.184
37372.066
37725.582
37440.465
36803.383
37015.867
37280.117
37081.332
36424.316
36459.332
36156.516
36044.266
35893.648
35453.066
36081.918
36085.934
35701.184
36621.801
36550.316
36756.199
36691.852
36431.535
36939.051
36703.668
36390.852
35876.266
36333.117
36508.398
35685.516
34919.066
34216.383
33539.465
32998.383
32328.0
31969.383
31412.801
30920.25
32002.133
32654.85
32681.867
33236.117
33912.668
35072.051
34752.332
35206.715
35028.332
35022.051
35235.199
34778.852
34606.398
34802.051
34707.602
34267.582
34381.133
34565.383
34723.066
34528.918
34276.934
34711.918
34525.602
34512.383
34335.867
34773.715
34674.066
34356.449
34919.602
34679.051
34512.602
34095.918
33808.133
33870.25
33825.465
33780.984
33931.801
33770.984
34143.332
34228.316
33980.199
34233.516
34702.734
34380.516
34173.332
34449.648
34536.066
34433.582
34535.066
34466.184
34043.934
33879.516
33833.066
34008.316
33891.934
33143.516
33532.734
33435.785
33733.668
33536.715
33384.199
33495.715
33613.734
33890.316
33452.199
33679.383
33981.668
33401.449
33651.199
33593.316
33528.199
33012.449
33115.266
33058.383
33125.535
33159.449
33060.467000000004
32986.916
32972.734
32358.449
32760.0
32541.584
32780.467000000004
32311.783
32632.934
33278.717000000004
32892.934
33306.852
33268.266
33146.383
33549.867
33340.918
33390.602
33426.918
33364.734
33558.648
33356.535
33524.25
33262.133
33452.449
33240.867
33671.852
33051.066
33160.316
32938.332
33165.449
33297.535
32864.518
32664.268
32808.717000000004
32814.266
32779.85
32830.066
32892.25
33046.535
32972.715
32892.066
32853.85
32542.666
32117.65
32014.268
32208.982
31738.801
31427.051
31548.6
31965.584
31902.199
31488.051
31463.533
31859.25
31648.732
31411.783
31090.533
31369.449
31213.867
30782.25
30332.732
30706.65
30815.666
30735.518
31038.199
30958.449
30930.4
30378.65
30586.133
30202.383
30107.066
29361.051
29241.732
29308.449
28846.801
28831.783
28204.199
28553.783
28249.867
27666.916
26932.268
26881.316
26961.867
26748.051
26197.934
26427.117
26385.334
26619.051
26723.6
27343.85
27697.199
28428.117
29165.533
29299.184
29445.133
29465.584
29703.934
29544.85
29166.666
29241.783
29046.533
29267.383
29054.334
29328.717
29423.133
29744.916
29700.334
29883.982
29765.334
30239.184
30089.268
29808.383
30148.268
30460.051
30185.467
29920.518
29649.732
30015.85
29951.801
29683.117
29569.4
29749.584
29755.133
30104.051
29352.934
29892.783
29842.334
29873.117
29706.666
29959.518
29739.334
29401.051
29390.533
29499.584
29689.4
28989.051
28894.801
29129.783
28859.4
28759.383
28973.268
29083.518
28785.133
28677.25
28463.0
28441.25
28426.334
28522.518
28461.867
28482.916
28445.4
28405.25
28291.732
28216.717
28227.199
28041.584
27482.732
27889.184
27392.867
27544.65
27544.666
27666.783
27437.867
27554.184
27521.6
27557.584
27912.467
27641.117
28019.133
27816.916
28041.533
27830.717
27300.133
27470.584
27235.801
27089.518
27262.268
27151.449
27130.867
27145.584
27074.133
27520.518
27950.801
27536.717
28065.867
28170.982
27924.199
28071.85
27767.334
28008.982
28179.467
28268.383
28453.334
28532.117
28917.934
28819.449
29169.6
29529.184
29764.666
29276.117
29170.732
29470.449
30008.066
29764.85
30297.4
30454.584
30830.732
30613.25
30803.801
30661.916
30385.4
29716.184
28662.934
28131.85
27859.0
27588.383
27326.666
27077.316
27135.0
26950.65
26855.334
27061.25
26960.867
27016.85
26951.533
27334.051
27085.334
26957.25
26628.934
26600.25
26817.934
26371.518
26678.133
26584.982
26803.334
26790.383
26870.199
26982.25
27163.0
26759.584
26912.533
27250.316
27034.066
26527.916
26856.199
27204.449
27011.4
26651.449
26923.066
27187.449
26633.066
27027.717
26327.867
26693.717
26339.467
26111.584
26292.934
26170.85
26277.4
25956.383
25501.732
26197.982
26283.867
25957.117
25899.4
26124.85
25898.6
26238.65
25661.666
25904.584
25964.268
26091.982
26064.801
26206.117
25947.934
26046.117
26238.934
26472.85
26022.867
25619.449
25624.4
25903.449
26035.666
25723.982
25889.133
25788.117
25947.934
25705.449
25697.732
25771.383
25702.666
25324.449
25063.4
25692.051
25456.934
25007.982
24882.066
25362.117
24969.934
24931.783
24992.4
25292.184
24976.666
24011.25
24712.533
25187.184
24751.666
24711.316
24323.467
24592.449
24682.066
24925.316
24884.334
24783.383
24519.268
24586.518
24558.732
24029.117
23844.066
23272.051
23634.6
23169.783
23586.934
23124.117
23245.533
24528.783
24297.6
24265.65
24917.467
24717.383
24713.199
24292.25
24060.199
23871.117
23882.867
23618.584
23692.6
23799.85
23825.467
23475.316
23696.533
24379.916
23919.666
23409.65
23718.066
24006.916
24083.4
23753.449
23923.732
24049.316
23622.133
23350.65
22992.4
23380.916
22945.066
22891.316
22491.4
22440.584
22508.867
21892.449
21444.732
21307.717
19959.066
19253.982
18460.801
18599.65
18629.801
18689.916
18908.066
19658.316
20554.066
21018.65
21075.268
21294.117
21917.934
22387.65
22290.4
21976.584
22437.6
22314.65
22432.334
22453.117
22040.133
21741.584
21605.533
22056.117
21919.133
21496.184
22161.6
22056.85
22298.133
22391.383
22297.666
22355.051
22322.467
22111.051
22219.467
22279.916
22506.334
22062.25
22055.533
22406.584
22529.133
22409.25
22487.533
22646.65
22624.801
22486.316
22010.133
22408.85
22390.732
22051.25
21886.4
22138.518
22267.533
22061.717
21623.867
21880.783
22209.133
21581.783
22228.801
22389.383
22295.0
22719.383
22494.732
22586.449
22535.066
22334.85
22454.732
22401.25
22292.934
21978.85
22093.666
22084.051
22178.066
22057.584
22170.467
22351.25
22346.133
22050.85
21847.533
22144.25
22012.0
22206.117
21763.4
22283.85
22128.732
22313.051
22293.268
22395.051
22305.867
21846.85
21578.334
22154.65
22026.533
22170.982
21770.066
21706.316
21788.0
21670.584
22027.467
21818.117
21769.801
21157.518
21266.0
21340.383
21631.268
20743.25
21019.533
21261.982
21292.732
21046.184
20883.4
21288.518
21224.533
21004.449
21148.867
21228.584
21438.6
20675.449
20925.268
21370.25
21476.533
21100.65
20970.133
21083.25
21276.066
20908.783
20891.199
21015.584
20948.732
20392.184
20681.867
20691.051
20531.0
20488.85
20609.199
20339.051
21034.467
20441.383
20335.867
20437.449
20476.6
20359.65
19823.066
20313.518
20362.066
20015.051
19774.334
20243.518
20134.867
19995.518
19539.066
20064.65
20052.467
19973.717
20009.199
19649.184
19925.4
19768.518
19310.133
19613.383
19422.867
19427.449
18973.732
19354.25
19330.334
18692.25
18316.4
19091.449
18924.133
18764.65
18620.867
18874.717
18687.732
18408.518
18323.334
18949.449
18697.199
18511.051
18389.867
18864.783
18421.334
18251.65
18148.4
18727.717
18531.934
18281.184
18243.133
18431.316
18136.867
17745.518
17398.268
17937.117
18021.066
17918.518
18214.268
18323.916
18192.133
17594.982
18235.467
18038.85
17912.066
17891.717
17819.467
17733.184
17912.133
17409.717
17330.199
16690.116
15933.0
15179.85
14429.934
13998.85
13816.667
13778.45
13757.6
14683.316
15195.667
15432.184
15897.267
16212.184
16275.467
16406.983
16300.066
16399.116
15856.934
15854.517
15160.066
16212.85
16081.467
15907.517
15835.4
16217.717
16450.4
16626.05
16318.065999999999
16748.316
16989.666
16638.584
16685.0
17061.982
17097.732
17052.717
17188.6
17281.383
17266.334
17058.783
16699.666
17556.051
17277.467
17273.518
16845.6
17525.184
17649.133
17412.117
17599.066
17591.85
17166.732
17316.25
16988.6
17554.184
17417.533
17270.449
17219.199
17258.584
17539.334
17116.65
17651.867
17603.25
17668.133
17605.051
17239.666
17928.117
17880.4
17485.982
17650.133
18368.316
18119.934
17849.383
18373.133
18615.316
18258.666
18021.916
18109.867
17784.117
17931.467
17427.65
17587.666
17900.449
17757.801
17758.85
18189.666
17832.316
17959.133
17319.717
17162.0
18087.184
17924.066
17744.85
17916.934
17713.717
17847.4
17939.383
17625.801
17667.449
17637.334
17596.518
17544.133
17692.383
17399.533
17491.25
17385.066
17755.449
17490.268
17601.584
17531.334
17942.383
17520.467
17602.982
17479.0
17760.449
18012.066
18031.383
17908.133
17847.916
17720.133
17607.65
17827.467
17982.25
18088.467
18099.65
17715.6
18323.518
18164.334
18122.584
17639.268
18162.051
18075.533
17875.518
17771.467
17842.85
17996.801
18120.916
17993.533
18121.383
17816.4
17930.982
18158.801
17883.65
17958.666
17860.383
17692.199
17830.383
17942.533
17662.85
17568.801
17744.783
17993.6
17082.584
17821.934
17847.584
17766.0
17065.051
17445.4
17770.117
17824.6
17698.383
17762.268
17703.717
17874.066
17546.717
17433.268
17840.184
17598.6
17649.85
17334.732
17581.717
17620.666
17300.518
17235.066
17546.916
17156.533
17109.184
16951.4
17326.65
17182.467
16853.85
17148.066
17146.518
16898.268
17005.916
17163.334
16988.783
16951.199
16699.25
16761.6
17074.717
16715.934
16866.051
16522.133
16579.85
16661.866
16522.983
16597.733
16416.917
16379.733
16299.05
16245.733
16486.384
16452.134
16385.65
15468.4
15741.25
15645.267
15430.983
14812.467
14715.717
14739.8
14319.05
13700.267
14267.25
14105.6
13298.45
13680.333
13596.85
13249.134
13406.45
12865.866
13028.384
12868.333
12589.05
12698.533
12945.384
12774.134
12963.316
11747.0
12492.783
12599.8
12154.45
12429.134
12679.05
12804.667
12538.316
12954.467
13260.05
13313.4
13504.184
13926.533
13861.85
13750.4
13814.517
13656.134
13605.85
13781.267
13781.917
13207.467
13645.85
13506.0
13141.116
12543.0
12878.983
12673.0
12324.05
12234.934
12089.917
12190.733
12003.45
11874.066
12267.45
12264.267
12145.917
12128.0
12218.917
12115.2
11989.783
11915.066
12344.25
12149.4
11815.45
12279.267
12641.917
12417.2
12130.384
12285.733
12257.517
12297.533
12242.25
12130.066
12207.184
11916.733
11353.583
11907.866
11764.25
11957.333
12097.917
11632.267
12144.316
12030.0
11297.783
11595.533
11818.983
11650.667
11699.517
11940.467
12078.316
12062.267
12216.384
12139.6
12287.184
12143.733
12059.783
11755.0
11985.517
12107.533
11823.184
11867.0
12081.384
12056.8
11783.65
12256.8
12333.316
12481.4
12048.05
12288.4
12450.85
12422.333
12619.85
11911.0
12414.25
12289.733
12470.05
12107.134
12778.717
12499.333
12671.783
12275.4
12824.717
12777.066
12445.05
12253.4
12462.316
12203.934
12146.184
12341.733
12321.316
12142.6
11813.783
11789.8
12067.783
12236.4
12069.25
12198.866
12173.25
12038.467
11831.85
12062.333
12163.517
12021.2
12305.25
11698.333
12014.85
12294.267
12241.65
11942.066
11998.85
11569.866
11286.517
11742.866
11642.783
11710.0
10903.783
11465.267
11776.384
11605.4
11327.917
11663.134
11890.316
11512.934
11639.983
11488.0
11744.717
11393.667
11139.917
11102.4
11421.917
11370.934
10929.65
11253.4
11220.783
11383.134
11215.25
11257.333
11341.717
11203.533
10967.983
11235.467
11375.783
11280.0
11151.316
11476.0
11222.917
11322.8
11219.85
11032.934
11219.65
11167.8
11011.517
10902.934
10971.65
11053.866
10739.116
10636.4
11106.917
11107.0
10828.983
10855.866
11111.917
11097.2
10683.45
10770.2
10967.517
10756.267
10527.917
10926.467
10902.65
10699.6
10908.583
10692.6
10756.65
10701.333
10407.583
10084.8
10752.184
10424.4
10634.583
10439.2
10561.45
10385.267
10332.116
10154.2
10505.05
10387.866
10282.583
10018.667
10277.983
10358.667
10145.45
10123.333
10389.05
10380.733
9832.184
10029.0
10306.917
10265.4
9581.25
9768.6
10171.184
10132.0
10034.116
9705.134
10255.583
10124.134
10043.517
9802.333
9935.116
9783.667
9673.384
9806.4
9950.25
9769.2
9618.05
9628.8
10093.583
10086.066
9865.783
9595.667
9700.65
9850.467
9664.184
9486.066
9822.983
9737.533
9707.917
9372.667
9552.184
9696.934
9625.116
9464.934
9640.85
9444.0
9850.65
9174.134
9616.65
9529.733
9316.917
8920.467
9605.65
9571.134
9563.384
9250.667
9364.65
9195.733
9306.917
9416.4
9729.05
8935.333
9212.05
8995.733
9269.717
8664.6
8234.317
7585.533
7330.383
6480.4
5642.25
5050.733
4399.5830000000005
3632.733
3257.917
2575.333
2874.783
2779.267
2488.517
2700.133
3588.65
3789.6
3797.5829999999996
4802.333
5329.117
5659.6
5974.05
5312.667
6074.517
5667.133
5504.317
5149.733
4939.85
5000.6
4708.05
4439.267
4860.05
4916.867
4878.317
4684.467
5419.25
5211.6
5265.85
5883.933
5921.65
6191.2
5860.517
6352.267
6557.983
6527.667
6511.45
6789.467
7092.917
7135.667
6656.85
6926.8
7490.25
7508.133
7118.45
7603.533
7846.117
8016.4
7904.717
7921.867
8397.517
8394.067
7767.45
7923.133
8595.316
8710.667
8495.783
8238.866
8729.05
8599.934
8380.116
8386.2
8865.783
8656.066
7819.983
8702.134
8833.85
8917.134
8586.85
8351.4
8881.384
8790.0
8598.384
8511.0
8657.783
8777.733
8340.583
8196.2
9078.116
8694.667
8487.184
8524.2
8848.65
8724.667
8611.316
8585.533
8788.05
8739.667
8572.184
8535.866
8839.85
8826.8
8665.983
8545.866
8886.517
8816.934
8263.65
8465.267
8766.05
8676.733
8338.316
8273.8
8663.717
8522.866
8572.85
8366.467
8602.25
8742.066
8419.184
7964.066000000001
8754.717
8636.667
8630.517
8471.267
8930.917
8687.667
8509.583
8273.8
8767.116
8529.533
8102.717000000001
7965.066000000001
8596.917
8520.267
8551.582999999999
7951.933
8630.183
8523.134
8389.116
8454.2
8638.316
8618.934
8407.116
8336.667
8825.316
8657.934
7808.983
8166.933999999999
8745.116
8502.533
8493.517
8327.332999999999
8715.25
8591.0
8182.917
7969.866
8541.383
8389.2
8360.25
8261.467
8571.383
8540.533
8374.65
7940.6669999999995
8620.65
8549.267
8179.85
7882.267
8480.05
8597.133
8293.917000000001
8224.667000000001
8535.05
8189.267
8136.25
8264.067
8293.717
8201.733
8050.317
7879.2
8442.45
8278.8
7923.917
7840.133
8304.65
8429.467
7757.383
7829.933
8301.717
8226.8
8260.25
8036.4
8219.45
8157.467
8093.583
7766.667
8389.183
8183.8
7874.183
7851.933
8229.117
8152.2
7958.65
7473.4
8098.85
8045.133
7933.583
7431.533
8192.783
8002.867
7484.45
7936.867
7996.117
7898.933
7473.517
7594.533
7746.383
7866.4
7613.583
7603.0
7874.85
7649.0
7633.25
7405.2
7736.983
7768.933
7275.383
7234.933
7725.983
7707.6
7413.183
7323.667
7422.517
7589.4
7134.317
7306.067
7380.517
7411.733
7233.183
7031.267
7584.25
7431.133
7064.917
6731.133
7273.383
7467.933
7288.517
6984.267
7319.783
7297.267
6598.783
7037.2
7443.983
7085.8
6909.717
6987.2
7231.317
7263.133
6859.85
6714.867
7124.05
7223.333
7054.25
6938.333
7263.85
7039.733
6763.783
6473.0
7133.85
6952.867
7180.65
6686.933
7168.85
7114.933
6614.383
6670.133
7149.25
6983.2
6781.517
6867.2
7127.717
7058.933
6640.383
6601.8
7169.917
6937.133
6797.117
6827.733
7068.717
6924.733
6515.65
6379.2
6734.85
6694.867
6188.517
6334.2
6789.517
6625.867
6794.65
6473.2
6827.317
6674.4
6877.05
6492.267
6718.783
6643.667
6287.45
6284.733
6736.65
6614.867
6141.65
5618.133
6574.45
6608.0
6164.183
6347.267
6577.65
6378.267
6216.717
6174.267
6530.65
6352.0
6167.783
5822.533
6405.383
6458.667
5732.383
5900.0
6481.05
6255.067
5988.717
5772.733
6395.45
6345.2
6271.983
5867.133
6454.517
6356.867
6297.783
6185.6
6378.517
6242.267
5024.25
5512.4
6268.983
6354.533
5978.85
5695.067
6219.85
6357.267
5708.45
5703.333
6120.183
6080.267
5602.05
5652.4
6127.45
6100.333
5468.45
5464.0
6015.05
5950.0
5672.983
5702.467
5918.05
5843.8
5432.517
5828.267
5920.383
5938.133
5421.317
5646.8
5998.783
5790.467
5342.717
5238.333
5825.85
5834.333
5668.583
5112.8
5892.517
5771.333
5097.25
5221.4
