275.25
72.017
-135.817
153.683
454.91700000000003
139.61700000000002
212.317
243.817
244.65
255.883
124.117
-170.25
209.85
209.483
27.516999999999996
-35.650000000000006
359.717
-3.450000000000003
67.583
361.817
431.183
181.483
468.65
143.817
285.65
199.35
228.25
-123.117
203.983
192.417
332.25
23.083
286.317
201.083
240.71699999999998
23.816999999999993
565.383
473.817
90.183
-55.917
250.38299999999998
121.017
-9.683000000000007
183.683
206.917
227.95
152.317
234.61700000000002
226.71699999999998
244.75
-36.016999999999996
33.68300000000001
615.05
277.283
-9.082999999999998
-255.78300000000002
440.45
439.817
45.382999999999996
34.75
371.85
423.55
379.317
232.88299999999998
418.45
361.75
154.583
314.55
394.85
389.217
336.317
-149.917
444.117
278.55
41.983000000000004
82.483
390.717
181.75
153.11700000000002
69.217
308.383
490.017
206.25
69.483
236.11700000000002
351.817
30.650000000000006
4.549999999999997
243.583
199.083
507.183
-3.8499999999999943
182.317
218.683
345.983
-61.25
202.71699999999998
245.683
191.583
83.95
412.45
363.75
-224.417
28.083
408.717
303.08299999999997
216.05
207.35
472.65
285.883
3.3829999999999956
271.41700000000003
107.65
322.35
249.45
278.683
411.317
279.617
556.717
-236.183
332.783
364.41700000000003
107.25
359.217
388.25
461.017
260.45
104.217
344.85
245.21699999999998
-58.95
110.617
337.183
315.017
143.78300000000002
10.283000000000001
412.783
440.817
55.783
-243.583
351.05
318.95
83.05
137.28300000000002
277.58299999999997
406.55
342.317
37.150000000000006
298.383
320.15
-280.75
-132.45
316.783
195.95
166.25
-12.183000000000007
328.783
266.483
49.849999999999994
215.15
409.91700000000003
289.017
247.45
-105.917
459.91700000000003
395.217
437.517
151.017
494.317
272.75
157.583
339.683
409.117
72.75
371.183
-167.38299999999998
146.78300000000002
226.017
6.582999999999998
362.55
592.45
422.15
164.65
-87.25
500.05
161.483
457.45
21.217
396.91700000000003
361.15
327.983
383.883
525.517
352.283
419.183
296.35
335.65
226.15
391.05
-352.383
394.65
356.283
173.25
137.817
141.05
318.217
472.183
183.95
250.45
299.683
125.85
-207.917
272.91700000000003
382.75
464.317
187.483
389.05
304.41700000000003
51.25
-314.65
446.317
239.417
-59.68300000000001
10.683000000000007
269.85
184.017
-997.35
-108.717
126.05
268.15
246.11700000000002
-70.983
561.317
402.08299999999997
258.783
71.95
262.117
230.95
-105.483
431.75
532.783
274.617
-187.683
27.016999999999996
317.317
331.883
-102.35
348.08299999999997
382.783
252.083
386.85
340.683
334.983
406.817
246.917
177.15
374.91700000000003
249.21699999999998
412.317
26.483000000000004
402.717
430.483
341.717
-75.45
225.71699999999998
310.15
88.117
-284.05
365.783
337.55
257.85
-115.783
352.383
333.35
212.45
78.417
360.717
351.55
-151.083
201.083
333.58299999999997
63.083
-137.417
161.95
270.91700000000003
213.55
320.983
164.017
269.183
523.083
99.517
165.28300000000002
382.317
530.883
394.05
154.683
223.71699999999998
283.617
91.717
492.75
357.25
205.28300000000002
-158.417
108.483
212.05
279.55
261.183
-9.582999999999998
542.65
553.75
30.983000000000004
285.75
372.783
347.08299999999997
233.71699999999998
95.017
341.05
379.08299999999997
78.25
124.35
293.58299999999997
326.55
178.317
289.883
474.317
431.883
391.85
89.683
559.517
174.55
394.717
-142.85
363.183
168.35
-86.15
274.15
346.783
197.417
539.05
374.683
375.983
258.95
632.183
79.88300000000001
367.25
284.483
-37.349999999999994
269.15
640.183
404.683
539.117
-56.18299999999999
442.38300000000004
350.08299999999997
378.183
181.95
336.91700000000003
508.55
-54.75
213.75
604.383
301.15
125.71700000000001
165.95
335.91700000000003
340.483
504.183
170.883
640.65
533.55
692.117
430.08299999999997
690.917
482.95
214.317
311.017
372.717
573.217
752.583
167.14999999999998
690.517
557.55
516.183
654.083
589.517
481.617
330.383
612.017
467.183
732.75
99.25
248.683
533.25
507.083
534.85
369.75
861.05
520.883
681.317
519.15
658.183
618.817
653.5830000000001
278.883
987.45
444.55
547.45
470.417
818.25
489.75
672.517
567.617
574.717
827.217
742.05
612.617
577.117
826.0830000000001
602.45
406.15
905.383
689.0830000000001
592.717
527.55
534.717
626.483
748.85
602.617
841.117
725.95
528.117
465.017
623.5830000000001
730.95
627.383
498.54999999999995
854.25
427.15
697.717
431.95000000000005
638.717
530.617
704.717
786.95
673.25
413.95000000000005
733.85
913.4169999999999
412.91700000000003
817.483
677.25
713.217
742.65
706.283
569.517
906.017
1102.517
614.95
634.517
1219.683
859.183
1050.617
440.183
621.617
1088.717
919.617
1051.983
1123.683
662.583
626.683
756.85
721.217
1258.583
1085.617
563.383
1029.15
924.583
1139.35
1179.183
987.417
920.783
1253.35
539.117
809.35
943.85
1104.15
1423.583
1356.15
1287.783
1241.283
1047.517
1142.95
1170.717
1063.817
711.7829999999999
910.883
1262.383
1092.217
1349.517
902.75
1411.983
1301.95
1417.517
1221.217
1382.317
1297.283
891.383
1351.217
1234.183
1121.35
1076.45
1197.217
1198.917
1303.35
1202.717
975.483
1317.317
1083.417
1058.517
927.3499999999999
1409.517
1290.283
1243.85
1301.683
1420.783
1163.817
1152.917
1056.883
1325.583
1339.817
1219.717
972.883
1475.85
1201.15
1262.717
1235.683
1386.317
1274.683
767.5830000000001
1203.55
1285.65
1343.15
1379.517
1544.55
1666.85
1475.95
1506.717
1464.483
1612.583
1660.283
1520.783
1597.617
1590.65
1580.617
1761.983
1609.217
1998.45
1476.817
1058.983
1310.55
1530.517
1809.817
1544.117
1627.15
1982.717
1794.083
1695.05
1639.283
1871.25
1910.883
1934.85
1667.417
2032.183
1710.217
1611.45
1498.283
1559.583
1476.617
1804.517
1146.55
1543.117
1662.417
1899.05
1527.083
1852.783
1726.35
1939.317
1752.55
1833.583
1907.883
1888.85
1792.017
2105.717
1666.483
2204.717
1945.283
1980.383
1900.15
1809.117
1992.75
2227.65
1609.217
1719.317
2029.55
2275.783
1981.217
2085.65
1826.617
1900.183
1768.15
1868.717
1991.883
1954.717
2235.483
2510.383
1809.6170000000002
2387.583
2358.55
2249.117
2148.883
2214.45
2084.617
2035.983
2337.883
2279.317
2083.483
1883.45
1994.217
1938.517
1903.95
2245.783
2119.683
2279.517
2472.283
2291.983
2425.217
2644.65
2366.15
2696.25
2532.15
2872.783
2627.35
2466.917
2710.283
2707.517
2603.217
2429.517
2570.217
2406.45
2466.683
2356.783
2538.283
2520.717
2309.617
1990.183
2250.083
2205.583
2213.75
2040.05
1970.35
2242.717
1998.283
1930.183
1638.883
2255.917
1818.683
2163.517
2162.35
2350.317
2816.75
2606.317
2881.95
2743.383
2905.083
3044.45
2651.417
2854.65
2785.883
2525.25
2445.283
2743.05
2579.883
2831.583
2397.15
2668.317
2710.817
2690.517
2851.55
2812.783
2854.35
3017.05
2971.15
3018.983
3011.883
2911.383
2639.55
2980.65
3023.75
2878.183
3119.55
3210.583
3064.483
2956.383
2658.817
3181.25
3047.017
3365.85
3632.15
3704.65
4077.617
4050.917
3910.35
3835.717
3768.95
3869.65
3463.617
4051.917
3717.817
3898.05
3817.283
4047.783
3543.283
3709.583
3855.817
3692.85
3749.817
3530.983
3238.817
3851.317
3941.883
3818.85
3992.083
4151.25
4134.55
4030.383
3779.283
4136.983
4074.417
3555.783
3777.217
3748.717
3978.55
3842.783
4071.017
4269.85
4007.95
3878.983
3346.417
3627.783
3723.283
3790.583
3505.417
3924.517
3587.817
3624.583
3409.883
3367.583
3300.083
3225.45
3301.55
3330.383
3440.75
3232.85
3353.083
3116.783
3291.95
3420.517
3517.217
3813.983
3961.417
4087.05
4243.0830000000005
4032.117
4129.017
3689.85
4220.75
3995.183
4018.217
4552.983
4214.817
4923.717
4935.417
4858.983
5054.817
5638.65
5126.483
5261.25
4736.35
4912.917
4835.083
4422.45
4159.217000000001
4256.717000000001
4083.75
3884.317
3994.55
4498.983
4121.483
4405.85
4442.95
4937.65
4912.617
5051.117
4768.883
4631.85
4490.75
4153.717000000001
3984.95
4074.917
3675.883
3554.783
3406.35
3481.717
3414.017
2839.183
3187.15
3188.717
2848.55
2529.45
3290.817
3345.917
3443.217
3767.583
3484.283
4308.782999999999
4518.95
4600.05
4448.95
4532.65
4303.883
3956.05
4101.15
4030.45
4210.282999999999
4205.517
4017.483
4569.45
4268.017
4412.717
4304.683
4486.85
4429.35
4355.783
3798.1499999999996
4419.45
4271.483
4420.25
4345.35
4260.85
4278.617
4343.783
4309.483
5023.117
5060.617
5044.383
5279.883
5470.45
5514.75
5511.717
5346.817
5667.383
5417.217
5823.717
5443.017
5883.917
6298.35
5624.717
5853.15
5938.917
5726.95
5716.583
4981.283
4893.383
4317.017
4100.85
3188.75
3066.717
2547.35
2384.117
2368.217
2909.05
3180.683
3520.717
4030.817
4399.517
4590.683
4857.983
5319.883
5606.383
5998.15
5886.65
5873.683
6022.983
5453.817
5362.717
5060.217
4705.517
3932.483
3634.45
3326.083
3327.65
3659.95
3827.983
4383.75
5225.317
5497.883
5715.983
6573.417
6827.717
6929.083
7322.583
7016.217
7737.717
7755.617
8193.25
7878.483
7843.45
8246.683
8028.45
8063.483
8241.582999999999
8068.617
8322.45
8131.217
8775.582999999999
8597.884
8689.717
8472.083
8986.717
8811.083
8657.25
8732.95
9264.05
9044.816
8990.65
8772.55
8939.717
8473.884
8536.65
8732.55
8826.85
9211.884
8982.85
9053.217
9147.85
8811.55
8537.384
8313.35
8533.517
8813.75
8968.917
8874.15
8877.65
8872.217
8818.384
8647.217
8610.583
8588.684
8428.517
8491.616
8965.583
8729.95
8930.717
8616.217
8765.85
8999.083
8743.384
9129.95
9306.65
9293.083
9408.316
9477.75
9586.05
9908.75
10162.45
9947.15
9893.717
9829.684
9158.917
8614.816
8796.517
8744.417
8662.65
8585.417
8888.45
9128.15
9256.45
9889.283
9833.184
10421.283
10361.85
10396.417
10356.517
10795.816
10179.184
10310.75
10724.917
10259.283
10311.517
10528.283
10452.65
10265.684
10902.384
10375.684
10701.116
10638.417
10554.65
10281.15
10558.85
10411.816
10446.917
9870.217
10513.65
10352.417
10340.45
9915.55
10314.45
10657.35
10882.85
10495.417
10779.45
10877.15
10669.85
10671.95
10590.783
9604.616
10046.316
10092.816
10168.65
9685.95
10321.45
10145.483
10193.316
9900.884
9871.116
10260.684
10385.517
10302.95
10382.85
10138.75
9899.85
9901.417
9329.583
9560.616
10274.65
10039.95
10206.05
10560.816
10876.583
10923.616
11144.316
10786.816
10904.783
11047.217
10979.116
10524.95
10339.85
9831.75
10038.917
9295.884
9951.25
10147.083
9827.05
9817.95
10659.85
10591.15
10076.316
10110.017
10942.517
11100.083
10850.316
10615.217
10754.116
10817.684
10541.85
10463.684
10746.25
10530.884
10780.384
11100.15
10810.25
11032.35
11311.45
10425.884
10714.184
10545.75
10182.717
10436.95
9718.783
9992.217
10047.783
11017.35
10910.783
10732.95
10735.05
10269.884
10531.384
10511.684
10858.917
10500.684
10324.65
9742.55
9620.116
9283.35
8905.45
8833.483
8212.917000000001
8072.283
8121.85
8080.283
8593.85
9002.95
9939.783
10538.15
11636.116
11784.217
12807.917
11993.35
11441.25
11895.417
11779.05
11588.616
12353.384
12429.75
12665.116
12484.616
12369.517
11753.483
11331.717
10974.55
11193.316
11104.616
12399.05
11843.95
12472.45
12511.816
12855.917
12881.35
12519.85
13240.017
13433.65
14035.616
13904.783
14078.75
14308.116
14646.35
13658.184
13834.083
13243.917
13554.884
13542.316
13947.35
13388.85
13155.616
12747.184
12521.35
12792.65
12484.616
11584.65
12491.684
12327.983
13149.017
13312.184
13347.417
14285.45
13876.417
13498.85
13813.884
13845.85
13623.15
13605.384
13807.417
14238.25
14644.55
14710.917
14375.616
14529.783
16122.283
14852.917
14946.483
15199.184
14584.283
15178.783
15125.55
15757.65
15196.15
14627.65
14942.816
15221.184
15048.684
14548.116
14463.616
15597.116
16021.35
15672.25
15008.684
15366.517
15168.884
14993.05
14206.083
15106.25
14928.55
14545.783
13918.55
14494.983
14795.35
14802.783
14356.15
15399.917
15435.283
15227.65
15567.884
15729.983
16470.35
15766.25
15552.417
16130.783
15683.95
16045.583
15160.017
15499.717
16208.616
15799.517
15908.35
15976.184
15546.083
15716.917
16167.083
16830.316
16542.816
16518.25
16674.684
16504.45
16972.217
17415.916
16953.416
16922.584
16538.75
16493.45
16018.283
16495.25
16084.017
16438.25
15792.684
15358.85
15619.083
15519.45
15211.283
15795.717
15315.816
15413.316
15562.083
15506.517
15622.417
15487.983
16015.95
16509.05
16885.883
16012.45
16098.217
16177.983
15584.75
16447.25
16064.884
16621.85
16603.55
17007.916
17013.816
17155.85
17405.949
16851.85
16370.551
18045.85
17435.217
17332.25
17593.816
17814.717
16632.816
17351.117
16583.949
17610.184
17308.018
16588.783
17147.75
17644.783
17322.816
17466.383
18431.15
17835.518
17252.283
17052.916
16816.35
16707.783
17282.551
17995.383
17831.15
18527.85
18669.816
19065.85
18543.416
18647.184
18974.217
18796.584
18765.35
18766.982
18864.949
19286.584
18940.018
19637.25
19452.883
19506.584
19997.617
19811.051
19762.949
19289.117
19446.15
19758.717
19293.416
19199.85
19001.816
19687.982
19388.816
20413.316
19627.75
19284.316
19774.084
19905.051
20590.084
20726.316
20830.35
20242.916
20473.482
19995.717
20107.482
19862.184
20295.684
20520.316
22335.684
20632.383
21530.416
21887.25
22041.283
21529.184
22818.15
22295.518
22598.551
23354.25
24097.35
22863.584
23408.217
22857.85
23144.816
24848.051
23222.217
23472.449
22586.217
22546.184
22709.883
23340.717
23220.018
23721.85
24470.883
23920.316
24710.482
25433.383
26061.482
26113.117
26296.883
27093.65
27827.018
27135.25
25746.283
26616.184
26767.816
26035.383
26589.416
27214.518
27256.217
27066.518
27559.416
28169.051
27468.018
28976.584
29712.75
29289.717
28696.949
29832.65
29634.018
29692.65
29393.35
29741.916
29887.018
29682.383
29717.551
29307.383
29618.283
30510.117
31305.35
31706.184
32035.283
33468.184
33720.082
33134.852
33828.949
33885.785
33587.016
33648.516
32608.684
33686.852
32778.084
32744.449
34437.617
34973.648
35286.617
35367.984
35574.285
36355.383
35453.484
35733.383
35164.484
35468.316
35738.082
35220.25
35928.551
36711.918
37093.883
37228.984
37400.285
37800.918
37823.082
37226.25
37506.484
37384.852
37452.617
36868.918
37394.949
37535.582
37720.617
38179.117
37627.617
37468.383
37725.484
37821.582
37829.418
37899.984
38222.016
37969.449
38134.617
38440.852
38147.816
36996.918
36426.551
34738.648
33262.684
32280.117
31954.018
31876.584
32389.416
32313.982
33648.75
35396.918
35934.285
36584.383
36766.949
36993.449
37978.883
38975.918
38655.215
39303.516
39362.148
38988.516
38205.883
37906.051
38085.551
38768.051
39127.016
39560.25
40227.816
41107.184
41685.148
41795.516
41910.285
41131.852
40970.816
40456.715
40745.684
40869.117
40816.883
40757.785
40062.215
39633.715
39424.082
38831.852
38883.418
39226.582
38949.816
40493.25
40729.418
41091.715
41758.418
42026.648
41093.551
41311.184
40886.883
40953.316
41259.215
41682.984
42127.75
43212.852
43053.082
43685.582
43189.352
43147.715
42699.617
41943.25
42105.949
42020.852
42246.816
41992.715
42278.148
42849.516
43179.418
42672.25
42763.484
43894.449
43265.684
43741.715
42967.016
43593.051
43030.285
42065.984
41575.617
41157.582
41064.352
41375.516
41649.551
42101.051
43263.016
43070.852
43912.617
43330.715
43323.75
43143.984
42649.949
42293.184
41891.484
41182.316
41330.684
41318.449
41059.816
41311.648
41326.816
41024.117
41116.082
41013.785
41126.418
41596.117
42079.285
42040.117
42606.883
43283.918
43590.082
43521.051
43828.551
43628.648
43495.816
42723.984
42225.418
41691.449
42026.949
42479.785
42161.883
43114.582
43450.285
44055.516
44369.75
44335.383
44283.016
45149.25
45476.082
46048.117
46205.816
45788.383
45619.148
45312.383
45360.148
44587.25
44365.016
44445.984
44549.285
44159.918
44114.484
43157.316
43725.016
43370.184
43747.215
43652.648
44577.617
45089.918
45750.883
46169.316
46483.617
45539.316
45580.352
45069.984
45063.684
45436.449
45056.215
44973.715
44591.684
45125.117
45443.949
45466.051
45680.949
45754.184
46262.418
46732.852
47541.016
46767.852
46609.082
45918.051
45860.75
45068.648
45085.551
44991.852
44674.617
45342.852
45430.75
43638.516
44859.949
44743.918
44380.75
44599.918
44302.148
44182.383
44455.285
45076.648
45414.484
45428.449
45328.617
45526.449
46231.816
46366.715
46641.285
46384.184
45804.148
44372.051
42710.883
41838.184
40203.352
38505.852
37990.617
38690.316
39794.016
42270.25
42973.215
42298.715
42345.816
42544.785
41997.551
42407.25
41867.215
41316.918
42265.016
43615.984
44623.418
44567.785
44926.617
45191.449
45708.148
46490.316
46021.684
45940.918
45993.148
45138.117
45629.949
46102.918
46154.285
45974.316
46873.883
47327.316
47330.684
47405.383
46604.352
46478.184
46130.082
46375.785
46040.484
45306.852
45055.352
44552.316
45600.684
46438.715
47206.883
46966.316
47640.617
48536.918
48921.617
48361.715
47882.082
48214.715
47593.215
47521.785
46788.551
47460.449
48087.949
47553.117
47233.816
46844.316
45668.484
45000.852
43374.352
42103.984
41740.75
41798.516
42200.75
42771.117
44101.215
44281.852
45713.617
46015.582
46043.484
46782.984
47015.883
47482.984
47628.285
47831.648
48367.082
49192.316
48485.949
48118.648
47248.684
47041.051
46939.418
46873.648
46892.148
46862.852
47593.684
48638.984
48719.816
48732.648
48715.285
48614.25
48304.551
48317.383
48318.082
47149.117
46540.016
46153.051
45416.617
44514.984
44040.949
44387.383
44722.816
45218.051
45687.215
46401.984
46469.148
46261.648
46046.484
46285.648
45942.215
45493.117
45622.883
46140.449
46627.75
46800.117
46895.148
47439.051
47962.418
47922.715
48011.949
47777.516
47532.285
46911.184
46091.75
45741.918
44795.285
43730.648
45094.215
44944.516
45287.816
45522.25
46180.352
46300.383
46643.418
46114.582
46240.949
46580.051
46069.684
45928.715
45766.418
45689.117
45273.949
44552.648
44063.016
44206.449
44258.949
43763.516
43093.352
43395.582
43240.285
42975.449
42945.617
43235.785
43497.215
43818.648
44264.816
44483.25
44936.285
44708.715
44492.551
44983.785
44890.352
43641.516
44351.75
43947.785
44032.418
44262.383
43538.551
43699.117
44542.215
44774.117
45233.148
45057.383
45207.082
45163.051
44769.617
45286.383
44792.617
44214.648
44095.75
44462.852
44942.082
45157.715
44344.082
44544.117
44410.148
43936.383
44252.352
44416.852
44280.148
44049.383
44281.016
43948.785
44138.285
43561.117
43267.551
43162.449
43104.285
43339.184
42878.617
43796.316
44040.352
44616.383
43910.418
44128.383
44157.949
44403.051
44254.352
44063.984
44172.883
44160.715
43940.551
43923.715
43967.418
43647.852
43145.75
43570.852
43717.352
43832.449
43759.082
43977.449
43979.215
43809.984
44320.883
44308.117
44529.949
43674.383
43237.285
43458.117
42957.949
42989.715
42735.617
43354.648
43843.484
43691.184
43562.816
43915.516
43818.215
44134.117
43984.816
44068.516
44435.883
44141.184
44087.215
44274.516
44362.617
44265.785
44084.418
43380.918
43579.285
42816.785
43037.285
43036.984
42953.484
42545.648
42749.684
42691.051
42620.484
42674.184
43081.082
42724.582
43314.617
43087.316
43007.148
42431.648
42052.285
41641.984
41803.883
41408.449
41461.551
41126.184
41756.949
41922.316
41983.684
41797.051
41428.949
42531.918
42747.617
43088.984
43132.684
43765.117
43944.016
43218.184
43009.418
42848.648
42827.285
41965.785
42046.418
42297.051
42281.75
42647.648
42617.285
43121.918
43026.418
43158.051
42857.883
43243.184
42876.016
42549.25
41990.148
42622.852
42717.684
41863.516
42789.816
42406.051
42762.883
42926.852
42419.352
42712.316
42298.75
41501.316
41001.016
41511.449
41258.484
40929.648
41354.949
41361.852
42443.949
42180.25
42903.082
43082.918
42718.816
42630.516
43040.949
43376.051
42844.148
42258.184
42048.352
42050.785
41466.148
41315.516
41272.285
41836.051
41881.684
41842.516
41773.484
42449.383
42528.883
42068.648
41818.285
41835.117
41411.082
40756.984
40247.617
40289.316
40253.75
39895.117
40198.148
40538.316
41120.418
41396.184
41567.016
41874.449
42119.617
42431.715
42380.816
42528.25
42302.816
42165.715
42667.816
42062.984
42548.352
42266.184
41753.75
42323.316
42219.484
42429.785
42067.215
41866.117
41771.949
41734.582
41166.352
41336.582
41026.75
40855.316
41171.285
40815.316
40636.617
40584.383
40504.215
41253.852
41561.684
40744.449
40875.148
41477.25
41354.883
41258.184
41693.418
41257.852
40934.816
40799.449
40014.75
40511.516
39683.617
39883.316
39793.617
39705.449
40245.082
40016.383
40401.883
40309.516
40198.418
40630.918
40463.684
40803.117
40755.949
40227.785
40357.484
40540.715
40730.285
39886.582
40201.684
40345.25
40415.352
39794.918
40250.816
40938.918
40524.484
40228.852
41084.484
41134.316
41062.016
40733.117
40307.684
40922.852
40428.75
40594.984
40543.883
40292.383
40442.285
40359.316
40090.949
40458.516
40228.684
39505.25
39688.082
40004.715
39724.484
39124.383
39083.148
38805.715
38695.949
38521.715
38069.883
38662.984
38708.082
38308.383
39276.883
39200.582
39462.352
39377.918
39103.816
39620.648
39362.215
39055.918
38569.082
39020.715
39126.75
38289.051
37462.215
36726.984
35979.949
35455.449
34698.684
34371.383
33728.082
33271.184
34381.016
35034.582
35109.617
35669.852
36452.016
37664.852
37371.082
37783.852
37654.949
37575.785
37777.75
37282.25
37099.484
37294.918
37268.082
36814.516
36950.418
37051.383
37276.883
37066.316
36844.684
37252.383
37033.75
37026.117
36930.949
37281.648
37229.016
36847.852
37432.082
37236.25
37054.215
36598.715
36346.816
36406.051
36276.551
36278.648
36399.148
36238.117
36599.949
36688.715
36452.883
36738.051
37202.082
36862.715
36597.082
36921.051
37076.75
36919.648
37020.215
36948.449
36486.285
36328.852
36258.551
36469.449
36344.016
35556.984
35974.148
35836.715
36099.215
35914.984
35733.551
35895.785
35994.617
36366.715
35860.816
36090.648
36364.883
35805.715
36052.883
36012.117
35961.016
35406.449
35463.484
35400.316
35483.352
35554.918
35428.816
35329.25
35320.883
34710.449
35044.484
34870.918
35112.484
34637.316
34997.484
35592.852
35229.215
35663.715
35648.016
35523.516
35994.816
35747.715
35811.484
35816.648
35714.016
35919.184
35703.949
35872.918
35599.016
35882.25
35613.883
36034.25
35394.148
35529.383
35228.016
35453.648
35660.016
35175.715
35031.816
35111.516
35136.816
35192.383
35209.617
35259.785
35327.016
35301.316
35222.551
35191.582
34833.75
34344.516
34319.883
34469.184
33957.684
33660.25
33786.215
34218.715
34176.883
33679.316
33741.016
34108.117
33917.215
33603.051
33292.352
33612.984
33382.352
32991.584
32503.283
32875.85
32926.883
32898.717000000004
33207.816
33066.184
33060.35
32494.717
32732.018
32313.584
32243.883
31464.25
31328.283
31353.518
30904.35
30851.316
30219.018
30564.383
30243.018
29621.85
28867.416
28788.117
28836.482
28643.117
28079.217
28294.85
28264.617
28513.316
28630.949
29194.584
29584.816
30390.584
31209.15
31332.783
31491.684
31528.717
31724.551
31628.117
31209.217
31288.184
31038.018
31329.85
31039.018
31379.65
31478.084
31846.916
31746.75
31958.916
31862.482
32310.449
32194.084
31900.783
32207.75
32527.982
32247.35
31989.783
31745.018
32086.584
31959.416
31779.449
31689.551
31771.85
31778.482
32237.85
31435.018
31953.783
31910.551
31924.316
31799.35
32076.449
31801.283
31425.383
31366.018
31596.051
31739.551
31021.184
30866.35
31137.383
30843.551
30796.184
30985.883
31107.518
30761.018
30696.65
30437.217
30425.916
30370.084
30521.916
30494.551
30433.383
30327.482
30365.85
30280.084
30162.584
30143.617
29954.783
29378.816
29807.316
29313.018
29434.117
29430.35
29554.518
29320.283
29461.184
29432.883
29461.85
29796.416
29582.051
29898.35
29699.717
29928.551
29739.717
29185.482
29330.982
29124.018
28922.184
29169.816
29002.982
29003.617
29006.717
28933.15
29421.184
29887.217
29439.584
29996.75
30104.717
29820.816
30025.383
29719.482
29922.717
30036.482
30263.184
30417.75
30501.184
30870.35
30804.184
31184.883
31528.051
31822.15
31283.717
31157.35
31485.85
32017.416
31847.717
32321.482
32519.117
32911.883
32678.717
32831.282999999996
32686.584
32453.949
31690.85
30600.018
30092.117
29781.551
29421.383
29150.949
28902.584
28907.283
28774.783
28670.949
28906.25
28782.949
28867.717
28833.283
29155.584
28885.283
28754.449
28434.018
28374.783
28624.35
28153.051
28498.551
28340.117
28539.551
28590.051
28597.949
28781.518
28960.75
28597.184
28747.482
29097.783
28928.617
28313.383
28645.018
29017.584
28844.617
28437.982
28727.75
29018.051
28442.816
28873.584
28125.084
28502.916
28121.35
27912.783
28009.883
27918.85
28021.35
27704.449
27260.949
27900.117
28009.018
27636.051
27660.416
27817.184
27604.482
27976.25
27402.684
27652.916
27693.35
27846.449
27834.416
27940.518
27716.217
27786.184
27931.15
28206.518
27761.684
27313.85
27335.217
27625.916
27749.482
27447.783
27622.617
27437.117
27652.551
27439.717
27427.283
27486.717
27370.217
26988.184
26749.949
27353.65
27135.018
26646.25
26588.018
27016.584
26600.482
26624.85
26661.816
26950.65
26636.684
25619.584
26429.35
26820.316
26391.018
26367.85
25989.217
26252.25
26334.551
26567.518
26506.084
26429.65
26145.482
26196.449
26182.018
25584.85
25437.684
24877.65
25148.883
24673.383
25134.018
24687.717
24791.551
26085.783
25910.018
25914.316
26493.018
26287.982
26330.482
25916.383
25652.482
25471.184
25464.684
25229.916
25281.084
25379.25
25406.949
25013.584
25293.551
25977.184
25467.883
24982.916
25303.15
25534.25
25643.217
25332.25
25449.482
25578.717
25192.617
24897.584
24493.217
24879.383
24434.617
24368.184
23917.883
23947.25
24006.35
23346.316
22858.217
22731.717
21256.617
20491.383
19667.551
19835.184
19798.816
19875.584
20107.217
20948.117
21862.551
22387.85
22445.617
22673.518
23305.084
23798.982
23725.883
23401.85
23853.084
23770.85
23816.949
23869.717
23469.084
23140.85
23040.283
23464.316
23348.283
22916.982
23643.684
23530.25
23706.949
23838.316
23665.482
23845.717
23796.949
23549.184
23636.75
23791.25
23918.816
23505.85
23538.949
23914.316
23977.416
23893.584
23903.416
24066.184
24071.551
23976.85
23443.018
23874.449
23796.416
23507.051
23282.416
23577.383
23705.816
23497.518
23041.75
23292.783
23616.416
23052.383
23650.684
23787.982
23759.482
24231.85
23884.416
23960.916
23949.15
23775.316
23893.949
23848.383
23730.617
23401.584
23485.217
23522.383
23569.018
23468.65
23531.551
23769.449
23783.416
23475.717
23259.482
23559.717
23406.217
23623.518
23181.084
23698.25
23494.018
23707.65
23750.75
23817.783
23763.217
23243.25
22964.15
23527.584
23356.482
23579.25
23182.416
23067.85
23167.684
23020.449
23409.084
23164.449
23164.084
22579.982
22644.883
22689.916
22958.617
22088.051
22345.551
22596.916
22556.551
22347.518
22219.084
22608.65
22618.416
22350.85
22507.35
22598.383
22762.551
22027.117
22221.283
22714.383
22761.949
22396.051
22292.816
22410.85
22601.35
22234.117
22182.816
22321.982
22247.684
21684.25
21988.15
21976.717
21832.35
21815.051
21915.75
21613.783
22368.35
21738.316
21596.617
21749.717
21760.084
21666.25
21059.217
21612.85
21620.482
21331.051
21026.75
21514.25
21418.482
21317.584
20780.35
21347.051
21249.684
21245.051
21242.816
20894.184
21127.15
21015.383
20534.15
20842.383
20655.018
20679.117
20188.883
20610.717
20524.018
19880.584
19516.217
20288.85
20101.816
19908.383
19773.684
20056.982
19902.15
19541.051
19479.551
20129.449
19811.617
19691.316
19521.883
19991.85
19531.949
19380.916
19312.482
19920.25
19690.416
19421.982
19392.617
19566.916
19229.482
18850.383
18552.283
19025.449
19108.35
19052.117
19271.551
19463.717
19296.283
18716.316
19370.283
19169.584
19029.416
19022.117
18948.416
18861.184
19040.084
18529.65
18424.75
17747.982
16904.15
16166.184
15360.95
14919.116
14725.816
14715.583
14664.017
15615.65
16184.55
16435.583
16918.482
17223.117
17283.15
17402.584
17256.283
17440.316
16858.283
16868.584
16164.217
17191.383
17141.416
16971.717
16872.084
17280.916
17518.949
17685.117
17377.949
17800.051
17996.416
17672.316
17771.084
18117.65
18137.617
18133.316
18286.283
18371.518
18364.883
18118.449
17772.084
18666.584
18391.217
18323.783
17936.018
18622.184
18733.617
18496.316
18704.482
18716.449
18195.551
18381.717
18068.084
18610.449
18512.15
18375.117
18291.949
18347.584
18601.551
18207.584
18758.684
18710.982
18770.084
18748.717
18310.15
19024.783
18999.883
18602.85
18774.217
19474.65
19175.949
18975.717
19479.084
19709.717
19378.35
19145.316
19223.283
18863.85
19043.283
18543.316
18699.551
18991.25
18872.283
18874.65
19332.551
18924.584
19069.551
18467.383
18290.684
19213.051
19024.283
18865.449
18994.283
18826.65
18916.949
18995.85
18715.283
18756.982
18719.35
18683.051
18633.883
18798.65
18464.949
18560.051
18412.816
18821.783
18529.684
18669.25
18588.617
19049.449
18619.217
18681.65
18553.883
18847.051
19105.35
19134.65
19000.816
18914.051
18787.883
18669.916
18917.35
19087.184
19164.018
19191.449
18848.416
19478.916
19259.949
19226.449
18745.551
19287.184
19187.416
18978.383
18836.217
18903.783
19094.75
19226.85
19087.084
19216.383
18926.15
19018.85
19237.617
18914.584
19064.684
18952.518
18758.883
18870.584
18989.283
18740.449
18695.482
18824.717
19066.15
18149.25
18900.816
18888.184
18817.018
18158.316
18492.217
18858.25
18948.35
18781.85
18840.816
18737.051
18946.217
18637.117
18486.416
18933.051
18636.617
18724.518
18384.018
18619.316
18666.482
18343.383
18270.217
18544.25
18170.217
18173.051
18003.084
18339.316
18227.551
17888.316
18167.416
18154.184
17900.75
18039.584
18204.35
18019.051
17977.617
17733.316
17741.217
18082.584
17732.482
17902.316
17521.883
17593.717
17640.551
17497.783
17581.482
17423.584
17347.551
17334.117
17250.217
17525.518
17420.684
17422.184
16430.482
16687.584
16552.417
16385.717
15704.55
15639.45
15661.55
15231.917
14602.017
15135.184
14978.35
14143.45
14557.35
14478.917
14100.95
14237.316
13718.884
13873.85
13652.35
13391.65
13514.616
13761.25
13625.15
13814.917
12554.083
13312.717
13410.684
12912.583
13256.417
13482.783
13570.884
13359.45
13794.483
14076.25
14112.884
14331.65
14740.283
14749.184
14589.816
14675.583
14468.083
14426.85
14639.083
14624.583
14047.95
14514.65
14306.017
13982.384
13327.017
13685.717
13431.15
13112.517
13007.684
12854.583
12935.684
12787.316
12650.616
13031.116
13039.283
12890.316
12872.217
13020.25
12838.417
12759.65
12670.884
13115.917
12903.217
12591.05
13035.884
13389.384
13183.75
12909.25
13088.283
13018.517
13066.35
13028.717
12878.55
12965.517
12679.616
12108.517
12653.35
12552.917
12687.283
12842.583
12373.55
12929.116
12800.217
12026.783
12321.684
12522.717
12376.483
12423.783
12678.684
12786.583
12790.884
12970.316
12896.417
13029.583
12857.55
12817.917
12481.283
12736.717
12833.083
12557.983
12562.483
12816.05
12801.083
12508.116
13007.15
13102.45
13240.75
12783.717
13013.816
13191.116
13172.884
13372.583
12659.95
13156.85
13026.616
13212.116
12835.283
13516.717
13259.884
13406.65
13038.483
13580.316
13511.283
13195.116
12977.95
13206.917
12989.35
12869.384
13098.55
13011.45
12896.35
12534.917
12534.884
12807.116
12945.417
12786.85
12924.75
12917.85
12749.75
12564.316
12777.35
12854.316
12751.75
13037.05
12444.95
12730.316
13010.083
12970.917
12668.217
12687.85
12257.417
12001.983
12398.884
12322.384
12377.75
11605.65
12108.616
12430.517
12279.283
12020.85
12331.75
12585.316
12199.35
12291.583
12155.15
12402.85
12056.816
11798.116
11754.417
12085.184
12044.083
11608.583
11890.017
11862.184
12013.55
11856.45
11895.75
11983.85
11841.55
11669.384
11890.884
12028.05
11945.483
11812.05
12154.417
11873.384
11955.884
11873.517
11684.15
11834.717
11852.884
11635.45
11533.35
11580.517
11668.017
11360.25
11272.417
11750.85
11737.083
11452.717
11514.884
11736.917
11753.55
11292.583
11360.684
11580.116
11375.75
11151.45
11561.616
11517.116
11284.083
11548.05
11315.15
11377.316
11311.55
11048.783
10672.616
11340.116
11032.417
11262.717
11059.483
11163.316
10945.017
10949.05
10754.35
11111.583
10981.95
10876.65
10584.75
10875.184
10915.35
10737.983
10705.616
10986.783
10964.217
10434.316
10617.017
10869.05
10858.55
10170.05
10298.884
10742.85
10704.283
10590.85
10259.75
10808.783
10681.884
10658.717
10372.417
10525.917
10353.15
10230.85
10369.15
10532.783
10324.55
10165.116
10220.35
10646.65
10647.55
10442.917
10163.217
10273.65
10400.217
10206.116
10046.217
10356.783
10277.017
10261.85
9911.95
10104.116
10169.017
10148.717
9984.217
10191.517
9975.95
10412.517
9684.083
10162.583
10050.95
9830.25
9428.15
10145.316
10093.616
10121.25
9787.217
9891.384
9718.017
9827.717
9973.55
10234.05
9402.55
9722.184
9501.483
9803.85
9170.684
8694.25
8018.883
7761.917
6855.283
6011.983
5359.55
4699.983
3873.35
3471.317
2780.283
3075.183
2972.55
2706.583
2915.35
3813.717
4025.883
4080.45
5091.55
5690.317
5984.483
6339.317
5672.15
6441.583
6023.95
5852.45
5481.017
5253.65
5325.817
5018.117
4780.883
5170.317
5264.217
5211.183
5035.95
5775.317
5556.75
5589.65
6224.883
6293.183
6533.083
6230.45
6735.883
6911.05
6905.017
6954.583
7219.75
7493.65
7535.483
7085.117
7351.15
7914.85
7932.15
7529.917
8024.883
8307.85
8427.483
8364.983
8375.884
8883.25
8844.816
8271.25
8383.35
9085.983
9164.417
8982.717
8729.083
9231.983
9052.217
8854.316
8864.417
9348.917
9146.083
8291.65
9133.483
9307.983
9368.15
9067.783
8858.283
9361.717
9269.283
9081.05
8990.95
9165.717
9255.55
8830.184
8668.017
9588.85
9169.35
8962.05
8984.283
9303.316
9220.884
9076.316
9042.417
9251.983
9208.217
9045.85
9026.483
9318.983
9297.55
9165.116
9050.017
9381.45
9286.483
8739.184
8928.95
9261.316
9164.884
8812.316
8740.55
9133.05
9002.95
9067.316
8793.283
9095.917
9203.684
8922.983
8434.884
9221.05
9088.884
9131.116
8939.75
9416.116
9173.75
8946.517
8760.083
9222.384
9005.616
8603.45
8437.217
9080.583
9017.483
9016.783
8399.884
9126.717
8954.15
8844.25
8924.017
9115.316
9072.684
8860.517
8794.35
9299.45
9112.884
8278.384
8633.483
9214.05
8966.283
8955.917
8813.35
9174.116
9087.55
8624.583
8461.884
9021.116
8838.15
8870.384
8695.884
9044.184
8988.75
8855.184
8389.75
9074.583
8997.816
8671.783
8359.483
8948.184
9050.417
8750.116
8661.083
9005.316
8632.816
8577.583
8722.483
8731.583
8641.15
8506.116
8326.283
8885.116
8710.017
8347.917
8313.083
8762.983
8898.616
8202.917
8278.616
8740.05
8659.684
8706.983
8465.283
8673.116
8580.55
8519.384
8226.083
8834.717
8629.417
8342.917
8287.017
8672.583
8571.283
8397.85
7921.15
8541.983
8474.15
8347.917000000001
7840.35
8599.383
8411.683
7928.717
8367.55
8428.45
8355.417000000001
7895.85
7999.017
8191.25
8291.55
8031.25
8006.55
8266.582999999999
8051.683
8062.983
7837.75
8149.383
8184.083
7700.717
7641.617
8147.517
8109.817
7823.517
7759.217
7825.183
8011.55
7540.783
7719.95
7772.25
7802.683
7631.65
7413.483
7983.917
7849.017
7447.983
7121.017
7679.583
7848.55
7654.117
7354.283
7713.05
7665.617
6993.917
7409.083
7814.983
7453.617
7295.65
7352.683
7594.65
7624.417
7260.85
7116.283
7535.783
7628.817
7426.983
7329.217
7649.317
7440.083
7159.917
6886.083
7500.317
7313.083
7583.45
7059.217
7572.317
7517.75
6983.917
7026.35
7514.583
7336.683
7176.25
7241.75
7505.183
7431.083
7033.25
6961.417
7566.65
7300.15
7162.65
7187.617
7433.717
7271.083
6877.717
6750.217
7114.383
7046.417
6549.717
6676.417
7165.383
6982.083
7174.783
6849.75
7186.917
7028.083
7248.383
6856.417
7099.85
7001.217
6640.317
6631.15
7066.183
6972.883
6507.717
5967.883
6913.717
6936.95
6505.317
6674.017
6924.917
6718.483
6570.717
6535.017
6895.117
6688.483
6519.983
6152.55
6745.783
6781.483
6078.383
6241.083
6809.45
6567.15
6332.917
6114.683
6715.25
6692.283
6594.583
6192.217
6768.383
6682.217
6635.317
6495.083
6729.183
6559.083
5350.917
5839.083
6620.583
6681.483
6283.783
6024.683
6553.85
6664.95
6019.25
6020.617
6447.25
6404.817
5943.317
5972.683
6459.117
6400.15
5769.117
5755.083
6308.383
6259.95
5981.25
6009.15
6237.917
6158.217
5745.45
6124.817
6223.917
6226.083
5714.583
5953.283
6322.117
6096.35
5635.383
5543.683
6127.783
6141.083
5978.917
5413.883
6198.317
6079.15
5392.45
5499.883
