264.45
74.983
-138.083
147.517
454.58299999999997
143.71699999999998
214.317
244.25
237.45
255.117
123.383
-172.21699999999998
205.183
214.05
22.516999999999996
-38.75
348.58299999999997
2.1170000000000044
57.45
361.383
420.65
182.78300000000002
462.317
156.517
284.983
205.38299999999998
219.71699999999998
-115.35
209.917
199.71699999999998
331.25
16.316999999999993
282.717
190.45
236.383
24.650000000000006
561.117
474.05
92.317
-59.55
251.38299999999998
125.983
-18.016999999999996
179.71699999999998
200.983
238.05
146.45
233.517
219.917
239.85
-43.81699999999999
27.650000000000006
611.317
280.91700000000003
-21.150000000000006
-261.283
432.58299999999997
437.117
33.917
42.783
381.58299999999997
433.783
383.783
233.85
413.383
372.117
147.983
323.317
389.58299999999997
396.85
328.383
-139.083
432.91700000000003
283.45
41.516999999999996
86.05
388.65
195.183
142.183
68.05
297.91700000000003
490.65
201.583
68.783
235.183
334.25
29.25
14.117000000000004
241.38299999999998
211.05
497.85
-3.683000000000007
187.11700000000002
213.65
339.517
-63.483000000000004
192.38299999999998
260.25
196.71699999999998
89.317
406.58299999999997
364.183
-229.21699999999998
25.183000000000007
402.65
301.85
211.983
208.05
463.25
289.317
0.04999999999999716
275.45
100.05
318.517
246.85
277.85
404.317
285.58299999999997
542.117
-233.35
325.58299999999997
367.117
110.45
365.65
396.383
454.717
254.517
102.917
351.317
244.917
-55.417
108.85
329.65
308.45
135.11700000000002
9.650000000000006
414.317
447.45
57.45
-244.483
362.05
313.517
83.783
141.583
265.05
419.317
339.983
43.05
289.58299999999997
325.65
-284.95
-127.883
304.25
206.917
172.45
-11.016999999999996
328.58299999999997
263.91700000000003
52.717
217.78300000000002
401.783
301.58299999999997
241.25
-113.483
453.65
416.783
430.517
158.25
486.58299999999997
279.317
153.583
347.45
405.317
80.317
371.65
-169.417
140.317
230.78300000000002
4.450000000000003
362.85
589.383
420.58299999999997
163.25
-83.083
492.717
162.71699999999998
451.183
31.849999999999994
384.983
361.383
307.58299999999997
392.383
523.517
345.717
427.91700000000003
304.25
342.983
221.25
388.317
-354.95
390.783
358.383
168.517
148.78300000000002
146.45
329.183
460.117
185.517
240.25
306.45
115.85
-191.417
273.783
392.117
457.91700000000003
192.25
378.717
298.983
43.516999999999996
-309.35
442.517
244.583
-59.349999999999994
17.917
256.783
186.517
-1009.35
-97.883
124.583
271.783
245.05
-76.217
559.983
401.317
263.58299999999997
67.517
263.65
233.71699999999998
-115.417
433.317
527.117
279.05
-190.88299999999998
48.650000000000006
309.45
318.58299999999997
-110.817
348.91700000000003
380.783
257.91700000000003
393.783
346.91700000000003
329.65
408.183
241.983
180.183
373.783
254.183
403.45
30.849999999999994
398.91700000000003
440.117
332.183
-74.483
230.917
316.58299999999997
71.517
-278.817
367.58299999999997
342.317
250.917
-120.683
345.45
337.717
216.583
81.85
360.25
349.58299999999997
-150.083
206.65
331.983
65.117
-146.61700000000002
157.45
255.583
214.45
312.717
171.65
260.983
523.983
89.65
173.25
385.58299999999997
531.183
387.58299999999997
165.85
224.85
282.517
98.117
498.25
354.517
202.38299999999998
-157.417
105.05
208.71699999999998
292.383
260.717
-10.283000000000001
541.117
561.383
18.583
283.91700000000003
373.517
351.25
237.917
109.383
336.783
388.183
74.783
132.25
303.983
327.25
178.78300000000002
301.05
478.983
439.05
413.91700000000003
111.983
567.45
185.11700000000002
389.517
-127.94999999999999
381.91700000000003
190.65
-79.21700000000001
298.65
345.58299999999997
206.117
544.317
399.983
385.58299999999997
278.317
644.383
99.11699999999999
388.85
305.25
-24.349999999999994
287.05
641.583
417.11699999999996
556.45
-39.88300000000001
454.65
376.517
391.85
221.65
354.25
545.85
-35.016999999999996
236.317
621.517
345.983
148.117
183.05
364.65
360.05
516.25
189.25
661.983
557.65
706.917
455.58299999999997
701.65
512.85
240.25
347.25
397.517
621.25
790.317
219.517
717.85
599.25
544.05
686.5830000000001
612.317
511.717
356.183
645.717
491.65
752.517
122.31700000000001
291.183
571.383
555.717
562.05
411.517
877.317
561.783
709.9169999999999
550.117
688.983
663.183
688.183
314.65
1003.5830000000001
475.917
566.317
520.65
851.717
541.717
704.517
596.383
614.517
870.183
770.65
671.317
620.25
873.45
639.9169999999999
455.117
942.517
741.9169999999999
636.25
580.65
573.45
669.183
786.65
659.9169999999999
883.717
780.783
555.65
506.783
669.317
783.05
672.583
557.783
903.783
476.85
738.05
469.65
680.117
575.05
744.85
841.317
718.783
463.38300000000004
770.383
956.85
446.38300000000004
864.517
715.917
756.45
775.583
743.917
593.983
963.383
1140.45
672.183
681.917
1268.85
894.917
1119.183
485.45000000000005
682.117
1165.117
986.517
1115.45
1199.317
723.317
699.983
822.983
783.25
1320.783
1156.45
631.25
1097.183
991.583
1217.317
1245.45
1063.517
980.117
1322.25
600.05
871.717
1001.517
1176.717
1477.983
1433.583
1365.783
1318.317
1120.05
1220.05
1246.517
1144.983
776.25
1001.383
1339.717
1163.25
1405.65
986.317
1473.25
1377.917
1485.45
1290.717
1447.85
1381.05
972.6500000000001
1418.45
1289.85
1197.05
1115.25
1272.45
1250.85
1379.583
1275.717
1045.983
1388.717
1150.85
1128.517
1005.25
1462.517
1366.117
1300.85
1389.517
1483.85
1245.05
1220.783
1117.983
1387.117
1418.05
1298.183
1045.917
1539.183
1266.117
1323.783
1296.583
1453.717
1336.45
824.05
1279.85
1353.917
1416.317
1438.25
1627.983
1749.65
1566.583
1576.717
1541.65
1678.917
1749.717
1599.05
1675.45
1655.05
1684.917
1844.65
1690.983
2056.983
1545.45
1130.05
1382.717
1591.583
1896.583
1613.917
1703.05
2057.983
1858.583
1785.983
1700.583
1947.317
1990.117
2016.917
1744.45
2114.717
1790.917
1675.983
1584.917
1624.917
1547.983
1849.717
1209.317
1596.717
1727.383
1953.85
1607.583
1928.25
1823.783
2022.45
1829.983
1901.783
1971.517
1955.583
1864.85
2168.583
1733.317
2272.983
2020.583
2054.05
1977.85
1870.117
2076.25
2299.117
1672.783
1790.917
2107.583
2351.317
2063.517
2138.45
1883.85
1955.517
1848.317
1942.717
2065.65
2029.183
2323.25
2597.383
1897.65
2473.383
2461.05
2317.783
2239.917
2290.65
2172.65
2112.25
2429.05
2345.983
2159.45
1950.45
2064.717
1999.183
1982.517
2303.85
2188.05
2336.983
2556.25
2367.117
2491.917
2717.983
2463.517
2788.983
2621.717
2972.05
2712.183
2541.317
2781.783
2792.783
2695.05
2486.117
2657.783
2489.45
2555.383
2421.85
2617.383
2581.65
2378.583
2036.9830000000002
2301.383
2234.25
2258.917
2098.183
2019.85
2289.65
2050.65
1983.183
1683.317
2296.25
1870.583
2216.183
2218.983
2418.383
2880.183
2669.85
2955.783
2800.583
2979.583
3116.783
2742.517
2908.85
2869.45
2584.25
2516.317
2784.117
2648.517
2895.383
2475.45
2723.85
2781.05
2761.983
2914.517
2876.85
2929.45
3106.783
3040.85
3090.783
3100.917
2988.05
2707.983
3045.05
3095.85
2944.183
3190.65
3260.117
3119.05
3015.183
2721.383
3239.717
3112.117
3424.317
3699.583
3791.517
4148.517
4119.383
3988.117
3924.583
3858.05
3928.983
3553.383
4113.25
3815.583
3940.183
3878.983
4128.183
3611.517
3750.917
3917.25
3770.65
3818.917
3592.05
3313.383
3909.783
4011.45
3871.917
4058.05
4224.983
4205.183
4092.8500000000004
3858.183
4197.25
4141.65
3632.85
3837.917
3795.25
4022.45
3896.85
4123.9169999999995
4336.05
4053.717
3947.383
3407.45
3680.383
3786.45
3829.517
3555.717
3959.317
3639.983
3670.717
3468.117
3399.783
3348.65
3247.983
3338.783
3370.65
3482.85
3252.983
3395.117
3160.45
3348.183
3477.517
3561.65
3859.717
4033.983
4135.383
4291.717000000001
4081.117
4153.5830000000005
3733.05
4264.117
4054.317
4054.85
4581.65
4265.65
4972.05
4972.45
4869.717
5095.517
5685.65
5164.517
5309.717
4773.917
4949.45
4872.45
4460.117
4219.117
4270.782999999999
4118.983
3934.317
4063.117
4544.717000000001
4175.917
4427.45
4483.383
4974.25
4942.517
5090.383
4824.317
4668.05
4526.783
4180.317
4036.383
4107.5830000000005
3709.317
3571.85
3419.05
3501.25
3444.05
2850.983
3205.25
3192.45
2864.317
2538.783
3292.317
3340.183
3485.717
3764.05
3505.717
4319.05
4547.05
4615.183
4471.717
4553.117
4323.25
3958.717
4115.45
4039.65
4239.45
4217.383
4037.45
4588.583
4265.717
4432.583
4323.183
4484.05
4434.25
4362.05
3809.117
4409.25
4281.45
4419.05
4350.517
4248.517
4299.983
4334.25
4325.383
5021.183
5036.517
5040.317
5286.383
5451.45
5524.317
5520.05
5338.983
5668.717
5422.383
5824.783
5450.25
5887.85
6296.183
5609.45
5844.583
5956.983
5715.183
5705.183
4979.917
4881.317
4332.317
4087.383
3187.717
3032.25
2532.65
2367.317
2362.317
2920.183
3173.517
3518.25
4021.383
4353.117
4584.917
4860.917
5287.117
5588.717
5972.717
5882.05
5842.65
5982.45
5452.65
5345.517
5062.117
4687.317
3914.45
3607.383
3316.117
3281.45
3638.983
3806.05
4359.45
5208.05
5475.85
5686.85
6518.917
6797.717
6869.85
7287.383
6995.65
7705.85
7733.517
8120.85
7842.783
7788.45
8223.983
7988.05
8030.383
8170.45
8005.65
8251.183
8065.583
8693.383
8503.85
8631.783
8411.85
8908.517
8734.184
8570.65
8655.05
9202.917
8968.45
8898.583
8677.917
8857.783
8415.05
8456.25
8648.717
8720.05
9139.05
8891.45
9009.85
9042.717
8738.45
8464.85
8236.65
8456.45
8741.316
8867.85
8799.184
8785.65
8787.85
8714.184
8565.05
8537.183
8500.65
8351.183
8404.45
8868.517
8639.184
8823.85
8495.583
8674.517
8891.65
8653.184
9062.25
9193.384
9203.45
9291.45
9367.25
9479.316
9792.85
10055.917
9846.717
9754.583
9696.316
9044.717
8540.65
8683.45
8604.05
8570.582999999999
8478.983
8773.25
9027.184
9139.917
9776.45
9710.983
10283.983
10215.717
10243.717
10226.717
10674.45
10019.05
10146.517
10593.917
10123.384
10170.25
10361.85
10306.316
10138.184
10735.45
10232.717
10539.983
10507.583
10409.316
10136.316
10383.583
10251.65
10280.05
9702.583
10362.316
10176.583
10149.384
9771.85
10154.917
10506.184
10700.983
10367.517
10609.717
10717.65
10501.583
10478.05
10410.583
9454.917
9884.65
9903.717
10008.983
9541.25
10160.783
9950.517
10055.116
9741.25
9704.316
10082.384
10191.783
10128.116
10215.65
9976.517
9757.184
9726.85
9135.983
9389.583
10108.45
9850.25
9997.184
10329.45
10685.583
10725.517
10950.116
10575.517
10700.85
10846.65
10765.85
10326.25
10157.384
9666.184
9848.384
9083.65
9782.717
9981.583
9631.983
9622.85
10450.316
10415.783
9851.25
9898.384
10688.917
10902.316
10598.65
10431.717
10519.45
10586.116
10333.983
10262.983
10507.517
10301.116
10570.384
10858.583
10559.316
10808.65
11099.05
10203.85
10467.983
10320.917
9951.05
10237.717
9544.184
9794.116
9810.116
10779.517
10673.384
10485.05
10490.184
10047.184
10330.583
10273.983
10615.116
10283.05
10074.116
9510.917
9387.25
9081.05
8713.116
8648.45
8029.117
7903.45
7935.583
7902.183
8390.717
8792.783
9688.85
10287.983
11355.384
11498.583
12504.116
11698.05
11170.05
11599.583
11475.184
11304.917
12045.983
12115.05
12333.983
12200.45
12107.316
11466.85
11038.517
10690.25
10929.25
10846.116
12082.316
11543.384
12154.583
12220.05
12527.583
12557.85
12205.384
12917.65
13079.783
13686.917
13569.983
13700.65
13941.917
14302.783
13292.116
13509.45
12907.85
13180.583
13173.917
13585.05
13040.983
12835.116
12404.184
12199.783
12447.316
12180.384
11289.583
12143.65
11984.85
12791.783
12961.583
13020.783
13897.917
13505.116
13142.65
13478.783
13485.783
13276.65
13236.783
13423.25
13814.45
14262.917
14295.783
13993.583
14072.917
15669.184
14475.583
14511.717
14751.45
14176.517
14752.316
14723.184
15309.65
14748.45
14224.25
14526.116
14754.45
14626.05
14163.783
14049.05
15125.583
15588.85
15213.116
14554.583
14948.983
14692.85
14569.917
13779.25
14664.65
14509.917
14116.05
13486.316
14087.184
14353.717
14330.85
13917.384
14928.517
14975.583
14762.517
15089.85
15292.384
15973.05
15276.517
15069.717
15653.517
15221.45
15555.983
14682.25
15000.583
15778.184
15276.184
15462.783
15476.917
15044.583
15247.783
15653.917
16302.65
16024.783
15997.65
16191.25
16004.517
16421.05
16864.783
16445.25
16429.116
16001.45
16016.25
15525.65
15965.783
15561.45
15941.783
15275.983
14864.65
15105.116
14999.316
14708.917
15292.65
14823.583
14964.983
15072.517
15020.65
15110.983
14940.05
15494.517
15999.184
16337.45
15468.384
15557.384
15652.384
15082.85
15879.517
15533.85
16060.517
16036.717
16421.717
16417.45
16580.517
16856.184
16271.384
15854.05
17451.65
16826.316
16733.518
16964.316
17237.449
16066.583
16776.316
16008.116
17018.518
16734.85
16054.384
16544.384
17050.982
16754.184
16879.982
17798.982
17215.117
16644.117
16456.25
16234.116
16128.45
16662.184
17369.717
17240.449
17877.316
18018.449
18399.25
17911.449
17992.316
18321.85
18131.85
18103.383
18113.051
18199.518
18582.85
18240.383
18952.85
18704.783
18846.316
19260.051
19114.051
19076.717
18621.449
18731.982
19009.449
18629.449
18484.982
18301.117
18988.518
18685.518
19657.982
18890.916
18562.65
19046.783
19180.982
19858.518
19971.051
20071.25
19493.25
19727.916
19210.783
19379.916
19130.518
19522.584
19723.051
21499.184
19862.717
20746.85
21077.316
21222.383
20706.518
21999.982
21420.316
21787.449
22486.783
23169.117
21967.717
22527.584
21982.783
22275.184
23930.518
22416.584
22566.117
21745.184
21706.117
21783.982
22466.383
22313.25
22834.584
23594.65
23007.449
23778.449
24462.316
25055.051
25134.518
25286.25
26067.584
26707.184
26068.584
24778.518
25593.051
25765.383
25062.383
25585.65
26144.449
26217.982
26061.383
26516.65
27129.584
26447.65
27875.051
28526.051
28161.584
27575.916
28664.85
28539.783
28510.65
28223.65
28617.316
28744.982
28519.117
28586.25
28155.982
28462.85
29329.449
30092.518
30449.916
30738.449
32175.916
32445.316
31850.916
32540.25
32566.383
32275.85
32311.051
31386.65
32349.316
31512.65
31456.316
33084.648
33596.785
33892.785
34031.383
34196.316
34970.516
34111.117
34322.785
33772.316
34093.184
34327.582
33744.984
34474.918
35248.648
35601.516
35722.785
35895.715
36313.984
36291.918
35704.449
36012.582
35890.383
35944.449
35312.449
35939.785
36060.25
36173.918
36608.715
36130.582
35995.852
36181.383
36267.25
36301.117
36386.184
36691.117
36406.316
36575.516
36828.316
36572.316
35457.715
34977.984
33266.785
31882.051
30943.518
30633.117
30516.383
31026.982
30932.85
32304.25
33923.715
34432.648
35052.316
35252.25
35465.918
36399.648
37350.984
36994.984
37656.316
37663.25
37344.117
36596.582
36257.184
36519.715
37115.785
37438.785
37849.984
38497.984
39442.383
39944.383
40053.648
40124.852
39382.051
39224.918
38758.117
39020.516
39101.582
39120.051
39107.715
38357.449
37947.648
37807.582
37169.785
37222.582
37555.852
37351.516
38768.918
39035.316
39271.316
40009.516
40230.715
39335.648
39556.316
39107.582
39186.715
39529.316
39878.582
40351.316
41348.117
41182.785
41817.184
41318.984
41270.918
40851.184
40098.184
40285.449
40210.449
40409.984
40160.852
40430.918
40993.316
41307.785
40872.25
40938.648
41957.383
41429.316
41825.449
41100.648
41724.918
41139.984
40228.582
39709.316
39371.918
39236.516
39524.852
39841.316
40277.316
41420.918
41113.785
41972.383
41436.918
41439.648
41242.117
40765.785
40459.715
39979.516
39324.516
39553.918
39487.449
39286.516
39516.449
39480.383
39212.316
39304.449
39147.516
39263.852
39786.715
40270.984
40229.582
40693.449
41407.984
41653.117
41547.516
41936.852
41709.984
41653.25
40847.582
40446.383
39920.316
40206.785
40592.785
40314.785
41244.516
41491.785
42095.383
42410.785
42399.582
42305.785
43158.582
43498.582
44031.449
44144.117
43737.852
43586.715
43386.918
43278.852
42627.715
42329.785
42492.785
42471.316
42186.984
42136.715
41176.051
41769.984
41356.051
41777.715
41651.785
42572.648
43067.184
43693.383
44120.582
44420.449
43418.117
43547.715
42971.316
43087.449
43351.852
43022.25
42991.051
42632.852
42997.852
43373.852
43372.383
43596.449
43640.582
44137.852
44581.918
45400.715
44594.715
44416.785
43708.25
43741.918
42945.516
42969.648
42872.316
42576.715
43258.715
43400.785
41598.316
42774.582
42656.051
42326.383
42501.516
42278.516
42122.184
42371.051
42951.984
43301.582
43321.715
43225.785
43378.648
44096.648
44184.316
44521.785
44201.648
43674.316
42244.051
40695.516
39833.383
38324.449
36650.918
36146.316
36839.648
37888.25
40239.918
40925.184
40305.648
40345.184
40566.852
39937.117
40433.383
39904.184
39359.117
40299.383
41528.516
42538.051
42477.383
42876.383
43046.918
43525.785
44342.316
43851.516
43740.051
43764.852
42985.582
43493.852
43941.449
43976.051
43725.25
44662.984
45061.582
45068.648
45135.25
44379.25
44261.785
43926.516
44163.785
43837.383
43122.316
42895.184
42402.117
43442.051
44224.648
44982.918
44659.516
45355.25
46285.785
46610.648
46039.852
45578.316
45939.25
45395.117
45263.449
44540.051
45221.582
45821.785
45270.852
44997.715
44612.316
43492.852
42830.383
41267.984
40044.715
39641.316
39706.918
40169.852
40717.582
41900.582
42150.383
43455.582
43812.383
43849.051
44500.449
44698.785
45235.715
45350.184
45493.648
45971.516
46854.051
46235.648
45813.051
44960.449
44818.852
44671.25
44518.25
44620.184
44591.785
45299.184
46343.715
46345.918
46399.582
46363.184
46269.117
45973.918
45967.117
46001.582
44827.051
44242.984
43853.918
43183.051
42338.316
41837.051
42252.582
42468.852
42985.582
43446.383
44055.117
44235.449
44005.184
43745.715
43995.516
43679.383
43278.648
43445.648
43890.984
44405.852
44533.648
44572.184
45071.449
45625.516
45589.648
45650.918
45407.785
45251.383
44570.918
43795.984
43453.648
42546.383
41503.184
42815.184
42711.715
43021.25
43200.449
43888.516
43929.25
44394.184
43877.785
43871.449
44266.785
43739.383
43632.715
43436.648
43362.984
42983.852
42273.984
41843.648
41975.516
42077.984
41547.852
40891.715
41198.383
41041.582
40808.184
40792.984
41052.383
41355.984
41597.051
42000.918
42211.117
42695.449
42421.316
42207.648
42690.316
42611.383
41408.316
42139.184
41744.184
41785.715
41960.184
41336.785
41432.316
42321.117
42480.715
42931.984
42779.516
42877.184
42843.516
42521.715
42997.449
42534.449
41971.25
41885.383
42222.117
42658.785
42879.715
42096.715
42255.516
42130.852
41700.051
42004.852
42115.449
42023.582
41737.25
42011.449
41725.184
41944.051
41300.184
41010.117
40910.516
40885.051
41097.184
40645.25
41549.383
41843.25
42319.852
41591.715
41826.715
41836.516
42136.316
41980.051
41787.785
41934.25
41901.25
41657.25
41669.582
41721.316
41418.25
40923.117
41280.582
41412.852
41574.316
41479.516
41694.383
41656.715
41598.582
41924.582
42017.117
42242.785
41418.449
40987.316
41210.582
40671.051
40745.117
40517.184
41069.785
41584.582
41418.582
41319.184
41582.117
41528.852
41801.25
41627.449
41687.184
42060.785
41830.785
41810.25
42035.648
42052.25
41900.051
41773.184
41081.852
41295.582
40463.582
40731.648
40774.051
40697.715
40367.785
40535.852
40428.051
40370.316
40437.918
40816.184
40428.852
41058.383
40800.25
40756.051
40224.582
39814.316
39437.918
39624.316
39245.715
39175.516
38897.852
39533.184
39727.852
39744.25
39561.582
39243.051
40276.918
40473.316
40756.648
40838.516
41414.715
41623.383
40913.051
40719.25
40567.184
40549.852
39728.449
39874.117
40096.117
40068.117
40362.715
40387.449
40821.582
40721.449
40835.516
40649.383
40901.051
40576.051
40298.25
39748.117
40401.25
40439.852
39645.785
40548.918
40146.984
40479.648
40651.051
40152.648
40465.852
39991.383
39266.715
38795.582
39339.051
39044.582
38714.984
39172.383
39249.184
40202.383
39897.715
40554.25
40786.25
40480.516
40367.648
40712.852
41072.25
40537.852
40069.648
39835.785
39782.449
39302.316
39103.785
39035.715
39638.449
39692.984
39634.648
39616.984
40219.117
40271.648
39869.785
39557.582
39634.25
39235.715
38583.184
38061.715
38144.117
38150.449
37724.785
38043.852
38370.184
38976.582
39269.184
39375.918
39654.918
39841.648
40216.449
40175.984
40353.582
40066.25
39872.25
40495.25
39835.918
40243.785
39926.715
39522.516
40120.918
39998.449
40196.648
39817.785
39634.648
39602.785
39532.648
38971.785
39159.785
38839.383
38665.582
38956.449
38657.852
38394.316
38423.184
38288.117
39092.051
39302.383
38550.918
38624.852
39226.25
39091.918
39029.449
39458.852
39023.383
38702.316
38588.449
37836.715
38320.117
37490.184
37664.984
37589.582
37506.715
38088.383
37853.516
38178.051
38106.918
37984.117
38332.117
38307.648
38577.449
38501.715
38093.648
38091.715
38306.852
38446.852
37612.715
37960.852
38134.516
38166.051
37582.984
38010.449
38691.383
38291.715
38017.051
38813.516
38872.785
38759.383
38408.918
38045.117
38607.715
38152.383
38307.715
38261.25
38034.316
38150.918
38025.984
37870.648
38170.785
37964.852
37270.051
37438.184
37676.984
37536.852
36918.715
36903.25
36619.516
36538.852
36299.918
35916.715
36473.316
36549.25
36112.184
37094.715
37010.648
37204.051
37158.852
36905.785
37381.984
37197.516
36829.648
36347.316
36831.316
37027.449
36225.316
35462.117
34742.383
34036.984
33530.516
32906.117
32507.65
31927.117
31448.717
32594.25
33179.117
33227.918
33755.383
34507.25
35616.918
35331.785
35737.984
35547.383
35531.25
35733.383
35254.449
35104.715
35275.984
35229.316
34850.316
34982.582
35107.852
35308.785
35097.316
34837.648
35253.852
34981.117
34993.648
34787.984
35202.516
35175.648
34821.117
35380.918
35201.516
35028.918
34650.648
34348.184
34432.785
34331.449
34276.25
34502.117
34216.184
34614.785
34632.184
34455.383
34667.25
35150.852
34832.051
34572.117
34847.449
34981.715
34807.25
34933.852
34874.516
34418.316
34314.516
34214.184
34386.383
34257.051
33539.449
33955.582
33837.383
34091.184
33886.918
33738.383
33838.316
33993.383
34244.785
33776.117
33986.383
34261.184
33709.449
34014.852
33935.984
33867.184
33331.051
33448.785
33336.785
33434.648
33456.25
33355.715
33285.715
33298.984
32693.584
32963.518
32788.316
33047.449
32548.717
32943.916
33494.715
33150.715
33579.918
33560.449
33441.051
33858.051
33613.984
33703.785
33671.648
33593.117
33792.449
33593.852
33765.051
33523.25
33739.383
33465.117
33943.984
33249.051
33386.785
33111.25
33392.449
33553.516
33093.184
32924.715
33033.916
33042.852
33016.051
33042.648
33162.785
33254.184
33215.785
33141.648
33061.184
32721.383
32292.25
32204.184
32414.982
31918.783
31612.518
31721.65
32158.916
32110.051
31599.717
31662.316
32045.383
31862.717
31531.184
31260.783
31564.184
31379.117
30969.449
30506.184
30858.982
30950.783
30933.518
31163.184
31057.25
31119.916
30502.584
30715.85
30383.051
30261.518
29509.449
29384.717
29418.65
29011.25
28964.783
28287.051
28658.184
28407.916
27798.449
27063.383
26929.717
27017.85
26924.117
26325.383
26546.982
26502.717
26705.051
26813.518
27395.449
27769.184
28537.051
29279.65
29422.117
29564.916
29548.717
29826.449
29681.584
29275.117
29367.65
29119.65
29434.916
29183.916
29456.85
29503.65
29835.184
29742.184
29964.051
29902.85
30301.584
30187.85
29908.316
30199.25
30506.117
30296.584
29969.449
29775.584
30096.117
30013.783
29830.383
29691.184
29807.184
29801.85
30151.117
29437.051
29941.65
29936.051
30005.316
29832.518
30039.65
29803.184
29455.783
29476.117
29609.85
29757.584
29067.449
28960.783
29178.518
28939.383
28873.982
29010.783
29141.117
28896.584
28757.316
28506.316
28465.518
28498.449
28587.65
28545.65
28514.184
28483.25
28466.584
28377.316
28258.184
28227.982
28060.717
27511.982
27875.25
27438.65
27596.916
27556.982
27687.383
27451.316
27601.916
27491.65
27596.584
27917.717
27720.584
28042.916
27865.117
28078.717
27841.25
27361.316
27539.85
27360.584
27227.051
27389.316
27305.783
27215.982
27271.65
27184.051
27606.383
28026.25
27613.65
28146.051
28258.982
28006.916
28168.584
27827.184
28079.316
28216.316
28361.717
28522.184
28564.25
28951.25
28834.383
29233.717
29560.051
29849.65
29297.717
29210.25
29483.316
30006.051
29853.184
30336.518
30453.584
30847.316
30599.316
30772.117
30668.518
30420.65
29654.916
28670.584
28190.916
27814.449
27557.449
27253.518
27044.65
27043.518
26900.383
26803.65
27057.518
26988.184
26953.982
26910.65
27254.518
27014.117
26886.717
26572.783
26561.783
26746.916
26340.85
26625.783
26527.916
26676.117
26696.65
26795.184
26912.717
27080.117
26711.783
26844.982
27198.518
26989.25
26437.383
26751.051
27183.383
26983.916
26605.717
26820.051
27102.518
26511.65
26944.316
26277.449
26596.85
26255.85
26049.051
26190.584
26046.316
26178.717
25869.051
25400.449
26091.717
26184.518
25795.449
25781.916
25999.25
25815.316
26131.518
25572.783
25779.383
25842.584
25933.783
25985.383
26075.25
25835.184
25959.65
26100.783
26330.916
25920.117
25462.65
25521.25
25810.051
25926.916
25623.117
25760.383
25652.65
25844.25
25591.449
25635.717
25649.316
25598.25
25179.982
24912.65
25584.184
25349.316
24930.584
24760.916
25213.85
24884.717
24845.25
24948.982
25202.85
24915.184
23918.783
24718.916
25173.316
24709.117
24685.584
24291.916
24581.184
24660.65
24892.518
24863.518
24777.117
24473.117
24495.383
24504.916
23934.916
23787.184
23263.584
23531.449
23096.117
23467.184
23014.184
23151.982
24371.184
24162.316
24129.584
24718.316
24550.584
24615.051
24196.184
23982.383
23837.65
23883.051
23581.25
23643.518
23747.85
23733.518
23327.051
23625.518
24239.783
23807.184
23269.383
23592.184
23839.783
23893.518
23580.783
23741.85
23874.117
23514.65
23228.117
22866.584
23263.051
22820.383
22770.316
22331.783
22364.65
22420.584
21777.783
21296.117
21212.25
19850.117
19131.184
18356.051
18497.584
18498.916
18548.783
18788.449
19553.117
20412.65
20860.916
20928.85
21124.916
21737.584
22227.85
22096.518
21773.184
22245.65
22126.051
22252.051
22260.316
21851.717
21495.85
21389.051
21842.982
21716.85
21358.65
21956.717
21883.916
22105.85
22199.383
22019.25
22157.717
22151.584
21876.65
21994.518
22093.916
22270.051
21853.65
21840.25
22216.117
22347.25
22239.783
22270.316
22398.717
22353.783
22259.117
21776.449
22223.85
22150.982
21823.916
21616.316
21877.85
22060.783
21867.051
21381.85
21671.916
21986.051
21364.316
21957.717
22151.051
22098.383
22479.518
22239.25
22356.316
22263.383
22104.717
22224.916
22161.25
22079.783
21764.117
21838.25
21867.117
21897.65
21792.717
21853.316
22105.584
22111.184
21831.316
21579.316
21869.85
21797.25
21943.117
21525.25
22010.449
21834.184
22047.85
22018.25
22121.316
22047.85
21584.85
21324.916
21908.383
21723.184
21899.584
21513.717
21441.783
21558.383
21443.916
21768.316
21487.184
21472.65
20962.982
20969.783
21092.518
21385.184
20467.25
20759.518
20967.383
20989.982
20752.65
20626.717
20996.117
20986.65
20717.982
20848.783
20979.25
21139.117
20414.916
20642.383
21106.449
21153.316
20781.982
20653.85
20807.184
20984.25
20613.449
20610.383
20767.783
20660.051
20128.717
20428.584
20428.316
20245.518
20215.117
20386.783
20013.518
20711.051
20131.184
20027.584
20138.982
20184.25
20069.316
19530.518
20025.184
20102.982
19786.717
19520.25
19963.117
19850.316
19751.85
19241.051
19780.717
19755.717
19687.982
19727.717
19397.383
19674.584
19492.383
19036.383
19329.65
19182.783
19179.717
18715.65
19118.65
19022.783
18400.25
18085.982
18855.982
18656.65
18436.85
18377.25
18574.051
18459.783
18121.584
18077.25
18686.051
18408.717
18259.184
18088.051
18565.25
18158.184
17951.383
17855.717
18469.117
18233.316
18005.117
17941.584
18173.584
17855.316
17473.916
17164.117
17655.117
17757.982
17645.184
17920.518
18071.25
17930.65
17318.184
18004.117
17760.65
17643.316
17617.85
17601.85
17464.383
17637.65
17177.584
17140.117
16547.184
15842.917
15113.316
14438.384
14030.517
13899.517
13840.583
13818.184
14705.25
15192.45
15349.717
15789.65
16099.583
16147.517
16250.717
16169.184
16292.184
15755.65
15774.384
15061.917
16071.917
16057.85
15798.717
15714.25
16130.384
16353.85
16469.717
16178.45
16573.25
16819.783
16445.117
16515.65
16887.717
16880.383
16845.85
16996.449
17094.25
17103.117
16868.383
16487.051
17387.518
17127.316
17097.117
16701.916
17381.184
17517.85
17239.184
17474.316
17475.717
17039.25
17225.051
16854.25
17447.982
17308.916
17215.316
17147.916
17186.717
17406.051
16986.051
17503.85
17436.449
17530.916
17481.25
17083.982
17762.184
17754.717
17275.85
17465.184
18130.383
17876.449
17626.051
18085.584
18337.916
17962.117
17748.051
17869.717
17511.982
17678.449
17157.383
17336.518
17660.518
17584.316
17572.316
17988.65
17672.85
17805.85
17162.117
16985.982
17941.982
17729.051
17571.916
17718.051
17519.916
17622.85
17711.982
17394.717
17444.184
17449.316
17389.584
17342.449
17555.383
17183.65
17300.717
17175.449
17492.051
17288.383
17361.449
17305.449
17764.783
17322.85
17356.518
17279.65
17554.051
17798.449
17783.717
17664.25
17559.316
17468.383
17305.25
17556.65
17714.717
17820.316
17837.184
17426.584
18055.117
17924.117
17867.65
17345.184
17916.449
17813.65
17563.051
17478.584
17602.184
17693.383
17859.783
17788.316
17852.117
17536.449
17647.117
17859.982
17549.383
17656.584
17562.449
17394.449
17510.584
17659.25
17373.25
17306.65
17437.85
17680.184
16779.584
17545.316
17542.518
17497.518
16774.518
17150.916
17479.184
17546.25
17395.449
17460.584
17374.982
17539.383
17250.65
17128.117
17526.518
17281.184
17344.916
17042.449
17260.916
17286.65
16992.982
16900.449
17218.783
16816.316
16878.184
16660.717
16990.982
16845.916
16529.25
16826.65
16814.25
16590.518
16713.717
16852.65
16660.65
16638.783
16427.717
16444.449
16739.518
16476.65
16565.449
16246.783
16276.517
16356.583
16270.85
16350.917
16165.45
16080.717
16035.184
15992.517
16244.983
16207.85
16144.583
15248.983
15561.05
15470.517
15328.25
14761.85
14682.983
14789.116
14391.45
13828.517
14366.384
14188.517
13386.917
13766.384
13690.983
13349.65
13491.45
12968.783
13124.717
12963.783
12691.116
12818.983
13040.25
12907.45
13092.116
11874.917
12625.917
12700.85
12253.583
12571.783
12792.05
12856.45
12576.983
12961.184
13183.583
13214.25
13389.316
13734.316
13706.583
13554.983
13660.85
13446.917
13429.384
13625.25
13637.583
13051.45
13518.45
13361.45
13070.583
12504.316
12848.983
12638.917
12346.917
12278.65
12143.717
12200.983
12026.384
11889.583
12295.25
12274.05
12139.05
12158.783
12289.184
12154.184
11984.316
11934.316
12364.05
12139.717
11828.25
12261.45
12638.517
12433.384
12131.45
12281.917
12216.05
12320.384
12217.517
12111.85
12195.583
11948.85
11410.583
11939.717
11820.316
11967.25
12055.717
11584.717
12080.05
11981.85
11230.45
11558.25
11797.517
11618.45
11669.45
11916.45
12045.384
11999.85
12179.45
12110.184
12215.116
12043.316
11990.917
11729.25
11971.316
12060.65
11755.116
11789.85
12033.05
12016.85
11740.917
12183.783
12202.85
12371.184
11909.116
12150.983
12264.783
12252.184
12405.184
11713.783
12290.85
12102.917
12337.65
11893.116
12559.917
12314.116
12446.116
12023.783
12593.116
12509.316
12225.316
12011.717
12239.85
12024.85
11914.917
12127.517
12096.384
11927.116
11614.05
11596.45
11853.717
12004.85
11843.25
12026.05
11998.384
11827.316
11619.85
11846.583
11926.184
11789.65
12059.85
11487.717
11790.25
12065.25
11999.65
11686.384
11747.45
11329.983
11050.384
11527.116
11384.184
11481.917
10680.917
11245.783
11515.85
11356.05
11095.85
11415.25
11602.983
11253.717
11363.45
11230.917
11481.384
11131.85
10847.517
10829.45
11198.45
11149.717
10699.717
10972.25
10961.116
11119.583
10946.517
11001.85
11073.316
10916.116
10735.184
10947.316
11104.116
11013.517
10885.384
11217.184
10915.316
11025.983
10958.184
10755.583
10938.983
10894.65
10752.517
10618.717
10694.25
10764.65
10475.384
10364.316
10840.384
10843.65
10543.384
10582.384
10834.45
10853.783
10413.917
10471.384
10662.45
10507.184
10261.717
10683.783
10628.783
10418.65
10617.184
10422.05
10517.384
10428.783
10163.316
9806.917
10485.517
10143.384
10384.917
10184.85
10293.85
10109.717
10061.45
9893.316
10264.583
10106.45
10038.05
9759.316
10029.05
10092.983
9894.116
9847.05
10116.517
10114.25
9601.717
9750.45
10052.85
10010.983
9300.783
9484.583
9909.917
9859.917
9770.45
9435.917
9989.917
9882.184
9802.384
9559.717
9722.783
9513.517
9418.65
9548.517
9713.917
9529.25
9357.316
9415.583
9842.25
9848.783
9635.85
9329.65
9453.384
9589.717
9412.184
9211.05
9538.05
9470.05
9439.983
9141.717
9345.85
9418.517
9382.384
9216.05
9393.783
9212.583
9629.783
8944.65
9351.384
9261.65
9064.316
8627.783
9352.384
9303.05
9338.717
8999.05
9112.25
8959.983
9100.316
9189.85
9475.783
8706.717
8977.25
8763.65
9048.384
8480.917
8069.383
7451.183
7267.917
6477.65
5701.517
5130.583
4531.983
3827.717
3456.85
2795.917
3100.517
3003.45
2745.25
2918.85
3809.317
3996.583
3948.9170000000004
4921.983
5439.85
5724.117
6029.517
5364.583
6116.583
5732.783
5582.517
5246.05
5040.383
5138.717
4845.25
4605.583
4976.783
5079.05
5013.917
4809.583
5535.917
5331.183
5339.65
5930.85
5982.117
6226.183
5894.317
6384.783
6537.517
6503.783
6521.05
6764.783
7049.117
7073.917
6587.783
6850.917
7399.05
7398.65
6966.65
7469.85
7731.65
7854.183
7744.717
7752.65
8222.45
8212.783
7610.317
7721.317
8400.717
8476.25
8297.383
8032.317
8552.45
8380.45
8198.383
8172.9169999999995
8670.983
8432.983
7583.05
8470.983
8588.117
8689.783
8373.383
8155.117
8633.517
8522.717
8359.783
8268.116
8431.983
8514.583
8110.65
7956.9169999999995
8887.583
8469.85
8242.45
8274.25
8614.65
8504.25
8352.917000000001
8335.517
8545.583
8518.384
8322.384
8316.25
8597.05
8598.583
8432.316
8337.983
8634.05
8560.917
7991.517
8206.184
8525.983
8454.517
8087.383
8027.917
8434.85
8301.582999999999
8330.317
8108.517
8373.183
8478.783
8216.183
7733.183
8520.917000000001
8409.582999999999
8397.25
8201.05
8715.717
8436.117
8256.983
8025.65
8506.582999999999
8312.25
7855.917
7740.183
8370.983
8318.05
8293.917000000001
7715.583
8407.117
8287.183
8143.85
8215.383
8405.25
8365.783
8186.917
8108.517
8611.783
8407.65
7550.783
7927.65
8524.65
8278.517
8247.117
8116.383
8489.183
8366.517
7929.383
7744.05
8322.85
8166.05
8149.117
7991.25
8314.517
8288.983
8148.85
7686.183
8380.85
8320.117
7966.85
7647.517
8208.317
8366.45
8052.317
7995.183
8317.717
7975.917
7898.65
8060.317
8067.65
7967.25
7842.583
7640.983
8218.25
8049.717
7690.65
7610.317
8066.917
8215.25
7527.717
7619.917
8061.45
7991.717
8036.383
7809.117
7983.517
7928.183
7869.65
7563.783
8174.25
7965.983
7641.25
7631.783
8003.783
7914.517
7754.383
7278.25
7887.717
7829.85
7721.317
7202.383
8009.783
7788.05
7300.517
7735.983
7802.917
7730.183
7306.45
7420.85
7550.85
7683.05
7453.717
7392.65
7688.65
7438.85
7440.983
7242.25
7561.25
7577.717
7100.983
7052.717
7538.117
7517.917
7225.25
7155.65
7220.45
7421.917
6958.85
7120.783
7187.317
7236.05
7064.317
6836.85
7417.583
7252.183
6866.05
6557.783
7107.45
7276.917
7093.983
6796.317
7142.983
7113.25
6414.317
6814.517
7246.05
6883.85
6745.183
6792.583
7030.717
7051.783
6668.983
6539.85
6938.383
7064.983
6871.983
6748.05
7095.583
6880.917
6617.65
6336.117
6975.317
6780.517
7051.583
6514.317
6997.583
6933.85
6417.183
6488.65
6978.517
6793.25
6604.85
6692.317
6939.117
6865.45
6466.783
6425.65
6993.717
6774.117
6596.05
6636.45
6885.583
6758.45
6310.983
6185.783
6580.117
6540.85
6008.783
6152.783
6628.45
6482.917
6647.717
6318.517
6634.183
6496.05
6758.45
6337.383
6559.383
6467.65
6101.117
6100.517
6564.117
6453.25
5979.317
5478.85
6411.25
6460.717
5980.45
6187.717
6448.25
6218.65
6081.583
6018.383
6377.45
6182.65
6012.25
5682.85
6229.517
6319.05
5582.45
5740.317
6302.383
6098.65
5846.783
5605.317
6216.917
6182.983
6093.983
5689.983
6257.717
6181.383
6130.65
5993.517
6216.05
6072.45
4838.783
5348.117
6098.45
6184.45
5805.45
5540.65
6055.85
6182.117
5533.383
5521.783
5943.583
5940.917
5457.45
5482.783
5964.25
5946.917
5303.517
5305.717
5850.383
5804.45
5529.05
5542.917
5769.783
5701.717
5268.183
5676.717
5767.517
5796.517
5278.517
5517.85
5886.183
5654.717
5206.383
5084.65
5697.517
5699.517
5558.583
4993.717
5803.383
5638.05
4981.85
5107.517
