273.983
84.7
-141.683
155.567
452.91700000000003
149.1
218.78300000000002
237.7
243.983
267.3
135.917
-156.36700000000002
217.983
225.433
34.31699999999999
-27.632999999999996
362.91700000000003
8.433000000000007
61.45
377.16700000000003
437.517
199.9
462.383
151.567
285.183
210.567
230.583
-101.433
206.317
213.767
335.58299999999997
27.632999999999996
288.783
194.36700000000002
235.317
33.167
565.65
483.967
95.65
-46.099999999999994
248.78300000000002
128.233
1.25
183.233
204.317
243.9
153.583
241.7
214.917
254.36700000000002
-35.95
41.367000000000004
618.183
287.567
-9.283000000000001
-251.9
438.183
454.433
46.650000000000006
46.167
385.117
440.7
389.25
236.96699999999998
415.717
369.367
157.78300000000002
331.233
397.25
413.233
328.65
-120.767
444.65
288.233
42.650000000000006
91.567
378.783
198.36700000000002
146.78300000000002
79.433
320.45
506.9
208.45
73.233
248.983
352.3
38.18300000000001
21.167
246.917
202.567
507.25
8.099999999999994
178.983
222.1
353.85
-50.43300000000001
204.45
261.7
200.11700000000002
96.3
415.183
369.367
-226.483
35.5
407.183
312.233
221.65
223.63299999999998
474.25
303.433
6.183000000000007
277.233
117.183
334.83299999999997
252.45
290.033
418.65
292.233
553.583
-230.567
333.117
368.233
118.25
375.433
399.25
459.367
263.85
104.167
350.317
253.63299999999998
-60.217
119.967
342.517
308.767
135.25
13.167000000000002
415.983
447.7
60.25
-229.9
359.25
327.367
97.717
139.167
273.183
424.5
341.65
50.033
290.317
340.367
-273.15
-127.967
312.85
221.36700000000002
165.38299999999998
-10.700000000000003
333.45
267.5
41.583
228.9
412.85
294.9
260.85
-109.567
464.85
416.16700000000003
438.383
164.96699999999998
491.317
286.5
162.38299999999998
343.83299999999997
419.05
80.167
366.05
-159.9
141.317
239.36700000000002
9.516999999999996
371.633
600.85
432.233
176.78300000000002
-72.167
507.25
157.167
459.25
31.433000000000007
396.85
365.433
318.05
385.83299999999997
531.383
360.5
440.783
308.9
336.783
229.5
391.45
-337.3
394.383
358.433
183.183
149.767
136.78300000000002
333.7
475.58299999999997
188.833
252.71699999999998
300.967
127.583
-190.567
282.25
396.233
476.383
201.1
392.517
315.367
62.983000000000004
-310.633
443.05
246.63299999999998
-54.083
19.033
266.91700000000003
205.567
-1001.55
-84.1
128.38299999999998
280.5
249.25
-53.099999999999994
577.85
405.767
263.517
81.5
265.783
235.5
-101.883
431.367
525.05
283.233
-183.417
49.833
313.717
328.5
-102.95
365.16700000000003
382.91700000000003
271.433
405.383
346.567
332.183
423.7
253.317
191.03300000000002
377.25
255.167
416.65
35.033
398.85
442.16700000000003
343.25
-67.9
229.583
321.767
85.383
-277.967
375.517
350.16700000000003
261.183
-109.567
364.783
342.233
227.183
89.767
365.117
351.16700000000003
-147.017
215.96699999999998
347.117
69.367
-144.417
165.63299999999998
275.117
221.167
328.517
173.767
264.58299999999997
530.167
91.183
183.9
380.05
542.567
392.717
179.7
223.38299999999998
290.433
101.983
497.233
360.85
221.96699999999998
-152.017
120.7
218.317
301.567
269.783
1.766999999999996
550.983
568.1
40.917
302.5
381.983
360.567
239.517
114.233
353.183
394.967
87.183
138.63299999999998
311.383
346.1
191.05
311.433
489.65
450.16700000000003
420.05
129.833
590.25
203.433
418.65
-110.56700000000001
393.717
208.7
-60.150000000000006
319.967
369.38300000000004
229.833
566.383
424.433
412.183
310.567
677.183
118.56700000000001
418.783
327.7
-1.6169999999999902
314.3
672.25
451.83299999999997
582.85
5.233000000000004
494.317
407.63300000000004
429.65
247.433
396.317
578.767
3.983000000000004
286.5
657.517
386.567
194.517
228.233
402.45
405.967
561.85
230.767
699.65
596.167
741.25
493.5
757.05
563.367
289.05
405.567
466.25
681.567
847.9169999999999
278.767
780.9169999999999
664.433
604.517
746.033
674.25
568.033
425.383
719.433
562.05
834.767
190.78300000000002
366.633
634.9169999999999
619.8330000000001
639.783
480.233
959.9169999999999
638.767
786.517
628.567
771.317
735.7
756.85
392.967
1085.25
552.3
640.983
575.033
919.45
602.9
784.5830000000001
678.767
696.383
957.3
869.317
769.767
712.783
957.9
721.383
540.167
1026.783
816.567
710.983
648.367
655.917
760.033
874.05
764.833
974.583
870.967
653.983
613.1
772.383
893.833
774.983
658.833
1005.517
576.1
845.317
566.367
764.783
670.967
838.85
945.5
814.383
567.3
871.183
1057.9
524.85
948.167
805.117
842.5
871.25
840.3
709.317
1073.233
1242.45
772.167
785.983
1374.7
1010.583
1224.633
599.85
787.033
1271.85
1110.1
1246.85
1328.433
864.517
833.3
957.983
941.0329999999999
1460.117
1292.367
757.117
1242.833
1120.583
1354.433
1381.317
1207.167
1120.183
1452.3
721.7170000000001
1007.7
1139.45
1317.167
1635.45
1588.3
1534.383
1476.967
1269.517
1391.167
1406.183
1308.7
922.7829999999999
1149.3
1476.183
1292.367
1551.117
1119.233
1624.383
1527.767
1621.317
1445.3
1591.583
1513.9
1120.917
1568.167
1440.317
1354.767
1275.517
1419.967
1391.317
1505.433
1408.45
1195.5
1519.85
1305.233
1275.517
1155.033
1626.583
1524.233
1454.983
1551.633
1642.117
1396.1
1356.183
1273.3
1511.383
1562.567
1425.917
1178.967
1673.517
1406.7
1450.383
1438.3
1592.317
1472.767
981.25
1423.033
1494.85
1573.633
1588.183
1778.367
1903.65
1728.9
1730.85
1719.7
1838.317
1914.567
1758.783
1856.967
1853.517
1850.367
2015.317
1876.7
2236.917
1720.367
1297.183
1544.633
1761.183
2042.233
1770.317
1878.9
2230.85
2048.433
1959.983
1899.233
2129.783
2184.3
2210.517
1932.7
2294.783
1983.5
1858.117
1750.167
1774.517
1689.3
2010.117
1365.233
1761.583
1878.033
2125.45
1777.767
2102.583
2005.633
2205.983
2002.967
2081.517
2146.167
2144.517
2036.767
2352.783
1923.967
2477.717
2224.9
2233.317
2149.5
2054.183
2233.967
2490.517
1851.367
1981.717
2279.233
2518.45
2256.967
2314.45
2064.833
2139.783
2014.633
2114.583
2265.567
2227.25
2541.367
2815.717
2128.767
2709.65
2673.5
2544.717
2456.7
2495.85
2367.1
2327.117
2638.9
2558.717
2374.967
2140.25
2283.3
2210.65
2184.3
2494.783
2405.233
2566.25
2788.633
2617.25
2747.367
2973.317
2716.5
3045.317
2876.833
3216.783
2967.7
2811.117
3034.1
3042.65
2943.967
2751.05
2901.9
2714.717
2791.633
2661.117
2843.167
2804.717
2591.5
2243.85
2522.367
2453.717
2480.833
2291.117
2238.9
2501.517
2241.833
2170.983
1877.633
2488.85
2059.3
2390.117
2415.3
2615.85
3131.433
2937.117
3237.033
3083.317
3267.433
3411.983
3016.5
3185.983
3131.3
2828.05
2764.5
3043.783
2901.233
3153.317
2703.5
2979.783
3037.433
3000.65
3191.767
3149.583
3211.1
3390.583
3331.767
3380.517
3371.967
3281.25
2998.9
3340.917
3403.633
3231.983
3514.033
3583.717
3443.1
3324.717
3028.7
3537.717
3439.167
3751.717
4048.967
4143.5830000000005
4517.1669999999995
4508.25
4349.3
4300.317
4240.833
4328.65
3933.367
4485.117
4181.967000000001
4328.383
4259.433
4475.117
3989.433
4126.05
4275.8330000000005
4104.45
4169.367
3941.783
3659.3
4284.85
4383.367
4262.983
4454.967
4639.517
4611.967
4512.65
4262.1
4601.65
4521.233
3987.05
4218.367
4171.05
4402.7
4293.45
4546.633
4720.85
4467.9
4333.85
3787.633
4038.117
4148.1669999999995
4174.45
3925.833
4338.782999999999
4015.433
4031.717
3794.367
3704.45
3687.3
3603.45
3662.9
3697.117
3825.033
3585.583
3737.633
3479.25
3665.433
3783.717
3931.7
4235.85
4413.633
4522.583
4692.767
4467.983
4582.5
4118.317
4662.633
4448.983
4472.5
5022.183
4731.5
5414.517
5457.767
5409.117
5622.633
6220.317
5684.967
5824.517
5293.367
5439.45
5334.9
4895.583
4641.033
4701.45
4541.5
4338.05
4447.5
4967.65
4592.167
4893.85
4950.3
5451.383
5467.767
5565.383
5273.967
5116.183
4975.767
4570.25
4431.167
4495.25
4062.033
3913.65
3767.633
3804.183
3740.633
3157.05
3493.9
3488.85
3177.967
2842.85
3620.1
3667.383
3822.567
4157.317
3903.8999999999996
4710.383
4978.233
5068.05
4901.767
5000.583
4760.633
4373.05
4526.833
4431.25
4634.767
4611.183
4461.1
5004.85
4687.433
4873.583
4764.167
4925.85
4870.9
4788.383
4248.367
4840.65
4722.967
4840.65
4774.1
4697.517
4703.433
4769.85
4800.7
5498.583
5566.033
5550.983
5838.233
6028.317
6076.767
6052.383
5876.7
6209.317
5975.833
6401.317
6014.9
6482.317
6919.233
6212.05
6469.5
6539.117
6273.167
6248.183
5509.5
5359.917
4801.167
4502.05
3543.1
3357.983
2827.433
2629.317
2634.767
3186.917
3491.367
3867.65
4430.433
4802.917
5066.433
5362.317
5826.767
6140.183
6599.033
6459.317
6436.7
6575.317
6011.1
5870.717
5553.433
5138.25
4319.633
3992.517
3660.433
3629.25
4006.233
4205.983
4811.767
5725.117
6044.5
6285.25
7212.3
7445.917
7589.967
8020.583
7734.367
8468.25
8522.366
8906.517
8647.833
8566.05
9036.434
8800.05
8826.1
8980.717
8831.233
9096.316
8883.233
9552.25
9377.3
9462.783
9286.566
9758.917
9611.3
9476.517
9565.967
10112.116
9872.7
9801.583
9594.366
9749.85
9269.5
9345.116
9530.233
9586.05
10034.5
9780.184
9891.9
9982.65
9634.634
9338.65
9108.9
9318.717
9591.767
9762.116
9659.566
9702.184
9677.233
9614.45
9488.233
9372.316
9377.3
9205.65
9309.366
9752.983
9503.967
9713.783
9374.767
9531.184
9778.967
9547.717
9940.833
10113.25
10107.167
10261.184
10295.167
10427.25
10778.366
11037.917
10810.233
10787.116
10694.7
9995.116
9433.366
9574.116
9511.5
9448.983
9339.767
9681.517
9924.1
10111.717
10751.434
10696.983
11330.9
11278.45
11348.967
11277.85
11746.366
11082.583
11200.167
11652.184
11168.1
11199.517
11409.233
11324.45
11122.033
11758.917
11253.3
11592.783
11566.5
11460.583
11177.167
11432.184
11317.7
11287.384
10715.167
11389.05
11221.434
11222.917
10819.434
11158.783
11586.366
11781.717
11437.434
11704.717
11814.833
11584.384
11565.967
11514.85
10434.833
10888.184
10918.967
11003.983
10511.9
11162.583
11007.167
11029.45
10749.366
10724.983
11075.167
11212.783
11150.634
11264.65
10985.167
10714.45
10719.3
10090.983
10331.634
11097.45
10894.634
11028.316
11428.7
11730.316
11829.3
12004.25
11647.033
11777.983
11926.5
11834.05
11373.967
11167.116
10647.1
10831.983
10051.167
10735.983
10980.1
10620.783
10628.167
11462.85
11433.366
10864.85
10928.167
11767.983
11956.9
11650.384
11475.167
11565.85
11672.033
11388.717
11260.566
11573.384
11351.767
11631.783
11925.366
11647.517
11896.167
12174.783
11263.033
11544.65
11397.634
11012.384
11261.566
10506.25
10787.1
10861.783
11873.634
11723.517
11551.767
11554.583
11082.233
11326.25
11342.566
11679.717
11340.434
11102.116
10511.033
10330.45
9989.634
9594.116
9518.833
8835.65
8689.434
8708.184
8682.9
9224.583
9666.634
10622.917
11337.5
12544.85
12685.833
13773.983
12936.967
12330.65
12810.767
12703.05
12448.3
13268.717
13412.033
13628.116
13478.366
13307.517
12706.7
12171.45
11814.366
12026.316
12005.033
13326.65
12755.434
13397.917
13454.767
13786.983
13819.434
13424.45
14207.634
14392.983
15063.366
14923.45
15091.366
15321.65
15742.634
14645.783
14881.3
14215.45
14582.566
14561.45
14983.5
14368.917
14128.167
13693.783
13462.7
13715.65
13393.167
12453.65
13366.566
13207.65
14092.366
14226.184
14290.167
15249.983
14809.3
14453.316
14808.233
14834.583
14590.366
14584.583
14849.167
15234.783
15693.366
15783.583
15447.9
15583.85
17266.768
15975.917
16039.366
16302.983
15650.634
16289.85
16286.634
16881.316
16264.967
15657.25
15999.167
16268.45
16106.1
15578.45
15488.9
16666.65
17110.5
16725.916
16060.233
16388.983
16177.167
16072.583
15202.967
16090.116
15934.634
15591.517
14847.967
15494.583
15799.033
15792.384
15374.833
16429.85
16525.967
16252.982
16637.1
16776.65
17626.1
16774.051
16581.301
17176.982
16737.699
17093.051
16136.566
16484.783
17263.967
16842.65
16986.967
17023.117
16535.967
16787.916
17259.9
17959.316
17679.834
17632.584
17838.434
17605.25
18086.166
18575.982
18123.166
18031.184
17608.699
17626.25
17079.367
17548.117
17135.9
17506.85
16813.033
16376.65
16636.033
16551.116
16195.366
16783.25
16330.366
16499.717
16638.699
16566.05
16645.5
16477.982
17065.633
17566.184
17997.166
17040.717
17137.633
17198.184
16617.434
17504.117
17136.434
17740.584
17689.633
18065.25
18092.834
18229.783
18493.834
17919.584
17482.699
19232.051
18543.367
18472.65
18729.033
18951.982
17676.768
18450.783
17654.1
18695.518
18383.166
17604.916
18248.633
18719.783
18450.633
18540.584
19615.566
18957.982
18332.166
18089.117
17887.301
17713.717
18327.301
19140.584
18934.232
19668.982
19844.967
20234.85
19695.699
19737.518
20201.434
19956.383
19973.9
19940.25
20020.768
20508.117
20131.699
20884.916
20591.232
20730.518
21186.967
20984.316
20960.1
20448.25
20608.367
20911.316
20475.033
20348.717
20125.834
20910.916
20604.166
21625.117
20822.5
20444.449
20963.566
21124.982
21891.9
22025.584
22124.1
21514.449
21730.1
21149.717
21347.633
21058.316
21530.633
21693.184
23676.699
21835.518
22816.033
23137.383
23339.5
22817.783
24181.967
23561.717
23932.834
24774.982
25492.967
24218.051
24816.367
24253.65
24537.301
26273.518
24628.5
24867.518
23948.566
23873.518
24005.566
24751.383
24585.9
25122.184
25934.1
25375.518
26220.834
26886.383
27605.967
27620.717
27847.834
28636.316
29378.434
28650.449
27241.1
28130.518
28324.5
27480.383
28054.301
28734.518
28758.633
28543.184
29086.434
29732.184
28992.633
30525.783
31300.166
30857.25
30281.367
31467.518
31262.633
31364.25
31019.301
31408.783
31595.232
31333.117
31378.367
30973.783
31274.5
32253.916
33068.434
33487.918
33832.5
35382.852
35616.234
34950.984
35688.633
35730.316
35448.367
35472.852
34436.633
35550.316
34615.699
34621.852
36302.168
36903.117
37218.766
37260.582
37511.699
38344.316
37379.832
37652.785
37066.234
37375.582
37694.699
37081.785
37866.699
38643.582
39038.633
39158.582
39379.434
39768.648
39846.434
39160.785
39501.301
39384.051
39436.234
38809.918
39432.766
39564.582
39734.5
40217.383
39686.367
39501.852
39742.566
39823.316
39869.367
39919.715
40225.102
40019.984
40164.766
40451.25
40164.035
38965.785
38347.633
36552.051
35096.766
34083.383
33724.234
33648.051
34165.367
34170.516
35560.633
37289.383
37825.766
38517.648
38720.633
38948.117
39952.898
40986.516
40565.102
41256.051
41280.699
40860.383
40013.168
39714.648
39981.633
40615.117
41014.035
41477.184
42198.301
43159.25
43679.168
43825.449
43977.566
43127.184
42932.766
42453.918
42770.367
42901.316
42874.965
42817.785
42057.434
41606.715
41313.234
40749.582
40816.434
41135.051
40931.699
42469.25
42762.699
43088.582
43750.301
44010.184
43082.035
43287.051
42831.234
42887.516
43270.832
43658.316
44111.766
45235.117
45057.699
45667.25
45169.367
45085.25
44669.102
43866.516
44073.699
43977.984
44202.566
43914.316
44218.367
44851.184
45147.832
44713.184
44750.5
45903.25
45307.234
45759.918
45035.434
45626.984
44974.898
44061.117
43509.102
43127.051
43037.168
43271.715
43598.434
44121.117
45308.434
45041.648
45902.699
45337.316
45395.301
45111.648
44598.633
44313.648
43822.965
43141.852
43302.102
43288.383
42987.766
43224.316
43212.965
42926.516
43025.301
42869.184
43001.367
43483.984
43979.035
43984.117
44540.367
45257.648
45577.168
45500.918
45806.301
45633.051
45548.301
44666.25
44236.633
43673.715
43960.898
44409.582
44125.434
44986.25
45334.633
45992.516
46313.434
46268.516
46219.035
47133.516
47520.699
48074.918
48200.965
47798.852
47618.766
47274.449
47318.301
46541.051
46287.5
46476.582
46437.766
46111.449
46007.965
45077.785
45665.965
45252.383
45723.434
45556.582
46501.367
47080.184
47724.633
48149.582
48482.234
47399.25
47535.367
46917.852
46956.301
47286.648
46980.102
46887.516
46519.434
46911.582
47308.965
47388.051
47603.898
47621.785
48156.566
48639.516
49514.5
48656.648
48492.898
47761.117
47712.301
46955.516
46886.434
46822.582
46496.832
47176.715
47349.102
45467.582
46680.766
46611.582
46273.965
46394.785
46138.766
45988.25
46341.102
46936.852
47266.566
47260.582
47206.766
47375.449
48147.699
48255.117
48527.965
48244.785
47709.965
46163.516
44523.766
43536.984
41930.301
40145.051
39611.367
40346.918
41500.832
44040.984
44728.102
44057.918
44125.965
44330.316
43750.367
44164.715
43575.434
43033.715
44057.168
45411.984
46440.168
46338.785
46806.367
47004.449
47553.566
48383.117
47838.965
47686.984
47758.832
46919.516
47463.766
47892.984
47959.102
47812.984
48708.035
49171.984
49196.832
49250.918
48457.434
48311.852
47935.5
48215.984
47817.035
47011.184
46820.234
46302.051
47386.699
48294.117
49046.301
48753.582
49452.035
50401.316
50766.234
50215.051
49719.168
50126.582
49426.699
49223.582
48580.898
49231.715
49846.5
49347.648
48998.965
48578.117
47400.832
46703.785
45056.301
43715.316
43302.035
43418.184
43814.633
44470.715
45749.699
46030.449
47446.234
47716.852
47800.5
48510.25
48782.832
49258.918
49452.367
49583.25
50095.965
51035.184
50316.102
49882.117
48984.965
48862.449
48660.566
48567.852
48617.301
48629.184
49398.633
50451.383
50538.566
50520.184
50467.766
50402.383
50112.5
50079.852
50104.035
48862.383
48287.832
47788.117
47105.566
46233.918
45672.633
46018.715
46343.5
46844.715
47354.5
48138.117
48229.633
48016.184
47795.102
47959.051
47654.766
47236.918
47372.5
47825.383
48381.301
48513.918
48566.434
49141.648
49726.234
49666.918
49814.234
49485.316
49320.301
48607.316
47770.168
47385.715
46479.965
45372.383
46764.566
46598.117
46987.234
47132.184
47849.566
47969.785
48340.102
47799.852
47874.168
48224.25
47730.633
47516.184
47364.699
47231.516
46816.898
46148.648
45607.5
45756.582
45873.102
45315.449
44602.035
44980.715
44855.566
44549.516
44560.898
44801.25
45150.766
45422.648
45867.766
46029.383
46552.766
46216.316
46092.367
46534.918
46424.898
45166.383
45937.234
45497.582
45512.766
45777.715
45133.832
45223.852
46083.234
46291.051
46731.633
46675.648
46770.301
46664.715
46390.434
46836.184
46327.633
45714.383
45698.367
46022.582
46470.699
46677.117
45876.434
46045.516
45968.965
45541.648
45849.699
45960.316
45810.965
45587.648
45832.766
45464.051
45663.5
45006.984
44739.434
44598.516
44568.699
44775.785
44338.5
45241.449
45536.168
46114.516
45441.965
45598.383
45592.566
45919.582
45780.766
45514.316
45721.766
45629.516
45404.566
45410.184
45449.566
45081.785
44613.035
45046.852
45245.234
45256.984
45200.168
45416.516
45404.234
45335.383
45808.699
45796.383
46033.168
45149.582
44644.898
44944.383
44334.102
44372.316
44173.766
44784.383
45263.965
45143.715
45020.832
45310.852
45299.832
45543.051
45418.566
45496.852
45837.766
45580.785
45556.168
45737.582
45852.898
45729.984
45590.434
44813.051
45053.965
44238.852
44435.965
44488.383
44349.5
43986.918
44174.367
44119.648
44047.832
44078.051
44500.832
44113.785
44750.965
44487.918
44402.699
43838.984
43407.898
43075.449
43180.832
42758.383
42781.301
42476.715
43085.5
43325.715
43376.965
43169.582
42836.566
43915.715
44189.633
44467.715
44533.168
45203.316
45318.102
44643.117
44383.5
44216.715
44244.434
43334.117
43471.566
43716.316
43674.434
44058.117
44022.102
44539.918
44446.898
44508.715
44292.566
44541.516
44205.566
43841.383
43417.566
43988.449
44064.965
43253.648
44143.965
43753.852
44099.102
44329.316
43780.367
44074.316
43630.367
42815.918
42336.301
42802.117
42581.832
42267.715
42723.5
42719.582
43816.5
43498.852
44258.434
44443.785
44074.102
44026.785
44421.102
44800.184
44211.766
43605.184
43375.832
43348.316
42844.699
42661.516
42524.5
43190.648
43246.035
43218.184
43183.699
43841.184
43836.699
43445.449
43157.699
43136.051
42712.965
42036.582
41520.832
41598.051
41562.234
41090.715
41488.434
41826.383
42448.633
42726.117
42894.699
43212.184
43419.035
43764.184
43811.633
43902.516
43654.168
43472.184
44023.965
43376.648
43867.102
43543.715
43111.633
43642.918
43550.102
43672.051
43418.5
43220.582
43080.102
43066.516
42479.832
42539.449
42313.832
42084.984
42425.434
42122.715
41908.898
41881.715
41814.566
42596.785
42896.633
42033.449
42150.699
42760.715
42668.367
42551.715
42992.301
42555.715
42187.566
42044.316
41278.035
41727.117
40925.832
41115.117
40995.301
40955.648
41483.367
41302.316
41653.035
41515.516
41424.699
41809.449
41739.102
42050.051
41970.832
41486.582
41565.168
41746.184
41919.035
41093.715
41402.035
41578.25
41625.234
41004.516
41483.234
42154.516
41734.633
41474.852
42279.699
42357.25
42229.367
41875.918
41481.898
42033.449
41610.434
41773.984
41768.102
41463.449
41640.168
41508.316
41261.965
41619.449
41367.699
40635.582
40860.965
41132.449
40863.367
40228.25
40296.832
39930.648
39785.566
39583.918
39204.102
39799.785
39846.898
39468.984
40422.5
40317.117
40528.832
40611.383
40256.168
40780.117
40597.766
40209.316
39717.035
40184.117
40381.766
39503.984
38747.168
37916.852
37196.566
36644.117
35915.766
35524.449
34929.766
34377.715
35597.234
36283.316
36357.035
36913.918
37684.168
38824.715
38543.5
39031.051
38801.766
38703.516
38948.301
38489.582
38337.168
38514.117
38470.898
38050.25
38190.965
38274.918
38506.168
38268.785
37943.102
38402.852
38154.5
38166.785
38005.035
38385.184
38358.102
38034.117
38628.566
38431.25
38234.766
37865.184
37600.832
37630.984
37511.965
37445.516
37561.566
37353.449
37739.434
37805.918
37580.633
37817.051
38326.234
37982.715
37698.898
38019.184
38180.168
37996.984
38178.832
38063.117
37655.898
37447.184
37361.5
37596.785
37467.699
36630.383
37040.434
36863.449
37157.035
36957.715
36854.832
36927.984
37067.035
37373.051
36867.566
37121.051
37380.168
36777.117
37030.301
37040.516
36905.301
36363.25
36477.898
36398.051
36499.367
36511.184
36393.832
36333.785
36361.367
35670.316
35981.566
35768.852
36069.102
35572.715
35928.633
36531.785
36202.035
36652.184
36628.102
36503.316
36955.633
36722.852
36724.832
36767.582
36656.301
36841.449
36693.898
36832.051
36544.5
36802.648
36556.234
36957.117
36274.965
36415.984
36256.301
36481.117
36568.168
36064.316
35931.234
36049.25
36062.035
36079.582
36103.102
36143.383
36309.102
36286.785
36159.301
36078.918
35723.832
35239.785
35123.234
35355.516
34864.102
34528.516
34614.965
35101.648
35009.367
34593.918
34654.301
34969.117
34771.301
34478.582
34168.367
34432.984
34246.102
33855.582
33349.234
33710.051
33758.766
33728.984
34039.102
33887.516
33946.234
33347.582
33515.102
33097.449
33005.301
32278.982
32107.699
32104.584
31633.434
31636.383
30958.699
31314.65
30988.699
30341.717
29584.232
29439.916
29497.5
29360.65
28815.967
28993.383
28956.633
29237.25
29309.1
29984.25
30339.633
31185.316
31989.166
32038.982
32247.967
32311.85
32516.768
32338.85
32021.232
32058.584
31810.367
32056.383
31822.232
32160.184
32246.633
32572.117
32505.5
32772.65
32670.367
33100.25
32949.965
32692.717
32985.032999999996
33240.918
33036.566
32743.316
32528.768
32811.383
32772.5
32468.916
32417.1
32519.65
32575.367
32964.051
32160.566
32696.982
32632.834
32733.383
32549.834
32827.65
32580.301
32154.584
32182.699
32266.316
32452.1
31726.449
31625.1
31866.316
31586.566
31497.184
31729.033
31794.85
31521.1
31420.051
31163.367
31110.783
31131.566
31226.518
31160.367
31125.449
31078.367
31112.584
31017.699
30851.85
30829.301
30655.584
30020.434
30413.85
30029.699
30093.449
30105.9
30245.584
30003.166
30163.051
30123.9
30129.25
30471.232
30280.65
30609.699
30448.449
30660.768
30394.518
29925.033
30051.383
29845.166
29703.383
29910.033
29742.584
29748.566
29779.117
29720.9
30147.717
30638.633
30141.117
30729.768
30820.916
30605.768
30751.783
30401.967
30630.184
30819.367
30954.383
31113.367
31188.916
31613.166
31521.85
31882.633
32256.051
32540.5
32014.982
31918.566
32248.117
32795.367
32625.383
33072.633
33226.852
33678.434
33465.785
33586.434
33462.383
33196.168
32358.717
31302.367
30729.916
30389.232
30092.85
29785.367
29507.65
29586.033
29442.982
29317.166
29565.117
29480.232
29479.85
29436.033
29797.584
29528.566
29361.783
29038.834
29001.184
29228.232
28768.518
29075.5
28940.982
29219.699
29180.449
29295.566
29398.25
29586.367
29202.25
29410.566
29699.584
29514.434
28912.65
29276.232
29660.051
29468.566
29075.117
29374.633
29577.584
29011.367
29430.916
28707.166
29036.982
28727.768
28456.916
28566.434
28501.982
28573.834
28290.584
27828.834
28483.383
28556.768
28210.184
28212.768
28392.65
28169.301
28493.85
27927.633
28206.518
28235.166
28423.449
28418.166
28527.584
28229.434
28403.518
28496.699
28731.584
28293.1
27877.117
27909.434
28189.85
28333.367
28018.783
28192.434
28036.65
28221.967
27972.717
27986.166
28005.717
27944.367
27530.85
27296.9
27924.518
27679.1
27222.316
27099.166
27601.383
27154.699
27186.117
27254.699
27543.584
27183.301
26239.316
27031.834
27455.383
27075.566
27036.184
26658.633
26916.383
26960.166
27265.65
27189.633
27058.449
26773.9
26812.25
26783.967
26164.916
26039.166
25452.65
25716.5
25280.383
25699.232
25233.982
25330.9
26637.783
26486.633
26398.65
27091.232
26846.316
26923.699
26437.65
26241.768
26082.383
26087.9
25797.584
25901.301
25999.25
26026.1
25583.449
25853.834
26469.916
26035.5
25474.916
25850.301
26071.184
26166.166
25814.316
25985.967
26071.982
25766.301
25401.584
25035.232
25435.184
24990.699
24936.184
24468.834
24475.383
24514.768
23869.717
23393.699
23237.449
21731.1
20949.518
20143.1
20262.916
20273.699
20358.783
20619.566
21470.85
22369.1
22903.717
22957.166
23148.85
23830.434
24310.051
24193.9
23828.117
24345.5
24234.518
24327.033
24329.449
23932.434
23597.982
23484.434
23937.717
23804.1
23388.449
24053.166
23931.982
24156.834
24271.184
24120.967
24254.584
24239.967
23949.916
24085.5
24155.117
24412.967
23929.117
23932.301
24335.783
24383.166
24288.051
24357.1
24509.982
24472.633
24376.316
23826.9
24309.783
24245.1
23915.717
23681.633
23928.518
24130.834
23889.449
23449.166
23706.584
24014.434
23380.117
24081.633
24209.184
24151.434
24588.916
24294.1
24374.383
24394.367
24194.518
24320.967
24204.184
24176.1
23824.25
23927.367
23886.184
23913.633
23823.051
23956.768
24157.051
24170.301
23899.717
23648.301
23954.316
23822.367
23991.449
23544.434
24068.982
23919.566
24059.584
24135.367
24204.717
24107.166
23641.383
23351.301
23913.383
23764.5
23948.383
23536.5
23487.184
23554.967
23439.25
23801.633
23510.584
23514.834
22931.85
22955.9
23072.783
23336.9
22454.383
22733.367
22957.518
22942.566
22716.051
22547.5
22965.982
22966.166
22720.783
22858.633
22911.051
23141.367
22412.449
22642.5
23055.982
23149.367
22759.518
22604.232
22760.982
22956.9
22530.982
22522.434
22660.85
22608.9
22021.783
22335.9
22323.584
22185.232
22112.184
22278.566
21934.916
22713.434
22034.518
21971.967
22066.783
22077.301
21971.117
21392.166
21894.449
21945.367
21629.783
21403.768
21851.383
21736.1
21637.316
21057.1
21639.717
21629.232
21544.65
21576.633
21187.65
21473.768
21314.184
20872.967
21117.717
20972.834
20985.982
20470.033
20913.916
20825.367
20176.65
19838.367
20569.449
20405.967
20191.584
20101.033
20337.982
20213.166
19823.65
19762.166
20454.518
20127.699
19962.449
19833.699
20304.117
19841.967
19687.25
19603.166
20197.717
19968.232
19723.783
19671.033
19853.982
19546.9
19140.25
18867.1
19324.982
19394.434
19291.051
19632.5
19721.518
19582.367
19000.717
19667.434
19458.982
19326.768
19283.449
19224.033
19127.25
19291.633
18800.783
18728.434
18016.449
17272.434
16482.116
15747.033
15268.917
15085.434
15086.717
15093.967
16037.717
16567.634
16794.117
17247.768
17552.518
17613.166
17724.117
17622.699
17771.916
17219.434
17204.449
16504.566
17508.051
17484.367
17255.982
17176.9
17581.518
17835.033
18000.449
17673.566
18119.25
18364.834
17983.85
18101.967
18422.717
18460.367
18427.783
18573.301
18695.85
18692.232
18434.117
18123.232
18997.916
18762.1
18742.25
18332.834
19047.449
19179.834
18895.783
19129.633
19152.449
18656.9
18860.982
18510.367
19068.717
18980.367
18860.783
18785.9
18822.584
19036.699
18590.184
19191.1
19113.916
19180.033
19136.717
18732.566
19455.717
19414.301
18973.316
19168.967
19825.051
19549.301
19317.383
19831.967
20029.518
19683.232
19420.25
19533.768
19182.783
19349.9
18843.051
18958.566
19298.65
19183.033
19242.117
19689.166
19332.383
19488.434
18837.717
18697.9
19610.25
19430.566
19238.584
19391.434
19208.25
19275.367
19390.982
19071.9
19102.916
19130.967
19070.982
18992.033
19159.584
18850.5
18913.65
18817.1
19178.316
18918.768
19042.518
18956.166
19390.383
18995.1
19040.717
18928.5
19193.051
19468.033
19433.449
19319.033
19280.584
19119.232
19013.65
19248.834
19393.518
19478.566
19487.117
19100.566
19749.184
19602.1
19507.916
19052.5
19561.65
19502.967
19252.717
19174.967
19219.518
19408.566
19537.85
19417.834
19498.383
19173.166
19273.449
19505.434
19200.717
19306.434
19243.85
19059.633
19185.584
19320.633
19023.65
18958.1
19114.184
19375.967
18416.783
19147.633
19155.916
19076.367
18408.584
18812.633
19062.051
19196.566
19054.65
19093.367
19016.783
19192.232
18904.184
18744.5
19162.717
18884.033
18975.184
18624.301
18909.25
18921.5
18594.584
18517.9
18835.65
18409.699
18376.916
18238.5
18576.051
18450.367
18109.117
18431.967
18419.316
18131.232
18304.316
18444.566
18256.783
18225.633
17987.65
18006.301
18312.85
17967.301
18114.449
17743.633
17823.383
17869.633
17727.717
17833.834
17697.184
17601.166
17570.85
17540.834
17746.449
17710.232
17628.25
16725.166
17014.783
16949.367
16758.384
16155.366
16085.05
16181.434
15782.384
15162.3
15712.25
15524.434
14706.25
15076.7
14981.717
14606.833
14756.717
14204.434
14340.184
14168.434
13879.717
14003.366
14289.917
14159.033
14305.983
13109.3
13832.45
13938.5
13450.517
13732.1
13966.783
14067.033
13806.917
14184.5
14430.116
14465.833
14662.65
15033.833
15015.717
14854.366
14944.517
14738.3
14706.65
14915.767
14883.517
14328.7
14778.316
14584.3
14276.05
13690.3
14033.717
13808.9
13501.517
13409.3
13288.65
13344.167
13176.783
13079.434
13434.717
13452.967
13320.917
13308.833
13411.65
13271.967
13162.184
13101.9
13492.65
13327.434
13009.65
13420.566
13811.85
13585.3
13257.517
13458.1
13354.583
13442.566
13381.917
13286.967
13345.184
13101.833
12494.05
13104.5
12953.917
13070.366
13214.116
12723.9
13197.116
13111.167
12350.45
12698.634
12892.583
12729.9
12793.917
13050.7
13159.25
13133.833
13324.316
13240.233
13353.25
13208.167
13153.316
12853.7
13091.783
13156.3
12887.917
12903.634
13154.25
13167.233
12863.983
13351.033
13354.517
13522.833
13050.517
13259.833
13411.05
13359.033
13596.316
12866.566
13359.983
13273.3
13439.517
13040.3
13694.85
13457.9
13599.45
13203.967
13757.783
13685.167
13323.917
13175.767
13375.717
13170.167
13038.05
13286.3
13173.116
13073.033
12757.917
12696.566
12958.116
13129.566
12986.316
13137.033
13069.983
12949.7
12715.316
12950.767
13027.983
12900.3
13183.583
12573.3
12892.717
13162.366
13115.717
12813.3
12851.783
12402.233
12124.384
12570.366
12475.45
12531.967
11705.116
12245.767
12550.384
12424.634
12137.65
12468.7
12712.85
12276.833
12448.05
12272.634
12492.783
12149.767
11898.184
11846.967
12199.116
12157.5
11717.25
11986.9
11986.316
12129.366
11943.983
12006.967
12093.65
11935.967
11733.25
11980.366
12092.384
12062.833
11892.384
12212.033
11962.85
12061.566
11944.65
11777.5
11932.384
11893.833
11727.717
11623.833
11678.65
11753.366
11438.184
11353.566
11836.25
11836.167
11529.717
11577.767
11809.783
11804.9
11355.783
11452.833
11659.116
11442.967
11213.517
11647.3
11605.917
11356.167
11608.116
11379.833
11424.517
11387.566
11107.316
10744.7
11433.25
11087.967
11337.184
11118.767
11264.116
11045.033
11006.917
10831.3
11159.65
11044.167
10940.783
10679.434
10921.25
10979.634
10800.25
10799.7
11030.184
10994.9
10472.983
10668.833
10930.783
10894.167
10196.05
10367.967
10785.583
10743.366
10649.45
10339.167
10864.717
10766.1
10683.917
10455.033
10585.05
10412.5
10266.316
10441.9
10595.583
10374.3
10236.917
10291.033
10725.85
10714.634
10499.45
10207.366
10338.05
10447.366
10280.717
10067.833
10421.384
10336.1
10283.45
9967.9
10132.583
10253.366
10219.517
10041.366
10228.184
10030.9
10457.65
9744.167
10192.65
10127.634
9883.917
9466.9
10175.45
10130.5
10143.184
9843.7
9909.983
9799.366
9911.983
10031.1
10293.316
9488.767
9797.983
9586.967
9841.45
9220.634
8770.717
8118.033
7837.383
6960.367
6129.65
5482.567
4825.783
4045.567
3654.117
2966.433
3253.117
3172.5
2910.65
3111.3
4035.717
4232.032999999999
4269.45
5288.767
5859.05
6163.167
6489.517
5840.167
6567.45
6171.233
6011.85
5626.167
5401.45
5499.567
5193.25
4950.567
5349.783
5420.767
5396.783
5198.567
5913.783
5727.233
5760.583
6405.967
6440.717
6714.833
6386.583
6902.1
7066.05
7053.567
7057.983
7320.167
7593.25
7613.9
7159.517
7446.833
7976.717
8016.233
7608.85
8114.833
8382.917000000001
8514.9
8434.116
8449.833
8925.783
8901.3
8295.983
8446.167
9136.583
9217.634
9033.316
8768.767
9296.316
9120.566
8925.65
8940.366
9381.25
9204.767
8313.316
9200.9
9308.783
9420.434
9102.65
8886.366
9399.983
9280.967
9129.316
9010.167
9171.05
9306.967
8849.184
8711.5
9630.05
9195.434
8995.316
9045.167
9344.583
9261.634
9106.983
9072.7
9272.783
9257.9
9075.917
9051.9
9342.783
9293.233
9170.116
9030.9
9376.917
9308.9
8759.583
8954.5
9271.583
9196.3
8820.717
8749.3
9143.384
9015.5
9095.05
8824.5
9091.45
9206.7
8920.05
8463.366
9246.917
9146.233
9104.45
8953.767
9422.316
9154.167
8953.45
8744.634
9230.116
9012.033
8609.65
8433.434
9083.917
9012.7
9006.583
8444.7
9124.717
9003.9
8869.45
8934.634
9132.85
9082.7
8881.783
8805.967
9306.85
9148.5
8280.717
8644.033
9216.583
8971.3
8968.384
8831.634
9201.384
9107.233
8626.917
8445.3
9008.517
8855.634
8843.316
8696.233
9037.717
9000.233
8855.25
8401.767
9075.25
9027.9
8671.983
8344.566
8913.983
9071.767
8733.517
8670.233
9021.917
8632.3
8592.717
8747.366
8727.783
8650.033
8516.05
8334.3
8916.25
8752.033
8379.316
8303.1
8750.983
8894.9
8205.85
8281.167
8750.316
8681.767
8705.85
8462.167
8670.384
8621.1
8534.65
8240.033
8844.517
8623.434
8359.116
8319.5
8669.05
8624.366
8407.25
7908.433
8550.783
8478.367
8392.183
7889.7
8639.983
8432.633
7959.45
8386.233
8450.917000000001
8353.367
7945.383
8025.833
8220.517
8322.9
8050.117
8027.833
8309.183
8089.033
8062.85
7851.167
8162.383
8209.233
7708.783
7684.433
8157.517
8150.3
7847.45
7775.633
7846.317
8043.167
7577.65
7731.7
7764.783
7854.5
7658.117
7445.967
7997.517
7866.833
7453.517
7142.167
7687.65
7870.833
7665.65
7371.5
7705.717
7661.967
6993.983
7394.367
7823.317
7462.1
7286.517
7352.633
7583.383
7642.7
7249.25
7100.3
7535.117
7630.167
7420.983
7331.033
7645.183
7460.7
7170.983
6908.767
7536.85
7363.9
7567.65
7090.233
7580.117
7502.967
6980.717
7039.833
7505.983
7347.3
7161.117
7223.7
7499.65
7417.567
6997.25
6954.1
7552.117
7288.167
7165.25
7195.833
7426.183
7285.433
6842.05
6751.3
7114.65
7069.833
6555.783
6672.367
7157.783
6997.567
7177.717
6837.7
7188.783
7054.9
7247.517
6875.433
7057.05
7003.1
6633.05
6624.567
7071.317
6975.1
6482.717
5953.167
6932.85
6960.5
6487.983
6684.9
6940.85
6702.9
6550.383
6523.5
6903.583
6693.567
6498.05
6160.7
6729.917
6796.767
6071.717
6229.433
6785.583
6551.9
6319.05
6098.167
6703.05
6672.1
6581.183
6172.9
6735.45
6663.967
6605.317
6477.9
6703.117
6548.233
5329.317
5796.567
6590.583
6662.767
6276.383
6016.567
6501.05
6648.633
5985.85
6005.233
6415.05
6393.567
5905.917
5942.833
6441.117
6393.1
5754.25
5766.567
6300.383
6249.167
5980.45
5983.567
6221.25
6131.567
5738.45
6122.5
6206.583
6227.9
5678.517
5940.633
6330.117
6087.833
5633.65
5535.5
6127.183
6133.3
5967.05
5446.833
6211.183
6100.967
5403.783
5516.7
