255.6
60.7
-147.667
149.433
438.133
129.167
196.867
235.633
227.8
246.767
111.0
-168.767
198.86700000000002
210.567
12.332999999999998
-36.167
332.4
-6.099999999999994
55.533
357.5
416.133
175.1
450.067
145.367
276.133
198.233
213.2
-127.7
192.267
197.7
316.0
24.299999999999997
276.66700000000003
193.833
226.933
20.632999999999996
547.733
469.1
76.667
-63.900000000000006
236.333
123.567
-11.933000000000007
171.36700000000002
190.6
213.96699999999998
146.267
229.233
208.8
247.5
-52.599999999999994
31.5
599.4
278.567
-30.067
-268.1
422.6
436.1
22.533
35.033
371.8
430.83299999999997
369.133
224.5
410.533
355.3
142.4
305.3
385.067
385.1
317.2
-149.233
432.33299999999997
282.033
32.400000000000006
72.167
369.533
187.1
135.333
63.167
283.533
489.5
184.933
64.5
218.8
338.633
27.066999999999993
15.099999999999994
223.53300000000002
202.96699999999998
492.66700000000003
-4.5
174.46699999999998
210.167
328.33299999999997
-64.367
184.46699999999998
246.3
194.0
85.9
400.733
350.5
-248.933
23.566999999999993
388.66700000000003
298.9
211.2
195.833
459.8
280.033
-15.332999999999998
266.033
85.2
317.633
228.267
267.233
399.0
279.633
544.667
-225.767
320.467
373.367
93.267
356.16700000000003
365.0
443.433
244.4
88.7
344.4
243.63299999999998
-70.467
97.833
319.4
309.83299999999997
118.4
5.766999999999996
402.933
438.3
48.8
-244.63299999999998
345.733
311.16700000000003
68.533
132.233
267.2
405.233
321.867
35.367000000000004
287.467
324.967
-298.933
-145.63299999999998
296.33299999999997
200.167
156.46699999999998
-12.632999999999996
325.133
250.5
48.2
206.833
393.66700000000003
286.633
240.4
-110.633
444.733
399.83299999999997
423.933
146.3
467.933
270.1
148.0
338.633
389.067
70.567
354.133
-176.03300000000002
135.46699999999998
219.167
-3.5999999999999943
362.767
580.2
414.233
147.067
-85.9
484.133
143.7
454.0
9.766999999999996
375.533
360.16700000000003
300.8
375.633
514.867
346.633
413.533
301.433
315.2
230.9
372.133
-364.233
377.467
347.16700000000003
155.733
136.9
132.333
314.5
461.933
167.833
232.46699999999998
291.433
108.867
-211.63299999999998
265.2
384.7
455.2
180.1
374.0
294.16700000000003
40.266999999999996
-324.1
422.933
236.1
-67.867
9.966999999999999
245.133
189.5
-1013.267
-105.033
118.933
262.367
227.267
-69.433
556.267
391.967
253.8
76.9
250.667
220.3
-124.467
418.7
506.933
269.16700000000003
-189.53300000000002
31.299999999999997
302.067
318.3
-125.133
345.16700000000003
366.467
255.5
379.467
339.16700000000003
317.733
402.967
224.0
169.367
360.6
232.833
390.66700000000003
20.233000000000004
387.66700000000003
422.567
327.267
-74.967
212.933
323.233
68.267
-286.5
362.66700000000003
337.5
249.6
-134.1
329.66700000000003
338.767
210.667
68.033
340.133
353.1
-161.667
203.5
323.533
59.43300000000001
-166.4
148.7
263.133
204.5
307.267
163.03300000000002
247.4
513.1
84.533
169.433
360.33299999999997
518.167
380.867
160.1
211.933
277.367
89.067
492.033
342.533
205.63299999999998
-168.46699999999998
101.633
206.267
281.233
248.667
-19.299999999999997
531.8
541.233
17.266999999999996
278.433
363.867
336.433
225.733
92.9
326.533
373.433
61.266999999999996
129.233
277.8
315.633
164.13299999999998
285.967
455.0
425.5
382.267
91.9
540.333
164.433
371.0
-158.233
351.067
170.167
-121.8
272.567
321.133
178.96699999999998
511.533
376.233
358.4
243.567
609.667
67.433
351.867
274.633
-62.667
253.567
612.667
394.633
518.067
-75.3
417.267
336.767
359.4
164.1
305.6
494.7
-84.19999999999999
188.5
565.933
290.83299999999997
96.80000000000001
142.9
307.067
321.967
478.13300000000004
147.367
620.667
514.233
657.6
401.967
654.0
462.63300000000004
176.267
287.63300000000004
328.0
544.767
709.0
127.167
642.467
528.833
473.13300000000004
605.633
543.867
441.967
271.33299999999997
578.7
418.067
675.633
39.599999999999994
204.167
477.66700000000003
463.967
483.6
317.567
804.867
474.033
627.0
455.7
602.4
568.433
600.933
231.7
919.2
392.633
484.66700000000003
419.1
758.533
445.967
613.4
496.633
505.333
749.9
655.467
546.3
490.733
752.7
527.933
334.367
826.3330000000001
625.3
515.6669999999999
459.9
453.867
539.1669999999999
657.267
531.567
755.6
661.9
427.733
379.367
525.6669999999999
643.5
528.933
409.633
745.067
334.5
595.133
336.233
550.3330000000001
436.1
609.733
692.767
573.0
328.1
632.8
820.1669999999999
308.867
731.1669999999999
576.733
618.233
633.933
603.5
454.867
804.7
986.2
489.83299999999997
504.20000000000005
1091.5
731.133
949.033
307.26700000000005
506.83299999999997
951.6
791.567
908.2
975.767
496.86699999999996
484.033
587.0
560.567
1092.133
915.433
390.6
861.833
758.867
980.433
1016.467
827.567
748.733
1095.967
384.933
650.567
779.8
934.7
1239.0
1181.967
1101.0
1022.567
833.4
942.567
960.4
865.9
506.73299999999995
728.9
1064.867
895.633
1155.733
717.7
1206.733
1109.367
1211.467
1026.7
1182.2
1096.9
685.0
1141.167
1020.933
935.767
854.533
982.1
979.933
1099.167
988.467
774.967
1105.067
874.433
843.267
723.3
1188.333
1074.033
999.267
1078.767
1178.2
939.233
930.467
830.233
1115.4
1140.233
1034.933
782.233
1279.267
1010.3
1047.667
1040.033
1177.333
1062.833
545.267
987.233
1044.667
1092.3
1118.533
1306.033
1421.733
1239.7
1250.867
1215.7
1357.867
1408.5
1253.333
1318.033
1300.333
1294.033
1468.133
1316.9
1700.4
1199.5
765.8
1044.433
1246.933
1541.9
1248.067
1347.7
1698.333
1494.3
1407.867
1325.5
1547.733
1605.567
1631.8
1355.967
1716.2
1396.033
1291.867
1218.5
1290.333
1240.9
1536.2
909.0999999999999
1292.467
1388.033
1617.067
1241.167
1538.4
1418.5
1614.8
1442.3
1531.8
1601.167
1576.267
1493.567
1781.533
1335.767
1868.8
1623.633
1654.867
1582.767
1481.067
1686.1
1917.467
1293.367
1408.867
1683.033
1937.133
1667.367
1750.6
1494.967
1571.467
1458.633
1552.6
1656.167
1596.267
1888.967
2126.467
1419.167
1981.4
1966.767
1843.6
1772.5
1846.867
1710.7
1654.067
1971.167
1906.133
1705.367
1516.733
1626.233
1588.0
1549.7
1863.667
1751.167
1875.533
2066.833
1882.733
2008.633
2204.0
1924.833
2250.4
2092.033
2413.2
2174.567
2009.6
2246.9
2265.267
2157.567
1973.533
2130.767
1957.0
2040.633
1916.267
2113.633
2106.067
1922.767
1605.667
1894.9
1826.867
1839.233
1646.533
1590.367
1861.267
1627.767
1589.467
1310.9
1935.933
1509.5
1832.667
1808.567
1952.0
2386.9
2145.267
2386.5
2226.667
2401.633
2534.267
2153.7
2349.333
2324.433
2074.867
2010.033
2306.333
2155.567
2393.0
1974.3
2232.933
2267.167
2220.267
2392.367
2318.333
2337.7
2490.6
2429.433
2493.267
2499.5
2405.333
2144.433
2445.667
2508.3
2327.133
2581.833
2658.867
2513.767
2436.467
2133.1
2642.133
2501.7
2777.867
3027.967
3048.267
3382.767
3357.867
3205.167
3154.867
3093.567
3211.867
2804.967
3369.133
3063.833
3210.867
3142.9
3384.0
2893.9
3069.333
3214.3
3074.0
3118.433
2902.533
2611.3
3192.133
3277.9
3138.667
3277.567
3425.4
3405.633
3279.667
3068.233
3420.067
3381.3
2889.333
3132.233
3105.267
3293.1
3129.0
3350.1
3526.067
3294.967
3186.2
2681.5
2992.2
3103.967
3164.667
2863.433
3269.667
2944.9
3026.0
2856.633
2815.067
2746.033
2662.533
2735.3
2748.667
2844.167
2649.667
2789.1
2560.2
2731.5
2824.533
2883.5
3149.133
3298.033
3362.067
3523.5
3362.2
3435.833
3014.467
3519.033
3296.067
3273.833
3779.133
3434.967
4106.467000000001
4092.567
3972.467
4154.433
4731.532999999999
4218.1
4358.067
3857.633
4049.4
3975.5
3669.733
3435.767
3503.8
3401.767
3188.0
3285.433
3748.533
3345.167
3605.133
3600.633
4071.733
4041.233
4191.267
3953.1
3845.667
3716.7
3409.6
3307.1
3452.2
3064.567
2957.733
2846.233
2932.467
2894.9
2318.8
2663.167
2666.0
2356.767
2030.6
2785.233
2781.4
2873.367
3128.0
2803.767
3580.6
3768.367
3832.133
3672.3
3766.067
3564.567
3254.933
3396.9
3344.8
3517.367
3467.8
3283.5
3839.733
3518.3
3648.667
3564.3
3742.467
3678.033
3600.2
3075.767
3664.2
3509.5
3668.333
3647.1
3514.267
3561.9
3561.667
3513.967
4159.8
4185.767
4106.467000000001
4343.833
4495.4
4575.233
4586.4
4422.1
4740.733
4488.233
4848.667
4408.167
4858.333
5237.7
4570.067
4795.233
4952.933
4742.367
4748.8
4088.567
4031.4
3539.633
3393.133
2575.033
2510.267
2083.9
1941.533
1942.833
2430.6
2675.3
2926.6
3365.433
3619.667
3749.233
4009.133
4387.567
4653.0
4965.167
4829.067
4821.9
5004.6
4491.9
4404.6
4206.1669999999995
3891.733
3234.567
3026.133
2774.9
2753.467
3083.9
3178.867
3628.5
4344.933
4519.9
4691.0
5421.1
5656.267
5678.433
6009.533
5712.633
6418.4
6402.9
6840.2
6490.167
6441.267
6855.967
6619.2
6671.367
6813.867
6625.3
6873.4
6705.033
7309.067
7108.5
7222.533
6961.767
7432.133
7293.567
7133.867
7172.033
7716.467
7467.7
7436.533
7246.033
7400.333
6965.567
7022.867
7216.1
7303.8
7693.367
7467.467
7531.5
7563.333
7303.967
7032.067
6810.033
7045.2
7286.9
7475.067
7316.367
7280.333
7307.033
7287.0
7139.5
7141.467
7144.033
6982.867
7029.7
7509.067
7274.5
7390.333
7125.167
7265.4
7454.3
7255.133
7640.1
7723.0
7703.1
7739.133
7860.9
7902.733
8224.367
8412.332999999999
8243.5
8145.133
8143.367
7601.4
7087.7
7299.867
7235.833
7212.6
7108.567
7338.6
7536.5
7627.333
8184.3
8140.2
8642.1
8570.8
8633.566
8636.934
8970.634
8366.134
8493.366
8933.333
8487.9
8531.4
8706.366
8676.2
8538.767
9069.467
8531.167
8903.667
8832.634
8723.467
8472.3
8728.2
8634.233
8688.333
8124.567
8722.0
8562.366
8513.4
8156.233
8566.8
8873.033
9033.733
8670.5
8953.533
9036.366
8855.733
8868.7
8806.0
7925.633
8360.4
8404.033
8509.133
8033.233
8591.333
8385.366
8514.4
8260.033
8219.332999999999
8536.833
8652.6
8596.366
8655.934
8420.7
8240.267
8237.1
7675.467
7914.767
8611.933
8301.366
8429.4
8716.967
9043.866
9076.233
9305.0
8942.566
9080.134
9171.833
9125.6
8758.566
8664.133
8158.233
8373.733
7645.367
8290.933
8470.633
8147.867
8125.700000000001
8859.4
8833.634
8315.134
8372.033
9079.934
9241.634
8990.134
8830.634
8939.2
9010.767
8774.533
8715.967
8950.533
8790.233
9024.134
9297.233
8982.267
9212.1
9426.4
8644.833
8913.467
8806.233
8405.667
8717.634
8059.067
8337.434
8254.934
9115.033
9101.0
8914.7
8902.934
8515.233
8821.333
8745.7
9099.066
8794.366
8601.866
8101.033
8022.467
7726.5
7441.533
7335.3
6867.933
6781.967
6763.0
6733.3
7163.867
7488.9
8290.733
8774.1
9639.0
9772.833
10655.733
9915.366
9513.467
9898.634
9776.333
9669.033
10278.866
10340.233
10556.934
10411.634
10344.267
9715.167
9396.2
9103.7
9362.066
9199.566
10342.866
9828.9
10394.4
10420.566
10674.866
10715.566
10393.0
11065.3
11171.467
11682.233
11595.267
11707.033
11952.2
12240.434
11342.066
11562.434
11075.467
11253.833
11284.934
11623.434
11202.0
11006.167
10628.0
10471.033
10715.0
10468.767
9638.533
10432.1
10267.4
10921.233
11110.4
11126.167
11926.066
11562.233
11295.4
11519.1
11564.934
11391.366
11327.2
11438.1
11887.667
12256.167
12287.267
11965.1
12113.4
13495.3
12438.267
12471.967
12698.6
12174.434
12640.8
12587.1
13187.8
12721.167
12206.0
12536.9
12722.333
12588.434
12152.934
12029.767
13042.533
13396.1
13030.0
12525.233
12874.733
12632.366
12481.667
11736.233
12616.134
12530.9
12164.134
11603.566
12126.333
12396.167
12352.0
11960.967
12900.6
12888.5
12648.4
13006.233
13108.0
13743.967
13144.333
12938.967
13522.4
13084.566
13317.667
12604.833
12952.467
13597.033
13124.0
13332.566
13340.533
13010.033
13172.467
13537.366
14085.467
13798.5
13802.934
13916.767
13848.066
14198.5
14576.8
14234.767
14194.934
13806.967
13839.8
13376.833
13825.866
13458.434
13815.267
13155.9
12869.733
13081.566
12976.066
12702.366
13299.0
12827.1
12925.134
12966.767
12982.8
13068.3
12885.8
13424.833
13897.4
14155.3
13455.134
13429.5
13563.4
13050.9
13739.667
13367.967
13934.2
13951.1
14193.467
14234.833
14403.667
14601.5
14141.333
13681.1
15136.934
14655.3
14534.866
14694.634
14963.733
13906.967
14501.2
13875.833
14782.467
14567.233
13939.0
14345.233
14828.533
14534.366
14710.6
15442.967
14961.467
14426.833
14303.866
14069.566
14032.733
14472.3
14978.2
14980.3
15578.533
15636.1
15998.8
15581.833
15634.6
15986.967
15729.0
15690.366
15795.866
15856.366
16152.0
15827.434
16486.6
16303.3
16397.467
16727.232
16610.4
16562.434
16141.066
16310.1
16584.0
16201.233
16038.134
15924.167
16527.467
16254.366
17151.732
16488.767
16149.4
16584.634
16735.268
17346.301
17400.0
17454.967
16951.801
17201.699
16764.934
16930.367
16678.199
16968.633
17253.199
18758.166
17365.268
18118.768
18399.199
18516.232
17983.268
19226.033
18701.133
19035.633
19591.268
20190.434
19205.334
19712.633
19229.268
19474.033
20944.934
19609.232
19698.467
18951.367
18964.867
19072.434
19675.801
19506.1
19963.467
20619.166
20092.801
20825.232
21391.732
21929.166
21942.133
22113.768
22825.4
23435.834
22827.467
21678.9
22425.533
22573.633
21949.934
22330.301
22929.268
22916.768
22755.801
23191.166
23703.6
23092.699
24392.666
24920.301
24603.934
24089.967
25079.801
24926.5
24981.533
24735.434
25066.666
25184.434
24987.801
25061.1
24660.334
24965.9
25778.0
26368.699
26729.6
26972.166
28251.6
28450.232
27975.133
28623.166
28597.6
28330.367
28377.867
27487.232
28419.268
27676.232
27573.199
29020.033
29560.268
29782.367
29884.6
30060.434
30728.732
29939.834
30211.066
29714.232
29948.6
30143.633
29660.199
30351.834
31003.934
31330.699
31430.4
31597.9
31990.533
31935.301
31495.199
31771.834
31638.199
31708.301
31113.533
31645.834
31817.6
31936.768
32271.801
31800.566
31791.934
31924.434
32052.934
32001.434
32120.066
32432.834
32093.666
32258.633
32481.066
32268.232
31275.6
30830.1
29300.732
28108.633
27229.334
26909.5
26861.4
27246.301
27184.334
28486.367
29919.4
30375.566
30955.4
31013.967
31266.334
32135.367
33045.6
32637.367
33302.199
33327.434
33027.334
32228.9
32019.867
32259.566
32797.133
33061.5
33470.801
34047.168
34827.133
35345.234
35435.266
35552.766
34815.266
34708.898
34329.734
34577.367
34636.332
34568.035
34672.266
33984.766
33575.332
33428.699
32942.0
33034.434
33321.867
33068.434
34394.465
34530.766
34830.535
35458.898
35655.066
34880.301
35105.266
34678.566
34749.934
35055.102
35351.602
35797.633
36708.199
36524.699
37081.734
36595.5
36696.332
36238.367
35579.465
35766.102
35659.0
35862.168
35649.398
35905.102
36372.602
36727.367
36248.734
36291.168
37377.0
36829.566
37210.934
36479.965
37135.867
36620.035
35791.734
35321.5
35023.734
34975.035
35156.133
35464.234
35815.199
36879.301
36577.199
37413.5
36870.867
36909.301
36751.867
36333.434
36046.199
35702.434
35042.066
35107.965
35197.398
34968.301
35187.398
35123.832
34871.734
35015.832
34866.668
34962.434
35436.867
35813.234
35801.0
36232.367
36929.602
37085.633
37016.602
37341.434
37166.133
37053.301
36398.398
35992.965
35487.398
35748.168
36165.199
35904.5
36729.465
36957.168
37562.867
37776.766
37760.801
37674.699
38473.734
38801.234
39305.465
39383.898
39129.465
38921.168
38620.066
38690.234
38035.867
37889.965
37934.398
37966.168
37621.867
37587.898
36726.668
37309.102
36907.867
37327.766
37182.734
38039.5
38503.0
39071.633
39386.133
39711.035
38771.0
38902.633
38361.668
38422.434
38812.0
38414.102
38432.867
38116.898
38430.734
38805.234
38830.934
39000.965
39040.332
39465.367
39887.398
40686.766
39956.066
39837.301
39183.465
39207.766
38474.668
38512.566
38411.668
38115.898
38779.0
38906.035
37063.602
38270.633
38206.066
37926.898
38105.066
37818.301
37741.602
37981.234
38502.867
38800.367
38833.867
38741.566
38937.934
39592.633
39658.535
39938.367
39669.801
39168.832
37890.668
36472.234
35729.066
34343.035
32825.268
32303.9
32993.532999999996
33912.5
36108.867
36686.301
36158.602
36217.699
36385.734
35793.5
36247.266
35756.5
35281.465
36127.168
37261.801
38125.301
38061.602
38475.367
38617.199
39052.965
39867.465
39368.965
39248.734
39326.766
38528.602
39045.102
39488.332
39567.434
39328.266
40151.434
40546.133
40506.168
40537.668
39934.035
39834.535
39509.035
39753.934
39465.035
38783.934
38598.633
38101.734
39085.5
39798.0
40468.898
40173.801
40836.633
41674.398
42041.301
41424.602
41007.898
41398.668
40829.832
40698.199
40029.035
40708.266
41230.965
40719.801
40509.699
40165.602
39160.699
38556.266
37051.5
36045.199
35688.035
35773.266
36134.633
36580.867
37684.367
37924.867
39137.301
39391.801
39485.965
40077.535
40233.898
40720.602
40880.699
41012.602
41466.898
42229.332
41601.832
41306.0
40484.367
40414.332
40291.301
40123.398
40151.102
40187.867
40823.301
41816.199
41826.898
41874.602
41869.832
41726.602
41477.367
41463.602
41498.434
40400.734
39903.301
39532.535
38972.168
38111.0
37722.766
38049.266
38325.633
38755.734
39154.168
39834.867
39878.766
39668.332
39528.566
39707.266
39396.566
39029.332
39173.965
39577.668
40068.301
40194.199
40249.832
40738.867
41240.766
41254.266
41280.832
41007.066
40845.5
40289.535
39560.5
39266.801
38415.367
37485.066
38710.102
38582.133
38909.566
39060.465
39651.566
39764.0
40119.102
39596.602
39677.766
40036.066
39582.367
39448.0
39233.766
39196.602
38861.566
38223.133
37761.965
37947.199
38006.102
37535.801
36931.699
37265.602
37132.633
36859.199
36883.102
37070.0
37407.832
37550.199
38059.766
38172.602
38589.766
38327.734
38144.168
38614.668
38576.301
37402.602
38145.898
37789.734
37798.766
37994.465
37386.566
37504.465
38275.301
38448.0
38801.832
38729.602
38860.898
38793.465
38487.566
38988.734
38463.367
37979.602
37930.832
38228.734
38638.5
38828.535
38074.699
38296.066
38157.965
37704.066
38014.367
38158.398
38034.168
37818.199
38018.367
37786.332
37990.367
37373.668
37105.832
37076.0
37027.367
37224.535
36814.301
37684.266
37845.965
38365.199
37671.367
37887.332
37955.168
38213.133
38009.699
37827.0
38033.301
37971.266
37777.168
37806.465
37834.832
37477.801
37083.699
37506.535
37577.566
37720.398
37634.566
37841.0
37845.168
37700.535
38034.234
38129.801
38350.898
37552.0
37182.898
37431.133
36882.699
36963.465
36758.566
37223.535
37700.633
37547.133
37417.035
37735.668
37711.566
37965.535
37798.5
37898.0
38186.035
38035.934
38000.965
38191.734
38206.566
38102.199
37962.102
37337.934
37569.633
36664.0
37002.898
37110.867
36955.5
36699.934
36823.633
36776.602
36701.898
36740.266
37078.102
36746.734
37278.699
37078.133
37054.234
36534.867
36156.5
35825.199
35970.898
35657.867
35638.434
35292.133
35943.633
36107.465
36134.301
35996.602
35581.168
36640.734
36857.234
37132.867
37167.766
37737.535
37910.832
37233.332
37069.102
36873.668
36889.035
36063.668
36272.965
36454.801
36464.367
36743.867
36674.035
37097.801
37014.035
37134.465
36875.898
37238.668
36896.699
36630.668
36063.5
36737.266
36799.301
35973.867
36821.234
36492.266
36822.168
37004.398
36503.832
36802.199
36431.832
35659.266
35241.035
35701.535
35536.434
35171.398
35629.301
35722.934
36608.832
36323.801
36941.965
37166.332
36866.301
36742.066
37129.898
37438.801
36932.102
36431.668
36233.898
36243.0
35737.035
35584.668
35507.832
36076.266
36175.035
36060.934
35970.633
36678.934
36712.898
36332.602
36006.434
36082.199
35697.766
35048.066
34615.832
34746.535
34699.699
34290.332
34652.965
34964.0
35519.5
35669.133
35779.566
36071.801
36287.832
36617.199
36540.434
36689.734
36490.234
36344.199
36843.633
36274.602
36703.965
36415.602
35970.102
36505.602
36459.699
36613.602
36216.699
36146.734
36079.965
36029.668
35484.766
35736.133
35414.633
35238.465
35539.367
35226.066
35028.566
35004.867
34826.766
35634.332
35858.965
35079.867
35278.434
35817.133
35684.965
35564.535
36041.566
35615.0
35343.102
35196.066
34492.234
34962.398
34238.102
34370.266
34260.234
34287.066
34740.5
34537.734
34838.367
34768.465
34715.965
35042.465
34944.168
35260.602
35204.5
34747.668
34816.766
35015.602
35130.367
34300.602
34671.766
34855.934
34856.035
34297.133
34737.699
35329.199
34960.898
34715.867
35503.234
35594.801
35485.898
35119.0
34740.566
35323.0
34884.035
35051.734
35004.434
34772.867
34917.898
34830.199
34584.434
34942.934
34676.5
34040.066
34221.367
34544.066
34335.434
33716.934
33755.367
33484.066
33379.965
33171.398
32795.898
33392.602
33419.766
33061.602
33946.102
33817.801
34102.367
33977.066
33736.965
34214.867
34052.832
33670.398
33191.832
33646.398
33831.898
33062.801
32346.699
31735.666
31135.699
30540.0
29932.566
29657.4
29112.967
28667.467
29723.768
30249.0
30279.232
30809.867
31447.699
32493.732
32270.768
32679.801
32501.768
32447.934
32652.1
32225.934
32074.232
32268.666
32242.232
31805.0
31902.232
32029.934
32247.166
32057.268
31809.967
32176.934
31935.566
32016.133
31829.633
32183.467
32196.033
31841.199
32362.232
32198.732
32010.1
31592.732
31361.367
31421.801
31355.633
31321.666
31496.699
31288.467
31613.9
31721.467
31492.367
31726.4
32169.967
31872.801
31584.967
31919.666
32031.166
31917.268
32018.566
31911.6
31547.967
31396.133
31334.033
31524.801
31397.434
30696.666
31085.1
30957.666
31249.566
31044.066
30900.301
31014.533
31131.434
31445.6
30951.566
31153.934
31371.1
30842.867
31138.5
31124.467
31101.166
30545.268
30635.033
30570.334
30656.566
30672.934
30632.232
30544.867
30520.834
29929.666
30284.633
30051.199
30315.166
29865.066
30246.1
30766.533
30462.5
30795.934
30798.699
30682.199
31093.1
30834.334
30923.434
30949.334
30863.166
31084.199
30881.834
31028.268
30736.5
30972.199
30720.1
31183.666
30621.566
30675.334
30412.967
30688.467
30785.566
30421.334
30242.566
30342.268
30338.768
30323.4
30375.633
30467.199
30527.768
30488.801
30443.633
30401.533
30035.166
29727.533
29598.5
29778.199
29345.033
29065.467
29120.367
29583.268
29503.633
29038.6
29134.1
29451.867
29248.367
29003.133
28738.367
29028.199
28899.566
28504.066
27989.367
28426.801
28465.834
28443.0
28656.768
28628.732
28601.367
28042.666
28271.5
27932.0
27805.834
27091.801
27014.166
27050.533
26686.699
26697.801
26028.301
26366.334
26105.367
25576.867
24846.967
24755.133
24928.768
24758.934
24176.768
24452.6
24360.166
24597.0
24677.033
25255.732
25573.1
26290.6
26961.834
27055.199
27172.566
27178.066
27496.367
27297.4
26930.166
27036.801
26818.566
27108.199
26836.768
27128.6
27149.768
27509.199
27457.633
27650.867
27518.301
27978.4
27760.699
27495.801
27814.9
28139.533
27873.9
27638.4
27400.633
27758.732
27647.1
27419.467
27420.9
27473.732
27486.9
27866.467
27074.5
27601.334
27591.768
27635.0
27438.566
27679.801
27523.1
27162.4
27134.967
27238.133
27491.434
26775.533
26715.633
26909.4
26669.033
26603.732
26815.566
26886.533
26655.566
26520.066
26332.9
26301.934
26283.033
26390.666
26334.033
26282.732
26210.699
26280.268
26193.5
26052.0
26081.367
25866.666
25326.699
25791.4
25336.166
25482.199
25420.1
25597.666
25328.834
25412.066
25375.768
25448.0
25746.232
25525.4
25888.367
25701.732
25915.9
25734.934
25228.301
25353.533
25203.1
25045.732
25263.5
25162.801
25109.967
25096.066
25006.699
25413.732
25850.834
25417.268
25964.166
26111.867
25807.566
25957.801
25636.566
25895.934
26025.566
26153.666
26304.232
26386.268
26745.566
26643.801
26968.566
27277.867
27571.699
27040.066
26846.768
27226.467
27729.633
27522.934
27965.699
28147.334
28534.834
28289.867
28385.967
28319.0
28101.301
27411.6
26521.301
26033.6
25703.768
25459.533
25193.967
24991.199
25001.232
24897.934
24801.367
25012.533
24894.699
24931.801
24922.699
25250.867
25018.967
24880.467
24566.033
24575.4
24775.967
24339.533
24603.033
24519.4
24708.9
24724.732
24817.033
24892.268
25062.967
24713.4
24861.166
25172.533
24981.033
24460.133
24753.633
25143.666
24924.768
24595.934
24859.301
25116.934
24554.699
24982.199
24309.768
24666.4
24344.301
24095.533
24274.699
24122.732
24209.1
23993.467
23491.633
24201.467
24226.566
23918.268
23876.367
24108.066
23910.301
24246.467
23679.033
23882.732
23918.1
24030.867
24047.232
24189.801
23934.232
24058.467
24157.367
24398.801
23974.967
23609.268
23643.699
23901.334
24037.232
23709.133
23840.699
23782.467
23964.699
23671.066
23673.1
23767.066
23710.434
23309.0
23141.566
23708.867
23449.699
23047.6
22979.633
23396.732
23053.1
23023.4
23103.9
23360.467
23041.699
22085.467
22819.1
23259.467
22821.566
22834.268
22425.1
22741.0
22809.967
23050.0
23007.1
22904.6
22622.232
22669.801
22702.166
22175.934
21997.166
21512.934
21828.5
21434.4
21743.768
21312.6
21377.033
22598.467
22380.232
22343.334
22957.166
22800.133
22840.033
22409.801
22242.166
22009.0
22075.633
21817.4
21875.699
21967.533
22027.232
21614.666
21859.5
22515.467
22006.434
21540.199
21856.834
22141.867
22199.367
21891.066
22034.834
22151.867
21823.232
21536.199
21165.633
21611.334
21172.232
21097.066
20676.5
20705.6
20764.834
20161.268
19712.699
19648.732
18376.566
17719.268
16935.166
17126.199
17117.033
17213.199
17374.301
18097.666
18886.301
19335.666
19372.9
19573.467
20207.566
20644.334
20523.768
20206.801
20689.633
20571.934
20640.834
20674.666
20279.699
19982.801
19866.434
20295.199
20206.834
19755.533
20468.367
20318.199
20534.434
20654.133
20474.768
20606.533
20576.633
20335.6
20445.301
20566.732
20763.9
20296.4
20307.033
20691.533
20780.166
20628.133
20708.9
20860.199
20868.566
20705.732
20224.768
20675.268
20656.633
20320.334
20112.367
20376.533
20516.566
20311.199
19869.633
20143.199
20457.232
19863.533
20472.967
20626.066
20547.033
20968.0
20710.566
20796.666
20746.5
20570.6
20702.166
20651.867
20564.166
20247.666
20345.967
20356.801
20420.033
20291.934
20384.834
20582.666
20603.633
20303.467
20082.367
20399.732
20262.5
20439.732
20047.166
20563.0
20369.566
20534.133
20543.967
20624.934
20575.699
20084.199
19849.367
20368.801
20283.1
20441.199
20052.367
19987.801
20062.566
19936.268
20290.566
20075.867
20049.301
19513.666
19534.301
19644.6
19931.633
19054.066
19337.633
19571.533
19564.566
19369.867
19220.699
19600.4
19539.633
19313.934
19468.967
19536.4
19755.633
19028.334
19241.1
19703.066
19795.967
19404.268
19265.367
19379.867
19596.1
19228.0
19206.699
19427.133
19322.768
18731.133
19080.967
19085.066
18874.834
18883.199
18980.1
18693.066
19404.367
18779.801
18661.232
18812.533
18869.834
18744.666
18226.434
18695.934
18774.768
18471.934
18207.434
18672.467
18573.768
18416.6
17915.1
18483.801
18464.566
18373.533
18422.5
18089.268
18350.367
18208.533
17782.5
18077.066
17914.367
17920.199
17437.633
17872.133
17777.834
17172.199
16850.566
17593.334
17404.166
17256.0
17145.566
17401.867
17260.633
16937.867
16863.768
17523.533
17220.1
17034.268
16873.9
17413.066
16991.834
16747.666
16673.434
17295.0
17049.301
16836.268
16771.967
16963.533
16688.699
16302.733
16013.366
16508.267
16589.767
16471.134
16782.967
16886.533
16761.366
16144.934000000001
16825.033
16611.066
16528.566
16488.667
16397.301
16339.667
16450.366
15989.333
16007.366
15432.8
14735.3
14056.6
13377.7
12988.467
12854.634
12826.8
12757.1
13633.934
14116.3
14288.134
14697.634
14999.8
15029.566
15159.134
15039.634
15147.2
14637.7
14650.267
13969.833
14972.2
14918.967
14670.733
14612.3
14983.066
15213.5
15361.866
15027.634
15458.733
15660.767
15322.267
15383.033
15754.533
15745.767
15759.733
15830.167
15952.267
15980.9
15706.134
15332.833
16207.066
15976.033
15924.533
15495.3
16180.667
16316.1
16083.733
16244.566
16306.934
15819.033
15976.934
15645.967
16230.8
16128.767
15983.4
15920.434
15968.866
16176.1
15773.8
16317.5
16262.667
16303.233
16250.733
15864.7
16544.8
16546.033
16125.134
16257.566
16949.533
16689.166
16430.467
16943.5
17152.666
16810.768
16608.268
16733.033
16369.066
16525.767
16012.533
16167.5
16512.733
16367.566
16348.667
16809.3
16472.066
16572.434
15967.134
15794.833
16716.333
16538.1
16397.267
16546.5
16356.866
16475.033
16551.0
16264.5
16289.2
16284.767
16201.134
16171.9
16350.333
16026.233
16098.4
16016.967
16404.934
16109.366
16231.866
16173.3
16595.333
16158.767
16201.6
16128.566
16368.467
16609.767
16651.0
16502.033
16436.6
16330.1
16177.066
16416.233
16550.267
16666.167
16633.467
16288.900000000001
16898.934
16738.301
16662.267
16204.633000000002
16748.934
16704.434
16466.267
16350.634
16480.934
16587.033
16707.066
16612.3
16713.8
16408.366
16526.267
16721.1
16425.6
16539.833
16431.533
16282.5
16400.134
16482.7
16220.333
16220.434
16339.6
16587.634
15684.866
16398.767
16421.066
16382.7
15671.533
16062.366
16368.267
16443.967
16279.667
16346.3
16301.4
16458.566
16163.2
16050.5
16423.733
16185.434
16254.333
15963.833
16165.134
16218.167
15924.533
15873.233
16164.8
15764.1
15765.866
15601.833
15954.267
15810.366
15509.8
15800.566
15770.267
15538.233
15672.866
15835.566
15612.934
15626.767
15389.866
15411.366
15703.4
15413.1
15489.267
15183.167
15260.467
15356.366
15204.333
15312.566
15093.866
15043.634
14993.533
14973.167
15225.733
15155.233
15114.134
14213.767
14528.8
14456.3
14287.2
13685.967
13651.4
13688.7
13307.533
12699.634
13261.533
13154.233
12302.267
12726.233
12668.667
12360.366
12442.533
11955.434
12134.733
11972.833
11699.667
11829.7
12055.467
11940.434
12087.533
10862.033
11632.733
11725.5
11240.934
11573.434
11822.134
11892.767
11648.467
12030.566
12265.934
12295.833
12471.667
12841.3
12834.0
12692.366
12775.6
12588.1
12578.134
12727.5
12734.667
12196.033
12635.733
12478.967
12159.4
11598.366
11965.866
11754.9
11463.467
11360.1
11233.667
11314.167
11147.6
11017.434
11397.134
11380.767
11264.866
11280.833
11354.333
11216.566
11124.0
11020.967
11450.866
11268.9
10961.866
11386.767
11764.8
11532.967
11250.6
11408.3
11386.4
11422.634
11366.667
11239.634
11326.267
11073.566
10559.733
11078.033
10934.6
11105.1
11194.667
10730.967
11277.267
11153.967
10431.333
10747.967
10952.934
10793.634
10866.267
11075.366
11208.134
11178.3
11326.467
11267.1
11398.066
11223.434
11200.467
10909.767
11123.6
11222.3
10935.134
10957.967
11214.934
11177.634
10895.733
11393.3
11400.667
11552.967
11126.134
11340.9
11475.267
11459.033
11641.4
10955.167
11481.467
11328.233
11518.134
11121.434
11785.667
11514.767
11673.134
11290.434
11843.6
11749.833
11443.4
11258.3
11487.267
11263.434
11171.733
11408.634
11335.134
11194.233
10863.0
10866.033
11109.533
11269.833
11130.0
11294.833
11253.866
11101.366
10876.733
11107.033
11190.733
11055.767
11328.4
10758.3
11063.8
11329.5
11303.667
11007.3
11076.0
10629.967
10356.066
10840.767
10701.467
10817.967
10000.8
10532.566
10815.533
10677.7
10423.134
10767.1
10981.066
10575.366
10698.8
10578.167
10811.066
10485.3
10209.066
10178.767
10527.267
10509.434
10056.467
10367.033
10319.934
10491.7
10305.333
10349.9
10422.467
10301.767
10102.866
10346.434
10473.2
10389.366
10239.134
10577.566
10299.333
10390.1
10323.0
10144.233
10309.2
10292.434
10143.134
10002.434
10087.0
10178.967
9852.934
9763.967
10237.533
10225.833
9946.333
9974.566
10225.8
10235.1
9821.934
9890.967
10108.134
9887.5
9670.267
10078.7
10045.467
9834.566
10025.134
9833.566
9900.333
9856.366
9569.2
9192.5
9896.934
9569.767
9797.866
9623.566
9713.8
9549.167
9501.066
9339.7
9676.267
9550.033
9474.4
9176.3
9463.467
9499.434
9317.733
9288.9
9551.333
9555.233
9031.134
9195.833
9479.667
9476.833
8765.333
8968.233
9374.134
9348.967
9193.134
8885.5
9433.733
9328.767
9251.6
9005.233
9170.533
9007.767
8854.333
9005.7
9192.866
8975.434
8817.8
8881.3
9300.4
9300.366
9098.267
8821.233
8914.134
9053.167
8873.333
8703.833
9035.467
8943.033
8912.733
8606.233
8798.066
8891.967
8855.733
8688.833
8886.134
8710.434
9083.2
8421.3
8853.0
8787.167
8572.733
8144.1669999999995
8841.934
8779.434
8817.866
8507.3
8588.8
8470.967
8570.2
8695.1
8989.733
8198.1
8481.6
8248.3
8547.933
8009.9
7586.867
7001.1
6811.867
6062.5
5291.867
4746.233
4188.6669999999995
3477.233
3135.6
2472.967
2784.933
2699.967
2414.733
2608.1
3457.2
3629.233
3574.2
4540.233
5026.467
5303.167
5593.8
4942.633
5703.067
5319.433
5167.8
4871.567
4651.2
4742.633
4411.867
4189.833
4581.6
4657.7
4611.067
4395.3
5117.2
4911.633
4931.933
5522.833
5553.133
5796.967
5461.8
5946.367
6107.933
6076.9
6072.133
6330.233
6607.933
6637.567
6177.267
6427.767
6948.333
6965.167
6521.8
7016.367
7274.867
7408.5
7302.867
7317.7
7771.2
7725.033
7130.6
7254.767
7958.267
8023.9
7838.733
7594.233
8086.733
7907.967
7700.867
7704.433
8194.867
7996.1
7137.467
7993.9
8163.067
8216.367
7911.133
7700.367
8166.6
8087.367
7910.133
7817.5
7957.333
8079.367
7663.0
7500.033
8411.867
8011.9
7811.067
7831.567
8138.667
8043.3
7915.0
7872.1
8088.8
8040.9
7876.6
7855.1
8139.4
8126.633
7974.8
7879.7
8208.0
8107.3
7544.533
7778.5
8087.733
7987.9
7653.933
7580.233
7987.667
7852.3
7926.467
7673.5
7924.067
8042.967
7755.0
7286.833
8052.0
7956.5
7942.867
7753.633
8249.067
8006.367
7806.867
7590.767
8084.267
7850.9
7419.933
7329.967
7917.733
7849.167
7872.4
7276.9
7957.8
7844.167
7681.933
7774.967
7952.8
7924.433
7744.333
7653.033
8185.533
7992.767
7127.333
7497.1
8060.2
7846.367
7844.667
7652.367
8052.8
7960.167
7503.067
7311.633
7872.0
7728.433
7700.8
7571.367
7911.333
7864.7
7710.467
7268.767
7947.667
7890.167
7506.067
7205.033
7783.6
7949.767
7618.733
7570.433
7887.4
7533.9
7471.6
7621.7
7616.667
7549.233
7404.067
7208.5
7814.2
7612.967
7268.6
7197.367
7656.2
7804.967
7107.267
7174.233
7653.4
7560.433
7628.267
7381.233
7603.667
7506.433
7437.4
7142.767
7744.933
7545.567
7242.8
7223.567
7585.4
7525.7
7344.733
6876.7
7484.067
7420.967
7307.6
6792.633
7566.533
7382.5
6869.933
7323.5
7355.067
7295.967
6871.0
7006.233
7165.0
7274.7
7033.133
7013.1
7285.667
7063.233
7035.2
6820.567
7141.333
7202.967
6686.2
6651.3
7131.133
7132.3
6823.467
6742.5
6844.933
7007.967
6573.133
6737.167
6799.6
6848.1
6660.8
6435.433
7005.267
6869.7
6490.0
6183.767
6727.733
6922.9
6712.867
6432.5
6755.667
6738.833
6053.667
6464.5
6876.133
6535.833
6362.533
6441.567
6660.933
6702.233
6310.333
6156.767
6577.333
6684.567
6500.0
6402.233
6699.333
6491.433
6221.0
5962.3
6608.867
6425.1
6652.4
6160.7
6625.733
6579.9
6068.533
6108.833
6600.8
6441.633
6246.067
6313.033
6583.2
6523.9
6119.733
6051.433
6643.733
6410.567
6254.2
6293.233
6536.667
6399.167
5981.533
5871.167
6238.533
6193.567
5699.133
5821.5
6290.467
6137.967
6290.333
5960.1
6300.533
6167.567
6378.933
6022.967
6208.667
6138.233
5777.2
5771.433
6235.667
6106.767
5662.4
5106.633
6075.467
6129.5
5667.467
5851.233
6102.6
5891.3
5756.533
5700.767
6067.4
5863.433
5684.933
5341.833
5920.6
5982.633
5257.4
5431.7
6003.067
5785.633
5504.133
5317.9
5904.267
5872.833
5767.267
5387.767
5953.267
5863.033
5812.4
5704.367
5895.933
5768.367
4535.933
5033.567
5806.8
5887.9
5484.467
5233.433
5736.467
5878.767
5211.533
5221.367
5646.733
5634.167
5143.933
5188.833
5671.8
5667.3
5002.667
4999.233
5550.267
5510.3
5226.133
5259.5
5486.467
5412.767
5002.933
5375.567
5487.067
5493.567
4953.333
5219.1
5580.333
5350.633
4917.2
4786.567
5409.333
5389.167
5253.467
4704.367
5469.333
5351.033
4681.8
4811.233
