266.5
58.650000000000006
-143.3
154.183
438.3
122.45
199.7
226.917
232.367
256.45
125.967
-174.95
209.5
200.05
18.5
-34.55
346.5
-7.349999999999994
63.43300000000001
365.05
423.233
176.517
459.5
150.78300000000002
274.83299999999997
200.78300000000002
220.7
-123.883
205.167
198.45
325.1
22.849999999999994
280.967
192.65
243.9
19.450000000000003
556.633
460.717
96.433
-62.617000000000004
237.433
121.383
-11.632999999999996
178.183
201.63299999999998
223.71699999999998
141.3
232.45
208.96699999999998
232.05
-34.900000000000006
31.583
608.433
273.05
-18.099999999999994
-261.883
438.9
434.25
21.099999999999994
38.917
382.633
431.783
383.233
223.78300000000002
407.233
371.45
153.233
313.91700000000003
386.633
377.717
317.367
-146.95
446.633
273.65
33.099999999999994
72.117
381.1
186.183
142.167
58.583
297.433
489.05
202.567
54.25
229.433
335.91700000000003
26.566999999999993
12.917000000000002
240.3
195.05
493.9
0.18300000000000693
179.833
202.65
341.3
-72.817
196.567
245.183
195.63299999999998
81.05
409.3
360.183
-236.7
21.382999999999996
401.567
300.91700000000003
223.96699999999998
199.317
458.83299999999997
284.58299999999997
-3.0999999999999943
264.85
92.7
315.383
242.5
266.117
412.9
280.117
552.3
-239.75
319.9
362.91700000000003
97.633
350.717
386.433
452.717
243.767
95.383
341.033
242.65
-71.433
115.383
324.633
302.717
126.3
3.8499999999999943
411.033
436.65
52.5
-245.15
348.367
313.517
74.967
124.783
271.633
414.717
329.233
32.783
280.7
319.05
-278.5
-155.417
311.033
201.38299999999998
152.96699999999998
-10.082999999999998
323.16700000000003
256.317
41.099999999999994
210.38299999999998
405.567
288.783
242.3
-117.75
449.967
397.05
427.233
147.45
477.967
275.183
155.3
338.983
399.3
73.383
351.633
-168.817
134.1
219.05
4.700000000000003
348.783
591.3
415.717
163.833
-86.35
491.16700000000003
149.25
458.967
19.983000000000004
382.83299999999997
358.383
319.83299999999997
379.05
518.567
350.383
422.16700000000003
296.517
340.9
219.11700000000002
377.567
-352.817
396.767
343.65
168.5
134.05
141.167
319.517
465.9
170.71699999999998
240.96699999999998
289.65
116.833
-204.75
267.767
378.783
459.7
176.85
389.967
301.58299999999997
37.233000000000004
-324.41700000000003
429.9
234.917
-61.967
11.450000000000003
264.233
188.38299999999998
-1013.233
-99.017
120.233
264.65
246.433
-59.349999999999994
557.767
385.05
253.633
66.25
253.7
224.71699999999998
-110.767
419.117
521.367
270.45
-194.433
25.917
308.433
315.45
-112.433
344.383
372.767
252.183
384.767
340.783
325.433
400.983
237.233
165.583
360.767
244.05
405.567
18.849999999999994
391.16700000000003
433.383
329.767
-84.35
217.567
307.117
72.167
-292.95
366.1
344.91700000000003
241.433
-128.95
342.567
336.05
213.433
72.917
355.3
346.45
-155.3
198.71699999999998
328.567
55.849999999999994
-159.1
156.583
257.033
207.71699999999998
313.767
156.517
256.433
498.85
95.7
160.317
367.033
527.65
383.1
156.71699999999998
222.567
270.05
95.3
487.783
345.767
205.583
-162.433
95.783
208.63299999999998
279.517
254.767
-15.617000000000004
531.9
547.383
22.367000000000004
277.183
365.83299999999997
334.45
219.63299999999998
92.25
337.233
366.183
74.567
118.317
276.83299999999997
317.85
172.833
288.717
465.233
429.517
391.967
80.917
543.967
157.517
362.767
-164.017
346.7
156.71699999999998
-109.367
264.45
314.567
185.45
523.033
361.183
354.367
231.05
615.7
66.383
359.3
260.117
-52.43299999999999
247.317
605.033
393.183
520.9
-73.283
409.367
335.183
356.767
166.117
308.5
481.983
-91.56700000000001
189.25
573.967
283.25
96.5
131.05
316.3
322.317
475.63300000000004
145.65
607.167
516.183
665.967
393.783
663.767
465.183
185.833
278.25
335.033
539.917
708.967
137.783
643.5
511.38300000000004
467.233
605.517
542.1
434.38300000000004
287.5
574.583
418.767
685.317
41.36699999999999
203.583
485.967
456.25
479.63300000000004
323.45
803.633
477.983
634.033
462.383
616.033
563.117
607.9
217.38299999999998
926.9
388.85
501.7
423.38300000000004
777.3
448.317
621.5
504.317
509.633
763.9169999999999
683.233
554.317
499.567
751.9169999999999
526.3
343.85
844.367
637.117
533.233
469.517
463.833
565.317
668.1669999999999
547.183
770.633
658.117
447.367
384.117
548.9
645.717
539.033
428.183
776.767
350.517
617.1
350.05
565.367
450.05
633.3
709.983
600.367
347.117
665.1669999999999
838.983
332.167
750.5830000000001
596.633
626.517
664.5
620.717
488.833
826.317
1021.3
520.783
527.9
1123.183
754.033
965.383
348.16700000000003
528.983
994.967
817.25
935.367
1013.917
541.633
499.45000000000005
629.233
588.783
1137.033
951.05
428.967
892.783
803.567
1024.517
1039.633
873.65
790.3
1140.117
415.63300000000004
682.917
805.9
969.117
1297.567
1219.383
1158.767
1089.983
904.7
992.45
1025.167
916.45
563.433
772.65
1117.633
942.917
1212.167
758.583
1265.567
1162.317
1258.767
1079.117
1228.567
1152.983
756.7
1195.05
1073.567
989.783
919.033
1059.05
1033.567
1164.917
1066.967
830.117
1165.633
935.85
905.3
771.183
1238.5
1133.717
1088.3
1133.25
1257.367
997.05
998.1669999999999
888.117
1174.967
1212.117
1096.433
854.783
1340.033
1065.783
1115.167
1083.05
1241.7
1111.383
629.0329999999999
1045.183
1113.1
1167.717
1205.3
1371.45
1508.567
1311.517
1336.9
1294.783
1443.9
1491.85
1329.367
1406.85
1395.167
1394.45
1561.967
1391.917
1800.5
1273.65
865.7
1139.717
1343.233
1632.117
1350.033
1425.917
1793.5
1589.45
1504.3
1421.517
1656.767
1714.183
1730.7
1459.583
1839.3
1514.117
1405.033
1311.45
1386.3
1308.45
1626.7
984.8499999999999
1369.1
1499.117
1715.3
1335.583
1656.3
1520.65
1742.767
1555.517
1626.9
1696.917
1685.233
1584.117
1887.633
1462.583
2004.567
1739.383
1775.433
1693.85
1598.7
1793.05
2039.767
1407.183
1520.3
1807.183
2053.3
1774.917
1863.567
1615.317
1688.1
1567.317
1666.833
1779.917
1729.167
2024.05
2283.9
1562.65
2136.1
2107.45
1998.167
1911.183
1990.967
1838.183
1799.967
2105.65
2045.033
1836.05
1647.033
1769.317
1710.567
1681.317
2006.3
1882.25
2030.9
2219.783
2031.233
2157.25
2371.567
2116.05
2421.567
2263.85
2610.5
2333.583
2175.167
2420.783
2419.367
2329.85
2149.633
2308.05
2127.233
2214.05
2097.033
2276.45
2273.767
2060.717
1758.9
2023.717
1975.1
2000.25
1809.567
1760.117
2009.767
1763.317
1718.567
1441.05
2065.7
1633.65
1962.167
1934.317
2117.633
2562.45
2328.9
2580.517
2431.967
2592.783
2748.567
2368.117
2570.967
2520.583
2249.5
2178.117
2492.633
2321.25
2576.367
2154.183
2410.833
2438.25
2422.367
2582.383
2529.433
2566.45
2732.167
2644.317
2713.367
2721.85
2630.633
2339.65
2687.367
2702.25
2547.433
2800.583
2902.167
2754.183
2659.3
2362.583
2867.833
2741.583
3036.7
3277.117
3345.167
3682.917
3664.967
3515.583
3456.567
3382.45
3500.9
3096.45
3651.767
3351.717
3513.967
3427.583
3673.567
3183.917
3334.167
3488.05
3346.767
3395.783
3189.367
2889.383
3480.767
3563.517
3428.767
3585.65
3756.3
3721.917
3614.3
3380.783
3748.1
3698.917
3198.9
3422.517
3405.833
3598.783
3449.033
3669.717
3855.167
3599.65
3504.767
2972.65
3285.167
3381.85
3449.833
3143.25
3571.5
3229.45
3304.1
3093.917
3051.767
3012.317
2923.633
2996.517
3013.5
3130.45
2895.633
3052.317
2819.233
2984.383
3109.033
3160.717
3460.5
3589.917
3708.567
3858.317
3663.367
3746.983
3332.5
3851.05
3631.367
3633.45
4152.5
3807.45
4494.967000000001
4482.85
4386.3
4570.317
5139.033
4627.983
4781.9
4260.983
4459.233
4367.25
4027.1
3775.517
3859.033
3730.317
3533.633
3627.05
4112.967000000001
3731.25
3985.5
4003.05
4513.233
4417.25
4604.433
4334.383
4207.967000000001
4061.25
3757.9
3615.183
3751.833
3357.65
3249.1
3118.583
3196.033
3141.383
2578.433
2931.05
2937.5
2596.45
2272.167
3044.783
3060.433
3165.05
3438.367
3129.517
3941.033
4134.183
4204.032999999999
4044.717
4128.367
3925.117
3600.233
3725.183
3670.767
3837.65
3822.967
3642.45
4200.5
3862.917
4031.433
3911.317
4093.367
4040.717
3973.033
3434.117
4044.167
3871.917
4037.033
3969.65
3884.167
3944.25
3944.5
3928.45
4597.233
4618.45
4589.7
4800.85
4968.833
5046.717
5044.967
4863.183
5218.967
4949.25
5350.7
4923.45
5371.7
5764.05
5098.767
5326.383
5441.367
5236.983
5246.767
4538.917
4474.5
3933.317
3751.9
2869.65
2796.633
2327.65
2182.233
2180.583
2687.567
2925.783
3246.9
3706.117
4020.233
4162.783
4450.167
4850.717
5128.433
5480.517
5360.033
5362.117
5531.833
4980.717
4903.833
4645.183
4322.233
3615.65
3359.767
3070.517
3046.967
3388.717
3521.1
4020.583
4806.1
5025.383
5230.033
6008.917
6243.7
6330.383
6697.367
6421.583
7101.367
7094.05
7528.7
7218.583
7165.967
7577.783
7348.7
7390.383
7560.567
7366.783
7624.1
7439.983
8058.833
7886.05
7987.9
7748.783
8256.967
8062.05
7918.233
7968.383
8516.832999999999
8269.317
8261.767
8007.717
8187.767
7723.983
7825.233
7985.317
8085.367
8487.917000000001
8238.7
8323.582999999999
8370.832999999999
8083.45
7829.5
7623.583
7835.5
8086.117
8281.7
8145.183
8152.567
8134.783
8104.367
7955.183
7934.9
7898.983
7761.7
7823.65
8269.832999999999
8026.25
8193.9
7902.583
8047.367
8260.45
8049.567
8432.117
8557.634
8533.316
8648.7
8735.45
8808.434
9135.85
9348.967
9169.184
9128.233
9061.65
8483.033
7946.717
8127.367
8082.183
8037.5
7933.717
8215.233
8427.917000000001
8560.5
9128.05
9083.7
9620.384
9551.7
9599.517
9587.5
9966.85
9353.9
9469.983
9956.7
9445.45
9506.967
9710.65
9659.3
9471.45
10076.366
9571.05
9893.767
9810.583
9737.833
9456.517
9758.434
9623.25
9621.7
9069.917
9725.233
9521.983
9516.5
9155.517
9536.233
9861.517
10038.767
9679.65
9973.434
10027.384
9862.9
9863.45
9803.9
8872.316
9312.967
9329.983
9425.366
8925.45
9551.167
9357.184
9462.3
9187.116
9147.833
9464.45
9641.434
9551.783
9630.366
9379.583
9178.366
9173.783
8595.366
8838.583
9559.167
9286.917
9444.1
9731.116
10059.1
10101.65
10307.767
9975.717
10099.233
10235.05
10171.7
9751.783
9631.233
9117.184
9315.566
8599.917
9244.566
9441.25
9117.5
9100.384
9881.634
9837.517
9316.7
9359.384
10133.634
10324.316
10051.767
9838.85
9978.967
10049.517
9770.366
9715.717
9964.366
9777.384
10013.967
10327.983
10018.566
10256.65
10521.634
9700.184
9958.566
9808.45
9435.767
9718.384
9038.566
9299.116
9293.167
10211.316
10152.033
9978.184
9974.167
9519.384
9836.233
9764.917
10109.7
9792.05
9573.233
9067.717
8939.833
8641.116
8313.167000000001
8225.783
7648.433
7550.983
7579.033
7530.05
8012.1
8370.65
9251.3
9804.783
10821.167
10944.783
11928.634
11119.917
10639.634
11054.85
10969.167
10814.783
11514.833
11599.583
11812.566
11645.184
11569.233
10975.316
10588.033
10251.384
10468.434
10376.184
11629.7
11059.917
11659.434
11676.717
11978.233
12035.316
11674.233
12404.316
12521.5
13107.717
12993.7
13123.983
13358.566
13684.717
12711.767
12963.917
12372.967
12640.25
12639.1
13020.116
12545.634
12309.316
11910.033
11677.783
11954.767
11670.316
10835.7
11642.783
11523.767
12263.783
12417.366
12472.917
13339.167
12954.917
12647.033
12905.783
12942.767
12727.25
12699.167
12867.45
13322.566
13701.85
13755.233
13392.184
13545.7
15050.05
13924.366
13955.184
14199.233
13612.583
14176.167
14118.65
14767.9
14208.65
13664.7
13999.384
14213.833
14082.783
13596.566
13509.517
14585.366
14998.25
14675.434
14030.65
14360.366
14152.384
14048.967
13218.45
14155.9
14019.65
13674.7
13008.983
13555.033
13833.783
13815.1
13424.05
14426.233
14441.116
14220.566
14592.384
14742.967
15426.25
14774.5
14579.717
15179.634
14703.316
14994.167
14186.384
14506.366
15197.116
14776.5
14899.517
14938.767
14597.983
14769.233
15145.65
15811.767
15466.05
15490.033
15649.517
15543.566
15911.316
16381.967
15937.116
15879.833
15494.45
15501.033
15042.184
15488.566
15083.384
15456.1
14800.45
14435.833
14634.517
14543.634
14279.25
14898.167
14385.65
14505.033
14587.05
14587.167
14645.717
14516.3
15043.917
15524.767
15869.717
15066.033
15127.316
15214.033
14629.05
15439.5
15073.384
15623.833
15615.116
15958.434
15963.983
16145.5
16366.85
15835.767
15369.116
17012.232
16380.184
16303.3
16557.65
16781.633
15603.983
16304.033
15590.116
16572.967
16297.65
15629.9
16162.983
16595.767
16314.05
16444.833
17324.449
16820.9
16204.65
16060.1
15831.25
15700.1
16258.583
16860.301
16813.051
17451.699
17599.717
17932.301
17491.584
17571.834
17920.117
17678.301
17646.65
17680.9
17787.783
18150.633
17797.783
18502.166
18282.316
18401.5
18815.117
18711.967
18636.184
18195.367
18324.051
18607.967
18180.449
18064.9
17932.117
18554.166
18254.584
19266.232
18504.184
18164.166
18643.982
18756.033
19425.783
19550.699
19636.184
19101.434
19328.982
18852.5
18987.65
18714.768
19110.783
19376.301
21103.051
19499.633
20298.916
20648.633
20802.584
20237.033
21569.383
21050.633
21321.383
22045.301
22687.518
21553.166
22119.717
21581.367
21873.584
23456.9
21996.184
22163.232
21318.449
21323.566
21382.584
22078.166
21932.982
22428.232
23179.383
22564.699
23392.85
24006.967
24654.383
24687.367
24872.916
25619.566
26279.316
25589.5
24320.449
25175.768
25325.85
24611.301
25140.316
25750.834
25780.65
25576.434
26041.449
26663.5
25965.117
27426.301
28096.518
27711.434
27096.316
28223.232
28038.982
28076.033
27803.316
28215.033
28275.184
28061.232
28155.518
27690.9
28036.717
28895.434
29594.25
30020.232
30320.117
31683.033
31949.717
31355.768
32076.717
32110.1
31784.982
31871.301
30899.783
31886.633
31086.25
30983.367
32633.316
33182.832
33501.051
33547.566
33741.316
34534.434
33641.117
33919.234
33341.184
33608.035
33873.316
33367.699
34067.785
34831.234
35155.117
35287.234
35491.383
35907.699
35939.316
35301.234
35632.051
35465.434
35600.582
34948.434
35501.449
35642.5
35835.516
36221.766
35734.984
35647.035
35800.25
35869.168
35957.918
35992.234
36361.984
36097.898
36272.918
36496.898
36275.516
35197.832
34663.316
33028.766
31699.051
30785.301
30451.717
30314.566
30819.584
30746.633
32135.316
33695.766
34218.984
34824.766
34955.852
35257.699
36091.316
37130.234
36756.582
37439.168
37434.051
37091.102
36323.117
36013.699
36274.25
36866.301
37180.383
37657.234
38298.852
39164.965
39677.984
39820.898
39901.516
39114.168
38950.918
38530.301
38810.516
38903.965
38855.316
38857.832
38156.383
37721.633
37572.785
37014.5
37004.984
37369.766
37110.918
38559.234
38810.648
39212.234
39797.918
39998.699
39142.918
39373.168
38967.051
39003.035
39383.449
39766.035
40136.516
41183.168
41032.25
41643.699
41148.918
41157.102
40708.051
39918.168
40143.449
40099.832
40313.117
40029.234
40294.918
40869.5
41158.984
40719.102
40790.117
41842.234
41304.051
41777.434
40971.383
41600.766
41110.449
40096.234
39613.449
39288.5
39179.984
39458.102
39748.184
40208.766
41326.449
41039.5
41891.785
41363.367
41357.785
41193.367
40687.516
40415.633
39992.184
39268.699
39441.785
39459.168
39198.918
39410.699
39394.785
39159.434
39249.582
39117.965
39198.852
39695.035
40185.785
40154.832
40650.648
41399.898
41655.316
41532.234
41851.184
41678.301
41603.184
40790.566
40373.852
39840.035
40124.852
40580.367
40307.184
41149.898
41450.316
42087.898
42329.25
42346.566
42361.316
43129.234
43442.852
44019.699
44170.516
43802.965
43609.918
43348.102
43320.051
42609.367
42364.449
42547.035
42520.117
42234.434
42123.051
41175.898
41800.25
41413.234
41859.25
41750.367
42634.715
43096.566
43718.516
44151.699
44515.117
43499.234
43609.383
43092.766
43127.117
43499.434
43130.051
43116.633
42751.117
43105.168
43513.516
43501.898
43727.984
43773.301
44307.785
44724.367
45533.582
44777.234
44635.383
43950.102
43941.582
43144.566
43144.785
43053.434
42773.648
43443.898
43560.25
41749.699
42994.184
42875.102
42517.449
42720.102
42409.785
42325.633
42578.383
43188.5
43513.25
43527.965
43413.516
43669.5
44342.449
44416.898
44754.582
44460.102
43926.648
42501.766
40953.117
40120.766
38603.648
36920.035
36406.785
37079.633
38117.117
40508.5
41161.785
40536.434
40655.918
40908.168
40267.785
40700.234
40118.316
39624.434
40578.785
41793.367
42811.984
42703.5
43163.051
43323.699
43818.648
44654.234
44185.383
44036.301
44111.852
43336.5
43803.648
44263.234
44312.785
44119.766
44985.852
45461.965
45432.449
45478.168
44751.25
44640.766
44279.582
44548.5
44241.516
43461.102
43236.582
42741.367
43758.648
44605.234
45371.715
45057.633
45699.785
46677.301
46979.648
46401.766
45994.316
46404.168
45778.051
45596.367
44975.449
45654.301
46187.582
45661.301
45400.449
45006.168
43893.449
43253.035
41598.984
40410.766
40036.984
40156.035
40517.852
41069.898
42339.918
42561.234
43887.648
44267.832
44257.852
44912.301
45161.648
45648.035
45769.648
45955.234
46463.184
47325.234
46651.648
46259.434
45411.449
45312.434
45136.316
45034.301
45010.582
45072.5
45771.184
46800.035
46831.648
46908.102
46882.316
46766.168
46425.383
46498.898
46462.316
45344.434
44770.449
44326.633
43660.383
42827.234
42317.051
42684.633
42989.316
43484.434
43947.984
44649.5
44721.25
44490.633
44300.785
44554.035
44165.051
43765.766
43907.516
44355.434
44896.785
45064.566
45090.383
45620.367
46214.383
46123.633
46275.25
45955.234
45770.184
45149.832
44328.184
44040.898
43090.117
42069.898
43351.051
43273.633
43634.316
43827.633
44490.984
44624.168
44951.918
44426.699
44446.051
44847.898
44366.184
44182.234
44073.582
43971.035
43608.25
42887.965
42432.582
42587.367
42639.715
42114.367
41457.785
41834.234
41673.25
41378.168
41378.715
41594.168
41915.582
42148.566
42627.785
42810.832
43269.785
43016.434
42806.184
43300.367
43190.383
41986.434
42729.383
42391.699
42404.117
42598.367
41907.648
42109.234
42938.648
43102.898
43515.582
43446.898
43553.117
43464.168
43153.582
43629.566
43165.25
42580.301
42516.316
42842.102
43307.449
43497.301
42766.918
42927.898
42807.383
42350.699
42624.582
42801.566
42701.715
42439.965
42655.449
42366.035
42580.184
41982.633
41708.648
41615.102
41544.516
41803.965
41349.184
42238.035
42503.184
42980.965
42340.582
42546.035
42620.852
42836.168
42678.516
42471.5
42643.383
42607.832
42359.051
42390.965
42384.582
42081.898
41607.852
42024.633
42169.852
42283.898
42265.449
42422.766
42391.316
42308.301
42778.25
42743.898
43001.582
42193.766
41730.785
41972.301
41455.316
41497.898
41256.449
41850.168
42413.516
42169.301
42005.852
42343.035
42286.648
42566.434
42427.984
42516.035
42847.051
42633.965
42598.383
42781.766
42833.25
42752.434
42588.648
41842.5
42117.25
41292.301
41545.918
41586.301
41484.984
41176.5
41301.918
41227.434
41183.383
41259.898
41642.852
41249.965
41860.316
41610.633
41536.785
40981.965
40595.918
40268.965
40372.785
40009.234
40001.582
39695.234
40329.25
40523.965
40567.316
40406.766
40039.25
41077.367
41306.117
41638.898
41683.785
42271.566
42425.648
41767.301
41572.516
41418.301
41356.852
40554.367
40696.25
40920.234
40851.117
41249.699
41151.051
41678.766
41539.852
41735.434
41458.918
41699.434
41405.383
41119.434
40628.516
41167.367
41280.582
40481.699
41369.852
40991.566
41331.051
41528.633
41008.449
41295.035
40880.715
40109.035
39579.918
40102.965
39899.316
39547.633
40002.383
40001.434
41061.25
40760.566
41417.051
41648.434
41298.25
41217.832
41607.785
41951.5
41442.117
40873.766
40603.984
40644.898
40123.582
39897.434
39899.184
40469.965
40505.25
40428.301
40380.582
41012.832
41109.25
40683.5
40427.582
40464.898
40031.25
39393.832
38939.715
38946.234
38919.25
38577.965
38876.449
39238.301
39797.852
40057.633
40153.117
40456.301
40707.184
41023.699
41025.852
41167.367
40929.316
40777.5
41287.051
40642.699
41137.25
40848.234
40365.984
40969.633
40851.785
41010.102
40625.918
40512.102
40389.984
40353.168
39814.918
40047.301
39733.051
39512.566
39810.984
39492.5
39319.918
39260.234
39142.449
39944.965
40214.984
39389.035
39525.582
40139.035
39997.117
39920.5
40419.852
39936.566
39621.449
39542.832
38726.852
39224.367
38358.449
38625.102
38501.715
38450.102
38954.051
38751.965
39000.918
39039.434
38954.25
39309.102
39219.25
39527.301
39469.184
39002.898
39078.184
39261.035
39412.648
38576.699
38930.984
39113.898
39111.852
38533.898
39021.383
39647.766
39269.051
38964.168
39803.117
39894.035
39776.184
39438.5
39021.785
39613.766
39136.984
39338.234
39342.449
39081.965
39246.715
39104.5
38893.715
39257.965
38924.715
38308.434
38436.516
38749.898
38550.051
37960.566
37932.582
37663.168
37515.582
37356.566
36896.648
37544.898
37534.852
37155.633
38128.184
38010.434
38293.715
38223.035
37875.648
38401.832
38191.316
37861.766
37334.184
37788.367
37922.516
37127.832
36304.316
35566.5
34872.516
34276.832
33622.715
33247.102
32621.85
32185.1
33326.449
33884.633
33982.316
34548.035
35254.516
36453.566
36213.648
36646.5
36477.449
36419.832
36591.449
36150.566
35964.383
36155.035
36067.184
35681.832
35763.316
35916.633
36138.984
35914.965
35711.25
36106.898
35926.715
35945.434
35752.648
36167.168
36115.449
35743.434
36266.051
36063.5
35903.516
35452.766
35171.383
35236.766
35158.316
35142.898
35308.316
35125.035
35494.785
35597.898
35403.984
35630.566
36132.051
35808.168
35491.051
35822.035
35922.051
35803.434
35964.316
35783.234
35460.516
35227.766
35150.184
35362.965
35266.715
34523.168
34852.117
34783.035
35052.184
34895.168
34706.984
34853.035
35038.918
35297.234
34837.715
35006.102
35347.852
34768.102
35013.117
35004.766
34910.715
34349.898
34458.852
34407.633
34445.715
34551.5
34401.051
34347.434
34346.648
33721.699
34071.449
33866.766
34130.449
33606.965
34002.25
34591.5
34250.984
34664.766
34690.852
34554.699
34964.516
34761.898
34750.383
34813.5
34686.852
34921.5
34732.918
34892.168
34612.852
34861.699
34558.051
35032.898
34403.516
34494.566
34286.051
34524.633
34640.852
34225.633
34044.984
34147.434
34142.785
34159.035
34189.383
34296.102
34373.449
34379.566
34283.516
34212.766
33818.582
33442.301
33323.785
33494.035
33009.25
32755.035000000003
32862.316
33290.898
33206.383
32792.965
32792.785
33187.102
32983.648
32659.898
32406.383
32728.9
32505.584
32121.633
31618.184
32002.9
32046.518
32054.033
32286.783
32247.566
32206.584
31655.166
31847.584
31448.633
31375.584
30644.301
30490.051
30568.033
30053.184
30024.633
29396.449
29746.033
29422.25
28860.699
28087.982
27970.768
28053.051
27908.033
27309.584
27624.9
27445.916
27768.367
27859.982
28453.633
28856.117
29644.768
30401.916
30503.367
30684.783
30698.9
30949.783
30787.768
30415.916
30468.967
30264.916
30528.834
30239.316
30619.834
30671.25
30991.566
30943.717
31177.033
31071.25
31477.566
31370.916
31080.434
31374.783
31685.633
31446.982
31155.301
30960.383
31255.033
31170.65
30922.633
30902.184
30972.367
30995.117
31344.434
30632.184
31149.566
31097.85
31150.699
31006.449
31277.301
31019.65
30647.633
30625.25
30780.834
30938.117
30256.1
30112.982
30342.166
30105.916
29986.434
30180.25
30288.033
30020.117
29945.434
29651.25
29632.301
29642.85
29750.967
29711.518
29690.566
29589.982
29643.768
29571.184
29435.232
29414.65
29186.9
28634.584
29081.9
28574.584
28743.434
28669.051
28804.434
28570.717
28733.434
28655.584
28702.367
29057.051
28850.699
29176.25
28973.033
29228.184
28993.834
28469.184
28621.834
28388.184
28181.301
28435.184
28266.834
28269.783
28272.301
28246.916
28614.033
29135.518
28691.967
29230.117
29361.434
29076.783
29266.834
28942.316
29198.967
29330.982
29493.5
29613.85
29737.434
30121.65
30013.699
30437.383
30720.166
31038.916
30528.768
30415.982
30724.566
31246.916
31077.166
31546.117
31708.633
32123.982
31902.566
32029.184
31923.566
31663.518
30924.967
29934.783
29326.566
29018.717
28719.033
28443.449
28210.834
28256.051
28110.768
27997.982
28224.768
28131.518
28156.566
28104.982
28504.367
28237.316
28119.301
27806.051
27816.5
27929.184
27529.166
27811.916
27718.5
27874.85
27958.5
28026.25
28126.166
28354.518
27967.232
28103.383
28470.367
28242.783
27644.834
28002.518
28370.367
28197.916
27845.699
28097.383
28353.967
27756.584
28186.166
27516.783
27878.834
27516.383
27262.301
27444.85
27268.633
27405.65
27138.367
26641.783
27300.633
27388.717
27058.367
27061.117
27215.166
27011.25
27357.768
26793.316
27051.834
27058.65
27210.434
27222.717
27338.5
27092.518
27203.768
27325.982
27611.566
27136.65
26707.768
26779.051
27008.699
27141.316
26887.367
27000.316
26847.232
27095.717
26844.434
26817.383
26887.768
26815.449
26385.166
26148.383
26790.367
26523.316
26094.434
25961.518
26417.5
26009.383
26016.5
26124.584
26393.033
26096.85
25078.033
25833.85
26269.033
25827.518
25767.434
25376.85
25611.9
25727.85
26007.367
25971.25
25847.301
25571.717
25615.699
25586.717
25026.967
24897.717
24337.9
24610.117
24168.1
24597.25
24177.9
24265.316
25573.1
25367.783
25353.5
25959.717
25751.1
25800.449
25313.768
25059.65
24899.9
24937.916
24648.301
24751.184
24835.367
24867.184
24538.1
24773.584
25408.232
24947.518
24458.834
24784.316
25028.434
25127.316
24821.232
24931.25
25086.434
24693.65
24362.232
23994.25
24405.633
23937.383
23867.033
23467.783
23461.9
23503.25
22855.1
22418.051
22313.967
20889.25
20167.232
19332.184
19464.367
19456.184
19566.768
19800.783
20585.633
21469.65
21951.699
22020.25
22220.566
22874.982
23351.232
23314.916
22956.834
23397.982
23288.1
23426.717
23391.301
23029.25
22693.967
22544.25
23006.5
22918.383
22504.566
23170.916
23063.166
23243.85
23339.768
23240.25
23376.699
23340.85
23087.367
23169.85
23300.166
23515.184
23056.033
23061.65
23456.633
23537.25
23446.566
23462.184
23610.166
23606.449
23486.768
22998.783
23419.9
23355.85
23067.232
22847.316
23097.5
23219.65
23043.768
22598.117
22889.301
23171.65
22573.232
23233.65
23370.9
23308.783
23760.566
23472.316
23565.834
23511.25
23302.699
23475.584
23397.834
23355.383
22979.367
23061.117
23084.5
23122.051
23025.301
23110.449
23359.9
23367.449
23071.5
22834.65
23136.033
22994.117
23185.9
22755.518
23262.834
23129.383
23305.768
23312.449
23373.367
23271.717
22874.367
22570.25
23109.699
22951.85
23194.301
22728.449
22697.566
22801.916
22646.967
22969.982
22750.967
22725.051
22191.166
22214.449
22302.633
22580.051
21706.166
21981.184
22224.9
22190.25
21961.834
21820.916
22243.1
22196.316
21934.633
22094.982
22176.301
22364.518
21657.434
21862.783
22322.1
22380.65
22021.967
21920.184
22021.566
22199.518
21840.232
21797.117
21968.768
21881.518
21310.1
21606.916
21638.232
21449.184
21400.434
21557.85
21252.566
21993.25
21371.5
21250.316
21367.9
21411.117
21265.1
20742.783
21221.1
21239.518
20934.434
20736.518
21144.5
21017.85
20909.768
20384.051
20951.367
20924.85
20873.834
20913.717
20537.301
20806.518
20667.367
20224.982
20486.232
20311.85
20357.834
19847.584
20273.699
20160.518
19510.5
19197.117
19948.699
19777.783
19574.301
19445.383
19745.566
19614.383
19255.699
19157.117
19829.9
19532.383
19359.367
19197.051
19663.768
19228.982
19073.166
18966.518
19583.633
19377.449
19099.699
19075.051
19242.967
18949.518
18546.9
18259.982
18689.768
18796.117
18715.5
19012.25
19116.967
19029.449
18440.9
19065.184
18855.434
18751.518
18710.633
18634.717
18544.033
18702.449
18180.566
18076.717
17381.9
16599.717
15770.767
14996.05
14541.566
14338.517
14295.233
14313.65
15296.434
15821.316
16056.634
16578.116
16864.367
16940.316
17083.367
16965.449
17094.166
16548.383
16523.1
15803.650000000001
16873.699
16798.783
16570.834
16554.916
16897.768
17177.85
17327.5
17051.65
17477.834
17684.982
17358.768
17411.783
17801.967
17792.184
17831.1
17933.982
18034.768
18031.316
17791.699
17414.449
18308.434
18079.65
18028.633
17617.518
18320.166
18398.449
18172.699
18316.117
18352.768
17872.117
18049.9
17742.051
18281.301
18164.717
18045.232
17942.25
18039.834
18267.051
17866.033
18398.316
18380.033
18446.117
18393.9
17978.117
18700.367
18667.316
18257.434
18466.518
19182.1
18909.117
18634.301
19193.65
19445.033
19067.518
18847.566
18941.449
18609.367
18764.316
18231.699
18402.051
18664.699
18554.518
18567.166
19002.65
18635.9
18740.584
18129.699
17985.316
18894.301
18702.051
18557.166
18649.783
18514.967
18609.85
18700.1
18383.051
18432.967
18435.518
18365.9
18313.383
18503.033
18131.383
18271.834
18139.717
18492.1
18233.051
18358.232
18291.184
18739.1
18332.184
18340.301
18267.383
18558.967
18848.65
18856.9
18699.518
18661.434
18518.916
18400.699
18611.518
18797.033
18893.25
18913.434
18532.65
19156.434
18983.316
18942.967
18412.518
18985.5
18918.85
18657.301
18570.65
18675.367
18806.717
18925.232
18820.982
18955.967
18648.717
18724.9
18909.449
18657.834
18781.717
18633.166
18514.449
18613.367
18746.117
18480.967
18412.85
18541.1
18821.783
17830.699
18623.25
18644.834
18539.449
17860.566
18260.383
18561.033
18668.117
18534.1
18550.916
18535.967
18633.449
18387.367
18244.518
18623.9
18390.85
18478.967
18143.316
18384.5
18424.518
18066.5
18008.316
18343.9
17926.051
17918.434
17750.85
18061.834
17949.449
17626.367
17950.584
17918.967
17660.65
17807.232
17929.518
17743.033
17717.783
17507.566
17499.85
17847.566
17504.117
17643.633
17271.518
17314.033
17389.982
17261.834
17336.85
17136.434
17091.449
17026.699
16979.65
17236.166
17191.316
17137.033
16170.383000000002
16432.434
16319.05
16092.5
15428.384
15328.767
15343.583
14921.7
14268.583
14827.967
14652.517
13818.033
14239.316
14175.9
13769.983
13932.434
13405.316
13576.5
13375.25
13088.366
13210.45
13444.767
13305.583
13484.366
12244.384
12999.634
13075.05
12649.434
12927.384
13214.5
13306.316
13072.1
13530.517
13811.7
13857.65
14103.5
14498.05
14500.1
14371.983
14446.634
14238.45
14218.7
14414.85
14400.167
13816.983
14236.233
14074.25
13678.033
13080.384
13446.033
13174.45
12888.1
12747.783
12603.833
12673.717
12528.5
12373.917
12813.033
12784.384
12635.566
12610.316
12756.7
12610.25
12514.967
12417.783
12828.7
12641.85
12351.033
12777.25
13164.767
12933.717
12657.3
12808.917
12780.634
12831.25
12777.5
12654.184
12703.033
12429.717
11860.566
12427.717
12291.566
12451.184
12603.167
12147.05
12687.767
12579.85
11800.1
12096.316
12313.1
12098.316
12181.833
12433.65
12546.634
12525.517
12727.9
12678.316
12815.5
12629.316
12571.3
12271.583
12517.7
12593.384
12350.167
12364.783
12600.233
12556.05
12300.7
12770.45
12867.967
13021.517
12580.767
12804.85
12992.767
12938.917
13180.7
12485.517
12975.967
12833.717
13065.833
12669.45
13364.9
13087.983
13235.033
12856.45
13394.967
13326.717
13000.233
12811.517
13024.1
12795.583
12698.5
12918.917
12858.233
12706.583
12372.167
12331.85
12595.366
12759.25
12617.566
12781.65
12739.7
12569.25
12354.634
12579.316
12712.033
12588.85
12870.9
12252.783
12603.566
12872.917
12800.1
12514.783
12550.167
12110.717
11839.167
12267.983
12168.3
12228.917
11426.233
11993.983
12278.967
12138.05
11855.566
12204.717
12449.5
12031.983
12162.833
12010.717
12273.3
11909.85
11647.833
11620.65
11983.1
11919.45
11461.033
11767.45
11757.3
11888.116
11721.7
11786.583
11891.967
11724.717
11516.7
11739.116
11904.9
11811.184
11668.033
11998.917
11747.967
11815.316
11752.5
11541.783
11740.634
11682.184
11545.3
11394.517
11492.167
11544.85
11264.434
11133.45
11615.434
11618.384
11317.5
11377.517
11605.3
11621.316
11180.566
11242.25
11491.1
11242.45
11054.566
11445.983
11406.634
11172.184
11414.5
11205.184
11262.833
11199.65
10899.3
10558.783
11238.767
10897.184
11145.366
10942.316
11043.767
10853.316
10813.434
10649.384
10999.9
10867.917
10749.833
10504.384
10784.033
10818.05
10623.5
10590.45
10879.634
10822.05
10305.767
10482.316
10767.233
10746.45
10038.767
10221.917
10667.767
10611.783
10516.434
10139.917
10712.1
10591.983
10534.167
10273.783
10422.434
10245.517
10121.033
10262.25
10441.967
10264.184
10067.634
10121.116
10560.9
10571.184
10346.3
10061.85
10149.833
10286.983
10117.366
9937.45
10255.1
10157.783
10149.9
9827.25
10003.1
10117.116
10047.967
9902.384
10078.634
9883.25
10334.167
9602.717
10051.1
9976.384
9757.833
9346.116
10047.767
9966.45
10000.767
9696.116
9789.3
9645.384
9730.967
9857.316
10150.033
9361.85
9634.833
9414.384
9669.3
9061.983
8583.033
7894.517
7627.967
6730.25
5868.833
5198.783
4510.433
3728.25
3315.033
2598.85
2925.7
2806.85
2556.567
2744.517
3675.7
3865.383
3916.433
4948.583
5517.033
5835.583
6175.167
5528.717
6270.967
5874.383
5716.033
5320.517
5090.367
5143.917
4848.567
4592.517
5000.633
5077.117
5055.167
4850.183
5579.967
5408.183
5441.967
6079.517
6134.833
6382.45
6101.233
6585.917
6784.167
6772.65
6793.633
7069.65
7367.9
7403.183
6968.767
7249.85
7783.167
7820.917
7400.767
7890.983
8191.233
8340.383
8248.767
8271.85
8742.233
8717.717
8138.700000000001
8288.184
8982.434
9070.517
8887.634
8626.45
9157.7
8956.85
8800.767
8770.384
9268.167
9072.917
8192.833
9048.316
9199.033
9290.717
8972.1
8768.384
9262.767
9179.05
9009.833
8905.583
9072.767
9184.25
8781.9
8597.05
9505.366
9095.45
8912.366
8904.85
9265.167
9125.917
9002.3
8976.316
9217.033
9162.717
8969.767
8943.917
9266.566
9231.783
9071.1
8951.384
9305.967
9209.517
8661.967
8869.583
9193.767
9079.583
8740.033
8669.717
9067.033
8901.983
8978.967
8724.583
9020.9
9143.05
8846.1
8392.717
9146.7
9032.05
9018.3
8858.583
9336.434
9081.05
8885.967
8666.783
9148.3
8936.65
8515.5
8332.517
8999.767
8922.384
8946.3
8366.717
9024.634
8911.184
8781.1
8848.25
9022.167
8994.316
8781.767
8743.85
9238.767
9046.45
8200.5
8564.25
9153.233
8919.583
8873.967
8732.384
9142.833
9011.316
8555.434
8369.517
8929.833
8785.184
8762.233
8636.116
8941.967
8931.45
8768.967
8313.717
9011.566
8921.583
8579.833
8276.983
8856.233
8995.116
8679.967
8584.85
8948.967
8562.517
8509.167
8638.783
8647.366
8578.517
8421.366
8255.917
8837.167
8654.983
8292.9
8223.583
8666.7
8809.25
8123.8330000000005
8202.983
8679.033
8612.316
8640.366
8403.316
8586.3
8519.45
8457.9
8142.9169999999995
8766.833
8535.183
8247.167000000001
8229.917
8606.367
8513.45
8312.033
7835.183
8442.167000000001
8418.317
8289.033
7783.783
8555.767
8363.317
7858.833
8308.582999999999
8363.433
8247.85
7839.5
7924.917
8090.967
8225.917000000001
7958.967
7928.85
8223.832999999999
7974.65
7968.9
7770.05
8091.233
8100.783
7624.967
7568.917
8066.9
8031.517
7730.3
7673.517
7754.167
7927.917
7479.167
7623.65
7689.033
7747.25
7562.1
7360.05
7907.167
7765.517
7405.033
7050.05
7628.1
7774.583
7572.7
7320.717
7669.433
7627.05
6938.433
7340.583
7755.7
7395.65
7240.233
7305.517
7553.833
7584.317
7177.233
7061.517
7462.033
7569.983
7364.567
7246.85
7557.233
7363.25
7074.433
6807.583
7436.633
7237.117
7481.367
6998.183
7506.1
7431.85
6922.367
6974.983
7466.5
7285.983
7086.5
7172.583
7432.367
7387.383
6974.1
6926.183
7501.433
7227.117
7083.767
7145.517
7378.767
7245.517
6790.167
6674.183
7053.167
7017.117
6483.5
6613.85
7085.033
6930.783
7112.833
6758.917
7108.9
6971.85
7181.833
6797.183
7007.767
6935.25
6549.233
6539.517
7031.967
6908.383
6434.633
5902.517
6846.233
6889.05
6441.9
6608.783
6863.3
6648.05
6519.033
6477.183
6842.367
6632.05
6461.5
6111.183
6677.5
6735.45
6002.767
6177.65
6748.367
6526.65
6277.5
6047.85
6660.3
6631.583
6567.7
6140.65
6726.633
6663.317
6571.367
6452.917
6665.033
6513.45
5284.5
5786.583
6525.567
6637.517
6246.567
5982.45
6508.7
6617.717
5971.367
5952.317
6385.3
6359.117
5872.367
5915.25
6412.633
6363.517
5726.967
5712.85
6247.5
6217.183
5930.433
5951.717
6177.833
6080.85
5689.5
6068.717
6170.7
6175.45
5671.1
5886.983
6250.167
6052.717
5581.167
5470.983
6066.433
6072.383
5916.967
5344.517
6131.367
5996.383
5335.833
5458.65
